id,olng,olat,dlng,dlat,Ts,Tr,Cep,Tp,Td,WT,TD,D
13200,-74.00322723388672,40.74908828735352,-73.98120880126955,40.77914810180664,581.68,1800,1800,1800.0,2381.68,0.0,-1.1368683772161603e-13,0.9999999999999998
13201,-73.9872055053711,40.718849182128906,-73.9579086303711,40.784706115722656,1432.26,1800,1800,-1.0,-1.0,-1,-1,0.0
13202,-73.97918701171875,40.76501083374024,-74.0038833618164,40.73738098144531,906.9,1800,1800,1857.61,2764.51,57.6099999999999,3.410605131648481e-13,1.0000000000000004
13203,-73.97197723388672,40.786521911621094,-73.96662139892578,40.764930725097656,696.59,1800,1800,1829.6299999999999,2580.81,29.62999999999988,54.59000000000003,1.0783674758466244
13204,-73.99594116210938,40.73883438110352,-74.00457000732422,40.74711227416992,343.02,1800,1800,-1.0,-1.0,-1,-1,0.0
13205,-73.97625732421875,40.77611541748047,-73.99132537841797,40.76003646850585,511.64,1800,1800,-1.0,-1.0,-1,-1,0.0
13206,-73.98928833007811,40.74781036376953,-73.99784851074219,40.74123001098633,262.08,1800,1800,-1.0,-1.0,-1,-1,0.0
13207,-73.97818756103516,40.788536071777344,-73.97115325927734,40.79560852050781,193.79,1800,1800,1842.0600000000002,2061.9300000000003,42.06000000000017,26.080000000000126,1.1345786676299092
13208,-73.98511505126955,40.77888488769531,-73.95307922363281,40.78310775756836,769.17,1800,1800,1849.83,2683.08,49.82999999999993,64.08000000000004,1.0833105815359414
13209,-73.984619140625,40.73979187011719,-73.98883056640625,40.72021865844727,659.05,1800,1800,-1.0,-1.0,-1,-1,0.0
13210,-74.0040512084961,40.74760818481445,-73.99172210693358,40.72639083862305,805.46,1801,1801,1835.48,2640.94,34.48000000000002,0.0,1.0
13211,-73.98199462890625,40.74617004394531,-73.95796966552734,40.77017211914063,816.99,1801,1801,-1.0,-1.0,-1,-1,0.0
13212,-74.00814056396483,40.7456283569336,-74.01416778564453,40.71440887451172,599.89,1801,1801,-1.0,-1.0,-1,-1,0.0
13213,-73.98400115966798,40.74656677246094,-73.97138977050781,40.75556564331055,434.92,1801,1801,-1.0,-1.0,-1,-1,0.0
13214,-73.96887969970702,40.7697639465332,-74.00863647460938,40.71979522705078,1405.88,1801,1801,-1.0,-1.0,-1,-1,0.0
13215,-73.99317169189453,40.74285125732422,-73.9767074584961,40.73949432373047,434.83,1801,1801,-1.0,-1.0,-1,-1,0.0
13216,-73.97914123535155,40.771968841552734,-73.9930191040039,40.74248123168945,975.76,1802,1802,1949.96,2925.72,147.96000000000004,-2.2737367544323206e-13,0.9999999999999998
13217,-74.00729370117188,40.75178146362305,-73.99474334716798,40.7503318786621,366.96,1802,1802,-1.0,-1.0,-1,-1,0.0
13218,-74.00347900390625,40.728530883789055,-73.97360229492188,40.75988006591797,1022.53,1802,1802,-1.0,-1.0,-1,-1,0.0
13219,-74.00566101074219,40.74113845825195,-74.01612854003906,40.71498107910156,648.0,1802,1802,1856.29,2504.29,54.289999999999964,0.0,1.0
13220,-73.99153900146483,40.74443817138672,-73.995849609375,40.73286819458008,326.78,1802,1802,-1.0,-1.0,-1,-1,0.0
13221,-73.97550964355469,40.74932861328125,-73.95211029052734,40.77322006225585,583.01,1802,1802,1832.6799999999998,2493.81,30.679999999999836,78.12000000000012,1.1339942711102728
13222,-73.98091888427734,40.74190902709961,-73.99005126953125,40.7622184753418,926.48,1803,1803,-1.0,-1.0,-1,-1,0.0
13223,-73.9583969116211,40.77565002441406,-73.96588134765625,40.7530403137207,734.66,1803,1803,1832.37,2567.03,29.36999999999989,3.410605131648481e-13,1.0000000000000004
13224,-74.00819396972656,40.737606048583984,-73.98941040039062,40.75792694091797,665.27,1803,1803,1983.16,2648.43,180.16000000000008,-2.2737367544323206e-13,0.9999999999999997
13225,-73.97550201416014,40.75554656982422,-73.99127197265625,40.75575637817383,546.51,1803,1803,-1.0,-1.0,-1,-1,0.0
13226,-73.97170257568358,40.756797790527344,-73.97798156738281,40.76556396484375,438.16,1803,1803,-1.0,-1.0,-1,-1,0.0
13227,-73.95211029052734,40.76613998413085,-73.9462661743164,40.78306579589844,346.38,1803,1803,-1.0,-1.0,-1,-1,0.0
13228,-73.9853515625,40.73865127563477,-73.98416137695312,40.72547149658203,443.61,1803,1803,1849.41,2293.02,46.41000000000008,-1.1368683772161603e-13,0.9999999999999998
13229,-73.9817123413086,40.76167297363281,-73.96022033691406,40.77032852172852,754.09,1803,1803,-1.0,-1.0,-1,-1,0.0
13230,-73.96824645996094,40.79907989501953,-73.98043060302734,40.76551818847656,834.11,1803,1803,2079.87,2913.98,276.8699999999999,1.1368683772161603e-13,1.0000000000000002
13231,-73.97726440429686,40.76453399658203,-73.95543670654298,40.78246688842773,619.76,1804,1804,-1.0,-1.0,-1,-1,0.0
13232,-73.98684692382812,40.72593307495117,-74.00305938720702,40.71796417236328,608.97,1804,1804,1857.81,2466.78,53.809999999999945,2.2737367544323206e-13,1.0000000000000004
13233,-73.96351623535155,40.76880645751953,-73.96321868896483,40.75444793701172,565.26,1804,1804,-1.0,-1.0,-1,-1,0.0
13234,-73.96353912353516,40.76861190795898,-73.97660064697266,40.775691986083984,471.67,1804,1804,-1.0,-1.0,-1,-1,0.0
13235,-73.97913360595702,40.76399612426758,-73.99638366699219,40.74284362792969,773.35,1804,1804,-1.0,-1.0,-1,-1,0.0
13236,-73.99474334716798,40.72774887084961,-73.9931640625,40.733665466308594,244.59,1804,1804,-1.0,-1.0,-1,-1,0.0
13237,-73.96361541748048,40.7636833190918,-73.95341491699219,40.77859115600585,265.22,1804,1804,-1.0,-1.0,-1,-1,0.0
13238,-73.9710464477539,40.75834655761719,-73.9794921875,40.76163864135742,387.73,1804,1804,-1.0,-1.0,-1,-1,0.0
13239,-73.9672622680664,40.79336929321289,-73.97763061523438,40.77891159057617,251.26,1804,1804,1830.0,2081.26,26.0,2.2737367544323206e-13,1.0000000000000009
13240,-73.94869232177734,40.78190612792969,-73.97700500488281,40.78799057006836,621.73,1804,1804,1937.07,2558.8,133.06999999999994,2.2737367544323206e-13,1.0000000000000004
13241,-73.96763610839844,40.75616836547852,-73.98282623291014,40.734676361083984,414.62,1805,1805,1833.57,2248.19,28.569999999999936,1.1368683772161603e-13,1.0000000000000002
13242,-73.98390960693358,40.7625389099121,-73.96900177001955,40.76068115234375,552.12,1805,1805,1830.0,2382.12,25.0,-1.1368683772161603e-13,0.9999999999999998
13243,-73.99234008789062,40.749359130859375,-73.99224853515625,40.73363494873047,434.53,1805,1805,1862.3400000000001,2296.87,57.340000000000146,-2.2737367544323206e-13,0.9999999999999994
13244,-73.95594787597656,40.7635498046875,-73.99615478515625,40.7372932434082,949.22,1805,1805,1860.08,2867.25,55.07999999999993,57.950000000000045,1.06105012536609
13245,-73.95069122314453,40.779388427734375,-74.0037841796875,40.75074768066406,1294.81,1805,1805,1833.63,3199.77,28.63000000000011,71.32999999999993,1.0550891636610775
13246,-73.96308135986328,40.76234817504883,-73.99333190917969,40.735008239746094,881.71,1805,1805,-1.0,-1.0,-1,-1,0.0
13247,-73.96730041503906,40.77228927612305,-73.98394775390625,40.75981521606445,654.64,1805,1805,-1.0,-1.0,-1,-1,0.0
13248,-73.96563720703125,40.76848983764648,-73.98619079589844,40.77216339111328,575.96,1805,1805,1844.26,2482.34,39.25999999999999,62.12000000000012,1.1078547121327873
13249,-74.00603485107422,40.74506378173828,-73.98211669921875,40.77837753295898,615.35,1806,1806,1860.17,2475.52,54.17000000000007,-1.1368683772161603e-13,0.9999999999999998
13250,-73.97412109375,40.751731872558594,-73.9905776977539,40.72673416137695,653.07,1806,1806,-1.0,-1.0,-1,-1,0.0
13251,-73.9690933227539,40.790916442871094,-73.98390960693358,40.77143478393555,394.71,1806,1806,-1.0,-1.0,-1,-1,0.0
13252,-74.00473022460938,40.75212097167969,-73.9947967529297,40.75040054321289,275.05,1806,1806,-1.0,-1.0,-1,-1,0.0
13253,-73.9935302734375,40.74728012084961,-74.00960540771484,40.716453552246094,598.69,1806,1806,-1.0,-1.0,-1,-1,0.0
13254,-73.98358154296875,40.77366256713867,-73.95997619628906,40.76361083984375,648.92,1806,1806,2060.28,2709.2,254.2800000000002,-3.410605131648481e-13,0.9999999999999994
13255,-73.9608154296875,40.76926040649415,-73.96945190429686,40.76347732543945,329.2,1806,1806,-1.0,-1.0,-1,-1,0.0
13256,-73.9955825805664,40.73094940185547,-73.9779281616211,40.754695892333984,829.53,1807,1807,-1.0,-1.0,-1,-1,0.0
13257,-73.96932983398438,40.76364517211913,-73.97335815429686,40.755237579345696,286.59,1807,1807,1840.73,2129.99,33.73000000000002,2.6699999999997885,1.0093164450957808
13258,-73.9979248046875,40.73596572875977,-73.98393249511719,40.753177642822266,455.21,1807,1807,1864.32,2319.53,57.319999999999936,2.8421709430404007e-13,1.0000000000000007
13259,-73.98915100097656,40.77288055419922,-73.97177124023438,40.78797912597656,454.12,1807,1807,1908.13,2362.25,101.13000000000011,-1.1368683772161603e-13,0.9999999999999998
13260,-73.98342895507811,40.74983978271485,-73.99767303466798,40.724281311035156,637.64,1807,1807,1973.25,2610.89,166.25,-1.1368683772161603e-13,0.9999999999999998
13261,-73.9984817504883,40.745208740234375,-74.00414276123048,40.75098037719727,246.0,1807,1807,1830.4,2122.9100000000003,23.40000000000009,46.51000000000022,1.1890650406504073
13262,-73.98562622070312,40.73270034790039,-73.9832534790039,40.74383163452149,381.91,1807,1807,-1.0,-1.0,-1,-1,0.0
13263,-73.99777984619139,40.76119613647461,-74.0076446533203,40.75164794921875,269.53,1807,1807,-1.0,-1.0,-1,-1,0.0
13264,-73.96961975097656,40.76103210449219,-74.00508117675781,40.74646377563477,1065.6,1807,1807,-1.0,-1.0,-1,-1,0.0
13265,-73.99127197265625,40.7299690246582,-73.96405792236328,40.773841857910156,1146.25,1807,1807,1865.57,3011.82,58.569999999999936,2.2737367544323206e-13,1.0000000000000002
13266,-74.00216674804686,40.72951126098633,-73.98345947265625,40.743446350097656,559.78,1807,1807,1856.44,2460.44,49.440000000000055,44.22000000000003,1.078995319589839
13267,-73.9893798828125,40.72636032104492,-74.006103515625,40.73586654663085,601.06,1807,1807,1861.25,2462.31,54.25,0.0,1.0
13268,-73.9997787475586,40.7347412109375,-73.98754119873048,40.7381591796875,379.08,1807,1807,-1.0,-1.0,-1,-1,0.0
13269,-73.99736785888672,40.74216842651367,-74.00679779052734,40.73035049438477,270.63,1807,1807,1850.4799999999998,2121.11,43.47999999999979,3.410605131648481e-13,1.0000000000000013
13270,-73.9444580078125,40.83481979370117,-73.98574829101562,40.763179779052734,1124.05,1807,1807,2154.37,3278.42,347.3699999999999,2.2737367544323206e-13,1.0000000000000002
13271,-73.98833465576173,40.71988296508789,-73.98148345947266,40.711441040039055,536.79,1808,1808,1861.5,2398.29,53.5,0.0,1.0
13272,-73.9750747680664,40.750801086425774,-73.96338653564453,40.765872955322266,383.55,1808,1808,-1.0,-1.0,-1,-1,0.0
13273,-73.98202514648438,40.76289749145508,-73.99053192138672,40.75142288208008,389.41,1808,1808,1849.17,2238.58,41.17000000000007,-1.7053025658242404e-13,0.9999999999999996
13274,-73.96733856201173,40.7690315246582,-73.96067810058595,40.769718170166016,191.92,1808,1808,1840.67,2032.59,32.67000000000007,-1.4210854715202004e-13,0.9999999999999992
13275,-73.99056243896483,40.7563705444336,-73.95974731445312,40.77374649047852,913.77,1808,1808,1977.25,2891.02,169.25,0.0,1.0
13276,-73.95579528808595,40.77632141113281,-73.93673706054686,40.81953811645508,909.86,1808,1808,1859.5,2816.5099999999998,51.5,47.14999999999975,1.0518211592992326
13277,-73.97319030761719,40.75590515136719,-74.0095977783203,40.71574401855469,1215.23,1808,1808,-1.0,-1.0,-1,-1,0.0
13278,-73.98926544189453,40.76319122314453,-73.99579620361328,40.74894332885742,466.65,1809,1809,-1.0,-1.0,-1,-1,0.0
13279,-74.00174713134766,40.74078369140625,-73.94992828369139,40.78174209594727,1402.28,1809,1809,1903.13,3317.91,94.13000000000011,12.499999999999773,1.0089140542544996
13280,-73.945068359375,40.77500534057617,-73.96312713623048,40.76189422607422,580.21,1809,1809,1861.15,2441.36,52.15000000000009,0.0,1.0
13281,-73.9817123413086,40.7522850036621,-73.98041534423827,40.743412017822266,340.95,1809,1809,-1.0,-1.0,-1,-1,0.0
13282,-74.00410461425781,40.7425651550293,-73.97835540771484,40.75130462646485,807.53,1809,1809,-1.0,-1.0,-1,-1,0.0
13283,-73.97541046142578,40.74475479125977,-73.98062896728516,40.73524475097656,257.75,1809,1809,1894.42,2152.17,85.42000000000007,0.0,1.0
13284,-73.9891128540039,40.73643112182617,-73.9773712158203,40.743690490722656,379.53,1809,1809,-1.0,-1.0,-1,-1,0.0
13285,-73.96976470947266,40.78474044799805,-73.98171997070312,40.77122497558594,397.96,1809,1809,-1.0,-1.0,-1,-1,0.0
13286,-73.98262786865234,40.74256134033203,-74.00871276855469,40.72333908081055,925.73,1809,1809,1847.74,2846.31,38.74000000000001,72.83999999999992,1.0786838495025546
13287,-73.98611450195312,40.75830841064453,-73.98249053955078,40.77241516113281,481.78,1810,1810,-1.0,-1.0,-1,-1,0.0
13288,-73.97813415527344,40.75165557861328,-73.98945617675781,40.746490478515625,492.43,1810,1810,-1.0,-1.0,-1,-1,0.0
13289,-73.98280334472656,40.76436996459961,-73.99174499511719,40.74991226196289,507.44,1810,1810,-1.0,-1.0,-1,-1,0.0
13290,-73.96192169189453,40.76792526245117,-73.94873046875,40.77482604980469,346.56,1810,1810,1852.2899999999997,2238.8199999999997,42.289999999999736,39.96999999999997,1.1153335641735918
13291,-73.9734115600586,40.75152206420898,-73.94730377197266,40.77558898925781,672.4,1811,1811,-1.0,-1.0,-1,-1,0.0
13292,-73.9920196533203,40.73833847045898,-74.00321197509766,40.733055114746094,302.12,1811,1811,-1.0,-1.0,-1,-1,0.0
13293,-73.97408294677734,40.764808654785156,-74.0052490234375,40.70802688598633,1475.0,1811,1811,-1.0,-1.0,-1,-1,0.0
13294,-73.9846420288086,40.76165008544922,-73.96917724609375,40.75516128540039,625.49,1811,1811,1832.09,2544.88,21.089999999999918,87.30000000000018,1.1395705766678927
13295,-74.00886535644531,40.718994140625,-73.98092651367188,40.7845573425293,1116.73,1811,1811,1878.54,2995.269999999999,67.53999999999996,-9.094947017729282e-13,0.9999999999999992
13296,-73.97176361083984,40.7548713684082,-73.9761734008789,40.78823852539063,960.95,1811,1811,-1.0,-1.0,-1,-1,0.0
13297,-73.98764038085938,40.75632858276367,-73.96879577636719,40.7702522277832,731.97,1811,1811,-1.0,-1.0,-1,-1,0.0
13298,-73.99353790283203,40.747047424316406,-73.9975357055664,40.73591232299805,270.21,1811,1811,1838.0,2108.21,27.0,5.684341886080802e-14,1.0000000000000002
13299,-73.93868255615234,40.84560775756836,-73.94036865234375,40.835296630859375,186.97,1811,1811,-1.0,-1.0,-1,-1,0.0
13300,-73.99288940429686,40.73736953735352,-73.9846420288086,40.74261474609375,414.33,1811,1811,-1.0,-1.0,-1,-1,0.0
13301,-74.00941467285155,40.73543167114258,-73.98631286621094,40.75916290283203,801.09,1811,1811,1849.8,2650.89,38.799999999999955,-1.1368683772161603e-13,0.9999999999999999
13302,-73.98826599121094,40.764732360839844,-74.00580596923827,40.75079345703125,466.5,1812,1812,-1.0,-1.0,-1,-1,0.0
13303,-74.0042266845703,40.725502014160156,-73.99354553222656,40.72742462158203,323.63,1812,1812,-1.0,-1.0,-1,-1,0.0
13304,-73.98909759521484,40.747840881347656,-73.97181701660156,40.74382019042969,638.99,1812,1812,1870.29,2509.2799999999997,58.289999999999964,-2.2737367544323206e-13,0.9999999999999997
13305,-73.99161529541014,40.738624572753906,-74.0024185180664,40.72770690917969,351.79,1812,1812,-1.0,-1.0,-1,-1,0.0
13306,-74.01565551757811,40.71174621582031,-73.98429107666014,40.74552536010742,1071.16,1812,1812,-1.0,-1.0,-1,-1,0.0
13307,-73.98148345947266,40.75934600830078,-74.0027618408203,40.76058197021485,643.5,1812,1812,-1.0,-1.0,-1,-1,0.0
13308,-73.97413635253906,40.75434875488281,-73.98583984375,40.75585174560547,441.3,1812,1812,-1.0,-1.0,-1,-1,0.0
13309,-73.97330474853516,40.755760192871094,-73.97740173339844,40.74281311035156,356.54,1813,1813,-1.0,-1.0,-1,-1,0.0
13310,-73.95471954345702,40.78389358520508,-73.966552734375,40.77225875854492,368.89,1813,1813,1885.29,2254.18,72.28999999999996,-1.1368683772161603e-13,0.9999999999999997
13311,-73.99433135986328,40.7409553527832,-73.97902679443358,40.78936767578125,1158.78,1813,1813,-1.0,-1.0,-1,-1,0.0
13312,-73.98011779785155,40.75146865844727,-73.9686279296875,40.75159072875977,379.36,1813,1813,1867.12,2246.48,54.11999999999989,1.1368683772161603e-13,1.0000000000000002
13313,-73.9964599609375,40.74792098999024,-73.99102783203125,40.7558708190918,257.39,1813,1813,1852.68,2110.07,39.680000000000064,1.1368683772161603e-13,1.0000000000000004
13314,-73.98130798339844,40.74736022949219,-73.9628677368164,40.77487182617188,704.61,1813,1813,-1.0,-1.0,-1,-1,0.0
13315,-73.97179412841797,40.76067352294922,-73.95088195800781,40.77585220336913,585.08,1813,1813,1839.04,2497.9900000000002,26.039999999999964,73.87000000000023,1.1262562384631165
13316,-73.97121429443358,40.755313873291016,-73.95629119873048,40.767669677734375,390.94,1813,1813,-1.0,-1.0,-1,-1,0.0
13317,-73.97368621826173,40.78295135498047,-73.96121978759766,40.756614685058594,989.06,1814,1814,1873.61,2862.67,59.6099999999999,2.2737367544323206e-13,1.0000000000000002
13318,-73.96959686279298,40.762855529785156,-73.97643280029298,40.72474670410156,968.09,1814,1814,-1.0,-1.0,-1,-1,0.0
13319,-74.00298309326173,40.76034164428711,-73.99004364013672,40.774898529052734,404.13,1814,1814,-1.0,-1.0,-1,-1,0.0
13320,-73.97525024414062,40.75292205810547,-73.95755004882812,40.765708923339844,487.66,1814,1814,-1.0,-1.0,-1,-1,0.0
13321,-74.00282287597656,40.76057815551758,-73.98509979248048,40.75886917114258,522.17,1814,1814,-1.0,-1.0,-1,-1,0.0
13322,-74.0170364379883,40.70560073852539,-73.99208068847656,40.72550964355469,853.65,1814,1814,-1.0,-1.0,-1,-1,0.0
13323,-73.96141815185547,40.76047134399415,-73.96015167236328,40.7706184387207,263.15,1815,1815,-1.0,-1.0,-1,-1,0.0
13324,-73.94631195068358,40.77288055419922,-73.97803497314453,40.73424530029297,732.65,1815,1815,1926.37,2659.02,111.36999999999989,1.1368683772161603e-13,1.0000000000000002
13325,-73.99175262451173,40.74985122680664,-73.95426177978516,40.7822380065918,1229.9,1815,1815,-1.0,-1.0,-1,-1,0.0
13326,-73.96047210693358,40.77979278564453,-73.95196533203125,40.8038444519043,501.76,1815,1815,1909.04,2410.8,94.03999999999996,2.2737367544323206e-13,1.0000000000000004
13327,-73.9559097290039,40.764060974121094,-73.9752197265625,40.75230026245117,586.21,1815,1815,1859.81,2487.89,44.809999999999945,41.86999999999989,1.0714249159857387
13328,-74.01595306396483,40.711181640625,-73.9941177368164,40.71774291992188,680.01,1815,1815,-1.0,-1.0,-1,-1,0.0
13329,-73.9766616821289,40.77556991577149,-73.9773178100586,40.79124069213867,415.14,1816,1816,1852.75,2344.24,36.75,76.3499999999998,1.1839138603844481
13330,-74.00902557373048,40.72663116455078,-73.98687744140625,40.721206665039055,749.87,1816,1816,1911.21,2675.2,95.21000000000004,14.119999999999777,1.01882993052129
13331,-74.00550842285155,40.751060485839844,-74.00570678710938,40.738731384277344,330.38,1816,1816,-1.0,-1.0,-1,-1,0.0
13332,-73.97099304199219,40.751895904541016,-74.00831604003906,40.74568557739258,1078.58,1817,1817,1871.25,2988.75,54.25,38.92000000000007,1.0360844814478296
13333,-73.97358703613281,40.78964614868164,-73.96815490722656,40.80075454711913,202.89,1817,1817,1853.5800000000002,2056.4700000000003,36.580000000000155,1.1368683772161603e-13,1.0000000000000007
13334,-73.96793365478516,40.762786865234375,-73.96464538574219,40.75494384765625,332.88,1817,1817,-1.0,-1.0,-1,-1,0.0
13335,-73.98023986816406,40.74247741699219,-73.99234008789062,40.74956130981445,541.96,1817,1817,1845.55,2478.63,28.549999999999955,91.12000000000012,1.1681304893350064
13336,-73.96800994873048,40.76545715332031,-73.96133422851562,40.75943374633789,378.37,1818,1818,-1.0,-1.0,-1,-1,0.0
13337,-73.97972869873048,40.75542831420898,-73.9866714477539,40.750301361083984,244.75,1818,1818,1863.59,2108.34,45.58999999999992,2.2737367544323206e-13,1.0000000000000009
13338,-74.00287628173827,40.760398864746094,-73.96803283691406,40.76039505004883,987.98,1818,1818,-1.0,-1.0,-1,-1,0.0
13339,-73.97669219970702,40.756065368652344,-73.95834350585938,40.78084182739258,539.73,1818,1818,-1.0,-1.0,-1,-1,0.0
13340,-73.9769058227539,40.75172805786133,-73.95896911621094,40.77783584594727,670.69,1818,1818,1849.65,2584.66,31.65000000000009,64.31999999999971,1.0959012360404952
13341,-73.98097229003906,40.750648498535156,-73.97039794921875,40.765480041503906,384.68,1818,1818,1832.05,2216.73,14.049999999999955,5.684341886080802e-14,1.0000000000000002
13342,-73.9565200805664,40.76822280883789,-73.96965789794923,40.763496398925774,458.41,1818,1818,1865.95,2334.44,47.950000000000045,10.079999999999984,1.0219890491045134
13343,-73.98141479492188,40.74981689453125,-73.96350860595702,40.77513885498047,595.03,1818,1818,-1.0,-1.0,-1,-1,0.0
13344,-73.9715118408203,40.78221893310547,-73.96624755859375,40.80457305908203,476.76,1818,1818,1857.28,2414.63,39.27999999999997,80.59000000000015,1.1690368319489892
13345,-73.98673248291014,40.73308181762695,-73.9837875366211,40.757511138916016,796.81,1819,1819,1860.1299999999999,2703.74,41.12999999999988,46.799999999999955,1.058734202632999
13346,-73.98011016845702,40.74880981445313,-73.99246215820312,40.72496032714844,672.63,1819,1819,1875.37,2593.3,56.36999999999989,45.300000000000296,1.0673475759332773
13347,-73.99349975585938,40.73595809936523,-74.00569915771484,40.74031066894531,342.79,1819,1819,1872.6999999999998,2263.12,53.69999999999982,47.63000000000005,1.1389480439919486
13348,-73.98088836669923,40.76333999633789,-73.98291015625,40.77172088623047,381.64,1819,1819,-1.0,-1.0,-1,-1,0.0
13349,-73.99620819091797,40.74344253540039,-74.00537109375,40.740081787109375,259.2,1820,1820,-1.0,-1.0,-1,-1,0.0
13350,-73.96554565429686,40.76862335205078,-73.96968841552734,40.78803253173828,562.34,1820,1820,1876.31,2438.65,56.309999999999945,1.1368683772161603e-13,1.0000000000000002
13351,-73.98018646240234,40.78586959838867,-73.97419738769531,40.7618293762207,754.45,1820,1820,1831.9799999999998,2646.3999999999996,11.97999999999979,59.9699999999998,1.0794883690105372
13352,-73.97602844238281,40.751991271972656,-73.98106384277344,40.774208068847656,842.84,1820,1820,-1.0,-1.0,-1,-1,0.0
13353,-73.98994445800781,40.767105102539055,-73.98247528076173,40.7726936340332,183.37,1820,1820,1847.92,2031.29,27.920000000000073,-1.1368683772161603e-13,0.9999999999999993
13354,-73.98834228515625,40.73769760131836,-73.99352264404298,40.74665069580078,433.59,1820,1820,1840.75,2339.0,20.75,64.66000000000003,1.1491270555132729
13355,-73.9578399658203,40.77370071411133,-73.98246002197266,40.7714958190918,656.37,1820,1820,1934.54,2590.91,114.53999999999996,-1.1368683772161603e-13,0.9999999999999998
13356,-73.96974945068358,40.75796508789063,-73.9579849243164,40.768402099609375,325.33,1821,1821,-1.0,-1.0,-1,-1,0.0
13357,-73.97798156738281,40.75712585449219,-74.00527954101562,40.71930313110352,1075.57,1821,1821,-1.0,-1.0,-1,-1,0.0
13358,-73.94573211669923,40.77793502807617,-73.95445251464845,40.77329635620117,225.87,1821,1821,1849.9699999999998,2088.5899999999997,28.9699999999998,12.749999999999886,1.0564483995218483
13359,-73.9935302734375,40.74967956542969,-73.97570037841797,40.76430130004883,637.48,1821,1821,-1.0,-1.0,-1,-1,0.0
13360,-73.9844741821289,40.76512908935547,-73.99102783203125,40.76193237304688,233.53,1821,1821,-1.0,-1.0,-1,-1,0.0
13361,-74.00563049316406,40.71841812133789,-74.00359344482422,40.74748611450195,605.78,1821,1821,-1.0,-1.0,-1,-1,0.0
13362,-73.96804809570312,40.79890823364258,-74.00702667236328,40.74713897705078,1137.18,1821,1821,-1.0,-1.0,-1,-1,0.0
13363,-73.99945068359375,40.74394607543945,-73.97813415527344,40.75203323364258,626.53,1821,1821,1851.0500000000002,2559.27,30.050000000000182,81.68999999999983,1.13038481796562
13364,-73.9939193725586,40.75109100341797,-73.95343780517578,40.766902923583984,1174.06,1821,1821,1856.6299999999999,3071.86,35.62999999999988,41.1700000000003,1.035066350953103
13365,-73.9546890258789,40.7654685974121,-73.9716567993164,40.744529724121094,322.62,1822,1822,1857.7,2180.32,35.700000000000045,1.1368683772161603e-13,1.0000000000000004
13366,-73.97551727294923,40.74951171875,-73.9563980102539,40.775367736816406,595.86,1822,1822,-1.0,-1.0,-1,-1,0.0
13367,-73.98309326171875,40.74121856689453,-73.95274353027344,40.780460357666016,929.7,1822,1822,1866.99,2832.39,44.99000000000001,35.69999999999982,1.0383994837044206
13368,-73.97792053222656,40.75227355957031,-73.99182891845702,40.74940490722656,498.04,1822,1822,1862.07,2360.11,40.069999999999936,1.7053025658242404e-13,1.0000000000000004
13369,-73.98226928710938,40.77642822265625,-73.98687744140625,40.72962188720703,1382.32,1822,1822,1835.15,3270.9100000000003,13.150000000000091,53.44000000000028,1.0386596446553622
13370,-73.97579956054686,40.749038696289055,-73.94405364990234,40.777931213378906,743.58,1822,1822,-1.0,-1.0,-1,-1,0.0
13371,-73.96810150146483,40.7553596496582,-73.99713134765625,40.7314682006836,780.7,1822,1822,-1.0,-1.0,-1,-1,0.0
13372,-73.96910095214845,40.76398086547852,-73.99152374267578,40.76385498046875,734.21,1822,1822,-1.0,-1.0,-1,-1,0.0
13373,-73.95964050292969,40.77989196777344,-73.95514678955078,40.7883186340332,192.78,1822,1822,-1.0,-1.0,-1,-1,0.0
13374,-73.97441864013672,40.76213836669922,-73.98237609863281,40.75679397583008,336.59,1823,1823,-1.0,-1.0,-1,-1,0.0
13375,-73.96486663818358,40.77775192260742,-73.97930145263672,40.77356338500977,386.79,1823,1823,-1.0,-1.0,-1,-1,0.0
13376,-74.00408935546875,40.731300354003906,-73.96389770507811,40.763835906982415,1251.68,1823,1823,-1.0,-1.0,-1,-1,0.0
13377,-73.97341918945312,40.74738693237305,-74.00920867919923,40.724769592285156,1029.89,1823,1823,-1.0,-1.0,-1,-1,0.0
13378,-73.9999008178711,40.76126098632813,-73.96508026123048,40.775146484375,815.0,1823,1823,1991.8,2806.8000000000006,168.79999999999995,6.821210263296962e-13,1.0000000000000009
13379,-73.98224639892578,40.76483917236328,-73.99192810058595,40.73846054077149,817.75,1824,1824,1869.9299999999998,2700.73,45.929999999999836,13.050000000000182,1.0159584225007645
13380,-73.9875717163086,40.72148132324219,-73.9711685180664,40.78153610229492,1421.1,1824,1824,1830.0,3335.72,6.0,84.61999999999989,1.0595454225599887
13381,-73.9800796508789,40.76490020751953,-73.97142791748048,40.76116943359375,329.0,1824,1824,-1.0,-1.0,-1,-1,0.0
13382,-73.96395111083984,40.76773071289063,-73.95549011230467,40.76852798461913,253.83,1824,1824,-1.0,-1.0,-1,-1,0.0
13383,-73.97822570800781,40.75445938110352,-73.98076629638672,40.76423645019531,469.21,1824,1824,1858.84,2333.46,34.83999999999992,5.410000000000139,1.0115300185418046
13384,-73.95970153808595,40.76307678222656,-73.98521423339844,40.75959777832031,1009.62,1824,1824,1846.7899999999995,2856.4099999999994,22.78999999999951,-1.1368683772161603e-13,0.9999999999999999
13385,-73.9972915649414,40.76240539550781,-73.99402618408203,40.72455596923828,1065.03,1824,1824,1874.28,2939.31,50.27999999999997,0.0,1.0
13386,-73.98046112060547,40.77056503295898,-73.96719360351562,40.80027389526367,619.93,1824,1824,-1.0,-1.0,-1,-1,0.0
13387,-73.9990692138672,40.72801971435547,-74.00431060791014,40.732887268066406,322.34,1824,1824,1869.29,2191.63,45.289999999999964,1.7053025658242404e-13,1.0000000000000004
13388,-73.96504211425781,40.75513458251953,-73.94679260253906,40.78050231933594,415.23,1825,1825,1832.0,2247.23,7.0,0.0,1.0
13389,-73.97652435302734,40.744049072265625,-73.98524475097656,40.72908020019531,313.61,1825,1825,1948.74,2262.35,123.74000000000001,-1.1368683772161603e-13,0.9999999999999997
13390,-73.98506927490234,40.7799186706543,-73.9820785522461,40.76865005493164,394.98,1825,1825,1851.76,2265.83,26.75999999999999,19.089999999999918,1.0483315610917006
13391,-73.95697784423827,40.780128479003906,-73.97783660888672,40.786380767822266,438.37,1825,1825,1860.42,2298.79,35.42000000000007,-1.1368683772161603e-13,0.9999999999999998
13392,-74.0028305053711,40.74433898925781,-73.9919662475586,40.72613143920898,739.13,1825,1825,-1.0,-1.0,-1,-1,0.0
13393,-73.96576690673827,40.79008102416992,-73.95398712158203,40.78432083129883,449.82,1825,1825,-1.0,-1.0,-1,-1,0.0
13394,-74.00421905517578,40.74211120605469,-73.99114990234375,40.7451286315918,396.25,1825,1825,-1.0,-1.0,-1,-1,0.0
13395,-73.98120880126955,40.76569366455078,-73.97364807128906,40.78964614868164,633.19,1825,1825,-1.0,-1.0,-1,-1,0.0
13396,-73.98829650878906,40.75413131713867,-73.97442626953125,40.73220443725585,794.36,1826,1826,1881.37,2737.44,55.36999999999989,61.71000000000015,1.077685180522685
13397,-74.00446319580078,40.7241096496582,-74.00535583496094,40.73659896850585,321.04,1826,1826,-1.0,-1.0,-1,-1,0.0
13398,-73.95364379882812,40.767005920410156,-73.9533462524414,40.75809860229492,302.47,1826,1826,1876.38,2178.85,50.38000000000011,-2.2737367544323206e-13,0.9999999999999992
13399,-73.99658203125,40.73755645751953,-74.00353240966798,40.7425537109375,268.54,1826,1826,1879.79,2148.33,53.789999999999964,-5.684341886080802e-14,0.9999999999999998
13400,-73.95960998535155,40.78265380859375,-73.97035217285155,40.767974853515625,352.78,1826,1826,2080.41,2433.19,254.40999999999985,2.2737367544323206e-13,1.0000000000000007
13401,-73.99114990234375,40.72335433959961,-73.95178985595702,40.773536682128906,947.06,1826,1826,1884.5800000000002,2831.64,58.580000000000155,-2.2737367544323206e-13,0.9999999999999998
13402,-73.96730041503906,40.77219009399415,-73.97175598144531,40.74431610107422,752.58,1826,1826,-1.0,-1.0,-1,-1,0.0
13403,-73.94960021972656,40.7723503112793,-73.98886108398438,40.74448776245117,1052.37,1826,1826,1845.67,2898.04,19.670000000000073,0.0,1.0
13404,-73.97064208984375,40.78602981567383,-73.97058868408203,40.798824310302734,349.11,1826,1826,1884.8600000000001,2233.97,58.86000000000013,-3.410605131648481e-13,0.999999999999999
13405,-73.96703338623048,40.788429260253906,-73.96015930175781,40.79816818237305,182.63,1827,1827,-1.0,-1.0,-1,-1,0.0
13406,-73.97441101074219,40.75703811645508,-74.00244903564453,40.73337936401367,920.89,1827,1827,1860.09,2796.52,33.08999999999992,15.540000000000077,1.0168749796392622
13407,-73.96318054199219,40.775066375732415,-73.99852752685547,40.73055648803711,1253.65,1827,1827,-1.0,-1.0,-1,-1,0.0
13408,-73.9812240600586,40.75324630737305,-73.97703552246094,40.76460266113281,362.26,1827,1827,-1.0,-1.0,-1,-1,0.0
13409,-73.96491241455078,40.7724494934082,-73.95835876464845,40.76056289672852,559.91,1827,1827,-1.0,-1.0,-1,-1,0.0
13410,-73.9795913696289,40.73956680297852,-74.00475311279298,40.74162292480469,664.54,1827,1827,-1.0,-1.0,-1,-1,0.0
13411,-74.01319122314453,40.715003967285156,-73.99844360351562,40.74029541015625,587.55,1828,1828,1854.46,2514.67,26.460000000000036,72.66000000000008,1.1236660709726833
13412,-73.97662353515625,40.7659912109375,-73.98040771484375,40.78227996826172,495.44,1828,1828,-1.0,-1.0,-1,-1,0.0
13413,-73.95995330810547,40.77652359008789,-73.971923828125,40.76460266113281,425.42,1828,1828,1860.55,2285.97,32.549999999999955,-1.7053025658242404e-13,0.9999999999999996
13414,-73.95466613769531,40.78068542480469,-74.00163269042969,40.75181579589844,1258.53,1828,1828,1939.54,3198.07,111.53999999999996,2.2737367544323206e-13,1.0000000000000002
13415,-73.9854507446289,40.74480056762695,-73.99324035644531,40.74962997436523,374.21,1828,1828,-1.0,-1.0,-1,-1,0.0
13416,-73.96385192871094,40.774070739746094,-73.9914321899414,40.731849670410156,1199.16,1828,1828,-1.0,-1.0,-1,-1,0.0
13417,-73.9590301513672,40.76813125610352,-73.96697998046875,40.76388931274415,292.83,1828,1828,1843.37,2136.2,15.36999999999989,-5.684341886080802e-14,0.9999999999999998
13418,-73.95331573486328,40.76754379272461,-73.9620132446289,40.758018493652344,380.02,1829,1829,1835.58,2215.6,6.579999999999927,0.0,1.0
13419,-73.97828674316406,40.76642990112305,-73.9799270629883,40.755043029785156,477.87,1829,1829,-1.0,-1.0,-1,-1,0.0
13420,-73.98795318603516,40.76475143432617,-74.00631713867188,40.74386978149415,629.24,1829,1829,-1.0,-1.0,-1,-1,0.0
13421,-73.9860076904297,40.767913818359375,-73.97274017333984,40.75398254394531,776.05,1829,1829,1837.45,2677.57,8.450000000000045,64.07000000000016,1.0825591134591845
13422,-73.95524597167969,40.76913070678711,-73.9602813720703,40.77577590942383,249.38,1829,1829,1830.87,2193.67,1.8699999999998909,113.42000000000019,1.4548079236506544
13423,-73.96112060546875,40.76519012451172,-73.9760513305664,40.76398849487305,572.62,1829,1829,-1.0,-1.0,-1,-1,0.0
13424,-73.95621490478516,40.77811050415039,-73.96748352050781,40.760704040527344,524.94,1830,1830,1874.63,2399.57,44.63000000000011,0.0,1.0
13425,-73.9999771118164,40.7330436706543,-73.98826599121094,40.728763580322266,337.5,1830,1830,-1.0,-1.0,-1,-1,0.0
13426,-74.0049285888672,40.718746185302734,-73.9920883178711,40.7253303527832,490.97,1830,1830,-1.0,-1.0,-1,-1,0.0
13427,-73.97847747802734,40.76324081420898,-73.98252868652342,40.77145385742188,297.95,1830,1830,1878.42,2176.37,48.42000000000007,-1.7053025658242404e-13,0.9999999999999994
13428,-73.96102905273438,40.7690544128418,-73.96822357177734,40.76507186889648,303.4,1830,1830,-1.0,-1.0,-1,-1,0.0
13429,-73.98473358154298,40.7513542175293,-73.95993041992188,40.76262664794922,743.64,1830,1830,-1.0,-1.0,-1,-1,0.0
13430,-73.98928833007811,40.73898315429688,-73.9905548095703,40.73302841186523,196.47,1830,1830,-1.0,-1.0,-1,-1,0.0
13431,-73.9911117553711,40.750160217285156,-74.0098648071289,40.7101936340332,941.03,1830,1830,1831.77,2855.05,1.7699999999999818,82.25000000000023,1.0874042272828712
13432,-73.9756317138672,40.75196075439453,-73.9744873046875,40.74266052246094,414.2,1830,1830,-1.0,-1.0,-1,-1,0.0
13433,-73.99214172363281,40.75428009033203,-73.98695373535155,40.74673843383789,379.09,1831,1831,-1.0,-1.0,-1,-1,0.0
13434,-74.01445007324219,40.70288848876953,-73.99405670166014,40.720008850097656,560.51,1831,1831,-1.0,-1.0,-1,-1,0.0
13435,-73.96640014648438,40.78920364379883,-73.95267486572266,40.776611328125,488.08,1831,1831,-1.0,-1.0,-1,-1,0.0
13436,-73.9787368774414,40.7833251953125,-73.97653198242188,40.77527618408203,239.93,1831,1831,-1.0,-1.0,-1,-1,0.0
13437,-73.95181274414062,40.76958084106445,-73.98152160644531,40.77109909057617,824.59,1831,1831,1873.42,2698.0099999999998,42.42000000000007,-3.410605131648481e-13,0.9999999999999996
13438,-73.98885345458984,40.743858337402344,-73.98409271240234,40.77362060546875,855.37,1831,1831,-1.0,-1.0,-1,-1,0.0
13439,-73.98689270019531,40.739540100097656,-73.99972534179686,40.74264144897461,401.12,1831,1831,-1.0,-1.0,-1,-1,0.0
13440,-73.99421691894531,40.74610137939453,-73.963623046875,40.77431106567383,1002.94,1831,1831,-1.0,-1.0,-1,-1,0.0
13441,-73.99037170410156,40.74208068847656,-73.99016571044923,40.72565841674805,508.84,1831,1831,-1.0,-1.0,-1,-1,0.0
13442,-73.98184967041014,40.76520538330078,-74.00825500488281,40.74658584594727,821.45,1831,1831,-1.0,-1.0,-1,-1,0.0
13443,-73.9836654663086,40.77952194213867,-73.9719009399414,40.78167724609375,314.42,1831,1831,1866.12,2180.54,35.11999999999989,5.684341886080802e-14,1.0000000000000002
13444,-73.96257781982422,40.755149841308594,-73.97601318359375,40.75944519042969,530.02,1831,1831,1992.87,2522.89,161.8699999999999,0.0,1.0
13445,-73.9690933227539,40.75425720214844,-73.98643493652342,40.72650146484375,579.73,1831,1831,-1.0,-1.0,-1,-1,0.0
13446,-74.00381469726562,40.74837112426758,-73.98466491699219,40.745853424072266,542.97,1832,1832,-1.0,-1.0,-1,-1,0.0
13447,-74.0002212524414,40.73793411254883,-73.99346923828125,40.72557830810547,491.79,1832,1832,1860.97,2352.7599999999998,28.970000000000027,-2.8421709430404007e-13,0.9999999999999994
13448,-73.9930648803711,40.72434997558594,-73.98478698730467,40.72430038452149,257.32,1832,1832,2044.29,2301.61,212.28999999999996,1.7053025658242404e-13,1.0000000000000007
13449,-73.99615478515625,40.70897674560547,-73.97884368896483,40.745216369628906,913.45,1832,1832,-1.0,-1.0,-1,-1,0.0
13450,-73.9867172241211,40.766765594482415,-73.97578430175781,40.75161361694336,808.12,1832,1832,1860.02,2668.14,28.019999999999982,-1.1368683772161603e-13,0.9999999999999999
13451,-73.95216369628906,40.769058227539055,-73.95272064208984,40.79119873046875,616.46,1832,1832,-1.0,-1.0,-1,-1,0.0
13452,-73.99002075195312,40.73387145996094,-73.98233032226562,40.73931884765625,264.23,1832,1832,-1.0,-1.0,-1,-1,0.0
13453,-73.95231628417969,40.76887512207031,-73.95620727539062,40.774089813232415,230.59,1832,1832,-1.0,-1.0,-1,-1,0.0
13454,-73.94650268554686,40.77278518676758,-73.9617691040039,40.7596435546875,529.79,1833,1833,1919.33,2449.12,86.32999999999993,0.0,1.0
13455,-73.9520263671875,40.804054260253906,-73.94570922851562,40.79301834106445,383.51,1833,1833,-1.0,-1.0,-1,-1,0.0
13456,-74.00281524658203,40.76055145263672,-73.99275970458984,40.75848007202149,363.71,1833,1833,1892.49,2256.2,59.49000000000001,-1.7053025658242404e-13,0.9999999999999996
13457,-73.9784927368164,40.741127014160156,-73.98751831054686,40.72868347167969,220.4,1833,1833,-1.0,-1.0,-1,-1,0.0
13458,-73.99424743652342,40.74604034423828,-73.9471435546875,40.77165222167969,1231.51,1834,1834,1886.78,3157.54,52.77999999999997,39.25,1.0318714423756201
13459,-73.9683837890625,40.75907897949219,-73.97132110595702,40.79446792602539,943.64,1834,1834,-1.0,-1.0,-1,-1,0.0
13460,-73.98591613769531,40.74062728881836,-73.98865509033203,40.73140335083008,322.28,1834,1834,-1.0,-1.0,-1,-1,0.0
13461,-74.01155853271484,40.7036361694336,-73.98786926269531,40.74127578735352,934.5,1834,1834,-1.0,-1.0,-1,-1,0.0
13462,-73.97158813476562,40.7955436706543,-73.97869110107422,40.78324508666992,301.76,1834,1834,2213.57,2515.33,379.57000000000016,-2.2737367544323206e-13,0.9999999999999992
13463,-73.99231719970702,40.715274810791016,-73.95938873291014,40.76320266723633,901.87,1834,1834,1938.78,2840.65,104.77999999999997,1.1368683772161603e-13,1.0000000000000002
13464,-73.96556091308594,40.76228332519531,-73.95562744140625,40.778717041015625,324.14,1834,1834,1881.12,2205.2599999999998,47.11999999999989,-1.1368683772161603e-13,0.9999999999999997
13465,-73.99117279052734,40.7172737121582,-73.98284912109375,40.73110961914063,320.9,1834,1834,-1.0,-1.0,-1,-1,0.0
13466,-74.00141906738281,40.762020111083984,-73.99459075927734,40.72475051879883,1079.59,1834,1834,1874.61,2954.2,40.6099999999999,0.0,1.0
13467,-73.97040557861328,40.75851058959961,-73.97425842285155,40.748191833496094,350.05,1834,1834,-1.0,-1.0,-1,-1,0.0
13468,-73.99182891845702,40.7491340637207,-73.99512481689453,40.71714401245117,954.51,1834,1834,1860.0,2814.5099999999998,26.0,-2.2737367544323206e-13,0.9999999999999998
13469,-73.94925689697266,40.780128479003906,-73.994873046875,40.76562881469727,1047.56,1834,1834,-1.0,-1.0,-1,-1,0.0
13470,-73.98828887939453,40.72201919555664,-73.9636993408203,40.765323638916016,966.18,1834,1834,-1.0,-1.0,-1,-1,0.0
13471,-73.98114776611328,40.73715591430664,-73.98567962646483,40.75000762939453,652.18,1834,1834,2103.5,2755.68,269.5,-1.1368683772161603e-13,0.9999999999999998
13472,-74.00835418701173,40.74578475952149,-73.95878601074219,40.78097915649415,1210.79,1834,1834,1989.51,3200.2999999999997,155.51,-2.2737367544323206e-13,0.9999999999999998
13473,-73.97252655029298,40.796592712402344,-73.9671401977539,40.756778717041016,1263.14,1834,1834,1943.83,3206.97,109.82999999999993,-2.2737367544323206e-13,0.9999999999999998
13474,-73.96904754638672,40.764198303222656,-73.98380279541014,40.738128662109375,699.83,1835,1835,1934.29,2634.12,99.28999999999996,-1.1368683772161603e-13,0.9999999999999999
13475,-73.98244476318358,40.760906219482415,-73.95285034179686,40.78159713745117,911.9,1835,1835,1894.75,2827.37,59.75,20.719999999999914,1.02272178966992
13476,-73.95364379882812,40.76678466796875,-73.96047973632812,40.77238082885742,286.88,1835,1835,-1.0,-1.0,-1,-1,0.0
13477,-73.98556518554686,40.73555374145508,-74.00493621826173,40.7408332824707,547.93,1835,1835,-1.0,-1.0,-1,-1,0.0
13478,-73.99207305908203,40.72551345825195,-73.99703216552734,40.73745727539063,446.82,1835,1835,-1.0,-1.0,-1,-1,0.0
13479,-73.98693084716798,40.745113372802734,-73.97553253173827,40.7598991394043,575.32,1835,1835,-1.0,-1.0,-1,-1,0.0
13480,-73.97683715820312,40.7517204284668,-74.0044937133789,40.7285270690918,848.18,1836,1836,-1.0,-1.0,-1,-1,0.0
13481,-73.98928070068358,40.74782943725585,-74.00198364257811,40.76171112060547,580.33,1836,1836,-1.0,-1.0,-1,-1,0.0
13482,-73.97254180908203,40.74954223632813,-73.97433471679686,40.7368278503418,365.18,1836,1836,-1.0,-1.0,-1,-1,0.0
13483,-74.00772857666014,40.751609802246094,-73.99581146240234,40.76442337036133,345.08,1836,1836,1883.17,2228.25,47.17000000000007,-5.684341886080802e-14,0.9999999999999999
13484,-73.94837951660156,40.78245162963867,-73.94094085693358,40.79269027709961,275.39,1836,1836,-1.0,-1.0,-1,-1,0.0
13485,-73.98847198486328,40.74930191040039,-73.96490478515625,40.7532615661621,683.62,1836,1836,-1.0,-1.0,-1,-1,0.0
13486,-73.96143341064453,40.76047897338867,-73.97025299072266,40.765235900878906,353.57,1836,1836,-1.0,-1.0,-1,-1,0.0
13487,-73.99156951904298,40.75981903076172,-74.00232696533203,40.75035858154297,384.79,1836,1836,1995.17,2379.96,159.17000000000007,-5.684341886080802e-14,0.9999999999999999
13488,-73.98503875732422,40.75861740112305,-73.99292755126955,40.74031066894531,548.02,1837,1837,1928.66,2476.68,91.66000000000008,-2.2737367544323206e-13,0.9999999999999996
13489,-73.99102783203125,40.75676345825195,-74.00565338134766,40.72554016113281,815.1,1837,1837,-1.0,-1.0,-1,-1,0.0
13490,-73.99652099609375,40.73205184936523,-73.99485778808595,40.72600173950195,258.01,1837,1837,1886.5,2144.51,49.5,2.2737367544323206e-13,1.0000000000000009
13491,-74.0152587890625,40.71527862548828,-74.0078125,40.73193740844727,351.01,1837,1837,1867.11,2218.12,30.1099999999999,0.0,1.0
13492,-73.96779632568358,40.75583267211913,-73.9828872680664,40.73472595214844,414.62,1837,1837,1883.88,2298.5,46.88000000000011,-1.1368683772161603e-13,0.9999999999999998
13493,-73.99297332763672,40.73393630981445,-74.00497436523438,40.74091339111328,397.33,1837,1837,-1.0,-1.0,-1,-1,0.0
13494,-73.9837188720703,40.749210357666016,-73.98558807373048,40.75671005249024,331.47,1837,1837,-1.0,-1.0,-1,-1,0.0
13495,-73.9744873046875,40.7530517578125,-73.95982360839844,40.75865173339844,459.55,1838,1838,1866.43,2325.98,28.430000000000064,-5.684341886080802e-14,0.9999999999999999
13496,-73.97991180419923,40.7760009765625,-73.97870635986328,40.76472091674805,427.99,1838,1838,1888.04,2342.48,50.039999999999964,26.450000000000045,1.0618005093576954
13497,-74.00675964355469,40.73095703125,-73.9911117553711,40.74210739135742,517.46,1838,1838,1877.78,2401.86,39.77999999999997,6.620000000000118,1.0127932593823679
13498,-73.96452331542969,40.792030334472656,-73.96112823486328,40.777645111083984,377.47,1838,1838,-1.0,-1.0,-1,-1,0.0
13499,-73.9740676879883,40.7552604675293,-73.9774398803711,40.76462936401367,504.5,1838,1838,-1.0,-1.0,-1,-1,0.0
13500,-73.98149871826173,40.781116485595696,-73.9698715209961,40.80228042602539,488.85,1838,1838,1897.22,2436.6,59.22000000000003,50.52999999999986,1.1033650404009407
13501,-73.98524475097656,40.746337890625,-73.97818756103516,40.76469802856445,603.76,1838,1838,-1.0,-1.0,-1,-1,0.0
13502,-73.96127319335938,40.78068161010742,-73.981201171875,40.753700256347656,748.83,1838,1838,-1.0,-1.0,-1,-1,0.0
13503,-73.94384765625,40.83584213256836,-73.94214630126955,40.82778549194336,246.95,1838,1838,-1.0,-1.0,-1,-1,0.0
13504,-73.96685791015625,40.7665901184082,-73.95729064941406,40.77171325683594,298.49,1839,1839,-1.0,-1.0,-1,-1,0.0
13505,-73.9447021484375,40.77911376953125,-73.96877288818358,40.75742721557617,734.6,1839,1839,-1.0,-1.0,-1,-1,0.0
13506,-73.95214080810547,40.78113555908203,-73.95413970947266,40.766361236572266,422.75,1839,1839,1908.54,2331.29,69.53999999999996,0.0,1.0
13507,-73.9826889038086,40.76342010498047,-73.98259735107422,40.77159881591797,313.64,1839,1839,-1.0,-1.0,-1,-1,0.0
13508,-73.94509887695312,40.77879333496094,-73.96466827392578,40.762596130371094,628.44,1839,1839,1990.05,2618.49,151.04999999999995,-2.2737367544323206e-13,0.9999999999999997
13509,-74.00035095214845,40.747955322265625,-73.99036407470702,40.73772430419922,414.32,1839,1839,1863.5799999999997,2278.49,24.5799999999997,0.5900000000000887,1.0014240200810969
13510,-74.0020751953125,40.72433853149415,-74.0024185180664,40.74145126342773,462.0,1839,1839,-1.0,-1.0,-1,-1,0.0
13511,-73.98783111572266,40.75028991699219,-73.95075988769531,40.78242874145508,1314.16,1839,1839,-1.0,-1.0,-1,-1,0.0
13512,-73.99040985107422,40.75191879272461,-73.99739837646483,40.72133255004883,942.83,1839,1839,1868.98,2859.04,29.980000000000018,47.229999999999905,1.0500938663385764
13513,-74.01263427734375,40.70221328735352,-73.99311828613281,40.71385192871094,393.84,1839,1839,-1.0,-1.0,-1,-1,0.0
13514,-74.00170135498048,40.7156982421875,-73.98204803466798,40.77043914794922,1398.64,1840,1840,-1.0,-1.0,-1,-1,0.0
13515,-73.9813461303711,40.78106689453125,-73.98125457763672,40.76188659667969,540.26,1840,1840,-1.0,-1.0,-1,-1,0.0
13516,-73.972900390625,40.75613021850585,-73.98737335205078,40.720481872558594,974.06,1840,1840,-1.0,-1.0,-1,-1,0.0
13517,-73.97073364257811,40.78327941894531,-73.98294067382812,40.76179122924805,606.0,1840,1840,-1.0,-1.0,-1,-1,0.0
13518,-73.97373962402342,40.75723648071289,-73.99522399902342,40.7231674194336,984.68,1840,1840,-1.0,-1.0,-1,-1,0.0
13519,-73.96434020996094,40.76079940795898,-73.9735107421875,40.74784469604492,303.92,1841,1841,1882.24,2186.16,41.24000000000001,-1.7053025658242404e-13,0.9999999999999994
13520,-74.0071029663086,40.74174499511719,-74.00151062011719,40.761329650878906,447.76,1841,1841,1891.12,2338.88,50.11999999999989,2.2737367544323206e-13,1.0000000000000004
13521,-73.96904754638672,40.76964950561523,-73.97119140625,40.763484954833984,234.35,1841,1841,-1.0,-1.0,-1,-1,0.0
13522,-74.00933074951173,40.706050872802734,-74.00020599365234,40.7272834777832,662.91,1841,1841,-1.0,-1.0,-1,-1,0.0
13523,-73.97442626953125,40.76261901855469,-73.98486328125,40.75192642211913,472.6,1841,1841,-1.0,-1.0,-1,-1,0.0
13524,-73.9715805053711,40.76047134399415,-73.9888687133789,40.75273895263672,671.47,1841,1841,-1.0,-1.0,-1,-1,0.0
13525,-73.99510955810547,40.740047454833984,-73.9879608154297,40.74117660522461,209.12,1841,1841,-1.0,-1.0,-1,-1,0.0
13526,-73.95264434814453,40.77798461914063,-73.98868560791014,40.7639045715332,921.37,1841,1841,1869.94,2837.1200000000003,28.940000000000055,45.81000000000029,1.049719439530265
13527,-73.98207092285155,40.77077102661133,-73.9771728515625,40.76177597045898,427.99,1842,1842,1881.1,2362.75,39.09999999999991,53.66000000000008,1.125376761139279
13528,-73.95143127441406,40.77413940429688,-73.94053649902342,40.78990173339844,212.17,1842,1842,1893.01,2105.18,51.00999999999999,-1.4210854715202004e-13,0.9999999999999993
13529,-73.99237823486328,40.76916122436523,-73.96485137939453,40.76485824584961,749.96,1842,1842,1938.79,2688.75,96.78999999999996,0.0,1.0
13530,-73.97904205322266,40.7668571472168,-73.95643615722656,40.76969909667969,648.84,1842,1842,-1.0,-1.0,-1,-1,0.0
13531,-73.9913330078125,40.73962020874024,-74.00254821777344,40.73421096801758,302.95,1842,1842,1883.37,2186.32,41.36999999999989,2.8421709430404007e-13,1.0000000000000009
13532,-74.008056640625,40.73943328857422,-74.00334930419923,40.7326545715332,325.17,1842,1842,-1.0,-1.0,-1,-1,0.0
13533,-73.98381042480467,40.76552963256836,-73.97579193115234,40.78886032104492,543.57,1842,1842,1894.96,2492.03,52.960000000000036,53.500000000000114,1.098423386132421
13534,-74.0038833618164,40.72571182250977,-74.00724792480467,40.743751525878906,456.07,1842,1842,-1.0,-1.0,-1,-1,0.0
13535,-73.98833465576173,40.73791122436523,-73.99829864501955,40.71960830688477,553.65,1843,1843,1893.98,2447.63,50.98000000000002,1.1368683772161603e-13,1.0000000000000002
13536,-73.95599365234375,40.77195739746094,-73.96440124511719,40.76042175292969,353.47,1843,1843,-1.0,-1.0,-1,-1,0.0
13537,-73.98552703857422,40.76810073852539,-73.9906234741211,40.76123809814453,193.7,1843,1843,1861.4,2055.1,18.40000000000009,-1.7053025658242404e-13,0.9999999999999991
13538,-73.97332000732422,40.76359939575195,-73.9649887084961,40.76970672607422,279.22,1843,1843,1939.34,2218.56,96.33999999999992,0.0,1.0
13539,-73.98098754882812,40.76430892944336,-73.97830963134766,40.75720977783203,357.54,1843,1843,-1.0,-1.0,-1,-1,0.0
13540,-73.98191833496094,40.777698516845696,-73.99122619628906,40.76057434082031,467.16,1843,1843,2020.99,2488.15,177.99,5.684341886080802e-14,1.0000000000000002
13541,-73.9869384765625,40.72223281860352,-73.98046875,40.7640380859375,1314.25,1843,1843,1960.34,3274.59,117.33999999999992,2.2737367544323206e-13,1.0000000000000002
13542,-73.97189331054686,40.79446411132813,-73.96089172363281,40.81847381591797,409.71,1843,1843,1937.37,2347.08,94.36999999999989,5.684341886080802e-14,1.0000000000000002
13543,-73.98381042480467,40.78089904785156,-73.97998809814453,40.76511001586913,485.76,1843,1843,1926.16,2411.92,83.16000000000008,0.0,1.0
13544,-73.9983139038086,40.723365783691406,-74.01038360595702,40.72359848022461,419.58,1844,1844,-1.0,-1.0,-1,-1,0.0
13545,-74.00269317626955,40.72842025756836,-74.00308990478516,40.736270904541016,261.67,1844,1844,-1.0,-1.0,-1,-1,0.0
13546,-73.9756317138672,40.79217147827149,-73.9805908203125,40.77494812011719,422.68,1844,1844,1880.01,2376.39,36.00999999999999,73.69999999999987,1.1743635847449605
13547,-73.98930358886719,40.75345993041992,-73.97998046875,40.71422958374024,947.96,1844,1844,-1.0,-1.0,-1,-1,0.0
13548,-73.97388458251955,40.763179779052734,-73.9719467163086,40.78168869018555,538.42,1844,1844,1888.59,2449.34,44.58999999999992,22.33000000000027,1.0414731993610942
13549,-73.94676208496094,40.816314697265625,-73.93773651123048,40.80442810058594,461.95,1844,1844,-1.0,-1.0,-1,-1,0.0
13550,-73.96846771240234,40.75492477416992,-73.95970153808595,40.76005172729492,260.29,1844,1844,-1.0,-1.0,-1,-1,0.0
13551,-74.01316833496094,40.70820236206055,-74.0040512084961,40.72561264038085,470.03,1844,1844,1884.0,2354.03,40.0,2.2737367544323206e-13,1.0000000000000004
13552,-74.01105499267578,40.7029685974121,-73.98641967773438,40.72622299194336,562.99,1844,1844,-1.0,-1.0,-1,-1,0.0
13553,-73.9705352783203,40.76110458374024,-73.96356964111328,40.808753967285156,1071.72,1845,1845,-1.0,-1.0,-1,-1,0.0
13554,-73.96314239501955,40.76905059814453,-73.97468566894531,40.752872467041016,465.43,1845,1845,1882.3600000000001,2347.79,37.36000000000013,-1.7053025658242404e-13,0.9999999999999997
13555,-73.96926116943358,40.75701904296875,-73.95337677001955,40.771461486816406,427.94,1845,1845,1877.93,2336.4700000000003,32.930000000000064,30.600000000000193,1.0715053512174608
13556,-73.98846435546875,40.76427459716797,-74.00423431396483,40.7426643371582,540.12,1845,1845,-1.0,-1.0,-1,-1,0.0
13557,-73.98706817626955,40.76605987548828,-73.97896575927734,40.74615478515625,852.28,1845,1845,1868.85,2728.48,23.84999999999991,7.350000000000136,1.0086239264091614
13558,-73.98155212402342,40.77880096435547,-73.97289276123048,40.78689956665039,220.63,1845,1845,1872.69,2093.32,27.690000000000055,1.1368683772161603e-13,1.0000000000000004
13559,-73.99518585205078,40.7391357421875,-74.01687622070312,40.70795822143555,852.75,1845,1845,-1.0,-1.0,-1,-1,0.0
13560,-73.9783935546875,40.72964477539063,-73.98694610595702,40.73670959472656,308.88,1846,1846,1894.6,2254.61,48.59999999999991,51.13000000000022,1.1655335405335412
13561,-73.98799133300781,40.75463104248047,-74.00281524658203,40.7604866027832,497.83,1846,1846,-1.0,-1.0,-1,-1,0.0
13562,-73.98684692382812,40.73303985595703,-73.98519897460938,40.71543884277344,699.83,1846,1846,1985.84,2685.67,139.83999999999992,1.1368683772161603e-13,1.0000000000000002
13563,-73.99564361572266,40.74425888061523,-74.00405883789062,40.73122024536133,250.62,1846,1846,1876.8,2127.42,30.799999999999955,1.1368683772161603e-13,1.0000000000000004
13564,-73.97041320800781,40.75669479370117,-73.98217010498048,40.75501251220703,559.06,1846,1846,1879.08,2448.64,33.07999999999993,10.5,1.018781526133152
13565,-73.9488525390625,40.788761138916016,-73.95094299316406,40.78316116333008,188.92,1847,1847,2078.5,2267.42,231.5,8.526512829121202e-14,1.0000000000000004
13566,-73.98068237304686,40.76420974731445,-73.98851013183594,40.74848937988281,628.28,1847,1847,1875.52,2503.8,28.519999999999982,2.2737367544323206e-13,1.0000000000000004
13567,-73.98626708984375,40.74342346191406,-73.99313354492188,40.75635147094727,617.27,1847,1847,-1.0,-1.0,-1,-1,0.0
13568,-73.97887420654298,40.75612258911133,-74.0025634765625,40.75007629394531,697.71,1847,1847,-1.0,-1.0,-1,-1,0.0
13569,-74.0158462524414,40.70841979980469,-74.0078125,40.74692153930664,623.95,1847,1847,1985.29,2609.2400000000002,138.28999999999996,2.2737367544323206e-13,1.0000000000000004
13570,-74.00761413574219,40.72576522827149,-74.00003814697266,40.74324035644531,324.28,1847,1847,1895.09,2219.37,48.08999999999992,0.0,1.0
13571,-73.97776794433594,40.7521858215332,-73.98712158203125,40.74888610839844,466.51,1847,1847,-1.0,-1.0,-1,-1,0.0
13572,-73.98654174804686,40.7400779724121,-73.98831939697266,40.727760314941406,335.85,1847,1847,-1.0,-1.0,-1,-1,0.0
13573,-73.96476745605469,40.76972961425781,-73.99697875976562,40.72562026977539,1216.97,1847,1847,-1.0,-1.0,-1,-1,0.0
13574,-73.993408203125,40.74987030029297,-73.97061157226562,40.76066970825195,827.89,1848,1848,-1.0,-1.0,-1,-1,0.0
13575,-73.98271942138672,40.76566696166992,-73.99176025390625,40.74989700317383,550.44,1848,1848,1866.74,2417.18,18.74000000000001,-2.2737367544323206e-13,0.9999999999999996
13576,-73.95915985107422,40.78096008300781,-73.9671401977539,40.80681991577149,687.96,1848,1848,1891.6699999999998,2579.63,43.669999999999845,2.2737367544323206e-13,1.0000000000000002
13577,-73.95195007324219,40.76939010620117,-73.95738220214845,40.76171875,186.98,1848,1848,1861.0800000000002,2048.06,13.080000000000155,-1.9895196601282805e-13,0.9999999999999989
13578,-73.9925537109375,40.745418548583984,-73.95850372314453,40.78335952758789,1100.86,1848,1848,1866.71,3000.44,18.710000000000036,32.87000000000012,1.029858474283742
13579,-73.98013305664062,40.7705078125,-73.9764175415039,40.7874755859375,424.96,1848,1848,1989.66,2414.62,141.66000000000008,-1.7053025658242404e-13,0.9999999999999996
13580,-73.97266387939453,40.7904052734375,-73.9531021118164,40.8144416809082,519.89,1848,1848,1890.62,2410.51,42.61999999999989,3.410605131648481e-13,1.0000000000000007
13581,-73.99989318847656,40.73323059082031,-73.99612426757811,40.725196838378906,359.25,1849,1849,-1.0,-1.0,-1,-1,0.0
13582,-74.00736999511719,40.70539855957031,-74.01056671142578,40.71877670288085,586.92,1849,1849,-1.0,-1.0,-1,-1,0.0
13583,-73.9611587524414,40.77473831176758,-73.9697036743164,40.80022048950195,715.05,1849,1849,1888.4299999999998,2647.22,39.429999999999836,43.74000000000001,1.06117054751416
13584,-73.95965576171875,40.781898498535156,-73.96099090576173,40.7725715637207,316.87,1849,1849,1866.04,2182.91,17.039999999999964,-1.1368683772161603e-13,0.9999999999999997
13585,-73.95697784423827,40.76662063598633,-73.98966979980467,40.75166702270508,1115.61,1849,1849,1949.95,3065.56,100.95000000000005,0.0,1.0
13586,-73.9576416015625,40.76150131225585,-73.96116638183594,40.771820068359375,384.45,1849,1849,-1.0,-1.0,-1,-1,0.0
13587,-74.00635528564453,40.73574447631836,-73.99559020996094,40.72140121459961,742.28,1849,1849,1933.5,2675.78,84.5,2.2737367544323206e-13,1.0000000000000002
13588,-73.95496368408203,40.76515579223633,-73.94794464111328,40.78373336791992,386.78,1849,1849,-1.0,-1.0,-1,-1,0.0
13589,-73.97234344482422,40.75342178344727,-73.97540283203125,40.75124740600585,180.8,1850,1850,-1.0,-1.0,-1,-1,0.0
13590,-73.99884796142578,40.72800827026367,-73.99566650390625,40.720081329345696,414.38,1850,1850,-1.0,-1.0,-1,-1,0.0
13591,-73.9796371459961,40.75585174560547,-74.0041732788086,40.75107955932617,686.7,1850,1850,1863.59,2656.66,13.589999999999918,106.36999999999989,1.154900247560798
13592,-73.9746551513672,40.79072952270508,-73.97801971435547,40.778484344482415,295.61,1850,1850,1878.19,2206.7999999999997,28.190000000000055,32.99999999999966,1.1116335712594285
13593,-73.9848098754883,40.77422332763672,-73.97573852539062,40.79179382324219,407.03,1851,1851,1874.33,2309.42,23.329999999999927,28.060000000000173,1.0689384074883919
13594,-73.98628997802734,40.74043655395508,-73.9681396484375,40.765384674072266,679.32,1851,1851,-1.0,-1.0,-1,-1,0.0
13595,-73.98604583740234,40.74364471435547,-73.97994995117188,40.74603271484375,246.24,1851,1851,-1.0,-1.0,-1,-1,0.0
13596,-73.96348571777344,40.75783157348633,-73.97885131835938,40.77412414550781,694.31,1851,1851,-1.0,-1.0,-1,-1,0.0
13597,-73.96562194824219,40.75917053222656,-73.95036315917969,40.785659790039055,573.03,1851,1851,1895.26,2468.29,44.25999999999999,0.0,1.0
13598,-73.97441101074219,40.75840377807617,-73.9553451538086,40.76572799682617,604.66,1851,1851,-1.0,-1.0,-1,-1,0.0
13599,-73.96611022949219,40.762306213378906,-73.95500183105469,40.80416870117188,904.31,1852,1852,1891.62,2795.93,39.61999999999989,0.0,1.0
13600,-73.98786926269531,40.74369812011719,-73.99356842041014,40.72734069824219,500.21,1852,1852,1871.25,2371.46,19.25,5.684341886080802e-14,1.0000000000000002
13601,-73.9942626953125,40.759090423583984,-73.97125244140625,40.763519287109375,692.53,1852,1852,-1.0,-1.0,-1,-1,0.0
13602,-73.97628021240234,40.75115585327149,-73.97907257080078,40.73693084716797,401.36,1852,1852,-1.0,-1.0,-1,-1,0.0
13603,-74.0129623413086,40.70238494873047,-74.00482177734375,40.7513427734375,893.66,1853,1853,-1.0,-1.0,-1,-1,0.0
13604,-73.97418975830078,40.75070571899415,-73.94984436035155,40.78548431396485,704.43,1853,1853,-1.0,-1.0,-1,-1,0.0
13605,-73.98014068603516,40.74309158325195,-74.00202941894531,40.74046325683594,657.54,1853,1853,-1.0,-1.0,-1,-1,0.0
13606,-73.98075866699219,40.76555252075195,-73.99275207519531,40.75837326049805,429.23,1853,1853,-1.0,-1.0,-1,-1,0.0
13607,-73.99855804443358,40.745201110839844,-73.97902679443358,40.762115478515625,633.85,1853,1853,-1.0,-1.0,-1,-1,0.0
13608,-73.98934936523438,40.72119140625,-74.00273132324219,40.756023406982415,1147.46,1853,1853,2094.74,3242.2,241.73999999999978,0.0,1.0
13609,-73.97144317626955,40.76163864135742,-73.95999908447266,40.777137756347656,381.09,1853,1853,-1.0,-1.0,-1,-1,0.0
13610,-73.95484161376955,40.7735710144043,-73.968994140625,40.75593948364258,515.39,1853,1853,1883.53,2398.92,30.529999999999973,1.1368683772161603e-13,1.0000000000000002
13611,-73.95653533935547,40.778186798095696,-73.96162414550781,40.77004623413085,184.36,1853,1853,1874.63,2058.99,21.63000000000011,-3.410605131648481e-13,0.9999999999999981
13612,-73.97494506835938,40.76172256469727,-73.98747253417969,40.73847198486328,625.51,1853,1853,-1.0,-1.0,-1,-1,0.0
13613,-73.98948669433594,40.72991180419922,-73.99269866943358,40.74272918701172,472.46,1854,1854,1905.05,2377.51,51.049999999999955,2.8421709430404007e-13,1.0000000000000007
13614,-73.95684051513672,40.77080535888672,-73.97551727294923,40.75864028930664,709.99,1854,1854,-1.0,-1.0,-1,-1,0.0
13615,-73.9792709350586,40.78496551513672,-73.95564270019531,40.782806396484375,574.17,1854,1854,1962.66,2536.83,108.66000000000008,-1.1368683772161603e-13,0.9999999999999998
13616,-74.00594329833984,40.72350311279297,-73.99805450439453,40.72043228149415,390.04,1854,1854,2058.47,2448.51,204.4699999999998,3.979039320256561e-13,1.000000000000001
13617,-73.97859191894531,40.76327896118164,-73.95287322998048,40.78310012817383,734.18,1854,1854,1884.5400000000002,2637.9,30.54000000000019,19.17999999999995,1.026124383666131
13618,-73.98058319091797,40.76340103149415,-73.993408203125,40.72745132446289,1147.6,1854,1854,-1.0,-1.0,-1,-1,0.0
13619,-73.95610809326173,40.77203750610352,-73.99134063720702,40.7501335144043,1246.71,1854,1854,1865.1100000000001,3158.4100000000003,11.110000000000127,46.590000000000146,1.0373703587843204
13620,-74.00164031982422,40.730716705322266,-74.00944519042969,40.722557067871094,501.15,1854,1854,1928.75,2429.9,74.75,1.1368683772161603e-13,1.0000000000000002
13621,-73.99966430664062,40.72010803222656,-73.99667358398438,40.74286651611328,667.31,1854,1854,-1.0,-1.0,-1,-1,0.0
13622,-73.97853851318358,40.78327178955078,-73.97673797607422,40.77507019042969,254.68,1855,1855,1896.85,2151.53,41.84999999999991,2.8421709430404007e-13,1.000000000000001
13623,-73.97724151611328,40.74303817749024,-73.97296142578125,40.79301071166992,1325.63,1855,1855,-1.0,-1.0,-1,-1,0.0
13624,-73.99205780029298,40.74858856201172,-73.96052551269531,40.81292343139648,1273.67,1855,1855,1913.55,3241.5800000000004,58.549999999999955,54.360000000000355,1.0426798150227299
13625,-73.947021484375,40.81014633178711,-73.93756103515625,40.8267822265625,410.54,1855,1855,-1.0,-1.0,-1,-1,0.0
13626,-73.97089385986328,40.76167678833008,-73.98238372802734,40.778907775878906,648.25,1855,1855,-1.0,-1.0,-1,-1,0.0
13627,-73.99234008789062,40.748985290527344,-73.9929428100586,40.72597885131836,720.08,1855,1855,1862.3400000000001,2614.33,7.3400000000001455,31.90999999999974,1.044314520608821
13628,-73.95387268066406,40.77067565917969,-73.97477722167969,40.79058456420898,743.79,1855,1855,1888.84,2632.63,33.83999999999992,2.2737367544323206e-13,1.0000000000000002
13629,-74.00421905517578,40.71293640136719,-73.99849700927734,40.71308898925781,210.8,1855,1855,-1.0,-1.0,-1,-1,0.0
13630,-73.98209381103516,40.736270904541016,-74.00556945800781,40.73900604248047,641.34,1856,1856,1914.57,2555.91,58.569999999999936,-1.1368683772161603e-13,0.9999999999999998
13631,-73.9710922241211,40.75846862792969,-73.9556884765625,40.782310485839844,616.74,1856,1856,1861.71,2580.4,5.710000000000036,101.95000000000005,1.1653046664720952
13632,-74.00421905517578,40.738128662109375,-73.96251678466798,40.758888244628906,1053.06,1856,1856,1950.88,3003.94,94.88000000000011,0.0,1.0
13633,-73.97364044189453,40.7477912902832,-73.98741912841797,40.72196960449219,628.77,1856,1856,1882.6299999999992,2511.399999999999,26.6299999999992,0.0,1.0
13634,-73.98043060302734,40.74549865722656,-73.99313354492188,40.73326873779297,400.92,1856,1856,1896.38,2340.8,40.38000000000011,43.50000000000006,1.108500448967375
13635,-73.98153686523438,40.76840591430664,-73.9815673828125,40.78078842163085,344.85,1857,1857,1869.499999999999,2226.0299999999993,12.49999999999909,11.680000000000177,1.0338697984631005
13636,-73.99777221679686,40.74126815795898,-74.00499725341797,40.7408447265625,189.29,1857,1857,1984.0,2173.29,127.0,-2.842170943040401e-14,0.9999999999999999
13637,-73.99835205078125,40.75083923339844,-74.00701141357422,40.742591857910156,295.45,1857,1857,1869.75,2221.58,12.75,56.37999999999994,1.190827551193095
13638,-73.9941177368164,40.7512092590332,-73.96956634521484,40.75223922729492,799.71,1857,1857,-1.0,-1.0,-1,-1,0.0
13639,-73.99739837646483,40.74689865112305,-74.0000991821289,40.73487091064453,355.32,1857,1857,-1.0,-1.0,-1,-1,0.0
13640,-73.99152374267578,40.73944854736328,-74.0007553100586,40.76203918457031,733.06,1857,1857,1899.81,2705.21,42.809999999999945,72.34000000000015,1.0986822361061852
13641,-74.0046615600586,40.746978759765625,-73.9888916015625,40.75918197631836,476.13,1857,1857,2022.09,2498.22,165.08999999999992,-1.1368683772161603e-13,0.9999999999999998
13642,-73.99371337890625,40.74718475341797,-74.00984191894531,40.71653747558594,598.69,1857,1857,1905.97,2504.66,48.97000000000003,-2.2737367544323206e-13,0.9999999999999997
13643,-73.97599792480467,40.749526977539055,-73.9483413696289,40.782936096191406,773.72,1858,1858,-1.0,-1.0,-1,-1,0.0
13644,-73.98126983642578,40.77922058105469,-73.97151947021484,40.78448486328125,252.13,1858,1858,1882.86,2219.77,24.8599999999999,84.78000000000009,1.3362551064926826
13645,-74.00533294677734,40.723121643066406,-74.00386810302734,40.7476692199707,550.24,1858,1858,-1.0,-1.0,-1,-1,0.0
13646,-73.95574188232422,40.779335021972656,-73.9468994140625,40.78671646118164,180.49,1858,1858,1914.8,2095.29,56.799999999999955,0.0,1.0
13647,-73.98362731933594,40.74387741088867,-73.96324920654298,40.76222610473633,714.17,1858,1858,1865.15,2661.36,7.150000000000091,82.04000000000008,1.1148746096867694
13648,-73.97467041015625,40.76215362548828,-73.98180389404298,40.74576187133789,533.04,1858,1858,-1.0,-1.0,-1,-1,0.0
13649,-73.97922515869139,40.7636833190918,-74.0056915283203,40.726387023925774,1088.93,1858,1858,-1.0,-1.0,-1,-1,0.0
13650,-73.95245361328125,40.78404998779297,-73.9807357788086,40.775779724121094,625.53,1859,1859,1943.21,2568.7400000000002,84.21000000000004,2.2737367544323206e-13,1.0000000000000004
13651,-73.96656036376955,40.764461517333984,-73.96524047851562,40.75925827026367,250.16,1859,1859,1898.44,2148.6,39.440000000000055,-1.4210854715202004e-13,0.9999999999999994
13652,-73.99005889892578,40.73408889770508,-73.97955322265625,40.74943161010742,445.69,1859,1859,-1.0,-1.0,-1,-1,0.0
13653,-73.96765899658203,40.7629280090332,-73.97538757324219,40.75395202636719,328.47,1859,1859,1878.8500000000004,2207.32,19.850000000000364,-2.2737367544323206e-13,0.9999999999999993
13654,-73.98563385009766,40.74152755737305,-73.95944213867188,40.76327133178711,664.2,1859,1859,1964.84,2629.04,105.83999999999992,0.0,1.0
13655,-73.99150848388672,40.73879623413085,-73.99969482421875,40.7258415222168,469.67,1859,1859,1916.08,2403.46,57.07999999999993,17.710000000000093,1.0377073264206786
13656,-73.97694396972656,40.76605224609375,-73.98844146728516,40.77924346923828,561.7,1859,1859,1864.43,2429.6,5.430000000000064,3.4699999999998,1.006177674915435
13657,-73.9747314453125,40.76210021972656,-73.97782135009766,40.75233840942383,360.08,1859,1859,-1.0,-1.0,-1,-1,0.0
13658,-73.98171997070312,40.76608657836913,-73.97972869873048,40.75482940673828,484.12,1859,1859,-1.0,-1.0,-1,-1,0.0
13659,-73.99295806884766,40.72808837890625,-73.98185729980467,40.75798034667969,897.34,1859,1859,-1.0,-1.0,-1,-1,0.0
13660,-73.97785186767578,40.786582946777344,-73.97097778320312,40.79576873779297,225.04,1860,1860,-1.0,-1.0,-1,-1,0.0
13661,-73.97911834716798,40.74996566772461,-73.98648834228516,40.739707946777344,290.0,1860,1860,-1.0,-1.0,-1,-1,0.0
13662,-74.00958251953125,40.70470809936523,-73.99146270751955,40.7503318786621,1264.95,1860,1860,1905.08,3170.03,45.07999999999993,2.2737367544323206e-13,1.0000000000000002
13663,-73.9781265258789,40.751380920410156,-73.97708892822266,40.75770950317383,299.91,1860,1860,1870.78,2240.42,10.779999999999973,69.73000000000008,1.232503084258611
13664,-74.01507568359375,40.71581268310547,-73.99436950683594,40.72640228271485,701.71,1860,1860,2113.22,2814.93,253.2199999999998,0.0,1.0
13665,-74.00666046142578,40.73583221435547,-73.9883804321289,40.74592208862305,568.61,1860,1860,-1.0,-1.0,-1,-1,0.0
13666,-73.9555130004883,40.772560119628906,-73.95162963867188,40.76625061035156,254.34,1860,1860,1873.63,2141.3,13.63000000000011,13.33000000000007,1.0524101596288435
13667,-73.9677734375,40.76850891113281,-73.95156860351562,40.79116821289063,401.76,1860,1860,-1.0,-1.0,-1,-1,0.0
13668,-73.9857864379883,40.75778579711913,-73.99964904785155,40.74893569946289,447.21,1861,1861,-1.0,-1.0,-1,-1,0.0
13669,-74.0024185180664,40.75102996826172,-74.00295257568358,40.73978042602539,360.91,1861,1861,-1.0,-1.0,-1,-1,0.0
13670,-73.98815155029298,40.74745178222656,-73.9869613647461,40.7658805847168,682.6,1861,1861,-1.0,-1.0,-1,-1,0.0
13671,-73.99565887451173,40.74940872192383,-73.98905181884766,40.74222946166992,390.29,1861,1861,-1.0,-1.0,-1,-1,0.0
13672,-73.966796875,40.76493835449219,-73.95416259765625,40.7665901184082,405.96,1861,1861,2028.0,2433.96,167.0,5.684341886080802e-14,1.0000000000000002
13673,-73.96080780029298,40.76959609985352,-73.95285797119139,40.7733154296875,196.97,1861,1861,1918.84,2122.74,57.83999999999992,6.929999999999865,1.035183022795349
13674,-73.96598815917969,40.78989028930664,-73.95472717285155,40.80672073364258,386.92,1861,1861,-1.0,-1.0,-1,-1,0.0
13675,-73.983642578125,40.77091979980469,-73.98155975341797,40.74114990234375,1105.6,1861,1861,1951.04,3056.64,90.03999999999996,0.0,1.0
13676,-74.00942993164062,40.72401809692383,-74.01435852050781,40.71704864501953,242.52,1862,1862,2038.04,2280.56,176.03999999999996,-2.842170943040401e-14,0.9999999999999999
13677,-73.95880126953125,40.77817153930664,-73.96626281738281,40.7648811340332,396.99,1862,1862,1957.45,2354.44,95.45000000000005,0.0,1.0
13678,-73.97508239746094,40.792728424072266,-73.9761962890625,40.78116226196289,304.35,1862,1862,1895.05,2248.1,33.049999999999955,48.69999999999993,1.1600131427632658
13679,-74.01648712158203,40.709869384765625,-74.0023422241211,40.755859375,771.6,1862,1862,1890.0,2661.6,28.0,-1.1368683772161603e-13,0.9999999999999999
13680,-73.98265838623048,40.76729965209961,-73.948486328125,40.77468872070313,903.91,1862,1862,-1.0,-1.0,-1,-1,0.0
13681,-73.95223236083984,40.76607131958008,-73.96571350097656,40.76554870605469,438.8,1862,1862,-1.0,-1.0,-1,-1,0.0
13682,-74.00800323486328,40.72319030761719,-73.99488830566406,40.731666564941406,413.49,1862,1862,1949.09,2362.58,87.08999999999992,0.0,1.0
13683,-73.9544219970703,40.80570602416992,-73.94647979736328,40.800777435302734,245.79,1863,1863,1904.6100000000001,2150.4,41.61000000000013,-2.842170943040401e-14,0.9999999999999999
13684,-73.97843170166014,40.74521255493164,-74.00675964355469,40.74406051635742,790.24,1863,1863,-1.0,-1.0,-1,-1,0.0
13685,-73.9553451538086,40.76518249511719,-73.96544647216798,40.758277893066406,387.72,1863,1863,-1.0,-1.0,-1,-1,0.0
13686,-73.99788665771484,40.74494552612305,-73.98072052001955,40.73765563964844,443.7,1863,1863,-1.0,-1.0,-1,-1,0.0
13687,-73.96747589111328,40.75655746459961,-73.9557113647461,40.77195358276367,434.98,1863,1863,-1.0,-1.0,-1,-1,0.0
13688,-73.9859848022461,40.74380874633789,-73.95732879638672,40.77846145629883,895.22,1863,1863,-1.0,-1.0,-1,-1,0.0
13689,-73.9564437866211,40.76315307617188,-73.95602416992188,40.77998733520508,409.21,1863,1863,-1.0,-1.0,-1,-1,0.0
13690,-73.98214721679686,40.75758361816406,-73.97669982910156,40.74856185913085,434.92,1863,1863,-1.0,-1.0,-1,-1,0.0
13691,-73.96778869628906,40.76875686645508,-73.95319366455078,40.7860107421875,367.51,1863,1863,-1.0,-1.0,-1,-1,0.0
13692,-74.00337982177734,40.738670349121094,-73.99416351318358,40.73425674438477,278.66,1863,1863,2050.91,2329.57,187.90999999999985,2.8421709430404007e-13,1.000000000000001
13693,-73.95875549316406,40.76842880249024,-73.99112701416014,40.759483337402344,991.3,1863,1863,-1.0,-1.0,-1,-1,0.0
13694,-73.99298095703125,40.7369499206543,-74.00411224365234,40.721981048583984,534.33,1863,1863,-1.0,-1.0,-1,-1,0.0
13695,-73.9921646118164,40.75460815429688,-73.97735595703125,40.75081253051758,508.26,1863,1863,-1.0,-1.0,-1,-1,0.0
13696,-73.98471069335938,40.72820663452149,-73.97565460205078,40.73453140258789,292.79,1864,1864,1972.58,2265.37,108.57999999999993,-5.684341886080802e-14,0.9999999999999998
13697,-73.96990203857422,40.76232147216797,-74.01062774658203,40.719051361083984,1463.9,1864,1864,-1.0,-1.0,-1,-1,0.0
13698,-74.00328063964845,40.74728775024415,-73.98931121826173,40.74069213867188,377.0,1864,1864,-1.0,-1.0,-1,-1,0.0
13699,-73.9768295288086,40.78006362915039,-73.95661163330078,40.76482772827149,814.95,1864,1864,1890.0,2704.95,26.0,-2.2737367544323206e-13,0.9999999999999997
13700,-73.98584747314453,40.74716567993164,-73.97946166992188,40.765113830566406,705.76,1864,1864,1910.3799999999999,2616.14,46.37999999999988,0.0,1.0
13701,-73.95713806152342,40.77745056152344,-73.98703002929686,40.715248107910156,1226.98,1865,1865,1977.3,3204.28,112.29999999999995,2.2737367544323206e-13,1.0000000000000002
13702,-73.97336578369139,40.792293548583984,-73.96634674072266,40.80447387695313,237.06,1865,1865,2116.56,2353.62,251.55999999999995,-5.684341886080802e-14,0.9999999999999998
13703,-73.96138763427734,40.7741584777832,-73.9813003540039,40.74987030029297,918.87,1865,1865,-1.0,-1.0,-1,-1,0.0
13704,-73.99507141113281,40.75477600097656,-73.98625183105469,40.751808166503906,349.37,1865,1865,-1.0,-1.0,-1,-1,0.0
13705,-73.95582580566406,40.78244400024415,-73.9752655029297,40.74579620361328,1012.11,1865,1865,1959.0,2971.11,94.0,1.1368683772161603e-13,1.0000000000000002
13706,-73.96224212646483,40.7791862487793,-73.98893737792969,40.75856018066406,946.05,1865,1865,-1.0,-1.0,-1,-1,0.0
13707,-73.96290588378906,40.77488327026367,-73.97337341308594,40.76315307617188,396.27,1865,1865,-1.0,-1.0,-1,-1,0.0
13708,-73.97902679443358,40.736236572265625,-73.97489166259766,40.729774475097656,214.5,1866,1866,-1.0,-1.0,-1,-1,0.0
13709,-73.96015167236328,40.766151428222656,-73.97001647949219,40.75297164916992,365.89,1866,1866,-1.0,-1.0,-1,-1,0.0
13710,-73.97076416015625,40.76428604125977,-73.95833587646483,40.778633117675774,364.4,1866,1866,-1.0,-1.0,-1,-1,0.0
13711,-73.9720458984375,40.75316619873047,-73.95225524902342,40.78105163574219,575.72,1866,1866,-1.0,-1.0,-1,-1,0.0
13712,-73.9657211303711,40.76865005493164,-73.97260284423827,40.758460998535156,350.69,1866,1866,1953.79,2304.48,87.78999999999996,5.684341886080802e-14,1.0000000000000002
13713,-73.98503875732422,40.74783706665039,-74.00353240966798,40.74119567871094,521.62,1866,1866,-1.0,-1.0,-1,-1,0.0
13714,-74.00942993164062,40.70627975463867,-73.99333953857422,40.73419189453125,892.82,1866,1866,-1.0,-1.0,-1,-1,0.0
13715,-73.9561004638672,40.78188705444336,-73.96646881103516,40.80481338500977,675.42,1867,1867,1906.45,2629.96,39.450000000000045,48.09000000000003,1.0712001421337836
13716,-73.9947280883789,40.750354766845696,-73.98152160644531,40.7801513671875,731.81,1867,1867,-1.0,-1.0,-1,-1,0.0
13717,-73.98278045654298,40.752052307128906,-74.00706481933594,40.74155044555664,671.97,1867,1867,1898.09,2570.06,31.089999999999918,0.0,1.0
13718,-73.98918914794923,40.74832153320313,-73.96145629882812,40.77418899536133,901.77,1867,1867,1902.25,2804.02,35.25,0.0,1.0
13719,-73.96707916259766,40.77165985107422,-73.98094177246094,40.7823600769043,561.9,1867,1867,-1.0,-1.0,-1,-1,0.0
13720,-73.99990844726562,40.738548278808594,-73.99957275390625,40.719486236572266,639.75,1867,1867,1898.35,2571.4700000000003,31.34999999999991,33.370000000000346,1.0521610003907782
13721,-73.99496459960938,40.74013137817383,-74.0042495727539,40.74229049682617,279.91,1867,1867,-1.0,-1.0,-1,-1,0.0
13722,-73.95511627197266,40.76716613769531,-73.96875762939453,40.75998306274415,475.29,1868,1868,-1.0,-1.0,-1,-1,0.0
13723,-73.999267578125,40.75454711914063,-73.991943359375,40.764366149902344,209.71,1868,1868,1897.28,2106.99,29.279999999999973,-1.9895196601282805e-13,0.999999999999999
13724,-73.98297882080078,40.7451286315918,-73.98516082763672,40.72768020629883,484.24,1868,1868,1919.7199999999998,2425.95,51.7199999999998,21.99000000000001,1.0454113662646622
13725,-73.9988784790039,40.72343444824219,-73.98899841308595,40.73250198364258,344.21,1868,1868,-1.0,-1.0,-1,-1,0.0
13726,-73.99736022949219,40.72163009643555,-73.9844970703125,40.74578857421875,696.5,1868,1868,1981.87,2678.37,113.86999999999989,0.0,1.0
13727,-73.97032165527342,40.75621032714844,-73.95189666748048,40.78189086914063,501.8,1868,1868,-1.0,-1.0,-1,-1,0.0
13728,-73.96546936035155,40.76308822631836,-73.98016357421875,40.78074264526367,710.91,1868,1868,1901.83,2612.7400000000002,33.82999999999993,3.410605131648481e-13,1.0000000000000004
13729,-73.96685791015625,40.75820541381836,-73.96945953369139,40.80056381225585,1174.12,1868,1868,-1.0,-1.0,-1,-1,0.0
13730,-73.99593353271484,40.73858642578125,-73.996337890625,40.732337951660156,185.67,1868,1868,-1.0,-1.0,-1,-1,0.0
13731,-74.00544738769531,40.75091552734375,-73.99126434326173,40.74457931518555,380.58,1869,1869,1986.34,2366.92,117.33999999999992,1.7053025658242404e-13,1.0000000000000004
13732,-73.98242950439453,40.764408111572266,-73.97467803955078,40.78820419311523,654.02,1869,1869,-1.0,-1.0,-1,-1,0.0
13733,-73.98928833007811,40.757713317871094,-73.95038604736328,40.829002380371094,1156.91,1869,1869,1908.14,3099.07,39.1400000000001,34.01999999999998,1.0294059174870993
13734,-74.00511932373048,40.706581115722656,-73.9888687133789,40.72099685668945,465.25,1869,1869,1973.92,2439.17,104.92000000000007,0.0,1.0
13735,-73.97135162353516,40.75787734985352,-74.00275421142578,40.73258972167969,953.72,1869,1869,-1.0,-1.0,-1,-1,0.0
13736,-73.96762084960938,40.76581954956055,-73.95570373535155,40.769248962402344,355.33,1869,1869,-1.0,-1.0,-1,-1,0.0
13737,-73.95584869384766,40.78287124633789,-73.9678955078125,40.76556396484375,496.17,1870,1870,1946.62,2442.79,76.61999999999989,5.684341886080802e-14,1.0000000000000002
13738,-73.9909896850586,40.73331832885742,-74.0031967163086,40.73162460327149,374.08,1870,1870,1895.9399999999998,2359.39,25.939999999999827,89.37000000000006,1.2389061163387511
13739,-73.9869613647461,40.72918701171875,-73.95503234863281,40.803428649902344,1589.93,1870,1870,2030.0,3619.9300000000007,160.0,6.821210263296962e-13,1.0000000000000004
13740,-73.98627471923827,40.73444366455078,-73.9851837158203,40.723838806152344,396.86,1870,1870,-1.0,-1.0,-1,-1,0.0
13741,-73.98274993896483,40.73967361450195,-73.97066497802734,40.755672454833984,411.91,1870,1870,2040.7,2452.61,170.70000000000005,5.684341886080802e-14,1.0000000000000002
13742,-73.98379516601562,40.749794006347656,-73.99649047851562,40.7252311706543,593.43,1870,1870,1928.77,2580.2,58.76999999999998,57.999999999999886,1.0977368855635878
13743,-73.98701477050781,40.74550247192383,-74.00330352783203,40.73173904418945,474.36,1870,1870,1987.5,2461.86,117.5,1.1368683772161603e-13,1.0000000000000002
13744,-73.94921112060547,40.77159118652344,-73.9581298828125,40.7763900756836,285.83,1871,1871,1973.59,2259.42,102.58999999999992,1.7053025658242404e-13,1.0000000000000007
13745,-73.98399353027342,40.75968551635742,-73.9959259033203,40.74427032470703,443.1,1871,1871,-1.0,-1.0,-1,-1,0.0
13746,-73.97803497314453,40.78640365600585,-73.98223114013672,40.7753791809082,244.65,1871,1871,-1.0,-1.0,-1,-1,0.0
13747,-73.98267364501955,40.750801086425774,-73.98941040039062,40.7568588256836,365.85,1871,1871,2056.05,2421.9,185.05000000000018,-1.1368683772161603e-13,0.9999999999999997
13748,-73.98512268066406,40.76885223388672,-74.00059509277344,40.742286682128906,715.08,1871,1871,1903.4099999999999,2618.49,32.409999999999854,-1.1368683772161603e-13,0.9999999999999999
13749,-73.95779418945312,40.7851448059082,-74.0078125,40.74669647216797,1273.36,1871,1871,1909.98,3208.86,38.98000000000002,25.52000000000021,1.0200414651002074
13750,-73.98586273193358,40.74095153808594,-73.99142456054686,40.747596740722656,422.58,1872,1872,1921.9,2378.36,49.90000000000009,33.88000000000005,1.0801741682048371
13751,-73.98970794677734,40.76220703125,-73.98261260986328,40.77168655395508,380.76,1872,1872,1890.0,2270.76,18.0,2.2737367544323206e-13,1.0000000000000007
13752,-74.0029067993164,40.76036071777344,-73.9935531616211,40.75239181518555,419.87,1872,1872,-1.0,-1.0,-1,-1,0.0
13753,-73.97972106933594,40.78129959106445,-73.98235321044923,40.77576065063477,226.19,1872,1872,1900.46,2204.15,28.460000000000036,77.50000000000006,1.3426323002785272
13754,-73.98991394042969,40.772796630859375,-73.9783935546875,40.78833770751953,338.03,1872,1872,2035.95,2373.98,163.95000000000005,0.0,1.0
13755,-73.96584320068358,40.75857543945313,-73.97514343261719,40.74695205688477,279.63,1872,1872,1916.08,2195.71,44.07999999999993,1.1368683772161603e-13,1.0000000000000004
13756,-73.9837875366211,40.76082992553711,-73.9986572265625,40.71860122680664,1247.64,1872,1872,-1.0,-1.0,-1,-1,0.0
13757,-73.9958724975586,40.73871994018555,-73.98753356933594,40.7522087097168,392.65,1873,1873,-1.0,-1.0,-1,-1,0.0
13758,-73.95259094238281,40.78573226928711,-73.96593475341797,40.78997039794922,363.07,1873,1873,1901.8600000000001,2330.59,28.860000000000127,65.66000000000003,1.1808466686864794
13759,-73.98133087158203,40.72482299804688,-73.99729919433594,40.725730895996094,489.05,1873,1873,1909.98,2399.03,36.98000000000002,1.7053025658242404e-13,1.0000000000000004
13760,-73.9832763671875,40.73260116577149,-73.97679901123048,40.747573852539055,425.89,1873,1873,1992.25,2418.14,119.25,-1.1368683772161603e-13,0.9999999999999998
13761,-73.99752044677734,40.72993087768555,-73.9942626953125,40.75019073486328,647.38,1873,1873,1917.8400000000001,2565.2200000000003,44.840000000000146,1.1368683772161603e-13,1.0000000000000002
13762,-73.9952392578125,40.7464714050293,-73.98454284667969,40.72570037841797,723.88,1873,1873,-1.0,-1.0,-1,-1,0.0
13763,-73.98790740966798,40.75979995727539,-73.97044372558594,40.76250076293945,540.0,1873,1873,-1.0,-1.0,-1,-1,0.0
13764,-73.97918701171875,40.77680969238281,-73.98590087890625,40.760520935058594,527.22,1873,1873,1927.74,2454.96,54.74000000000001,0.0,1.0
13765,-74.01314544677734,40.7148666381836,-74.00502014160156,40.74669647216797,443.81,1873,1873,-1.0,-1.0,-1,-1,0.0
13766,-73.9810562133789,40.73761367797852,-73.98239135742188,40.72770690917969,272.2,1873,1873,-1.0,-1.0,-1,-1,0.0
13767,-74.00743865966798,40.733211517333984,-73.99576568603516,40.74019241333008,358.75,1874,1874,1932.29,2291.04,58.289999999999964,0.0,1.0
13768,-73.97685241699219,40.77495193481445,-73.9747543334961,40.79060745239258,415.53,1874,1874,1928.34,2343.87,54.33999999999992,0.0,1.0
13769,-73.9773941040039,40.774497985839844,-73.96054077148438,40.77991104125977,425.89,1874,1874,1892.85,2318.74,18.84999999999991,-1.1368683772161603e-13,0.9999999999999998
13770,-73.9876708984375,40.72455596923828,-74.00643157958984,40.73862838745117,760.46,1874,1874,-1.0,-1.0,-1,-1,0.0
13771,-73.97749328613281,40.784446716308594,-73.95706176757811,40.778282165527344,477.38,1874,1874,-1.0,-1.0,-1,-1,0.0
13772,-73.9612579345703,40.80178833007813,-73.99259948730467,40.74026107788085,1461.59,1874,1874,2007.25,3468.8399999999997,133.25,-2.2737367544323206e-13,0.9999999999999999
13773,-74.01014709472656,40.70521926879883,-74.00601196289062,40.73564910888672,827.83,1874,1874,-1.0,-1.0,-1,-1,0.0
13774,-73.9930191040039,40.75497817993164,-73.97772979736328,40.75252914428711,422.97,1874,1874,-1.0,-1.0,-1,-1,0.0
13775,-73.9837188720703,40.73797225952149,-73.97345733642578,40.7526741027832,364.31,1874,1874,1905.85,2270.16,31.84999999999991,-5.684341886080802e-14,0.9999999999999999
13776,-73.9873046875,40.73308181762695,-74.00794982910156,40.7445068359375,666.23,1875,1875,1929.19,2654.33,54.190000000000055,58.909999999999854,1.0884229170106416
13777,-73.97284698486328,40.75276184082031,-74.00186920166014,40.72563934326172,902.41,1875,1875,-1.0,-1.0,-1,-1,0.0
13778,-73.9820785522461,40.76879119873047,-73.97103118896483,40.76488876342773,406.87,1875,1875,-1.0,-1.0,-1,-1,0.0
13779,-73.99687957763672,40.72399139404297,-74.00283813476562,40.734336853027344,459.94,1875,1875,-1.0,-1.0,-1,-1,0.0
13780,-73.96932220458984,40.76340866088867,-73.98168182373048,40.76076889038085,535.38,1875,1875,-1.0,-1.0,-1,-1,0.0
13781,-73.94383239746094,40.776554107666016,-73.95561981201173,40.779632568359375,288.34,1875,1875,1916.8799999999999,2205.22,41.87999999999988,-5.684341886080802e-14,0.9999999999999998
13782,-73.9637680053711,40.771278381347656,-73.93910217285155,40.80469131469727,670.43,1875,1875,1905.1399999999999,2603.2999999999997,30.139999999999873,27.729999999999905,1.0413615142520471
13783,-73.95606994628906,40.77888107299805,-73.95968627929686,40.76567459106445,405.82,1875,1875,1910.3700000000001,2316.19,35.37000000000012,-5.684341886080802e-14,0.9999999999999999
13784,-73.98177337646483,40.76203536987305,-73.9703826904297,40.75735855102539,565.16,1876,1876,1910.71,2475.87,34.710000000000036,-1.1368683772161603e-13,0.9999999999999998
13785,-73.99964141845702,40.733604431152344,-73.9877395629883,40.73609161376953,412.9,1876,1876,1974.67,2387.5699999999997,98.67000000000007,-3.410605131648481e-13,0.9999999999999992
13786,-73.97451782226562,40.751258850097656,-73.95677947998048,40.7666015625,444.14,1876,1876,-1.0,-1.0,-1,-1,0.0
13787,-73.99694061279298,40.74751663208008,-73.99752807617188,40.72189331054688,867.72,1876,1876,-1.0,-1.0,-1,-1,0.0
13788,-73.96672821044923,40.788978576660156,-73.97425842285155,40.778751373291016,226.25,1876,1876,-1.0,-1.0,-1,-1,0.0
13789,-73.9983673095703,40.71748733520508,-73.9830093383789,40.75683975219727,1058.67,1876,1876,1892.2,2950.87,16.200000000000045,-2.2737367544323206e-13,0.9999999999999998
13790,-73.9588851928711,40.77500534057617,-73.9922866821289,40.75500106811523,1111.01,1876,1876,1907.62,3018.63,31.61999999999989,2.2737367544323206e-13,1.0000000000000002
13791,-73.9579849243164,40.78183364868164,-73.95980072021484,40.77101516723633,377.41,1877,1877,2143.29,2520.7,266.28999999999996,-1.7053025658242404e-13,0.9999999999999996
13792,-73.98677062988281,40.75592041015625,-73.95700073242188,40.802242279052734,1064.97,1877,1877,-1.0,-1.0,-1,-1,0.0
13793,-73.95816802978516,40.8008918762207,-73.97915649414062,40.77666091918945,488.81,1877,1877,2160.71,2649.52,283.71000000000004,-5.684341886080802e-14,0.9999999999999999
13794,-73.95211029052734,40.76916885375977,-73.9728775024414,40.76464080810547,689.4,1877,1877,-1.0,-1.0,-1,-1,0.0
13795,-73.98666381835938,40.72234344482422,-73.98164367675781,40.7325553894043,234.71,1877,1877,1914.83,2149.54,37.82999999999993,2.842170943040401e-14,1.0000000000000002
13796,-74.00780487060547,40.70829391479492,-73.99730682373048,40.71425247192383,313.76,1877,1877,-1.0,-1.0,-1,-1,0.0
13797,-73.98042297363281,40.74280548095703,-73.97245788574219,40.761634826660156,609.24,1877,1877,1947.67,2573.91,70.67000000000007,16.999999999999773,1.027903617621955
13798,-73.97862243652342,40.747989654541016,-73.98893737792969,40.73498153686523,365.83,1877,1877,-1.0,-1.0,-1,-1,0.0
13799,-74.00204467773438,40.721473693847656,-74.00772094726562,40.74274444580078,704.79,1878,1878,-1.0,-1.0,-1,-1,0.0
13800,-73.98722076416014,40.75640869140625,-74.00418853759766,40.7426643371582,493.22,1878,1878,1908.33,2421.43,30.329999999999927,19.87999999999988,1.0403065569117227
13801,-73.97923278808595,40.744441986083984,-73.96671295166014,40.76174545288085,461.24,1878,1878,1909.39,2370.63,31.3900000000001,0.0,1.0
13802,-73.97943115234375,40.73731231689453,-73.9980239868164,40.7451171875,617.2,1878,1878,-1.0,-1.0,-1,-1,0.0
13803,-73.99310302734375,40.727893829345696,-74.00042724609375,40.73010635375977,303.32,1878,1878,-1.0,-1.0,-1,-1,0.0
13804,-73.98381805419923,40.74394989013672,-73.99806213378906,40.73532104492188,426.55,1878,1878,1904.1499999999999,2330.7,26.149999999999864,-5.684341886080802e-14,0.9999999999999999
13805,-73.98202514648438,40.731040954589844,-73.99613189697266,40.73679733276367,370.59,1878,1878,1928.09,2298.68,50.08999999999992,-5.684341886080802e-14,0.9999999999999999
13806,-73.9951629638672,40.74989700317383,-73.9822006225586,40.7630729675293,572.23,1878,1878,1899.31,2471.54,21.309999999999945,0.0,1.0
13807,-73.96891021728516,40.7910385131836,-73.97429656982422,40.778770446777344,258.97,1878,1878,2551.19,2810.16,673.19,-2.2737367544323206e-13,0.9999999999999991
13808,-73.99051666259766,40.7230339050293,-73.97824096679686,40.73847579956055,397.3,1879,1879,1932.39,2329.69,53.3900000000001,-5.684341886080802e-14,0.9999999999999999
13809,-74.00753784179686,40.71259307861328,-73.98011779785155,40.71229553222656,678.92,1879,1879,-1.0,-1.0,-1,-1,0.0
13810,-73.97725677490234,40.77446365356445,-73.96300506591797,40.7658805847168,493.96,1879,1879,-1.0,-1.0,-1,-1,0.0
13811,-73.9727783203125,40.756103515625,-74.00881958007811,40.719215393066406,1205.06,1879,1879,-1.0,-1.0,-1,-1,0.0
13812,-73.99037170410156,40.7509994506836,-74.00952911376955,40.73938751220703,583.39,1879,1879,1925.6699999999998,2509.06,46.669999999999845,1.1368683772161603e-13,1.0000000000000002
13813,-73.95586395263672,40.76390075683594,-73.97064971923827,40.74553680419922,302.63,1879,1879,1918.7199999999998,2221.35,39.7199999999998,1.1368683772161603e-13,1.0000000000000004
13814,-73.9850311279297,40.76930236816406,-73.98067474365234,40.78023147583008,257.57,1879,1879,1934.95,2192.52,55.950000000000045,-5.684341886080802e-14,0.9999999999999998
13815,-73.97089385986328,40.7515754699707,-73.9886703491211,40.7196044921875,801.23,1880,1880,1932.86,2734.0899999999997,52.8599999999999,-2.2737367544323206e-13,0.9999999999999997
13816,-73.9799575805664,40.74206161499024,-73.99247741699219,40.72576904296875,494.78,1880,1880,-1.0,-1.0,-1,-1,0.0
13817,-73.96765899658203,40.75590896606445,-73.99116516113281,40.75042343139648,779.36,1880,1880,1932.99,2712.35,52.99000000000001,-1.1368683772161603e-13,0.9999999999999999
13818,-73.96744537353516,40.76905059814453,-73.96240997314453,40.77880096435547,263.01,1880,1880,-1.0,-1.0,-1,-1,0.0
13819,-73.97901916503906,40.78718566894531,-73.99447631835938,40.766212463378906,401.12,1880,1880,1911.5000000000002,2312.62,31.500000000000227,-3.410605131648481e-13,0.9999999999999991
13820,-73.9522933959961,40.7689208984375,-73.96012115478516,40.758201599121094,304.61,1880,1880,-1.0,-1.0,-1,-1,0.0
13821,-74.01262664794923,40.71523666381836,-73.99072265625,40.74035263061523,789.32,1881,1881,1902.46,2766.1600000000003,21.460000000000036,74.38000000000022,1.0942330106927485
13822,-73.97996520996094,40.770694732666016,-73.97573852539062,40.786781311035156,382.54,1881,1881,1908.9199999999998,2327.29,27.919999999999845,35.8300000000001,1.0936634077482097
13823,-73.99079132080078,40.73963928222656,-73.99563598632812,40.72506713867188,443.51,1881,1881,1939.3,2403.68,58.299999999999955,20.86999999999989,1.0470564361570198
13824,-73.9919662475586,40.75009536743164,-73.9491958618164,40.77345657348633,1238.34,1881,1881,-1.0,-1.0,-1,-1,0.0
13825,-73.98443603515625,40.75906753540039,-73.99136352539062,40.75049209594727,288.74,1881,1881,1895.32,2184.06,14.319999999999936,0.0,1.0
13826,-73.9658203125,40.75796127319336,-73.97421264648438,40.763160705566406,400.59,1882,1882,-1.0,-1.0,-1,-1,0.0
13827,-74.00208282470702,40.7508659362793,-73.9837417602539,40.755874633789055,542.93,1882,1882,-1.0,-1.0,-1,-1,0.0
13828,-73.98857879638672,40.76921844482422,-73.96510314941406,40.7951545715332,556.28,1882,1882,1938.16,2494.44,56.16000000000008,0.0,1.0
13829,-74.00465393066406,40.74198913574219,-73.99588775634766,40.760887145996094,471.5,1882,1882,1978.84,2450.34,96.83999999999992,2.2737367544323206e-13,1.0000000000000004
13830,-73.97269439697266,40.76456069946289,-73.98641204833984,40.75032806396485,544.96,1882,1882,1924.33,2469.29,42.32999999999993,0.0,1.0
13831,-73.99120330810547,40.739273071289055,-74.00682067871094,40.744224548339844,397.33,1882,1882,1899.81,2297.14,17.809999999999945,-5.684341886080802e-14,0.9999999999999999
13832,-73.97494506835938,40.74352645874024,-74.00310516357422,40.73250961303711,740.11,1882,1882,2021.29,2761.4,139.28999999999996,1.1368683772161603e-13,1.0000000000000002
13833,-73.99406433105469,40.759124755859375,-73.98262786865234,40.76298141479492,445.39,1882,1882,-1.0,-1.0,-1,-1,0.0
13834,-73.97537994384766,40.75579071044922,-74.00743103027342,40.75249099731445,942.29,1882,1882,2076.92,3019.2100000000005,194.92000000000007,4.547473508864641e-13,1.0000000000000004
13835,-73.96145629882812,40.79610824584961,-73.98272705078125,40.77212142944336,516.78,1882,1882,1890.0,2517.07,8.0,110.29000000000019,1.2134177019234493
13836,-73.97611236572266,40.751220703125,-73.95854949951173,40.77302551269531,565.41,1883,1883,2037.43,2602.84,154.43000000000006,1.1368683772161603e-13,1.0000000000000002
13837,-73.97535705566406,40.75188064575195,-73.98632049560547,40.73042678833008,482.48,1883,1883,1987.6299999999999,2480.41,104.62999999999988,10.299999999999955,1.0213480351517161
13838,-73.99423217773438,40.731948852539055,-73.98615264892578,40.731101989746094,280.71,1883,1883,-1.0,-1.0,-1,-1,0.0
13839,-73.98123931884766,40.76919174194336,-73.98919677734375,40.74177169799805,958.06,1884,1884,-1.0,-1.0,-1,-1,0.0
13840,-74.00588226318358,40.75170135498047,-73.96829986572266,40.79937362670898,859.94,1884,1884,-1.0,-1.0,-1,-1,0.0
13841,-73.9656753540039,40.768718719482415,-73.96109008789062,40.77789306640625,248.51,1884,1884,1903.46,2186.38,19.460000000000036,34.41000000000008,1.138465252907328
13842,-74.00376892089844,40.713279724121094,-73.97795104980467,40.713356018066406,629.04,1884,1884,-1.0,-1.0,-1,-1,0.0
13843,-73.98880004882812,40.75572204589844,-73.98249816894531,40.771629333496094,453.32,1884,1884,-1.0,-1.0,-1,-1,0.0
13844,-73.97578430175781,40.7511100769043,-73.94679260253906,40.7774543762207,722.92,1884,1884,1940.18,2725.22,56.180000000000064,62.11999999999978,1.0859292867813863
13845,-73.98856353759766,40.74890518188477,-73.97661590576173,40.76464080810547,445.89,1884,1884,1942.4700000000003,2388.36,58.470000000000255,-1.1368683772161603e-13,0.9999999999999998
13846,-73.9939727783203,40.73598098754883,-73.97126770019531,40.755130767822266,772.43,1884,1884,1942.46,2714.89,58.460000000000036,-1.1368683772161603e-13,0.9999999999999999
13847,-73.94794464111328,40.78380584716797,-73.9532241821289,40.78590774536133,194.25,1885,1885,2040.63,2234.88,155.6300000000001,0.0,1.0
13848,-73.98037719726562,40.7511100769043,-73.9593505859375,40.78039932250977,658.78,1885,1885,1928.69,2587.47,43.690000000000055,-2.2737367544323206e-13,0.9999999999999997
13849,-73.98809051513672,40.72382354736328,-73.98920440673827,40.7382698059082,500.66,1885,1885,2113.62,2614.28,228.6199999999999,2.8421709430404007e-13,1.0000000000000007
13850,-73.98746490478516,40.71845626831055,-74.00640869140625,40.73301315307617,715.09,1885,1885,-1.0,-1.0,-1,-1,0.0
13851,-73.9794692993164,40.727500915527344,-73.98963165283203,40.72557830810547,309.06,1885,1885,-1.0,-1.0,-1,-1,0.0
13852,-73.97662353515625,40.75979614257813,-73.95916748046875,40.77453231811523,563.34,1886,1886,-1.0,-1.0,-1,-1,0.0
13853,-73.98781585693358,40.74992370605469,-73.98596954345702,40.7568588256836,323.98,1886,1886,-1.0,-1.0,-1,-1,0.0
13854,-73.95630645751955,40.80323028564453,-73.9825439453125,40.77240753173828,669.76,1886,1886,1930.28,2624.96,44.27999999999997,24.920000000000073,1.0372073578595318
13855,-73.98136138916014,40.76874923706055,-73.9659194946289,40.80802917480469,841.0,1886,1886,-1.0,-1.0,-1,-1,0.0
13856,-73.97349548339844,40.75220489501953,-73.98187255859375,40.77138137817383,825.39,1886,1886,-1.0,-1.0,-1,-1,0.0
13857,-73.94831848144531,40.78218460083008,-73.95527648925781,40.779685974121094,180.07,1886,1886,1941.58,2121.65,55.57999999999993,1.7053025658242404e-13,1.0000000000000009
13858,-73.9918212890625,40.74916076660156,-73.99699401855469,40.7340087890625,383.78,1886,1886,1942.48,2326.2599999999998,56.48000000000002,-2.2737367544323206e-13,0.9999999999999994
13859,-73.96796417236328,40.76663589477539,-73.9799575805664,40.74615478515625,589.93,1886,1886,-1.0,-1.0,-1,-1,0.0
13860,-73.98912048339844,40.73637008666992,-73.97265625,40.745281219482415,448.84,1886,1886,1932.71,2381.5499999999997,46.710000000000036,-2.8421709430404007e-13,0.9999999999999993
13861,-73.96476745605469,40.807029724121094,-73.98149108886719,40.74406051635742,1673.62,1887,1887,1965.24,3638.86,78.24000000000001,2.2737367544323206e-13,1.0000000000000002
13862,-73.97187042236328,40.78694152832031,-73.9595947265625,40.77995300292969,278.08,1887,1887,-1.0,-1.0,-1,-1,0.0
13863,-74.01580047607422,40.71601486206055,-73.9723129272461,40.79941177368164,1258.98,1887,1887,-1.0,-1.0,-1,-1,0.0
13864,-73.9698486328125,40.7653923034668,-73.97416687011719,40.731300354003906,855.83,1887,1887,-1.0,-1.0,-1,-1,0.0
13865,-73.97164154052734,40.766029357910156,-73.95918273925781,40.781898498535156,414.68,1888,1888,-1.0,-1.0,-1,-1,0.0
13866,-73.98150634765625,40.75947952270508,-73.98228454589844,40.771461486816406,403.75,1888,1888,-1.0,-1.0,-1,-1,0.0
13867,-73.96998596191406,40.76251602172852,-73.97396087646483,40.75755310058594,252.25,1888,1888,-1.0,-1.0,-1,-1,0.0
13868,-73.97828674316406,40.77314758300781,-73.98332214355469,40.744049072265625,1003.14,1888,1888,-1.0,-1.0,-1,-1,0.0
13869,-73.97789001464844,40.75777816772461,-73.9513931274414,40.78593063354492,784.44,1888,1888,1908.9599999999998,2754.82,20.95999999999981,61.4200000000003,1.0782978940390602
13870,-73.99707794189453,40.75764083862305,-73.98693084716798,40.75558090209961,397.75,1888,1888,2023.41,2421.16,135.41000000000008,-2.2737367544323206e-13,0.9999999999999994
13871,-73.99887084960938,40.73486328125,-73.98490142822266,40.7288932800293,439.26,1888,1888,-1.0,-1.0,-1,-1,0.0
13872,-73.96837615966798,40.7549934387207,-73.9466094970703,40.77263641357422,526.69,1888,1888,-1.0,-1.0,-1,-1,0.0
13873,-73.99008178710938,40.73796844482422,-73.97676849365234,40.72238159179688,629.65,1888,1888,-1.0,-1.0,-1,-1,0.0
13874,-73.99137878417969,40.74488067626953,-73.98117065429686,40.75994873046875,409.13,1888,1888,-1.0,-1.0,-1,-1,0.0
13875,-73.97228240966798,40.75690078735352,-73.98249053955078,40.75698852539063,450.21,1889,1889,1928.64,2378.85,39.6400000000001,-1.7053025658242404e-13,0.9999999999999997
13876,-73.9891586303711,40.74538040161133,-73.9821014404297,40.77400207519531,931.12,1889,1889,-1.0,-1.0,-1,-1,0.0
13877,-74.0150146484375,40.709232330322266,-73.99383544921875,40.728118896484375,809.44,1889,1889,-1.0,-1.0,-1,-1,0.0
13878,-73.95927429199219,40.777168273925774,-74.00618743896483,40.74858093261719,1180.82,1889,1889,1973.25,3154.07,84.25,2.2737367544323206e-13,1.0000000000000002
13879,-73.96215057373048,40.77045440673828,-73.98152923583984,40.778526306152344,546.74,1889,1889,1929.5399999999997,2476.2799999999997,40.539999999999736,0.0,1.0
13880,-74.01261138916014,40.71712493896485,-74.01114654541014,40.72969055175781,396.26,1889,1889,2000.21,2396.47,111.21000000000004,-2.2737367544323206e-13,0.9999999999999994
13881,-73.98481750488281,40.753730773925774,-73.98287963867188,40.77175903320313,569.66,1890,1890,1912.8700000000001,2567.9,22.87000000000012,85.37,1.1498613207878383
13882,-73.97154998779298,40.7922477722168,-73.97998809814453,40.78102493286133,344.08,1890,1890,-1.0,-1.0,-1,-1,0.0
13883,-73.95622253417969,40.771644592285156,-73.96182250976562,40.76100158691406,433.46,1890,1890,-1.0,-1.0,-1,-1,0.0
13884,-73.97124481201173,40.76078414916992,-73.98275756835938,40.76453018188477,435.62,1890,1890,-1.0,-1.0,-1,-1,0.0
13885,-73.97560119628906,40.759090423583984,-73.97196960449219,40.74554061889648,633.15,1890,1890,-1.0,-1.0,-1,-1,0.0
13886,-73.96768188476562,40.76582336425781,-73.95989227294923,40.77116394042969,243.32,1890,1890,-1.0,-1.0,-1,-1,0.0
13887,-73.97026824951173,40.76821517944336,-73.99126434326173,40.748741149902344,816.09,1890,1890,1890.0,2706.09,0.0,1.1368683772161603e-13,1.0000000000000002
13888,-73.98603820800781,40.76282119750977,-73.95780181884766,40.80842971801758,923.72,1891,1891,1934.0,2875.1,43.0,17.37999999999988,1.018815225392976
13889,-74.00485229492188,40.740760803222656,-73.99160766601562,40.73524856567383,384.54,1891,1891,1920.0,2304.54,29.0,-5.684341886080802e-14,0.9999999999999999
13890,-73.96936798095702,40.76045227050781,-73.9635467529297,40.7736930847168,444.83,1891,1891,-1.0,-1.0,-1,-1,0.0
13891,-74.0046615600586,40.71914291381836,-73.9935073852539,40.74199676513672,468.04,1891,1891,-1.0,-1.0,-1,-1,0.0
13892,-73.98627471923827,40.75207901000977,-73.9914321899414,40.74396896362305,354.72,1891,1891,-1.0,-1.0,-1,-1,0.0
13893,-73.99179077148438,40.73929214477539,-73.99068450927734,40.75061798095703,411.75,1891,1891,-1.0,-1.0,-1,-1,0.0
13894,-73.9846954345703,40.75753402709961,-73.9781494140625,40.7486572265625,462.22,1891,1891,-1.0,-1.0,-1,-1,0.0
13895,-73.98728942871094,40.755859375,-74.00264739990234,40.76070785522461,422.92,1891,1891,-1.0,-1.0,-1,-1,0.0
13896,-74.00105285644531,40.736419677734375,-74.00176239013672,40.72853469848633,266.41,1892,1892,-1.0,-1.0,-1,-1,0.0
13897,-73.97997283935547,40.78404998779297,-74.00820922851562,40.72591018676758,1142.12,1892,1892,2020.79,3162.9100000000008,128.78999999999996,9.094947017729282e-13,1.0000000000000009
13898,-73.94937133789062,40.80181884765625,-73.93270874023438,40.79964447021485,436.47,1892,1892,2042.1299999999999,2478.6,150.12999999999988,0.0,1.0
13899,-73.99629974365234,40.749229431152344,-73.98632049560547,40.779029846191406,729.04,1892,1892,-1.0,-1.0,-1,-1,0.0
13900,-73.97380828857422,40.76311492919922,-73.99241638183594,40.73962783813477,577.01,1892,1892,1920.27,2497.28,28.269999999999982,2.2737367544323206e-13,1.0000000000000004
13901,-73.98187255859375,40.75638961791992,-73.98284912109375,40.771751403808594,493.41,1892,1892,-1.0,-1.0,-1,-1,0.0
13902,-73.97186279296875,40.749847412109375,-73.98589324951173,40.74005126953125,393.17,1892,1892,2077.5,2470.67,185.5,5.684341886080802e-14,1.0000000000000002
13903,-73.98836517333984,40.7461051940918,-73.99789428710938,40.7564582824707,502.28,1892,1892,-1.0,-1.0,-1,-1,0.0
13904,-74.0052490234375,40.7419548034668,-73.9931411743164,40.755558013916016,434.54,1892,1892,-1.0,-1.0,-1,-1,0.0
13905,-73.97140502929686,40.7586784362793,-73.98245239257811,40.76192855834961,474.31,1893,1893,1938.08,2412.39,45.07999999999993,-5.684341886080802e-14,0.9999999999999999
13906,-73.9917984008789,40.74982070922852,-73.99916076660156,40.73936080932617,197.82,1893,1893,1940.8,2138.62,47.799999999999955,-5.684341886080802e-14,0.9999999999999997
13907,-73.9537124633789,40.76689147949219,-73.9757080078125,40.751930236816406,643.45,1893,1893,1952.33,2637.6499999999996,59.32999999999993,41.86999999999966,1.0650711010956557
13908,-73.96952819824219,40.78527069091797,-73.95676422119139,40.770652770996094,532.5,1893,1893,1930.57,2468.16,37.569999999999936,5.089999999999918,1.0095586854460092
13909,-73.97333526611328,40.74842834472656,-73.99925994873048,40.73757934570313,673.03,1893,1893,-1.0,-1.0,-1,-1,0.0
13910,-74.00191497802734,40.70923614501953,-73.98326873779298,40.73054885864258,462.57,1893,1893,-1.0,-1.0,-1,-1,0.0
13911,-73.97198486328125,40.79220962524415,-73.97955322265625,40.78170394897461,333.51,1893,1893,2225.23,2558.74,332.23,-2.2737367544323206e-13,0.9999999999999993
13912,-73.9542465209961,40.78736877441406,-73.97408294677734,40.79185104370117,466.41,1893,1893,1954.12,2420.5299999999997,61.11999999999989,-1.7053025658242404e-13,0.9999999999999997
13913,-74.00662231445312,40.731910705566406,-73.99845886230467,40.737979888916016,205.25,1893,1893,-1.0,-1.0,-1,-1,0.0
13914,-73.99657440185547,40.752944946289055,-73.9875717163086,40.74315643310547,464.08,1893,1893,-1.0,-1.0,-1,-1,0.0
13915,-73.9682388305664,40.764991760253906,-73.98539733886719,40.73876190185547,677.55,1893,1893,-1.0,-1.0,-1,-1,0.0
13916,-73.98313140869139,40.77344131469727,-73.95873260498048,40.780967712402344,593.42,1893,1893,1920.0,2513.42,27.0,1.1368683772161603e-13,1.0000000000000002
13917,-73.98593139648438,40.722904205322266,-73.97522735595702,40.743667602539055,478.38,1894,1894,-1.0,-1.0,-1,-1,0.0
13918,-74.00679016113281,40.73091125488281,-73.98756408691406,40.7636947631836,833.12,1894,1894,2027.75,2860.8700000000003,133.75,3.410605131648481e-13,1.0000000000000004
13919,-73.95626831054686,40.77592086791992,-73.9553985595703,40.78527069091797,264.41,1894,1894,1930.71,2195.12,36.710000000000036,-1.7053025658242404e-13,0.9999999999999993
13920,-73.94582366943358,40.77381134033203,-73.93756866455078,40.804500579833984,592.86,1894,1894,1938.29,2557.81,44.289999999999964,26.659999999999968,1.044968457983335
13921,-73.95413208007811,40.787071228027344,-73.9681396484375,40.752838134765625,1026.67,1894,1894,1943.54,2970.2099999999996,49.539999999999964,-4.547473508864641e-13,0.9999999999999996
13922,-74.00851440429686,40.71364974975585,-74.00348663330078,40.72676467895508,257.87,1894,1894,1941.54,2199.41,47.539999999999964,-1.1368683772161603e-13,0.9999999999999996
13923,-74.00586700439453,40.70618438720703,-73.98038482666014,40.763450622558594,1518.91,1894,1894,-1.0,-1.0,-1,-1,0.0
13924,-73.98194122314453,40.764610290527344,-73.98342895507811,40.77351760864258,309.73,1894,1894,-1.0,-1.0,-1,-1,0.0
13925,-73.99649810791014,40.72596740722656,-73.9948959350586,40.750244140625,676.56,1894,1894,1936.66,2613.2200000000003,42.66000000000008,2.2737367544323206e-13,1.0000000000000004
13926,-73.9768295288086,40.76470184326172,-73.97298431396483,40.782569885253906,447.0,1894,1894,-1.0,-1.0,-1,-1,0.0
13927,-73.95977783203125,40.776679992675774,-73.96554565429686,40.76683807373047,309.53,1894,1894,-1.0,-1.0,-1,-1,0.0
13928,-73.95014953613281,40.77981948852539,-73.95381164550781,40.78774642944336,299.53,1895,1895,1943.49,2243.02,48.49000000000001,0.0,1.0
13929,-74.00985717773438,40.72156143188477,-74.00750732421875,40.7329216003418,308.0,1895,1895,1930.42,2297.2200000000003,35.42000000000007,58.80000000000018,1.1909090909090916
13930,-73.99217987060547,40.7490348815918,-73.99089813232422,40.755725860595696,319.09,1895,1895,-1.0,-1.0,-1,-1,0.0
13931,-73.99868774414062,40.71967315673828,-73.9783706665039,40.75151062011719,883.18,1895,1895,-1.0,-1.0,-1,-1,0.0
13932,-73.95201873779298,40.769447326660156,-73.96611022949219,40.765113830566406,442.18,1895,1895,-1.0,-1.0,-1,-1,0.0
13933,-74.00562286376955,40.74580764770508,-73.98839569091797,40.7343635559082,630.22,1895,1895,1987.79,2618.01,92.78999999999996,2.2737367544323206e-13,1.0000000000000004
13934,-73.9725112915039,40.755725860595696,-74.00680541992188,40.73561096191406,981.5,1895,1895,-1.0,-1.0,-1,-1,0.0
13935,-73.99376678466798,40.749866485595696,-73.9740982055664,40.74981689453125,691.58,1895,1895,-1.0,-1.0,-1,-1,0.0
13936,-73.98223876953125,40.76567077636719,-73.99614715576173,40.75331115722656,554.99,1896,1896,-1.0,-1.0,-1,-1,0.0
13937,-74.01596069335938,40.71458435058594,-73.9939727783203,40.75731658935547,808.01,1896,1896,-1.0,-1.0,-1,-1,0.0
13938,-73.99172973632812,40.75466918945313,-73.98362731933594,40.74229049682617,542.37,1896,1896,-1.0,-1.0,-1,-1,0.0
13939,-74.01090240478516,40.70863723754883,-74.0129623413086,40.71476364135742,338.44,1896,1896,-1.0,-1.0,-1,-1,0.0
13940,-73.9452896118164,40.7752685546875,-74.01586151123048,40.71528244018555,1333.54,1896,1896,2033.0,3366.54,137.0,0.0,1.0
13941,-73.9818115234375,40.772285461425774,-73.97628021240234,40.762428283691406,480.9,1896,1896,1938.82,2419.72,42.819999999999936,-1.1368683772161603e-13,0.9999999999999998
13942,-73.97738647460938,40.76453018188477,-73.98149871826173,40.77942657470703,468.03,1896,1896,1960.33,2428.36,64.32999999999993,2.2737367544323206e-13,1.0000000000000004
13943,-73.97577667236328,40.78792190551758,-73.96363830566406,40.77151870727539,558.03,1896,1896,1976.25,2534.28,80.25,2.2737367544323206e-13,1.0000000000000004
13944,-73.95089721679686,40.7747802734375,-73.96748352050781,40.772010803222656,488.42,1896,1896,1933.68,2445.15,37.680000000000064,23.05000000000001,1.0471929896400638
13945,-73.99669647216798,40.737281799316406,-74.00540924072266,40.740047454833984,231.04,1896,1896,-1.0,-1.0,-1,-1,0.0
13946,-74.0061264038086,40.75117111206055,-73.97142028808595,40.74684143066406,902.53,1896,1896,-1.0,-1.0,-1,-1,0.0
13947,-73.98126983642578,40.74429321289063,-74.00189208984375,40.72081756591797,716.72,1896,1896,-1.0,-1.0,-1,-1,0.0
13948,-73.9594497680664,40.77419662475585,-73.96421813964844,40.756126403808594,609.82,1896,1896,1929.81,2539.63,33.809999999999945,1.1368683772161603e-13,1.0000000000000002
13949,-73.98235321044923,40.76979064941406,-73.98291015625,40.76358413696289,208.49,1896,1896,1944.93,2153.42,48.930000000000064,0.0,1.0
13950,-73.98817443847656,40.72238159179688,-73.99141693115234,40.74903106689453,952.59,1897,1897,1920.56,2914.98,23.559999999999945,41.83000000000004,1.0439118613464344
13951,-73.95774841308594,40.774330139160156,-74.00870513916014,40.74652099609375,1334.11,1897,1897,1920.0,3254.1099999999997,23.0,-2.2737367544323206e-13,0.9999999999999998
13952,-73.9491958618164,40.77682113647461,-73.96669006347656,40.76724624633789,513.47,1897,1897,2055.96,2569.43,158.96000000000004,-2.2737367544323206e-13,0.9999999999999996
13953,-73.94547271728516,40.77824020385742,-73.97055053710938,40.78388977050781,562.65,1897,1897,1966.04,2528.69,69.03999999999996,1.1368683772161603e-13,1.0000000000000002
13954,-73.999267578125,40.76095199584961,-73.99219512939453,40.74882507324219,520.73,1898,1898,-1.0,-1.0,-1,-1,0.0
13955,-74.00279998779298,40.760501861572266,-74.00530242919923,40.72016906738281,845.91,1898,1898,2014.59,2860.5,116.58999999999992,1.1368683772161603e-13,1.0000000000000002
13956,-73.99626922607422,40.7442512512207,-73.9944076538086,40.75920104980469,503.62,1898,1898,1946.09,2496.22,48.08999999999992,46.50999999999988,1.0923513760374883
13957,-73.9743881225586,40.75704574584961,-73.96868133544923,40.76460647583008,260.95,1898,1898,-1.0,-1.0,-1,-1,0.0
13958,-73.96160888671875,40.7701301574707,-73.95265197753906,40.776458740234375,243.52,1898,1898,2020.67,2264.19,122.67000000000007,-2.842170943040401e-14,0.9999999999999999
13959,-73.9735336303711,40.7635612487793,-73.9881820678711,40.73189926147461,933.91,1899,1899,-1.0,-1.0,-1,-1,0.0
13960,-73.97936248779298,40.74969482421875,-73.98541259765625,40.76805114746094,750.07,1899,1899,1956.17,2748.51,57.17000000000007,42.270000000000095,1.056354740224246
13961,-73.9762191772461,40.74488830566406,-73.95376586914062,40.770896911621094,538.83,1899,1899,-1.0,-1.0,-1,-1,0.0
13962,-73.9876708984375,40.7696418762207,-73.97696685791014,40.75426483154297,788.24,1899,1899,2064.92,2853.16,165.92000000000007,-2.2737367544323206e-13,0.9999999999999997
13963,-73.95716857910156,40.78307723999024,-73.96195220947266,40.77363586425781,279.13,1899,1899,1954.43,2233.56,55.430000000000064,-1.1368683772161603e-13,0.9999999999999996
13964,-73.96575164794923,40.76293182373047,-73.95318603515625,40.77267837524415,322.42,1900,1900,-1.0,-1.0,-1,-1,0.0
13965,-73.98477935791014,40.74240112304688,-73.98722076416014,40.72071075439453,670.89,1900,1900,-1.0,-1.0,-1,-1,0.0
13966,-73.99059295654298,40.7194938659668,-74.00426483154298,40.721885681152344,558.45,1900,1900,-1.0,-1.0,-1,-1,0.0
13967,-73.99061584472656,40.7509880065918,-73.96530151367188,40.76347732543945,907.33,1900,1900,-1.0,-1.0,-1,-1,0.0
13968,-73.97373962402342,40.77936172485352,-73.96437835693358,40.76456832885742,640.46,1900,1900,-1.0,-1.0,-1,-1,0.0
13969,-74.00563049316406,40.72645950317383,-74.01219940185547,40.70740127563477,552.67,1901,1901,-1.0,-1.0,-1,-1,0.0
13970,-73.98133850097656,40.78112030029297,-74.00176239013672,40.76165008544922,557.98,1901,1901,1970.67,2528.65,69.67000000000007,0.0,1.0
13971,-73.97880554199219,40.77755737304688,-73.97471618652342,40.784175872802734,245.74,1901,1901,-1.0,-1.0,-1,-1,0.0
13972,-73.98570251464844,40.75994491577149,-73.99129486083984,40.7277946472168,1029.42,1901,1901,1938.3100000000002,3036.45,37.31000000000017,68.71999999999957,1.066756037380272
13973,-73.9991683959961,40.73426055908203,-73.9921875,40.73138046264648,236.54,1901,1901,-1.0,-1.0,-1,-1,0.0
13974,-73.98895263671875,40.7318229675293,-73.97808074951173,40.743995666503906,301.24,1901,1901,1979.37,2280.61,78.36999999999989,2.2737367544323206e-13,1.0000000000000007
13975,-74.00799560546875,40.72391891479492,-73.99649047851562,40.74710083007813,443.07,1901,1901,-1.0,-1.0,-1,-1,0.0
13976,-73.98249053955078,40.75996780395508,-73.95987701416014,40.77940368652344,790.86,1901,1901,-1.0,-1.0,-1,-1,0.0
13977,-73.99314880371094,40.73889541625977,-74.0108642578125,40.71889877319336,677.49,1901,1901,1920.0,2597.49,19.0,-2.2737367544323206e-13,0.9999999999999997
13978,-74.00328826904298,40.74976348876953,-73.9935989379883,40.734241485595696,598.37,1901,1901,-1.0,-1.0,-1,-1,0.0
13979,-73.98384857177734,40.76604080200195,-73.97798919677734,40.753849029541016,588.7,1902,1902,-1.0,-1.0,-1,-1,0.0
13980,-73.99169158935547,40.75017166137695,-73.98820495605469,40.72401809692383,841.25,1902,1902,-1.0,-1.0,-1,-1,0.0
13981,-73.9825439453125,40.768272399902344,-73.9656982421875,40.79307174682617,615.63,1902,1902,2006.5,2622.1299999999997,104.5,-3.410605131648481e-13,0.9999999999999994
13982,-73.97501373291014,40.76141357421875,-73.98905181884766,40.74462127685547,481.39,1902,1902,-1.0,-1.0,-1,-1,0.0
13983,-74.00056457519531,40.72303771972656,-73.98592376708984,40.7266960144043,559.99,1902,1902,2012.33,2572.3199999999997,110.32999999999993,-2.2737367544323206e-13,0.9999999999999996
13984,-73.98994445800781,40.74705123901367,-74.00702667236328,40.74078369140625,542.49,1902,1902,-1.0,-1.0,-1,-1,0.0
13985,-73.97782897949219,40.75751876831055,-73.95918273925781,40.77561950683594,638.64,1903,1903,-1.0,-1.0,-1,-1,0.0
13986,-73.97682189941406,40.75015258789063,-73.98989868164062,40.73191833496094,512.73,1903,1903,-1.0,-1.0,-1,-1,0.0
13987,-73.98541259765625,40.73872756958008,-73.99172973632812,40.74075317382813,276.49,1903,1903,1954.92,2231.41,51.92000000000007,-2.2737367544323206e-13,0.9999999999999992
13988,-73.98002624511719,40.76542282104492,-73.95609283447266,40.80608749389648,965.83,1903,1903,1944.88,2943.0899999999997,41.88000000000011,32.37999999999954,1.0335255686818587
13989,-73.99381256103516,40.7567138671875,-73.9949722290039,40.750038146972656,243.83,1904,1904,-1.0,-1.0,-1,-1,0.0
13990,-73.97537994384766,40.75225067138672,-73.9776840209961,40.74386978149415,273.25,1904,1904,-1.0,-1.0,-1,-1,0.0
13991,-73.9984130859375,40.74029159545898,-73.99461364746094,40.72673034667969,496.96,1904,1904,1945.32,2448.41,41.319999999999936,6.129999999999939,1.012334996780425
13992,-73.96853637695312,40.75065994262695,-73.9710922241211,40.78514862060547,872.72,1904,1904,1950.59,2866.17,46.58999999999992,42.86000000000013,1.0491108259235495
13993,-73.96759033203125,40.77201843261719,-73.97509765625,40.75904846191406,448.05,1904,1904,1941.34,2389.39,37.33999999999992,-5.684341886080802e-14,0.9999999999999999
13994,-73.99600982666014,40.76411056518555,-74.00411987304686,40.75178146362305,212.92,1905,1905,1930.47,2143.39,25.470000000000027,-1.4210854715202004e-13,0.9999999999999993
13995,-74.00614166259766,40.71735000610352,-74.00350952148438,40.73225021362305,402.94,1905,1905,-1.0,-1.0,-1,-1,0.0
13996,-73.98582458496094,40.74135208129883,-74.00137329101562,40.738365173339844,493.21,1905,1905,1956.74,2457.79,51.74000000000001,7.839999999999975,1.0158958658583563
13997,-73.97379302978516,40.75781631469727,-73.96333312988281,40.7709846496582,379.28,1905,1905,1985.3,2364.58,80.29999999999995,0.0,1.0
13998,-73.99530792236328,40.743896484375,-73.98790740966798,40.7500114440918,240.54,1905,1905,2015.71,2256.25,110.71000000000004,-2.842170943040401e-14,0.9999999999999999
13999,-73.9666519165039,40.770469665527344,-73.98963928222656,40.7507209777832,907.22,1905,1905,2038.33,2945.55,133.32999999999993,2.2737367544323206e-13,1.0000000000000002
14000,-74.01052856445312,40.71837615966797,-73.98682403564453,40.75729751586913,1066.22,1905,1905,-1.0,-1.0,-1,-1,0.0
14001,-73.98087310791014,40.78418731689453,-73.97344970703125,40.757415771484375,990.32,1905,1905,2766.78,3757.1000000000004,861.7800000000002,1.1368683772161603e-13,1.0000000000000002
14002,-74.01058197021484,40.70988845825195,-73.9852523803711,40.74708938598633,990.52,1905,1905,-1.0,-1.0,-1,-1,0.0
14003,-73.95355224609375,40.767181396484375,-73.96154022216798,40.77021789550781,236.34,1906,1906,1930.8,2167.14,24.799999999999955,-8.526512829121202e-14,0.9999999999999997
14004,-73.9900894165039,40.73698806762695,-74.00579071044923,40.74360275268555,473.34,1906,1906,-1.0,-1.0,-1,-1,0.0
14005,-73.97779083251955,40.74607849121094,-73.9592056274414,40.77354431152344,702.57,1906,1906,1955.71,2658.2799999999997,49.710000000000036,-3.410605131648481e-13,0.9999999999999996
14006,-73.96880340576173,40.76142883300781,-73.95754241943358,40.76559829711913,327.75,1906,1906,-1.0,-1.0,-1,-1,0.0
14007,-73.97684478759766,40.75165939331055,-73.97822570800781,40.764514923095696,555.17,1906,1906,-1.0,-1.0,-1,-1,0.0
14008,-73.97470092773438,40.79326248168945,-73.98284912109375,40.78191375732422,213.46,1906,1906,1971.45,2184.91,65.45000000000005,-1.9895196601282805e-13,0.9999999999999991
14009,-73.96965789794923,40.76063537597656,-73.97116088867188,40.79541778564453,983.64,1906,1906,-1.0,-1.0,-1,-1,0.0
14010,-73.9923324584961,40.71508026123047,-73.98640441894531,40.74515151977539,906.24,1906,1906,-1.0,-1.0,-1,-1,0.0
14011,-73.9684066772461,40.764812469482415,-73.95343780517578,40.78548049926758,497.42,1907,1907,-1.0,-1.0,-1,-1,0.0
14012,-73.9627456665039,40.775550842285156,-73.96900939941406,40.7641716003418,371.16,1907,1907,-1.0,-1.0,-1,-1,0.0
14013,-73.97476196289062,40.79069519042969,-73.97966003417969,40.76575088500977,620.55,1907,1907,1975.38,2642.38,68.38000000000011,46.450000000000045,1.074852953025542
14014,-73.9693374633789,40.75355911254883,-74.00861358642578,40.72601318359375,1191.09,1907,1907,1964.16,3167.8599999999997,57.16000000000008,12.609999999999673,1.0105869413730277
14015,-73.99850463867188,40.740234375,-73.99105834960938,40.755775451660156,469.02,1907,1907,1987.79,2456.81,80.78999999999996,0.0,1.0
14016,-73.99113464355469,40.74988174438477,-73.97864532470702,40.744850158691406,580.36,1907,1907,-1.0,-1.0,-1,-1,0.0
14017,-74.01714324951173,40.7053337097168,-74.00100708007811,40.725669860839844,720.09,1907,1907,-1.0,-1.0,-1,-1,0.0
14018,-73.94591522216798,40.77798080444336,-73.95561981201173,40.78232955932617,299.74,1908,1908,2295.55,2595.29,387.5500000000002,-2.2737367544323206e-13,0.9999999999999992
14019,-73.99449157714845,40.74113082885742,-73.95611572265625,40.7696533203125,975.67,1908,1908,1962.3999999999999,2938.0699999999997,54.399999999999864,-1.1368683772161603e-13,0.9999999999999999
14020,-73.96973419189453,40.76326370239258,-73.99217224121094,40.74925231933594,831.87,1908,1908,-1.0,-1.0,-1,-1,0.0
14021,-73.98249053955078,40.74264144897461,-73.98336029052734,40.72219848632813,604.1,1908,1908,1965.24,2569.34,57.24000000000001,1.1368683772161603e-13,1.0000000000000002
14022,-73.97311401367188,40.76134872436523,-73.97665405273438,40.78763198852539,717.14,1908,1908,-1.0,-1.0,-1,-1,0.0
14023,-73.98931121826173,40.743309020996094,-73.98239135742188,40.74717330932617,329.57,1909,1909,-1.0,-1.0,-1,-1,0.0
14024,-73.96637725830078,40.76713943481445,-73.9571762084961,40.78033065795898,295.36,1909,1909,-1.0,-1.0,-1,-1,0.0
14025,-73.9822769165039,40.75556945800781,-74.0027084350586,40.74470901489258,578.93,1909,1909,-1.0,-1.0,-1,-1,0.0
14026,-73.97756958007811,40.75543975830078,-73.96151733398438,40.76539993286133,586.72,1909,1909,1950.38,2537.1,41.38000000000011,-2.2737367544323206e-13,0.9999999999999997
14027,-73.98078155517578,40.76040267944336,-73.98130798339844,40.77364730834961,442.37,1909,1909,-1.0,-1.0,-1,-1,0.0
14028,-73.98172760009766,40.74644088745117,-73.98361206054686,40.752891540527344,332.29,1910,1910,-1.0,-1.0,-1,-1,0.0
14029,-73.99394989013672,40.751319885253906,-73.99024963378906,40.71831130981445,1347.64,1910,1910,1930.58,3329.92,20.579999999999927,51.700000000000045,1.0383633611350211
14030,-73.96143341064453,40.75835037231445,-73.97230529785155,40.76066207885742,405.88,1910,1910,-1.0,-1.0,-1,-1,0.0
14031,-73.99659729003906,40.737586975097656,-73.99019622802734,40.74660110473633,232.71,1910,1910,-1.0,-1.0,-1,-1,0.0
14032,-73.99951934814453,40.74387741088867,-73.9690933227539,40.760066986083984,937.73,1910,1910,1954.08,2931.06,44.07999999999993,39.25,1.0418563978970492
14033,-73.98297882080078,40.738975524902344,-73.9789047241211,40.755287170410156,606.07,1910,1910,1921.14,2587.69,11.1400000000001,60.479999999999905,1.0997904532479745
14034,-73.98470306396483,40.757179260253906,-73.9874267578125,40.721824645996094,1203.95,1911,1911,-1.0,-1.0,-1,-1,0.0
14035,-73.97254180908203,40.749061584472656,-73.97499084472656,40.72004699707031,429.25,1911,1911,-1.0,-1.0,-1,-1,0.0
14036,-73.98516082763672,40.747425079345696,-73.98870849609375,40.7319564819336,491.08,1911,1911,-1.0,-1.0,-1,-1,0.0
14037,-73.98954772949219,40.75681686401367,-73.97330474853516,40.75725173950195,615.28,1911,1911,-1.0,-1.0,-1,-1,0.0
14038,-73.9745864868164,40.783363342285156,-73.99073791503906,40.7443962097168,1112.43,1911,1911,1947.14,3059.57,36.1400000000001,0.0,1.0
14039,-73.97125244140625,40.7879295349121,-74.00672149658203,40.7492561340332,887.11,1911,1911,1922.4,2823.7400000000002,11.400000000000091,14.230000000000132,1.016040851754574
14040,-73.98873138427734,40.74895095825195,-73.98483276367188,40.736576080322266,467.58,1912,1912,1920.0,2387.58,8.0,-5.684341886080802e-14,0.9999999999999999
14041,-73.96841430664062,40.76443099975585,-73.98678588867188,40.7566795349121,754.42,1912,1912,-1.0,-1.0,-1,-1,0.0
14042,-73.97246551513672,40.75371170043945,-73.95871734619139,40.76899719238281,427.58,1912,1912,1929.16,2356.7400000000002,17.160000000000082,1.7053025658242404e-13,1.0000000000000004
14043,-73.99473571777342,40.75017166137695,-73.98960876464844,40.7713623046875,588.29,1912,1912,1963.14,2551.43,51.1400000000001,-2.2737367544323206e-13,0.9999999999999997
14044,-73.97764587402342,40.755126953125,-73.97603607177734,40.77616882324219,636.22,1912,1912,1925.01,2659.76,13.009999999999991,98.5300000000002,1.1548678130206536
14045,-74.00383758544923,40.722267150878906,-73.97870635986328,40.750648498535156,964.1,1913,1913,-1.0,-1.0,-1,-1,0.0
14046,-74.00679016113281,40.7398796081543,-73.96782684326173,40.75288772583008,1090.69,1913,1913,2044.62,3135.31,131.6199999999999,0.0,1.0
14047,-73.9745101928711,40.7591209411621,-73.98565673828125,40.73523330688477,711.97,1913,1913,-1.0,-1.0,-1,-1,0.0
14048,-74.00154876708984,40.741153717041016,-74.00365447998048,40.7475814819336,210.82,1913,1913,1924.26,2135.08,11.259999999999991,-5.684341886080802e-14,0.9999999999999998
14049,-73.97867584228516,40.76188659667969,-73.98262786865234,40.75132751464844,450.68,1913,1913,-1.0,-1.0,-1,-1,0.0
14050,-73.9766845703125,40.74991989135742,-73.96262359619139,40.7554931640625,419.48,1913,1913,-1.0,-1.0,-1,-1,0.0
14051,-73.97103881835938,40.7959098815918,-73.97167205810547,40.78219985961913,360.13,1913,1913,1920.0,2280.13,7.0,1.1368683772161603e-13,1.0000000000000002
14052,-74.00762939453125,40.72483825683594,-73.99852752685547,40.73504257202149,283.2,1914,1914,-1.0,-1.0,-1,-1,0.0
14053,-73.96661376953125,40.77057647705078,-73.97260284423827,40.78605651855469,409.08,1914,1914,1960.49,2384.66,46.49000000000001,15.089999999999861,1.036887650337342
14054,-73.98206329345702,40.77473068237305,-73.97586822509766,40.78916931152344,301.05,1914,1914,-1.0,-1.0,-1,-1,0.0
14055,-73.96576690673827,40.77127075195313,-73.95225524902342,40.784080505371094,358.31,1914,1914,-1.0,-1.0,-1,-1,0.0
14056,-73.98129272460938,40.77024841308594,-73.95830535888672,40.80082321166992,767.41,1914,1914,1966.63,2734.04,52.63000000000011,-1.1368683772161603e-13,0.9999999999999999
14057,-73.96131896972656,40.77161026000977,-73.97697448730467,40.750144958496094,615.67,1914,1914,1922.16,2537.83,8.160000000000082,-1.1368683772161603e-13,0.9999999999999998
14058,-73.9893798828125,40.7628288269043,-74.00703430175781,40.74488067626953,584.67,1914,1914,1962.8599999999994,2547.5299999999993,48.859999999999445,-1.1368683772161603e-13,0.9999999999999998
14059,-73.97357940673827,40.76047134399415,-73.99468231201173,40.765960693359375,677.46,1914,1914,1920.81,2598.27,6.809999999999945,0.0,1.0
14060,-73.99064636230467,40.74567794799805,-73.9709243774414,40.764198303222656,668.55,1914,1914,1936.7599999999998,2605.31,22.759999999999764,2.2737367544323206e-13,1.0000000000000004
14061,-73.9969711303711,40.737098693847656,-73.9832534790039,40.72658920288085,514.25,1914,1914,1937.46,2451.71,23.460000000000036,0.0,1.0
14062,-73.98347473144531,40.756702423095696,-73.97925567626955,40.7652587890625,298.46,1914,1914,-1.0,-1.0,-1,-1,0.0
14063,-73.95528411865234,40.76482772827149,-73.9461898803711,40.777610778808594,304.16,1914,1914,1962.45,2314.9,48.450000000000045,48.29000000000002,1.1587651236191479
14064,-73.99971008300781,40.72693252563477,-73.98841094970702,40.74897766113281,528.13,1914,1914,2025.05,2553.18,111.04999999999995,-1.1368683772161603e-13,0.9999999999999998
14065,-73.98170471191406,40.75875854492188,-73.97752380371094,40.77410125732422,465.91,1915,1915,-1.0,-1.0,-1,-1,0.0
14066,-73.9747543334961,40.729679107666016,-73.98339080810547,40.73731231689453,346.37,1915,1915,-1.0,-1.0,-1,-1,0.0
14067,-73.96637725830078,40.773345947265625,-73.9576644897461,40.78266906738281,290.68,1915,1915,-1.0,-1.0,-1,-1,0.0
14068,-73.96520233154298,40.75935745239258,-73.95314025878906,40.774314880371094,405.0,1915,1915,1950.95,2355.95,35.950000000000045,-2.2737367544323206e-13,0.9999999999999994
14069,-73.9816665649414,40.76604461669922,-73.9963150024414,40.76375198364258,360.09,1915,1915,-1.0,-1.0,-1,-1,0.0
14070,-73.9651870727539,40.75954818725585,-73.97705841064453,40.74951553344727,398.5,1915,1915,-1.0,-1.0,-1,-1,0.0
14071,-73.9822998046875,40.76843643188477,-73.97704315185547,40.75693893432617,568.44,1915,1915,-1.0,-1.0,-1,-1,0.0
14072,-73.98948669433594,40.75727844238281,-73.9912567138672,40.73310852050781,813.77,1916,1916,-1.0,-1.0,-1,-1,0.0
14073,-73.99407958984375,40.75119400024415,-73.98236846923827,40.777168273925774,615.9,1916,1916,-1.0,-1.0,-1,-1,0.0
14074,-73.9520034790039,40.77755355834961,-73.95285034179686,40.771568298339844,185.97,1916,1916,1969.25,2155.22,53.25,-1.9895196601282805e-13,0.9999999999999989
14075,-74.0107192993164,40.70918655395508,-74.00587463378906,40.74107360839844,752.73,1916,1916,-1.0,-1.0,-1,-1,0.0
14076,-73.9447021484375,40.779212951660156,-73.96096038818358,40.758975982666016,623.93,1916,1916,1966.33,2590.26,50.32999999999993,3.410605131648481e-13,1.0000000000000004
14077,-73.9665756225586,40.76436996459961,-73.97350311279298,40.755027770996094,260.26,1916,1916,1960.58,2220.84,44.57999999999993,2.2737367544323206e-13,1.0000000000000009
14078,-73.97606658935547,40.748443603515625,-73.98406982421875,40.76412582397461,770.59,1917,1917,1920.0,2730.84,3.0,40.250000000000114,1.0522327048105997
14079,-73.95084381103516,40.76958847045898,-73.98561096191406,40.7353630065918,826.79,1917,1917,-1.0,-1.0,-1,-1,0.0
14080,-73.9978256225586,40.72551345825195,-73.96863555908203,40.79644393920898,1436.67,1917,1917,-1.0,-1.0,-1,-1,0.0
14081,-73.96461486816406,40.77308654785156,-73.95304107666014,40.78346252441406,315.01,1917,1917,1950.1,2265.11,33.09999999999991,2.2737367544323206e-13,1.0000000000000007
14082,-73.96344757080078,40.774192810058594,-73.95413208007811,40.77029418945313,351.96,1917,1917,1936.69,2288.65,19.690000000000055,5.684341886080802e-14,1.0000000000000002
14083,-73.98214721679686,40.76247024536133,-73.98998260498048,40.74150085449219,654.43,1918,1918,1975.51,2642.99,57.50999999999999,13.04999999999984,1.0199410173738976
14084,-73.97547912597656,40.74924087524415,-73.9655990600586,40.75458908081055,273.19,1918,1918,1943.33,2216.52,25.329999999999927,5.684341886080802e-14,1.0000000000000002
14085,-73.99710845947266,40.7223014831543,-74.0020751953125,40.74524688720703,716.97,1918,1918,-1.0,-1.0,-1,-1,0.0
14086,-73.97517395019531,40.76110458374024,-74.00930786132812,40.70723342895508,1412.01,1918,1918,-1.0,-1.0,-1,-1,0.0
14087,-73.96669006347656,40.75278854370117,-73.99024963378906,40.74691009521485,825.5,1919,1919,-1.0,-1.0,-1,-1,0.0
14088,-73.95587158203125,40.772178649902344,-73.96936798095702,40.7537498474121,522.77,1919,1919,-1.0,-1.0,-1,-1,0.0
14089,-73.96278381347656,40.758277893066406,-73.94973754882812,40.77096557617188,286.7,1919,1919,1966.0699999999997,2252.7699999999995,47.06999999999971,-1.7053025658242404e-13,0.9999999999999994
14090,-73.99073028564453,40.7490234375,-74.00830078125,40.71668243408203,616.19,1919,1919,-1.0,-1.0,-1,-1,0.0
14091,-73.99835968017578,40.726070404052734,-73.97222137451173,40.7456169128418,678.13,1919,1919,-1.0,-1.0,-1,-1,0.0
14092,-73.95569610595702,40.764244079589844,-73.95291137695312,40.78642654418945,566.32,1919,1919,-1.0,-1.0,-1,-1,0.0
14093,-73.9664764404297,40.76460266113281,-73.95692443847656,40.77502822875977,299.81,1919,1919,1960.25,2260.06,41.25,-5.684341886080802e-14,0.9999999999999998
14094,-73.96637725830078,40.76206970214844,-73.9808578491211,40.76763153076172,518.92,1919,1919,-1.0,-1.0,-1,-1,0.0
14095,-73.99288940429686,40.74783325195313,-74.000732421875,40.72593688964844,568.08,1919,1919,-1.0,-1.0,-1,-1,0.0
14096,-73.98177337646483,40.76365661621094,-73.96702575683594,40.76089859008789,492.28,1920,1920,-1.0,-1.0,-1,-1,0.0
14097,-73.99433898925781,40.74592971801758,-74.00296020507811,40.74951171875,236.82,1920,1920,1957.68,2194.5,37.680000000000064,-5.684341886080802e-14,0.9999999999999998
14098,-73.96861267089844,40.76751327514648,-73.98500061035155,40.76763153076172,444.9,1920,1920,-1.0,-1.0,-1,-1,0.0
14099,-74.00447845458984,40.71628952026367,-73.99314880371094,40.71238708496094,342.33,1920,1920,-1.0,-1.0,-1,-1,0.0
14100,-74.0092544555664,40.70616912841797,-73.99140930175781,40.72380828857422,555.84,1920,1920,-1.0,-1.0,-1,-1,0.0
14101,-73.99080657958984,40.75059509277344,-73.98436737060547,40.72503280639648,841.75,1920,1920,-1.0,-1.0,-1,-1,0.0
14102,-73.96273040771484,40.7672004699707,-73.9609375,40.78108978271485,380.25,1921,1921,1969.28,2384.83,48.27999999999997,35.299999999999955,1.0928336620644312
14103,-73.9906997680664,40.771568298339844,-73.93924713134766,40.8512077331543,849.37,1921,1921,2796.2200000000003,3645.5900000000006,875.2200000000003,3.410605131648481e-13,1.0000000000000004
14104,-73.96733093261719,40.788124084472656,-74.00779724121094,40.751747131347656,1018.61,1921,1921,2272.12,3290.73,351.1199999999999,1.1368683772161603e-13,1.0000000000000002
14105,-73.97727966308595,40.751991271972656,-73.99980163574219,40.72536087036133,815.7,1921,1921,2026.54,2842.24,105.53999999999996,-2.2737367544323206e-13,0.9999999999999997
14106,-73.99813842773438,40.72268676757813,-74.00239562988281,40.71640396118164,340.46,1921,1921,2160.11,2500.57,239.11000000000013,5.684341886080802e-14,1.0000000000000002
14107,-74.00566864013672,40.7056999206543,-73.94688415527342,40.82227325439453,2032.23,1921,1921,-1.0,-1.0,-1,-1,0.0
14108,-73.97764587402342,40.77377700805664,-73.97157287597656,40.76022338867188,626.16,1921,1921,1967.95,2594.11,46.950000000000045,1.1368683772161603e-13,1.0000000000000002
14109,-73.95718383789062,40.7832145690918,-73.96961212158203,40.768867492675774,420.58,1921,1921,1968.12,2422.95,47.11999999999989,34.24999999999994,1.0814351609681867
14110,-73.98976135253906,40.734046936035156,-73.97550201416014,40.74931716918945,480.26,1921,1921,1988.33,2468.59,67.32999999999993,2.2737367544323206e-13,1.0000000000000004
14111,-73.97290802001955,40.75849914550781,-73.95348358154298,40.77685546875,581.93,1921,1921,2094.16,2676.09,173.15999999999985,3.410605131648481e-13,1.0000000000000007
14112,-73.99566650390625,40.72661972045898,-74.00533294677734,40.72842025756836,230.51,1922,1922,2117.91,2348.42,195.90999999999985,2.2737367544323206e-13,1.0000000000000009
14113,-73.96968078613281,40.75705337524415,-73.94872283935547,40.77911376953125,539.81,1922,1922,1958.15,2558.96,36.15000000000009,61.0,1.1130027231803783
14114,-73.97560119628906,40.74638366699219,-73.97895812988281,40.76482772827149,940.52,1922,1922,-1.0,-1.0,-1,-1,0.0
14115,-73.97821044921875,40.75434875488281,-73.96829986572266,40.79943084716797,1115.98,1922,1922,-1.0,-1.0,-1,-1,0.0
14116,-73.9749755859375,40.763496398925774,-73.9592056274414,40.78102111816406,459.1,1922,1922,-1.0,-1.0,-1,-1,0.0
14117,-74.00582122802734,40.75049591064453,-74.0057144165039,40.74658584594727,220.74,1922,1922,-1.0,-1.0,-1,-1,0.0
14118,-73.99427795410156,40.74045944213867,-73.99234771728516,40.74939346313477,302.8,1922,1922,2009.58,2312.38,87.57999999999993,1.7053025658242404e-13,1.0000000000000007
14119,-73.99235534667969,40.73003387451172,-73.99022674560547,40.72337341308594,315.37,1922,1922,-1.0,-1.0,-1,-1,0.0
14120,-73.95442962646483,40.76614379882813,-73.95913696289062,40.7810935974121,474.76,1922,1922,2047.62,2522.38,125.61999999999989,2.2737367544323206e-13,1.0000000000000004
14121,-74.00021362304686,40.742958068847656,-73.9835205078125,40.77346801757813,710.82,1922,1922,1977.2900000000002,2688.11,55.29000000000019,-1.1368683772161603e-13,0.9999999999999999
14122,-73.97065734863281,40.75809860229492,-73.97984313964845,40.7139892578125,853.26,1923,1923,1960.6299999999999,2828.1400000000003,37.62999999999988,14.250000000000455,1.0167006539624504
14123,-73.99356842041014,40.7568473815918,-74.01280975341797,40.716304779052734,846.95,1923,1923,2070.71,2917.66,147.71000000000004,-2.2737367544323206e-13,0.9999999999999998
14124,-73.98101043701173,40.76515579223633,-73.96772003173827,40.76073455810547,432.65,1923,1923,1978.96,2411.61,55.960000000000036,1.1368683772161603e-13,1.0000000000000002
14125,-73.98060607910156,40.7820701599121,-74.00799560546875,40.72309494018555,1211.57,1923,1923,2075.08,3286.65,152.07999999999993,2.2737367544323206e-13,1.0000000000000002
14126,-73.98293304443358,40.771934509277344,-73.98049163818358,40.762779235839844,326.02,1923,1923,2006.91,2332.93,83.91000000000008,-2.2737367544323206e-13,0.9999999999999993
14127,-73.99274444580078,40.75666427612305,-73.98257446289062,40.77138137817383,508.16,1923,1923,-1.0,-1.0,-1,-1,0.0
14128,-73.98583984375,40.7530403137207,-73.94638061523438,40.82136154174805,1524.6,1924,1924,-1.0,-1.0,-1,-1,0.0
14129,-73.97856903076173,40.766761779785156,-73.9559326171875,40.77902221679688,708.89,1924,1924,1973.55,2682.44,49.549999999999955,1.1368683772161603e-13,1.0000000000000002
14130,-73.99401092529298,40.7511100769043,-73.97824859619139,40.75442886352539,532.85,1924,1924,-1.0,-1.0,-1,-1,0.0
14131,-73.9616928100586,40.77117919921875,-73.9760513305664,40.76028060913085,530.77,1924,1924,-1.0,-1.0,-1,-1,0.0
14132,-73.96607971191406,40.762020111083984,-73.95381164550781,40.77286911010742,334.25,1924,1924,-1.0,-1.0,-1,-1,0.0
14133,-73.99414825439453,40.751068115234375,-73.97740173339844,40.764461517333984,587.56,1924,1924,-1.0,-1.0,-1,-1,0.0
14134,-73.98973846435547,40.73860549926758,-73.94100189208984,40.83192443847656,1720.98,1925,1925,-1.0,-1.0,-1,-1,0.0
14135,-73.97734832763672,40.7429313659668,-73.99363708496094,40.74993133544922,691.55,1925,1925,-1.0,-1.0,-1,-1,0.0
14136,-73.98835754394531,40.73118209838867,-73.99591827392578,40.73086166381836,283.83,1925,1925,-1.0,-1.0,-1,-1,0.0
14137,-73.97247314453125,40.74927520751953,-73.9993667602539,40.72880554199219,742.45,1925,1925,-1.0,-1.0,-1,-1,0.0
14138,-73.95733642578125,40.78281021118164,-73.98029327392578,40.787513732910156,509.88,1925,1925,2029.33,2539.21,104.32999999999993,1.1368683772161603e-13,1.0000000000000002
14139,-73.96729278564453,40.76342010498047,-73.96578979492188,40.75830841064453,209.8,1925,1925,1979.4099999999999,2189.21,54.409999999999854,1.7053025658242404e-13,1.0000000000000009
14140,-73.97828674316406,40.75294876098633,-73.98262023925781,40.742469787597656,443.67,1925,1925,-1.0,-1.0,-1,-1,0.0
14141,-73.97012329101562,40.765491485595696,-73.9752426147461,40.7589111328125,378.67,1926,1926,-1.0,-1.0,-1,-1,0.0
14142,-73.982421875,40.7679100036621,-73.97998046875,40.783599853515625,427.76,1926,1926,2946.83,3374.5899999999997,1020.8299999999999,-2.2737367544323206e-13,0.9999999999999994
14143,-73.95939636230467,40.76736831665039,-73.96731567382812,40.756851196289055,321.68,1926,1926,-1.0,-1.0,-1,-1,0.0
14144,-74.00682067871094,40.730369567871094,-73.98827362060547,40.74665069580078,589.25,1926,1926,1971.0,2560.25,45.0,0.0,1.0
14145,-73.97835540771484,40.78338241577149,-73.97608947753906,40.76380157470703,605.04,1926,1926,1971.92,2576.96,45.92000000000007,0.0,1.0
14146,-73.99231719970702,40.74882888793945,-73.99671936035155,40.715179443359375,943.85,1926,1926,-1.0,-1.0,-1,-1,0.0
14147,-73.9836654663086,40.72175216674805,-74.00826263427734,40.73287963867188,738.93,1926,1926,2038.43,2777.36,112.43000000000006,1.1368683772161603e-13,1.0000000000000002
14148,-73.98892211914062,40.72217559814453,-73.99776458740234,40.718128204345696,491.23,1926,1926,-1.0,-1.0,-1,-1,0.0
14149,-73.96910095214845,40.75753784179688,-73.97673034667969,40.74368286132813,401.01,1927,1927,-1.0,-1.0,-1,-1,0.0
14150,-74.00802612304686,40.73096084594727,-73.9852066040039,40.75348281860352,749.97,1927,1927,-1.0,-1.0,-1,-1,0.0
14151,-73.97893524169923,40.72405242919922,-73.95890808105469,40.7781639099121,1150.96,1927,1927,-1.0,-1.0,-1,-1,0.0
14152,-73.96656036376955,40.753089904785156,-73.95570373535155,40.778770446777344,557.72,1927,1927,2116.74,2674.46,189.73999999999978,2.2737367544323206e-13,1.0000000000000004
14153,-73.96428680419923,40.76773452758789,-73.97445678710938,40.7529182434082,428.39,1927,1927,-1.0,-1.0,-1,-1,0.0
14154,-73.99301147460938,40.76285171508789,-73.9903793334961,40.77399063110352,274.16,1928,1928,1950.0,2224.16,22.0,-1.7053025658242404e-13,0.9999999999999993
14155,-73.97750854492188,40.76391220092773,-73.9510498046875,40.77774429321289,727.27,1928,1928,-1.0,-1.0,-1,-1,0.0
14156,-73.9691162109375,40.76081848144531,-73.97554779052734,40.75202941894531,246.76,1928,1928,1969.65,2216.41,41.65000000000009,-2.2737367544323206e-13,0.9999999999999991
14157,-73.98003387451173,40.73497772216797,-73.98597717285155,40.7308464050293,204.9,1928,1928,1990.71,2195.61,62.710000000000036,8.526512829121202e-14,1.0000000000000004
14158,-73.95500183105469,40.769248962402344,-73.9569320678711,40.77917098999024,334.46,1928,1928,1959.5200000000002,2293.98,31.52000000000021,-1.7053025658242404e-13,0.9999999999999994
14159,-73.9906997680664,40.73877334594727,-74.0057144165039,40.74509811401367,345.91,1928,1928,-1.0,-1.0,-1,-1,0.0
14160,-73.95498657226562,40.7806053161621,-73.95706176757811,40.768310546875,391.82,1928,1928,-1.0,-1.0,-1,-1,0.0
14161,-73.98236846923827,40.77128601074219,-73.9784164428711,40.784915924072266,410.18,1928,1928,-1.0,-1.0,-1,-1,0.0
14162,-73.95305633544923,40.78006362915039,-73.95640563964844,40.77135848999024,226.59,1929,1929,2298.57,2525.16,369.57000000000016,-3.126388037344441e-13,0.9999999999999987
14163,-74.00241088867188,40.74516296386719,-73.99478912353516,40.71879577636719,1017.71,1929,1929,-1.0,-1.0,-1,-1,0.0
14164,-74.00350952148438,40.73352813720703,-73.98753356933594,40.76608276367188,918.08,1929,1929,-1.0,-1.0,-1,-1,0.0
14165,-73.99778747558594,40.72283172607422,-73.99227905273438,40.72505187988281,207.71,1929,1929,-1.0,-1.0,-1,-1,0.0
14166,-73.9537124633789,40.775291442871094,-73.9682388305664,40.762508392333984,510.2,1929,1929,2732.9999999999995,3243.2,803.9999999999995,2.8421709430404007e-13,1.0000000000000007
14167,-73.95652770996094,40.77146911621094,-73.96457672119139,40.75474166870117,597.11,1929,1929,-1.0,-1.0,-1,-1,0.0
14168,-73.98359680175781,40.7681999206543,-73.96530151367188,40.7553596496582,756.07,1929,1929,-1.0,-1.0,-1,-1,0.0
14169,-73.99661254882812,40.737617492675774,-73.9910430908203,40.75581359863281,570.85,1929,1929,-1.0,-1.0,-1,-1,0.0
14170,-73.98297882080078,40.74797821044922,-73.96575164794923,40.76258850097656,602.2,1929,1929,-1.0,-1.0,-1,-1,0.0
14171,-73.99653625488281,40.75310897827149,-73.97442626953125,40.75107192993164,738.03,1929,1929,2051.17,2789.2,122.17000000000007,-2.2737367544323206e-13,0.9999999999999997
14172,-73.99251556396483,40.74928665161133,-73.98419952392578,40.75457382202149,343.54,1930,1930,-1.0,-1.0,-1,-1,0.0
14173,-73.9728775024414,40.75844955444336,-73.99230194091797,40.72895050048828,864.95,1930,1930,-1.0,-1.0,-1,-1,0.0
14174,-74.00146484375,40.73085021972656,-73.97970581054686,40.75305557250977,711.6,1930,1930,2096.83,2808.4300000000003,166.82999999999993,3.410605131648481e-13,1.0000000000000004
14175,-73.9876708984375,40.750354766845696,-74.00334167480467,40.75066375732422,429.74,1930,1930,-1.0,-1.0,-1,-1,0.0
14176,-73.99739837646483,40.73659133911133,-73.99817657470702,40.745601654052734,287.71,1930,1930,1955.2,2242.91,25.200000000000045,-1.7053025658242404e-13,0.9999999999999994
14177,-73.9875259399414,40.73252487182617,-74.00051879882812,40.72092819213867,481.54,1930,1930,-1.0,-1.0,-1,-1,0.0
14178,-74.00199127197266,40.74651718139648,-74.0056915283203,40.73826599121094,208.57,1930,1930,-1.0,-1.0,-1,-1,0.0
14179,-73.97367858886719,40.76354598999024,-73.98197937011719,40.77755355834961,529.86,1930,1930,1970.72,2517.96,40.72000000000003,17.379999999999995,1.0328011172762617
14180,-73.97489929199219,40.75284194946289,-74.00202178955078,40.73515701293945,760.61,1930,1930,-1.0,-1.0,-1,-1,0.0
14181,-73.98519897460938,40.74200820922852,-73.97351837158203,40.754981994628906,424.91,1930,1930,-1.0,-1.0,-1,-1,0.0
14182,-73.99491119384766,40.74007034301758,-73.98021697998048,40.72552490234375,695.35,1930,1930,1976.65,2672.0,46.65000000000009,-1.1368683772161603e-13,0.9999999999999999
14183,-73.9797592163086,40.77608871459961,-73.95059967041014,40.78226852416992,708.64,1930,1930,2070.58,2779.2200000000003,140.57999999999993,3.410605131648481e-13,1.0000000000000004
14184,-74.01007080078125,40.70954895019531,-74.017822265625,40.706390380859375,252.87,1931,1931,-1.0,-1.0,-1,-1,0.0
14185,-73.95365142822266,40.7794189453125,-73.97369384765625,40.779579162597656,497.24,1931,1931,2268.53,2765.77,337.5300000000002,-2.2737367544323206e-13,0.9999999999999996
14186,-73.9947280883789,40.76589965820313,-73.98999786376955,40.746559143066406,676.34,1931,1931,1951.05,2666.81,20.049999999999955,39.41999999999996,1.0582842948812727
14187,-73.960693359375,40.77814102172852,-73.94905853271484,40.77154922485352,376.21,1931,1931,-1.0,-1.0,-1,-1,0.0
14188,-73.96910858154298,40.7641716003418,-74.01036834716798,40.71892929077149,1470.79,1931,1931,-1.0,-1.0,-1,-1,0.0
14189,-73.9713592529297,40.79534530639648,-73.95455932617188,40.80029678344727,408.36,1931,1931,2037.84,2446.2,106.83999999999992,-1.1368683772161603e-13,0.9999999999999997
14190,-74.00291442871094,40.76045608520508,-73.99053192138672,40.75923538208008,348.49,1931,1931,-1.0,-1.0,-1,-1,0.0
14191,-73.96312713623048,40.769229888916016,-73.96147918701173,40.76526260375977,208.71,1931,1931,-1.0,-1.0,-1,-1,0.0
14192,-73.97463989257811,40.76147079467773,-74.00850677490234,40.72341537475585,1206.75,1931,1931,1965.6,3189.7400000000002,34.59999999999991,17.390000000000327,1.0144106070022791
14193,-73.98893737792969,40.756660461425774,-73.99992370605469,40.76152038574219,302.79,1931,1931,-1.0,-1.0,-1,-1,0.0
14194,-73.99356079101562,40.7215232849121,-73.99118041992188,40.745155334472656,702.09,1931,1931,2082.66,2784.75,151.65999999999985,1.1368683772161603e-13,1.0000000000000002
14195,-73.97707366943358,40.74996948242188,-73.98585510253906,40.726863861083984,565.38,1931,1931,-1.0,-1.0,-1,-1,0.0
14196,-73.9630126953125,40.77241134643555,-73.9725112915039,40.76508712768555,347.64,1931,1931,1982.83,2387.22,51.82999999999993,56.749999999999886,1.1632435853181449
14197,-73.98008728027342,40.76035690307617,-73.9875259399414,40.78027725219727,677.92,1931,1931,-1.0,-1.0,-1,-1,0.0
14198,-74.00408935546875,40.70746994018555,-73.99520874023438,40.72803115844727,646.33,1931,1931,-1.0,-1.0,-1,-1,0.0
14199,-73.98247528076173,40.76844787597656,-73.98924255371094,40.774330139160156,382.94,1932,1932,-1.0,-1.0,-1,-1,0.0
14200,-73.99093627929686,40.750938415527344,-73.9791717529297,40.746360778808594,455.22,1932,1932,-1.0,-1.0,-1,-1,0.0
14201,-73.95584106445312,40.76750183105469,-73.97335815429686,40.76382446289063,584.47,1932,1932,1950.0,2626.14,18.0,91.66999999999985,1.1568429517340493
14202,-73.96157836914062,40.77426528930664,-74.00164031982422,40.733795166015625,1334.86,1933,1933,-1.0,-1.0,-1,-1,0.0
14203,-73.9818115234375,40.76836013793945,-73.96262359619139,40.75873947143555,705.85,1933,1933,-1.0,-1.0,-1,-1,0.0
14204,-73.96833801269531,40.7678337097168,-73.9551773071289,40.785850524902344,328.51,1933,1933,1970.22,2298.73,37.22000000000003,0.0,1.0
14205,-73.96395874023438,40.76803970336913,-73.96552276611328,40.75883102416992,345.05,1933,1933,-1.0,-1.0,-1,-1,0.0
14206,-73.9900894165039,40.75202941894531,-73.97843933105469,40.753089904785156,493.25,1933,1933,-1.0,-1.0,-1,-1,0.0
14207,-73.98760986328125,40.72452926635742,-73.9942626953125,40.72761154174805,232.38,1934,1934,-1.0,-1.0,-1,-1,0.0
14208,-74.0072708129883,40.71178817749024,-73.97974395751955,40.713661193847656,664.54,1934,1934,-1.0,-1.0,-1,-1,0.0
14209,-73.9773178100586,40.76411819458008,-73.9466094970703,40.77257919311523,840.97,1934,1934,-1.0,-1.0,-1,-1,0.0
14210,-73.96713256835938,40.76267623901367,-73.95758819580078,40.78128051757813,483.46,1934,1934,-1.0,-1.0,-1,-1,0.0
14211,-73.98635101318358,40.77671813964844,-73.97579193115234,40.78963851928711,352.45,1934,1934,1962.32,2402.85,28.319999999999936,88.07999999999998,1.2499077883387715
14212,-73.99591064453125,40.7254295349121,-74.0077133178711,40.73214340209961,357.6,1934,1934,-1.0,-1.0,-1,-1,0.0
14213,-73.96327209472656,40.75785827636719,-73.94581604003906,40.77351379394531,415.12,1934,1934,1974.06,2389.18,40.059999999999945,-1.1368683772161603e-13,0.9999999999999998
14214,-73.97126007080078,40.748008728027344,-73.99623107910156,40.75090026855469,888.65,1934,1934,-1.0,-1.0,-1,-1,0.0
14215,-73.96721649169923,40.756797790527344,-73.9608383178711,40.763816833496094,319.58,1935,1935,1950.0,2269.58,15.0,-5.684341886080802e-14,0.9999999999999998
14216,-73.98777770996094,40.73801803588867,-73.98738861083984,40.73367691040039,205.17,1935,1935,-1.0,-1.0,-1,-1,0.0
14217,-73.98976135253906,40.74156951904297,-73.99777221679686,40.75638961791992,515.53,1935,1935,1968.6399999999999,2549.82,33.63999999999987,65.65000000000032,1.1273446744127409
14218,-73.98204040527344,40.77944564819336,-73.97198486328125,40.7657585144043,525.41,1935,1935,2057.21,2582.62,122.21000000000004,-1.1368683772161603e-13,0.9999999999999998
14219,-73.99169158935547,40.7448844909668,-73.98612976074219,40.75220489501953,206.66,1935,1935,1963.82,2170.48,28.819999999999936,8.526512829121202e-14,1.0000000000000004
14220,-73.98876190185547,40.75862884521485,-73.99829864501955,40.719970703125,1188.48,1935,1935,-1.0,-1.0,-1,-1,0.0
14221,-73.96613311767578,40.79440689086913,-73.97805786132812,40.786529541015625,289.95,1935,1935,1987.29,2277.2400000000002,52.289999999999964,2.8421709430404007e-13,1.0000000000000009
14222,-73.97579193115234,40.752220153808594,-73.98167419433594,40.7462158203125,204.58,1935,1935,-1.0,-1.0,-1,-1,0.0
14223,-73.9778823852539,40.74911117553711,-73.98573303222656,40.73136901855469,393.56,1935,1935,1950.0,2431.91,15.0,88.34999999999985,1.2244892773655855
14224,-73.98754119873048,40.739173889160156,-73.97859191894531,40.752532958984375,366.46,1935,1935,-1.0,-1.0,-1,-1,0.0
14225,-73.96189880371094,40.77096939086913,-73.96785736083984,40.762561798095696,243.54,1936,1936,1955.51,2199.05,19.50999999999999,1.9895196601282805e-13,1.0000000000000009
14226,-73.99066162109375,40.750789642333984,-73.97808837890625,40.74403381347656,540.55,1936,1936,-1.0,-1.0,-1,-1,0.0
14227,-73.97503662109375,40.75545120239258,-73.97675323486328,40.77566909790039,684.93,1936,1936,2043.37,2728.3,107.36999999999989,3.410605131648481e-13,1.0000000000000004
14228,-73.98148345947266,40.76916885375977,-73.99344635009766,40.757530212402344,494.17,1937,1937,-1.0,-1.0,-1,-1,0.0
14229,-73.9529800415039,40.778465270996094,-73.9531021118164,40.78600311279297,190.49,1937,1937,1991.7,2182.19,54.700000000000045,0.0,1.0
14230,-73.97907257080078,40.76311874389648,-73.9551239013672,40.76580810546875,722.8,1937,1937,-1.0,-1.0,-1,-1,0.0
14231,-73.9894027709961,40.75842666625977,-73.9806137084961,40.780494689941406,550.4,1937,1937,1970.16,2520.56,33.16000000000008,-1.1368683772161603e-13,0.9999999999999998
14232,-73.9877395629883,40.74143981933594,-74.00663757324219,40.74152755737305,629.01,1937,1937,-1.0,-1.0,-1,-1,0.0
14233,-73.97193908691406,40.791908264160156,-73.97833251953125,40.77552795410156,403.01,1937,1937,1980.96,2424.58,43.960000000000036,40.6099999999999,1.1007667303540853
14234,-73.97650146484375,40.78059005737305,-73.98551177978516,40.75905990600585,652.51,1937,1937,1987.28,2706.99,50.27999999999997,67.19999999999982,1.1029869274034112
14235,-74.0091781616211,40.740665435791016,-73.99958038330078,40.75143432617188,407.46,1937,1937,2008.96,2416.42,71.96000000000004,5.684341886080802e-14,1.0000000000000002
14236,-73.99986267089844,40.72028350830078,-73.9662551879883,40.75482177734375,936.93,1938,1938,-1.0,-1.0,-1,-1,0.0
14237,-73.97296142578125,40.79339599609375,-73.98085021972656,40.7828254699707,213.87,1938,1938,1950.0,2163.87,12.0,-1.1368683772161603e-13,0.9999999999999994
14238,-74.00473022460938,40.71372985839844,-74.00604248046875,40.73577117919922,548.83,1938,1938,-1.0,-1.0,-1,-1,0.0
14239,-73.9820785522461,40.72105026245117,-73.99685668945312,40.72562789916992,367.54,1938,1938,2015.88,2417.05,77.88000000000011,33.63000000000005,1.0915002448713067
14240,-73.97310638427734,40.75799179077149,-74.00399780273438,40.7317008972168,970.21,1938,1938,-1.0,-1.0,-1,-1,0.0
14241,-73.97737884521484,40.76411056518555,-73.97830200195312,40.77288818359375,274.74,1938,1938,1981.92,2256.66,43.92000000000007,-2.2737367544323206e-13,0.9999999999999992
14242,-73.95310974121094,40.786048889160156,-73.94743347167969,40.804847717285156,441.98,1939,1939,2374.41,2816.39,435.40999999999985,0.0,1.0
14243,-73.97721099853516,40.7522087097168,-74.00066375732422,40.72978210449219,718.75,1939,1939,-1.0,-1.0,-1,-1,0.0
14244,-73.98076629638672,40.78264617919922,-73.97099304199219,40.795711517333984,304.29,1939,1939,2400.35,2704.6400000000003,461.3499999999999,3.979039320256561e-13,1.0000000000000013
14245,-73.99256134033203,40.74833679199219,-73.98162078857422,40.7409553527832,441.37,1939,1939,-1.0,-1.0,-1,-1,0.0
14246,-73.98644256591797,40.74512481689453,-74.00737762451173,40.74100112915039,586.88,1939,1939,-1.0,-1.0,-1,-1,0.0
14247,-73.99069213867188,40.73140335083008,-73.98185729980467,40.72837829589844,270.66,1939,1939,-1.0,-1.0,-1,-1,0.0
14248,-74.00988006591797,40.72208023071289,-74.00123596191406,40.74245834350585,462.25,1939,1939,2112.09,2574.34,173.09000000000015,0.0,1.0
14249,-73.99293518066406,40.76830673217773,-74.0099868774414,40.71449661254883,960.26,1940,1940,2917.8500000000004,3878.11,977.8500000000004,-2.2737367544323206e-13,0.9999999999999998
14250,-74.0037384033203,40.747703552246094,-73.9917984008789,40.7546272277832,330.66,1940,1940,1993.5,2324.16,53.5,-1.7053025658242404e-13,0.9999999999999994
14251,-73.96755981445312,40.76611709594727,-73.97498321533203,40.75305938720703,446.8,1940,1940,-1.0,-1.0,-1,-1,0.0
14252,-74.00547790527344,40.740882873535156,-73.98887634277344,40.74129867553711,462.33,1940,1940,2041.79,2504.12,101.78999999999996,-5.684341886080802e-14,0.9999999999999999
14253,-74.0058364868164,40.73638534545898,-73.99214935302734,40.740928649902344,283.12,1940,1940,1956.87,2239.99,16.86999999999989,-1.1368683772161603e-13,0.9999999999999996
14254,-73.98062896728516,40.76483917236328,-74.0011215209961,40.74322128295898,718.01,1940,1940,1973.79,2691.7999999999997,33.789999999999964,-2.2737367544323206e-13,0.9999999999999997
14255,-73.95999145507811,40.766597747802734,-73.9660873413086,40.75824737548828,267.01,1940,1940,1960.68,2227.69,20.680000000000064,0.0,1.0
14256,-74.00379180908203,40.74749374389648,-73.98697662353516,40.72970199584961,718.94,1940,1940,1989.01,2707.95,49.00999999999999,-2.2737367544323206e-13,0.9999999999999997
14257,-73.95236206054686,40.78656005859375,-73.93923950195312,40.80464172363281,380.94,1940,1940,2024.46,2405.4,84.46000000000004,5.684341886080802e-14,1.0000000000000002
14258,-73.9690704345703,40.76079177856445,-73.97575378417969,40.76435852050781,298.21,1940,1940,-1.0,-1.0,-1,-1,0.0
14259,-74.01582336425781,40.71510696411133,-74.0068130493164,40.735855102539055,418.9,1940,1940,-1.0,-1.0,-1,-1,0.0
14260,-74.00399780273438,40.713111877441406,-74.00765228271484,40.726463317871094,421.0,1941,1941,-1.0,-1.0,-1,-1,0.0
14261,-73.97257232666014,40.76126098632813,-73.97625732421875,40.74410629272461,560.76,1941,1941,-1.0,-1.0,-1,-1,0.0
14262,-73.99591064453125,40.72636413574219,-74.00547790527344,40.73245239257813,315.68,1941,1941,1950.0,2265.68,9.0,-1.7053025658242404e-13,0.9999999999999994
14263,-73.95958709716798,40.76287841796875,-73.99456024169923,40.76616668701172,964.7,1941,1941,-1.0,-1.0,-1,-1,0.0
14264,-73.96279907226562,40.79421997070313,-73.97657775878906,40.75946044921875,894.65,1941,1941,2200.06,3094.71,259.05999999999995,1.1368683772161603e-13,1.0000000000000002
14265,-74.00067901611328,40.71092224121094,-73.96755981445312,40.802391052246094,1736.26,1941,1941,-1.0,-1.0,-1,-1,0.0
14266,-73.98773193359375,40.741065979003906,-74.00275421142578,40.76058197021485,789.32,1942,1942,-1.0,-1.0,-1,-1,0.0
14267,-73.98680114746094,40.75804138183594,-73.97438049316406,40.75090026855469,497.21,1942,1942,2023.45,2557.16,81.45000000000005,36.49999999999983,1.0734096257114696
14268,-73.99788665771484,40.75670623779297,-73.98712921142578,40.761207580566406,325.89,1942,1942,1967.57,2293.46,25.569999999999936,1.1368683772161603e-13,1.0000000000000004
14269,-73.99122619628906,40.74055099487305,-73.99291229248048,40.74795150756836,333.16,1942,1942,-1.0,-1.0,-1,-1,0.0
14270,-73.98564147949219,40.75848007202149,-74.0043716430664,40.71937942504883,947.43,1942,1942,2107.44,3054.87,165.44000000000005,-1.1368683772161603e-13,0.9999999999999999
14271,-74.00947570800781,40.715198516845696,-74.01144409179686,40.702991485595696,476.5,1942,1942,1994.04,2470.54,52.039999999999964,0.0,1.0
14272,-73.97994232177734,40.76436233520508,-74.0076446533203,40.75261688232422,773.26,1942,1942,1993.19,2766.4500000000003,51.190000000000055,2.2737367544323206e-13,1.0000000000000002
14273,-74.01030731201173,40.72021484375,-73.99089813232422,40.7608528137207,791.94,1942,1942,-1.0,-1.0,-1,-1,0.0
14274,-73.97525787353516,40.74550247192383,-73.9906692504883,40.73962783813477,455.7,1942,1942,1989.72,2508.3,47.72000000000003,62.880000000000166,1.1379855167873605
14275,-73.9869613647461,40.73356628417969,-73.97808837890625,40.74225997924805,308.62,1942,1942,2009.16,2317.78,67.16000000000008,1.1368683772161603e-13,1.0000000000000004
14276,-73.96820068359375,40.76803588867188,-73.94922637939453,40.77310562133789,505.51,1942,1942,1957.02,2462.53,15.019999999999982,2.2737367544323206e-13,1.0000000000000004
14277,-73.9914779663086,40.72994995117188,-73.98796844482422,40.75018310546875,627.45,1943,1943,2037.59,2665.04,94.58999999999992,0.0,1.0
14278,-73.9853515625,40.74163055419922,-74.00048828125,40.73741912841797,422.33,1943,1943,1992.78,2415.11,49.77999999999997,1.7053025658242404e-13,1.0000000000000004
14279,-73.9949951171875,40.75537872314453,-74.01292419433594,40.71752548217773,780.24,1943,1943,1963.1,2819.76,20.09999999999991,76.4200000000003,1.0979442222905775
14280,-73.98235321044923,40.75743103027344,-73.98368835449219,40.771331787109375,452.71,1943,1943,-1.0,-1.0,-1,-1,0.0
14281,-73.9768295288086,40.765785217285156,-73.99622344970702,40.75002670288085,813.57,1943,1943,-1.0,-1.0,-1,-1,0.0
14282,-73.98384094238281,40.74972152709961,-73.98922729492188,40.71846008300781,976.9,1943,1943,-1.0,-1.0,-1,-1,0.0
14283,-74.00546264648438,40.73695373535156,-74.00151824951173,40.746681213378906,258.54,1944,1944,2040.29,2298.83,96.28999999999996,-5.684341886080802e-14,0.9999999999999998
14284,-73.98290252685547,40.73884582519531,-73.9980239868164,40.73566055297852,444.58,1944,1944,-1.0,-1.0,-1,-1,0.0
14285,-73.95875549316406,40.76399230957031,-73.97467041015625,40.74870681762695,596.43,1944,1944,1961.21,2557.64,17.210000000000036,-1.1368683772161603e-13,0.9999999999999998
14286,-73.99732208251955,40.7249412536621,-73.9874267578125,40.72372055053711,271.33,1944,1944,-1.0,-1.0,-1,-1,0.0
14287,-73.96228790283203,40.7633171081543,-73.98123931884766,40.737396240234375,573.26,1944,1944,-1.0,-1.0,-1,-1,0.0
14288,-73.97506713867188,40.7902717590332,-73.97926330566406,40.7767448425293,323.52,1944,1944,2002.46,2339.66,58.460000000000036,13.679999999999836,1.0422848664688422
14289,-73.98445129394531,40.76976776123047,-74.0056915283203,40.73708724975585,837.13,1945,1945,1951.7,2788.83,6.7000000000000455,-1.1368683772161603e-13,0.9999999999999999
14290,-73.97605895996094,40.76575088500977,-73.98196411132812,40.77832412719727,384.53,1945,1945,1999.0,2383.5299999999997,54.0,-2.2737367544323206e-13,0.9999999999999994
14291,-73.96920013427734,40.75609970092773,-73.99158477783203,40.763763427734375,836.38,1945,1945,-1.0,-1.0,-1,-1,0.0
14292,-73.98223114013672,40.77420425415039,-73.99313354492188,40.72705078125,1404.75,1945,1945,1983.2,3425.7,38.200000000000045,37.74999999999977,1.0268731090941448
14293,-74.00098419189453,40.7320442199707,-73.99139404296875,40.75019454956055,520.53,1946,1946,2169.0,2689.5299999999997,223.0,-2.2737367544323206e-13,0.9999999999999996
14294,-73.9664535522461,40.75362777709961,-73.9803466796875,40.76052474975585,637.55,1946,1946,-1.0,-1.0,-1,-1,0.0
14295,-73.99482727050781,40.7451286315918,-74.01013946533203,40.711441040039055,858.46,1946,1946,-1.0,-1.0,-1,-1,0.0
14296,-73.9817657470703,40.73013305664063,-74.0027618408203,40.73935317993164,592.87,1946,1946,-1.0,-1.0,-1,-1,0.0
14297,-74.00430297851562,40.72547912597656,-74.00277709960938,40.73620223999024,311.62,1946,1946,2043.33,2354.95,97.32999999999993,-1.1368683772161603e-13,0.9999999999999997
14298,-74.00726318359375,40.705169677734375,-73.99492645263672,40.73979187011719,872.19,1946,1946,-1.0,-1.0,-1,-1,0.0
14299,-74.00587463378906,40.726387023925774,-73.9942626953125,40.71833419799805,600.12,1946,1946,1978.19,2599.43,32.190000000000055,21.119999999999777,1.035192961407718
14300,-73.99346923828125,40.74206924438477,-73.99720764160156,40.74655151367188,195.49,1946,1946,-1.0,-1.0,-1,-1,0.0
14301,-73.99041748046875,40.7311897277832,-73.98593139648438,40.739070892333984,298.45,1946,1946,-1.0,-1.0,-1,-1,0.0
14302,-73.96601104736328,40.765449523925774,-73.98861694335938,40.77436065673828,678.41,1947,1947,1987.5400000000002,2665.95,40.54000000000019,-3.410605131648481e-13,0.9999999999999994
14303,-73.98587036132812,40.76026153564453,-73.99761962890625,40.71945190429688,1215.97,1947,1947,2041.09,3257.06,94.08999999999992,0.0,1.0
14304,-73.95521545410156,40.78003692626953,-74.0059814453125,40.70871353149415,1580.9,1947,1947,-1.0,-1.0,-1,-1,0.0
14305,-73.97431945800781,40.7913475036621,-73.96276092529298,40.79585266113281,314.14,1947,1947,1992.88,2307.02,45.88000000000011,-1.1368683772161603e-13,0.9999999999999997
14306,-74.0162811279297,40.71464538574219,-74.00734710693358,40.70717239379883,486.79,1947,1947,-1.0,-1.0,-1,-1,0.0
14307,-73.94586181640625,40.77532577514648,-73.95732116699219,40.77163696289063,298.47,1947,1947,-1.0,-1.0,-1,-1,0.0
14308,-73.95914459228516,40.77733612060547,-73.97438049316406,40.783668518066406,377.13,1947,1947,-1.0,-1.0,-1,-1,0.0
14309,-73.97383117675781,40.74370956420898,-73.95519256591797,40.768959045410156,420.34,1948,1948,1950.64,2370.98,2.6400000000001,-5.684341886080802e-14,0.9999999999999999
14310,-73.98271942138672,40.7641830444336,-73.95939636230467,40.77143859863281,729.16,1948,1948,-1.0,-1.0,-1,-1,0.0
14311,-73.98184967041014,40.77965927124024,-73.96959686279298,40.79758071899415,391.15,1948,1948,2968.1099999999997,3359.2599999999998,1020.1099999999997,1.1368683772161603e-13,1.0000000000000002
14312,-74.0065155029297,40.744140625,-73.95879364013672,40.77245330810547,1223.2,1948,1948,2052.0,3275.2,104.0,-2.2737367544323206e-13,0.9999999999999998
14313,-73.9752426147461,40.75035095214844,-73.9737319946289,40.737998962402344,442.02,1949,1949,-1.0,-1.0,-1,-1,0.0
14314,-73.95651245117188,40.76311492919922,-73.95206451416014,40.78398132324219,461.57,1949,1949,2226.99,2688.56,277.9899999999998,1.7053025658242404e-13,1.0000000000000004
14315,-73.9775161743164,40.738319396972656,-73.9668426513672,40.76007080078125,505.82,1949,1949,1951.1299999999999,2478.7400000000002,2.1299999999998818,21.79000000000036,1.0430785654976085
14316,-73.95758819580078,40.77439498901367,-73.98365020751955,40.759765625,938.8,1949,1949,2002.91,2943.29,53.91000000000008,1.5799999999999272,1.001682999573924
14317,-73.96939849853516,40.76374053955078,-73.98565673828125,40.7528076171875,628.22,1949,1949,-1.0,-1.0,-1,-1,0.0
14318,-73.99993896484375,40.75400924682617,-73.99046325683594,40.75690841674805,284.17,1949,1949,-1.0,-1.0,-1,-1,0.0
14319,-73.97566986083984,40.76190185546875,-73.98002624511719,40.74911880493164,424.59,1949,1949,-1.0,-1.0,-1,-1,0.0
14320,-74.00545501708984,40.74081802368164,-73.983154296875,40.75585174560547,724.68,1949,1949,1991.57,2716.25,42.569999999999936,1.1368683772161603e-13,1.0000000000000002
14321,-73.95565795898438,40.764026641845696,-73.98999786376955,40.75684356689453,1050.21,1949,1949,2190.04,3240.25,241.03999999999996,0.0,1.0
14322,-74.0084457397461,40.71438598632813,-74.00463104248048,40.73109817504883,372.2,1949,1949,1950.0,2322.2,1.0,-1.7053025658242404e-13,0.9999999999999996
14323,-73.9826431274414,40.77155303955078,-73.99318695068358,40.75765228271485,390.85,1949,1949,1970.8999999999999,2361.75,21.899999999999864,1.1368683772161603e-13,1.0000000000000002
14324,-73.98810577392578,40.754302978515625,-73.9821014404297,40.77701187133789,632.49,1950,1950,2034.17,2694.1,84.17000000000007,27.439999999999827,1.0433840851238751
14325,-73.9666976928711,40.76422882080078,-73.95845794677734,40.76433944702149,256.71,1950,1950,1967.8300000000002,2224.54,17.830000000000155,-1.7053025658242404e-13,0.9999999999999993
14326,-73.98544311523438,40.760101318359375,-73.97227478027344,40.7547721862793,535.24,1950,1950,2101.46,2636.7,151.46000000000004,-2.2737367544323206e-13,0.9999999999999996
14327,-73.96733856201173,40.7663688659668,-73.95433807373048,40.76698303222656,388.54,1950,1950,-1.0,-1.0,-1,-1,0.0
14328,-73.98439025878906,40.74615859985352,-73.9773941040039,40.7435417175293,271.17,1951,1951,-1.0,-1.0,-1,-1,0.0
14329,-73.97344207763672,40.75804138183594,-73.95349884033203,40.77682876586913,599.97,1951,1951,2020.33,2625.37,69.32999999999993,5.069999999999936,1.008450422521126
14330,-73.99229431152342,40.72897338867188,-73.98893737792969,40.7446517944336,617.1,1951,1951,-1.0,-1.0,-1,-1,0.0
14331,-73.98626708984375,40.73459243774415,-73.99520874023438,40.74215316772461,479.79,1951,1951,-1.0,-1.0,-1,-1,0.0
14332,-73.97749328613281,40.7791404724121,-73.98438262939453,40.77888870239258,215.9,1951,1951,2105.28,2321.18,154.2800000000002,-3.694822225952521e-13,0.9999999999999983
14333,-73.97798919677734,40.75453186035156,-74.0023880004883,40.75603103637695,705.37,1951,1951,-1.0,-1.0,-1,-1,0.0
14334,-73.9808578491211,40.76047897338867,-73.9876251220703,40.74424362182617,539.89,1951,1951,-1.0,-1.0,-1,-1,0.0
14335,-73.99349212646483,40.7465705871582,-74.00223541259766,40.722969055175774,611.03,1952,1952,2116.33,2727.36,164.32999999999993,2.2737367544323206e-13,1.0000000000000004
14336,-73.95148468017578,40.77002716064453,-73.98365020751955,40.72151947021485,840.91,1952,1952,2001.4099999999999,2842.3199999999997,49.409999999999854,-1.1368683772161603e-13,0.9999999999999999
14337,-73.97203063964845,40.75991821289063,-73.98846435546875,40.73730850219727,630.67,1952,1952,-1.0,-1.0,-1,-1,0.0
14338,-74.00716400146483,40.71833038330078,-73.95033264160156,40.7837142944336,1732.59,1952,1952,2067.91,3800.5,115.90999999999985,2.2737367544323206e-13,1.0000000000000002
14339,-73.9520034790039,40.78454971313477,-73.98336791992188,40.73443984985352,1187.36,1952,1952,1980.0,3167.36,28.0,2.2737367544323206e-13,1.0000000000000002
14340,-73.99140930175781,40.739013671875,-74.00253295898438,40.72515487670898,470.68,1952,1952,-1.0,-1.0,-1,-1,0.0
14341,-73.97779083251955,40.77378845214844,-74.0086212158203,40.70600891113281,1610.53,1952,1952,-1.0,-1.0,-1,-1,0.0
14342,-73.98070526123048,40.764503479003906,-73.97224426269531,40.74494934082031,883.47,1952,1952,-1.0,-1.0,-1,-1,0.0
14343,-74.00987243652342,40.72063827514648,-73.99526977539062,40.72001266479492,670.82,1953,1953,-1.0,-1.0,-1,-1,0.0
14344,-73.9781265258789,40.756507873535156,-73.99832916259766,40.72291946411133,856.98,1953,1953,1984.3800000000003,2904.6400000000003,31.380000000000337,63.27999999999997,1.0738406963989824
14345,-73.99407958984375,40.75143051147461,-74.00340270996094,40.747371673583984,282.8,1953,1953,-1.0,-1.0,-1,-1,0.0
14346,-73.99144744873048,40.73228073120117,-74.00373077392578,40.72079086303711,447.09,1954,1954,-1.0,-1.0,-1,-1,0.0
14347,-73.96360015869139,40.76583862304688,-73.97055053710938,40.79869842529297,906.27,1954,1954,1981.92,2945.7,27.920000000000073,57.50999999999976,1.0634579098944021
14348,-73.98731994628906,40.73601150512695,-73.99408721923827,40.72751998901367,347.05,1954,1954,1983.6100000000001,2330.66,29.610000000000127,-2.8421709430404007e-13,0.9999999999999992
14349,-73.98573303222656,40.726905822753906,-74.00030517578125,40.73054122924805,458.2,1954,1954,2019.12,2527.32,65.11999999999989,50.000000000000284,1.1091226538629426
14350,-73.9769973754883,40.76025390625,-73.96326446533203,40.77219009399415,444.31,1954,1954,2012.3200000000002,2456.63,58.320000000000164,-5.684341886080802e-14,0.9999999999999999
14351,-73.9851303100586,40.76618957519531,-74.00357055664062,40.75361633300781,528.3,1954,1954,2059.41,2587.71,105.40999999999985,2.2737367544323206e-13,1.0000000000000004
14352,-74.00641632080078,40.72732162475585,-73.99927520751955,40.72329330444336,311.49,1954,1954,2062.42,2373.91,108.42000000000007,-2.2737367544323206e-13,0.9999999999999992
14353,-73.95890045166014,40.76803970336913,-73.97612762451173,40.75909805297852,687.22,1954,1954,2012.65,2699.87,58.65000000000009,-2.2737367544323206e-13,0.9999999999999997
14354,-73.9866943359375,40.74272537231445,-73.99154663085938,40.75419616699219,521.39,1954,1954,-1.0,-1.0,-1,-1,0.0
14355,-73.97783660888672,40.74224853515625,-73.98580932617188,40.73128128051758,184.95,1955,1955,2012.68,2197.63,57.680000000000064,5.684341886080802e-14,1.0000000000000002
14356,-73.9605941772461,40.77376174926758,-73.97219085693358,40.79154586791992,579.83,1955,1955,2596.29,3176.12,641.29,-1.1368683772161603e-13,0.9999999999999998
14357,-74.0091781616211,40.72242736816406,-74.00552368164062,40.72929763793945,227.94,1955,1955,-1.0,-1.0,-1,-1,0.0
14358,-73.97323608398438,40.76387405395508,-73.95211791992188,40.78139877319336,591.24,1955,1955,-1.0,-1.0,-1,-1,0.0
14359,-73.95625305175781,40.77583694458008,-73.94259643554686,40.78617477416992,306.02,1955,1955,1980.0,2286.02,25.0,0.0,1.0
14360,-74.00251770019531,40.73965835571289,-74.00919342041014,40.72603988647461,459.74,1955,1955,-1.0,-1.0,-1,-1,0.0
14361,-73.98314666748048,40.761627197265625,-73.98189544677734,40.76840591430664,251.9,1956,1956,-1.0,-1.0,-1,-1,0.0
14362,-73.94390106201173,40.776710510253906,-73.95587158203125,40.77965927124024,288.34,1956,1956,1982.55,2316.8,26.549999999999955,45.91000000000025,1.1592217520982182
14363,-73.98802185058595,40.73845291137695,-73.99295043945312,40.74053192138672,244.3,1956,1956,2082.0,2326.3,126.0,1.7053025658242404e-13,1.0000000000000007
14364,-73.96308135986328,40.76930236816406,-73.9761734008789,40.782325744628906,547.44,1956,1956,1991.11,2538.55,35.1099999999999,2.2737367544323206e-13,1.0000000000000004
14365,-73.98114776611328,40.76380920410156,-73.96099853515625,40.769981384277344,651.42,1956,1956,-1.0,-1.0,-1,-1,0.0
14366,-73.99705505371094,40.76312255859375,-73.9746551513672,40.788246154785156,591.98,1956,1956,2015.67,2607.6499999999996,59.67000000000007,-4.547473508864641e-13,0.9999999999999992
14367,-73.98365020751955,40.729881286621094,-73.9833984375,40.74364471435547,446.85,1956,1956,-1.0,-1.0,-1,-1,0.0
14368,-74.00553131103516,40.75085830688477,-73.98887634277344,40.74840927124024,473.87,1956,1956,1986.34,2460.21,30.339999999999918,1.1368683772161603e-13,1.0000000000000002
14369,-73.9856185913086,40.746578216552734,-73.98766326904298,40.72130966186523,817.52,1956,1956,-1.0,-1.0,-1,-1,0.0
14370,-73.99278259277344,40.73743057250977,-74.00533294677734,40.745960235595696,424.44,1956,1956,-1.0,-1.0,-1,-1,0.0
14371,-73.98141479492188,40.76189041137695,-73.9923324584961,40.73783874511719,722.34,1956,1956,1993.78,2737.21,37.77999999999997,21.090000000000032,1.0291967771409587
14372,-73.97066497802734,40.78848648071289,-73.98042297363281,40.78331756591797,253.95,1956,1956,2296.13,2550.08,340.1300000000001,-1.7053025658242404e-13,0.9999999999999993
14373,-73.9822540283203,40.77184295654297,-73.98683929443358,40.75575637817383,541.19,1957,1957,2179.32,2720.5099999999998,222.32000000000016,-4.547473508864641e-13,0.9999999999999991
14374,-73.97209167480467,40.74983978271485,-73.97148895263672,40.74448013305664,218.46,1957,1957,1989.8899999999999,2208.35,32.88999999999987,2.842170943040401e-14,1.0000000000000002
14375,-73.99305725097656,40.751953125,-73.9759521484375,40.74564743041992,670.47,1957,1957,-1.0,-1.0,-1,-1,0.0
14376,-73.99356842041014,40.75240707397461,-74.00994110107422,40.72016143798828,831.87,1957,1957,-1.0,-1.0,-1,-1,0.0
14377,-74.00874328613281,40.719810485839844,-73.96268463134766,40.76150131225585,1336.61,1957,1957,-1.0,-1.0,-1,-1,0.0
14378,-73.9562759399414,40.775894165039055,-73.98300170898438,40.76346206665039,926.5,1957,1957,1989.22,2991.0100000000007,32.22000000000003,75.29000000000065,1.0812628170534275
14379,-73.98678588867188,40.75038146972656,-73.974609375,40.79087829589844,1054.89,1957,1957,1983.5100000000002,3103.15,26.51000000000022,64.74999999999977,1.0613808074775566
14380,-73.9710464477539,40.75126647949219,-73.97431182861328,40.73705673217773,410.68,1958,1958,-1.0,-1.0,-1,-1,0.0
14381,-73.9654998779297,40.77460861206055,-73.9801025390625,40.780723571777344,477.88,1958,1958,2099.91,2577.79,141.90999999999985,1.1368683772161603e-13,1.0000000000000002
14382,-73.99855804443358,40.74026107788085,-74.00121307373048,40.72427368164063,430.0,1958,1958,1995.3799999999999,2425.38,37.37999999999988,2.2737367544323206e-13,1.0000000000000004
14383,-73.9512939453125,40.774192810058594,-73.95545196533203,40.77952575683594,187.17,1958,1958,1999.08,2186.25,41.07999999999993,8.526512829121202e-14,1.0000000000000004
14384,-74.00846099853516,40.720890045166016,-73.98000335693358,40.7654685974121,1085.52,1958,1958,-1.0,-1.0,-1,-1,0.0
14385,-73.94792938232422,40.77228927612305,-74.01152801513672,40.7039451599121,1034.01,1958,1958,1980.32,3014.3300000000004,22.319999999999936,4.547473508864641e-13,1.0000000000000004
14386,-73.96448516845702,40.77124786376953,-73.9695816040039,40.76291275024415,271.99,1958,1958,1994.0,2265.99,36.0,-2.2737367544323206e-13,0.9999999999999991
14387,-73.97750854492188,40.74288558959961,-73.98632049560547,40.748817443847656,375.27,1958,1958,-1.0,-1.0,-1,-1,0.0
14388,-73.97689056396483,40.7612419128418,-73.97084045410156,40.75160217285156,489.83,1959,1959,-1.0,-1.0,-1,-1,0.0
14389,-73.99085235595702,40.739830017089844,-74.00788116455078,40.73818588256836,516.71,1959,1959,1982.58,2557.24,23.579999999999927,57.94999999999982,1.1121518840355322
14390,-73.99288177490234,40.74844741821289,-73.99051666259766,40.75625991821289,336.93,1959,1959,-1.0,-1.0,-1,-1,0.0
14391,-73.96732330322266,40.77180480957031,-73.98442840576173,40.76982116699219,403.74,1959,1959,-1.0,-1.0,-1,-1,0.0
14392,-74.00823211669923,40.737586975097656,-73.99387359619139,40.727066040039055,671.42,1959,1959,2000.21,2671.63,41.210000000000036,1.1368683772161603e-13,1.0000000000000002
14393,-73.97789001464844,40.73775863647461,-73.97660064697266,40.76388549804688,881.53,1960,1960,2055.25,2936.78,95.25,2.2737367544323206e-13,1.0000000000000002
14394,-73.9962158203125,40.72547912597656,-74.00708770751955,40.74096298217773,555.12,1960,1960,-1.0,-1.0,-1,-1,0.0
14395,-74.00567626953125,40.74565887451172,-73.9877395629883,40.73176956176758,697.13,1960,1960,1982.1399999999999,2745.55,22.139999999999873,66.28000000000031,1.0950755239338434
14396,-73.97996520996094,40.74621200561523,-73.9724884033203,40.740589141845696,302.66,1960,1960,-1.0,-1.0,-1,-1,0.0
14397,-73.98485565185547,40.74143981933594,-73.97608184814453,40.74987411499024,322.15,1961,1961,-1.0,-1.0,-1,-1,0.0
14398,-73.967529296875,40.75638198852539,-73.99552154541014,40.73369598388672,747.91,1961,1961,1996.1200000000001,2754.79,35.12000000000012,10.759999999999877,1.0143867577649714
14399,-73.97344970703125,40.789955139160156,-73.95774078369139,40.7744140625,579.76,1961,1961,2033.16,2612.92,72.16000000000008,0.0,1.0
14400,-73.95785522460938,40.782020568847656,-73.97916412353516,40.77682876586913,478.77,1962,1962,2381.04,2859.81,419.03999999999996,0.0,1.0
14401,-73.95817565917969,40.77299499511719,-73.96779632568358,40.752628326416016,662.73,1962,1962,2004.06,2666.7899999999995,42.059999999999945,-4.547473508864641e-13,0.9999999999999993
14402,-73.98726654052734,40.77904510498047,-73.95785522460938,40.80359268188477,729.08,1962,1962,2234.74,2963.82,272.7399999999998,3.410605131648481e-13,1.0000000000000004
14403,-73.96778106689453,40.76570510864258,-73.96172332763672,40.7684326171875,193.57,1962,1962,1990.34,2183.91,28.339999999999918,-5.684341886080802e-14,0.9999999999999997
14404,-74.00565338134766,40.71770858764648,-74.00338745117188,40.738136291503906,474.17,1962,1962,2072.67,2546.84,110.67000000000007,5.684341886080802e-14,1.0000000000000002
14405,-73.9579086303711,40.776233673095696,-73.98999786376955,40.73200225830078,1220.98,1962,1962,1989.05,3210.03,27.049999999999955,2.2737367544323206e-13,1.0000000000000002
14406,-73.98651885986328,40.77715301513672,-73.98126983642578,40.781211853027344,204.33,1962,1962,2164.7400000000002,2369.07,202.74000000000024,-8.526512829121202e-14,0.9999999999999996
14407,-73.97197723388672,40.76327133178711,-74.00249481201173,40.7607421875,942.81,1962,1962,-1.0,-1.0,-1,-1,0.0
14408,-74.01583099365234,40.7145881652832,-74.00541687011719,40.72769165039063,388.74,1963,1963,-1.0,-1.0,-1,-1,0.0
14409,-73.94963073730467,40.78101348876953,-73.97216796875,40.793853759765625,673.81,1963,1963,2063.83,2737.64,100.82999999999993,0.0,1.0
14410,-73.9740219116211,40.76312255859375,-73.97834014892578,40.754112243652344,316.33,1963,1963,2006.74,2323.07,43.74000000000001,1.7053025658242404e-13,1.0000000000000004
14411,-73.99230194091797,40.74330139160156,-73.97846984863281,40.7671012878418,1001.66,1963,1963,-1.0,-1.0,-1,-1,0.0
14412,-73.98868560791014,40.72249603271485,-74.0086441040039,40.7138557434082,707.94,1963,1963,2059.0,2766.9399999999996,96.0,-4.547473508864641e-13,0.9999999999999993
14413,-73.97007751464845,40.76231384277344,-73.97463989257811,40.75241470336913,308.43,1963,1963,-1.0,-1.0,-1,-1,0.0
14414,-73.9560317993164,40.779075622558594,-73.9718246459961,40.76579284667969,498.8,1963,1963,2080.21,2579.01,117.21000000000004,1.7053025658242404e-13,1.0000000000000004
14415,-73.99022674560547,40.7249412536621,-73.98293304443358,40.7309799194336,197.04,1963,1963,1998.51,2195.55,35.50999999999999,1.9895196601282805e-13,1.000000000000001
14416,-73.98690032958984,40.74489974975585,-73.99431610107422,40.73479461669922,210.91,1963,1963,2017.07,2227.98,54.069999999999936,8.526512829121202e-14,1.0000000000000004
14417,-73.99790954589844,40.76133346557617,-74.0086441040039,40.72412109375,647.48,1963,1963,2061.96,2709.4400000000005,98.96000000000004,4.547473508864641e-13,1.0000000000000007
14418,-73.99259948730467,40.74872970581055,-73.98782348632812,40.74095916748047,268.0,1963,1963,2019.99,2287.99,56.99000000000001,-2.2737367544323206e-13,0.9999999999999991
14419,-73.97620391845702,40.76266098022461,-73.9855728149414,40.75874328613281,402.66,1963,1963,-1.0,-1.0,-1,-1,0.0
14420,-73.96929168701173,40.76084518432617,-73.99160766601562,40.76005172729492,776.4,1963,1963,-1.0,-1.0,-1,-1,0.0
14421,-73.98326873779298,40.76667404174805,-73.97695922851562,40.759185791015625,385.58,1963,1963,2172.28,2557.86,209.2800000000002,-5.684341886080802e-14,0.9999999999999999
14422,-73.9791717529297,40.76208114624024,-73.95841979980467,40.77549743652344,643.29,1964,1964,-1.0,-1.0,-1,-1,0.0
14423,-74.0156707763672,40.71452713012695,-74.00601959228516,40.73651885986328,454.68,1964,1964,-1.0,-1.0,-1,-1,0.0
14424,-73.99950408935547,40.75727462768555,-73.98956298828125,40.74406814575195,572.73,1964,1964,2008.47,2656.6,44.47000000000003,75.39999999999986,1.1316501667452374
14425,-73.96761322021484,40.7587776184082,-73.97946166992188,40.73637771606445,594.59,1964,1964,-1.0,-1.0,-1,-1,0.0
14426,-73.98400115966798,40.74958419799805,-74.00127410888672,40.74401473999024,418.67,1964,1964,-1.0,-1.0,-1,-1,0.0
14427,-73.97084045410156,40.75811004638672,-74.00318908691406,40.7506103515625,985.3,1964,1964,1987.91,3049.88,23.910000000000082,76.67000000000007,1.077813863797828
14428,-73.97512817382812,40.752113342285156,-74.00542449951173,40.72767639160156,879.14,1965,1965,-1.0,-1.0,-1,-1,0.0
14429,-73.96653747558594,40.7943229675293,-73.97228240966798,40.7651252746582,713.61,1965,1965,2074.71,2788.32,109.71000000000004,1.1368683772161603e-13,1.0000000000000002
14430,-73.96600341796875,40.75790786743164,-73.94853973388672,40.77467346191406,471.78,1965,1965,1987.16,2458.94,22.160000000000082,0.0,1.0
14431,-73.98781585693358,40.76018142700195,-73.98039245605469,40.78039932250977,506.29,1965,1965,-1.0,-1.0,-1,-1,0.0
14432,-73.98260498046875,40.76302337646485,-73.95429992675781,40.76614761352539,952.6,1965,1965,-1.0,-1.0,-1,-1,0.0
14433,-73.97571563720702,40.77651596069336,-73.96839141845702,40.78654861450195,220.4,1965,1965,1980.0,2200.4,15.0,8.526512829121202e-14,1.0000000000000004
14434,-73.97901153564453,40.75019836425781,-73.95549011230467,40.76890182495117,643.21,1966,1966,-1.0,-1.0,-1,-1,0.0
14435,-73.97272491455078,40.755043029785156,-73.97161102294923,40.78733825683594,957.45,1966,1966,2015.91,2983.38,49.91000000000008,10.019999999999982,1.0104652984490052
14436,-73.97132110595702,40.751140594482415,-73.98114776611328,40.73396682739258,369.87,1966,1966,-1.0,-1.0,-1,-1,0.0
14437,-73.9749526977539,40.76102828979492,-73.99192810058595,40.73003005981445,844.9,1966,1966,-1.0,-1.0,-1,-1,0.0
14438,-73.98699951171875,40.749900817871094,-73.9832534790039,40.74277114868164,375.32,1966,1966,-1.0,-1.0,-1,-1,0.0
14439,-73.99059295654298,40.7564582824707,-74.00044250488281,40.71860885620117,1110.58,1967,1967,-1.0,-1.0,-1,-1,0.0
14440,-73.99307250976562,40.75791549682617,-73.99530029296875,40.7497444152832,260.78,1967,1967,2016.94,2277.7200000000003,49.940000000000055,2.2737367544323206e-13,1.0000000000000009
14441,-74.00090026855469,40.72044372558594,-74.0130386352539,40.71440124511719,437.8,1967,1967,2053.91,2491.71,86.90999999999985,1.7053025658242404e-13,1.0000000000000004
14442,-73.9752197265625,40.7607307434082,-73.99143981933594,40.75017166137695,556.34,1967,1967,2006.23,2562.57,39.23000000000002,1.1368683772161603e-13,1.0000000000000002
14443,-73.99285888671875,40.75345230102539,-73.98222351074219,40.77077865600585,450.05,1967,1967,-1.0,-1.0,-1,-1,0.0
14444,-73.97993469238281,40.78563690185547,-73.9840087890625,40.77386093139648,274.36,1967,1967,2547.01,2821.37,580.0100000000002,-3.410605131648481e-13,0.9999999999999988
14445,-73.9759750366211,40.748847961425774,-73.96930694580078,40.75824737548828,260.79,1968,1968,1985.78,2246.57,17.779999999999973,1.7053025658242404e-13,1.0000000000000007
14446,-73.97978210449219,40.7491569519043,-73.99607849121094,40.73295974731445,491.0,1968,1968,2003.2300000000002,2573.73,35.230000000000246,79.49999999999977,1.161914460285132
14447,-73.96771240234375,40.77148818969727,-73.98062133789062,40.76755905151367,450.1,1968,1968,2026.1100000000001,2476.21,58.11000000000013,-1.1368683772161603e-13,0.9999999999999998
14448,-73.98558044433594,40.7351188659668,-74.01481628417969,40.71662902832031,955.9,1968,1968,-1.0,-1.0,-1,-1,0.0
14449,-73.95240020751955,40.78950119018555,-73.99340057373048,40.76139831542969,1046.3,1968,1968,2033.21,3079.51,65.21000000000004,2.2737367544323206e-13,1.0000000000000002
14450,-73.96440124511719,40.77402114868164,-73.96143341064453,40.76599884033203,406.21,1968,1968,2026.51,2432.7200000000003,58.50999999999999,2.8421709430404007e-13,1.0000000000000007
14451,-73.97036743164062,40.75862503051758,-73.99417114257811,40.74587631225585,785.26,1969,1969,1995.1800000000003,2844.46,26.18000000000029,64.01999999999975,1.0815271375085955
14452,-73.97055053710938,40.758602142333984,-73.99357604980467,40.727394104003906,873.93,1969,1969,2025.48,2899.41,56.48000000000002,-1.1368683772161603e-13,0.9999999999999999
14453,-73.99806213378906,40.74089431762695,-74.00550079345702,40.7395133972168,233.0,1969,1969,2010.6999999999998,2286.79,41.69999999999982,43.090000000000146,1.184935622317597
14454,-73.996337890625,40.72369766235352,-73.98488616943358,40.74259567260742,506.37,1969,1969,-1.0,-1.0,-1,-1,0.0
14455,-74.00288391113281,40.76060104370117,-73.99158477783203,40.75950241088867,348.49,1969,1969,2022.18,2370.67,53.180000000000064,0.0,1.0
14456,-73.96656036376955,40.79414749145508,-73.97079467773438,40.78406143188477,192.74,1969,1969,1991.66,2184.4,22.660000000000082,0.0,1.0
14457,-74.01557922363281,40.71448516845703,-74.01027679443358,40.70330429077149,386.66,1969,1969,-1.0,-1.0,-1,-1,0.0
14458,-73.9590835571289,40.76754379272461,-73.98995208740234,40.7568359375,1073.52,1969,1969,2012.2,3128.5099999999998,43.200000000000045,42.789999999999736,1.0398595275355835
14459,-73.96239471435547,40.75915908813477,-73.98634338378906,40.72797393798828,843.67,1969,1969,-1.0,-1.0,-1,-1,0.0
14460,-73.99136352539062,40.74747848510742,-74.00148010253906,40.7359504699707,224.54,1970,1970,1981.96,2206.5,11.960000000000036,-2.842170943040401e-14,0.9999999999999999
14461,-73.984619140625,40.74254989624024,-73.95274353027344,40.78321075439453,1050.3,1970,1970,1994.08,3123.26,24.079999999999927,78.88000000000034,1.075102351709036
14462,-74.00289916992188,40.73928833007813,-73.98744201660156,40.73675155639648,457.08,1970,1970,2067.0,2524.08,97.0,-5.684341886080802e-14,0.9999999999999999
14463,-73.97483825683594,40.7778205871582,-73.98310852050781,40.77165222167969,228.24,1970,1970,-1.0,-1.0,-1,-1,0.0
14464,-73.97283172607422,40.7532958984375,-73.98000335693358,40.765491485595696,637.8,1970,1970,-1.0,-1.0,-1,-1,0.0
14465,-73.96817016601562,40.76242065429688,-73.9602813720703,40.76197814941406,289.36,1970,1970,2019.54,2338.91,49.539999999999964,30.009999999999877,1.1037116394802318
14466,-73.97727203369139,40.764198303222656,-73.98026275634766,40.78227996826172,534.11,1970,1970,2006.53,2599.04,36.52999999999997,58.39999999999998,1.1093407725000468
14467,-73.98471069335938,40.74577331542969,-74.01461029052734,40.717018127441406,1001.28,1970,1970,-1.0,-1.0,-1,-1,0.0
14468,-73.98377990722656,40.76987838745117,-74.00514221191406,40.74063491821289,736.88,1970,1970,2133.24,2870.12,163.23999999999978,1.1368683772161603e-13,1.0000000000000002
14469,-73.98625946044923,40.75684356689453,-74.00544738769531,40.740047454833984,598.69,1971,1971,-1.0,-1.0,-1,-1,0.0
14470,-73.9840316772461,40.74338150024415,-73.99039459228516,40.72340393066406,564.98,1971,1971,-1.0,-1.0,-1,-1,0.0
14471,-73.98926544189453,40.77450180053711,-73.98115539550781,40.77452850341797,274.4,1971,1971,2022.54,2296.94,51.539999999999964,1.1368683772161603e-13,1.0000000000000004
14472,-73.95360565185547,40.766937255859375,-73.98009490966798,40.75244522094727,862.04,1971,1971,1987.68,2849.7200000000003,16.680000000000064,2.2737367544323206e-13,1.0000000000000002
14473,-73.9822769165039,40.768409729003906,-73.95954895019531,40.805912017822266,814.57,1971,1971,2006.5,2892.0099999999998,35.5,70.93999999999971,1.0870888935266456
14474,-73.98734283447266,40.7197265625,-74.00469970703125,40.71851348876953,674.75,1972,1972,-1.0,-1.0,-1,-1,0.0
14475,-73.97467041015625,40.76187133789063,-73.96969604492188,40.78551864624024,698.75,1972,1972,-1.0,-1.0,-1,-1,0.0
14476,-73.96055603027344,40.75735473632813,-73.99171447753906,40.76496887207031,1115.16,1972,1972,-1.0,-1.0,-1,-1,0.0
14477,-73.99710845947266,40.76253128051758,-73.99607849121094,40.74607849121094,518.34,1972,1972,2010.26,2528.6,38.25999999999999,-1.1368683772161603e-13,0.9999999999999998
14478,-73.9781951904297,40.74568176269531,-73.97224426269531,40.747383117675774,204.0,1972,1972,-1.0,-1.0,-1,-1,0.0
14479,-73.97001647949219,40.78969192504883,-73.94831848144531,40.82420349121094,682.04,1972,1972,2260.35,2942.39,288.3499999999999,0.0,1.0
14480,-73.95207977294923,40.77742004394531,-73.9796371459961,40.771156311035156,733.17,1972,1972,1994.5,2809.29,22.5,81.62,1.1113247950679925
14481,-73.97418212890625,40.76470184326172,-73.98281860351562,40.760009765625,375.63,1973,1973,-1.0,-1.0,-1,-1,0.0
14482,-73.96905517578125,40.79079818725585,-73.96199035644531,40.77627182006836,398.67,1973,1973,2007.87,2406.54,34.86999999999989,5.684341886080802e-14,1.0000000000000002
14483,-73.98356628417969,40.75569534301758,-73.97917938232422,40.72901153564453,898.17,1973,1973,-1.0,-1.0,-1,-1,0.0
14484,-73.99224853515625,40.7496337890625,-73.98689270019531,40.72550582885742,790.33,1973,1973,-1.0,-1.0,-1,-1,0.0
14485,-73.97686767578125,40.73624038696289,-73.98664093017578,40.75925827026367,945.28,1973,1973,-1.0,-1.0,-1,-1,0.0
14486,-73.95451354980467,40.77796936035156,-73.9376449584961,40.81834411621094,829.41,1973,1973,1982.66,2853.55,9.660000000000082,41.48000000000013,1.0500114539250793
14487,-73.99681854248048,40.73707962036133,-73.98149108886719,40.7581787109375,544.88,1973,1973,2091.03,2635.91,118.0300000000002,-3.410605131648481e-13,0.9999999999999993
14488,-74.01759338378906,40.71149063110352,-74.0130386352539,40.70233154296875,254.88,1973,1973,2077.47,2332.35,104.4699999999998,1.1368683772161603e-13,1.0000000000000004
14489,-73.97200775146483,40.759857177734375,-73.96138000488281,40.771732330322266,354.87,1973,1973,2010.08,2384.37,37.07999999999993,19.41999999999996,1.0547242652238846
14490,-73.97817993164062,40.74554443359375,-73.9716567993164,40.7436637878418,250.16,1973,1973,-1.0,-1.0,-1,-1,0.0
14491,-73.97802734375,40.76424026489258,-73.97640991210938,40.75081253051758,547.38,1973,1973,2032.22,2579.6,59.22000000000003,-1.1368683772161603e-13,0.9999999999999998
14492,-73.9808349609375,40.774280548095696,-73.94792938232422,40.77054214477539,897.31,1974,1974,-1.0,-1.0,-1,-1,0.0
14493,-73.98020935058595,40.763938903808594,-73.9676284790039,40.80281066894531,894.79,1974,1974,2018.69,2947.17,44.690000000000055,33.690000000000055,1.037651292482035
14494,-73.98988342285155,40.74695205688477,-73.94882202148438,40.7833251953125,1236.66,1974,1974,2024.54,3276.47,50.539999999999964,15.269999999999754,1.012347775459706
14495,-73.97657012939453,40.74812316894531,-73.9875259399414,40.7441291809082,424.04,1974,1974,-1.0,-1.0,-1,-1,0.0
14496,-73.97368621826173,40.75284957885742,-74.00817108154298,40.74546813964844,1062.95,1974,1974,-1.0,-1.0,-1,-1,0.0
14497,-73.94462585449219,40.79460525512695,-73.94246673583984,40.78738021850585,285.46,1974,1974,2096.04,2381.5,122.03999999999996,5.684341886080802e-14,1.0000000000000002
14498,-73.96378326416014,40.76517868041992,-73.95259857177734,40.78093719482422,270.51,1975,1975,2015.99,2286.5,40.99000000000001,0.0,1.0
14499,-73.97775268554686,40.746341705322266,-73.96440887451173,40.7646598815918,478.08,1975,1975,2009.4399999999998,2487.52,34.43999999999983,1.7053025658242404e-13,1.0000000000000004
14500,-73.9698257446289,40.75667572021485,-73.9650650024414,40.76463317871094,184.04,1975,1975,2014.12,2198.16,39.11999999999989,-2.842170943040401e-14,0.9999999999999999
14501,-73.98391723632812,40.72946548461913,-74.00584411621094,40.74029159545898,668.96,1975,1975,2136.17,2805.13,161.17000000000007,0.0,1.0
14502,-73.95531463623048,40.77962493896485,-73.9505386352539,40.80246353149415,496.01,1975,1975,2026.33,2522.3399999999997,51.32999999999993,-2.2737367544323206e-13,0.9999999999999996
14503,-73.98224639892578,40.748348236083984,-73.9457015991211,40.77857971191406,943.71,1975,1975,-1.0,-1.0,-1,-1,0.0
14504,-73.99722290039062,40.71791076660156,-74.00868225097656,40.7193717956543,460.12,1976,1976,2125.63,2585.75,149.6300000000001,-1.1368683772161603e-13,0.9999999999999998
14505,-73.97938537597656,40.76168823242188,-74.00768280029298,40.73695755004883,1062.44,1976,1976,-1.0,-1.0,-1,-1,0.0
14506,-73.96855163574219,40.75054168701172,-73.9504165649414,40.783729553222656,621.88,1976,1976,2022.3799999999999,2644.2599999999998,46.37999999999988,-1.1368683772161603e-13,0.9999999999999998
14507,-73.98429107666014,40.72893142700195,-73.98412322998048,40.773773193359375,1280.91,1976,1976,-1.0,-1.0,-1,-1,0.0
14508,-73.98210906982422,40.75680160522461,-73.9994888305664,40.75074005126953,564.67,1976,1976,-1.0,-1.0,-1,-1,0.0
14509,-73.95195770263672,40.76934051513672,-73.96027374267578,40.76960754394531,248.47,1976,1976,2067.29,2315.76,91.28999999999996,2.5579538487363607e-13,1.000000000000001
14510,-73.9618911743164,40.761375427246094,-73.95676422119139,40.780029296875,484.77,1976,1976,-1.0,-1.0,-1,-1,0.0
14511,-73.95625305175781,40.77965927124024,-73.9662094116211,40.78979110717773,375.75,1976,1976,1984.81,2360.56,8.809999999999945,0.0,1.0
14512,-73.98155212402342,40.765220642089844,-73.96666717529298,40.788818359375,626.84,1977,1977,-1.0,-1.0,-1,-1,0.0
14513,-73.95890808105469,40.7808723449707,-73.98351287841797,40.76089477539063,850.83,1977,1977,2013.2,2864.0299999999997,36.200000000000045,-3.410605131648481e-13,0.9999999999999996
14514,-73.99917602539062,40.72013854980469,-73.98989868164062,40.73365783691406,377.91,1977,1977,-1.0,-1.0,-1,-1,0.0
14515,-73.97550964355469,40.75228118896485,-73.98485565185547,40.73876953125,271.83,1978,1978,-1.0,-1.0,-1,-1,0.0
14516,-73.97769927978516,40.75802230834961,-74.00810241699219,40.73938751220703,897.43,1978,1978,1998.08,2895.51,20.079999999999927,3.410605131648481e-13,1.0000000000000004
14517,-73.9877700805664,40.71863555908203,-73.99442291259766,40.71969985961913,203.99,1978,1978,2156.43,2360.42,178.42999999999984,2.2737367544323206e-13,1.000000000000001
14518,-73.98712921142578,40.76608276367188,-73.97727966308595,40.748531341552734,802.03,1978,1978,1994.33,2796.36,16.329999999999927,2.2737367544323206e-13,1.0000000000000002
14519,-73.98490905761719,40.73241424560547,-73.99357604980467,40.76232528686523,965.75,1979,1979,1986.63,2952.38,7.630000000000109,0.0,1.0
14520,-73.97228240966798,40.794151306152344,-73.98265838623048,40.77215576171875,460.31,1979,1979,2068.2,2528.5099999999998,89.19999999999982,-5.684341886080802e-14,0.9999999999999999
14521,-73.97161865234375,40.7823486328125,-73.98248291015625,40.77154922485352,318.75,1979,1979,1997.36,2316.11,18.3599999999999,2.2737367544323206e-13,1.0000000000000007
14522,-73.96102142333984,40.77251815795898,-73.9591293334961,40.78330612182617,337.75,1979,1979,1997.0800000000002,2371.0,18.080000000000155,36.169999999999845,1.1070910436713541
14523,-73.98123931884766,40.76902389526367,-74.007080078125,40.70576477050781,1520.88,1979,1979,2019.04,3539.92,40.039999999999964,0.0,1.0
14524,-73.97586822509766,40.749038696289055,-73.98375701904298,40.73006820678711,505.53,1980,1980,-1.0,-1.0,-1,-1,0.0
14525,-73.968017578125,40.76796340942383,-73.94949340820312,40.7849235534668,463.18,1980,1980,1999.94,2463.12,19.940000000000055,-1.7053025658242404e-13,0.9999999999999997
14526,-73.9619598388672,40.76211929321289,-73.96041107177734,40.772315979003906,338.53,1980,1980,-1.0,-1.0,-1,-1,0.0
14527,-73.9640884399414,40.7653694152832,-73.96064758300781,40.77238082885742,183.66,1980,1980,-1.0,-1.0,-1,-1,0.0
14528,-73.99629974365234,40.72663116455078,-74.00670623779298,40.73108673095703,312.13,1981,1981,-1.0,-1.0,-1,-1,0.0
14529,-73.97586822509766,40.740535736083984,-73.98902893066406,40.75044631958008,581.44,1981,1981,-1.0,-1.0,-1,-1,0.0
14530,-73.9954605102539,40.74403762817383,-74.00525665283203,40.72313690185547,445.16,1981,1981,2029.48,2474.64,48.48000000000002,-1.7053025658242404e-13,0.9999999999999997
14531,-73.96128845214845,40.79876327514648,-73.94882202148438,40.81528091430664,426.59,1981,1981,2174.92,2601.5099999999998,193.92000000000007,-2.8421709430404007e-13,0.9999999999999993
14532,-73.98500061035155,40.75312042236328,-73.99100494384766,40.755760192871094,247.79,1981,1981,-1.0,-1.0,-1,-1,0.0
14533,-73.98094177246094,40.73354721069336,-73.972412109375,40.74567413330078,205.27,1982,1982,2034.4,2239.67,52.40000000000009,-2.842170943040401e-14,0.9999999999999999
14534,-74.00501251220702,40.71902084350585,-74.0020980834961,40.72441482543945,180.05,1982,1982,-1.0,-1.0,-1,-1,0.0
14535,-73.96987915039062,40.76548767089844,-73.96320343017578,40.77486801147461,193.43,1982,1982,2025.96,2219.39,43.960000000000036,-1.7053025658242404e-13,0.9999999999999991
14536,-73.96652221679686,40.75756072998047,-73.99398040771484,40.722618103027344,875.04,1982,1982,2028.6799999999998,2948.72,46.679999999999836,45.0,1.0514262205156335
14537,-73.97213745117188,40.75380325317383,-73.98572540283203,40.7632064819336,689.03,1982,1982,-1.0,-1.0,-1,-1,0.0
14538,-73.99678039550781,40.74684524536133,-73.9778594970703,40.74380493164063,630.49,1982,1982,-1.0,-1.0,-1,-1,0.0
14539,-73.9442138671875,40.81487274169922,-73.96031951904298,40.76199340820313,1282.8,1982,1982,2115.96,3398.7599999999998,133.96000000000004,-2.2737367544323206e-13,0.9999999999999998
14540,-73.9773941040039,40.787124633789055,-73.96947479248048,40.79790115356445,216.75,1982,1982,2057.88,2274.63,75.88000000000011,0.0,1.0
14541,-74.00526428222656,40.74049377441406,-73.97843933105469,40.75115203857422,790.37,1982,1982,-1.0,-1.0,-1,-1,0.0
14542,-74.00550842285155,40.74072647094727,-73.98213958740234,40.752254486083984,751.67,1982,1982,-1.0,-1.0,-1,-1,0.0
14543,-73.98137664794923,40.78097152709961,-73.97571563720702,40.78221130371094,196.01,1983,1983,-1.0,-1.0,-1,-1,0.0
14544,-73.98224639892578,40.76827621459961,-73.99205017089844,40.755943298339844,607.64,1983,1983,2026.5,2634.14,43.5,-1.1368683772161603e-13,0.9999999999999998
14545,-73.95540618896483,40.769229888916016,-73.98419189453125,40.76034164428711,1058.86,1983,1983,2010.0,3068.86,27.0,2.2737367544323206e-13,1.0000000000000002
14546,-73.97930145263672,40.777610778808594,-73.96260833740234,40.79505157470703,444.48,1983,1983,2098.58,2543.06,115.57999999999993,0.0,1.0
14547,-73.97673034667969,40.74369430541992,-73.98702239990234,40.7209358215332,573.93,1983,1983,-1.0,-1.0,-1,-1,0.0
14548,-73.96580505371094,40.77459716796875,-73.96417999267578,40.79240036010742,534.45,1983,1983,2111.91,2646.36,128.90999999999985,2.2737367544323206e-13,1.0000000000000004
14549,-73.9676284790039,40.765789031982415,-73.98414611816406,40.783027648925774,747.95,1983,1983,-1.0,-1.0,-1,-1,0.0
14550,-73.96199798583984,40.770729064941406,-74.00192260742188,40.74574661254883,1192.43,1984,1984,-1.0,-1.0,-1,-1,0.0
14551,-73.98226165771484,40.77361297607422,-73.96841430664062,40.76226425170898,590.58,1984,1984,2029.79,2620.3700000000003,45.789999999999964,3.410605131648481e-13,1.0000000000000007
14552,-73.97322082519531,40.76203536987305,-73.96439361572266,40.77060317993164,284.85,1984,1984,-1.0,-1.0,-1,-1,0.0
14553,-73.97216796875,40.79658889770508,-73.98265838623048,40.77226638793945,524.59,1984,1984,2029.6399999999999,2604.7599999999998,45.63999999999987,50.52999999999986,1.096322842600888
14554,-74.01518249511719,40.71604919433594,-74.00505828857422,40.722820281982415,345.12,1984,1984,-1.0,-1.0,-1,-1,0.0
14555,-73.96697235107422,40.78859329223633,-73.97412109375,40.77885818481445,214.5,1984,1984,2075.34,2289.84,91.34000000000015,0.0,1.0
14556,-73.99783325195312,40.7205467224121,-74.01032257080078,40.70977020263672,479.31,1984,1984,-1.0,-1.0,-1,-1,0.0
14557,-73.99588775634766,40.726600646972656,-74.0019989013672,40.719139099121094,242.13,1985,1985,2043.92,2286.05,58.92000000000007,1.1368683772161603e-13,1.0000000000000004
14558,-73.97718048095702,40.78482437133789,-73.96785736083984,40.79302215576172,205.12,1985,1985,2021.58,2226.7,36.57999999999993,-1.1368683772161603e-13,0.9999999999999994
14559,-73.95834350585938,40.76890563964844,-73.9590835571289,40.77581787109375,248.57,1985,1985,2100.12,2348.69,115.11999999999989,1.7053025658242404e-13,1.0000000000000007
14560,-73.98981475830078,40.75219345092773,-73.9738540649414,40.74887466430664,490.16,1985,1985,-1.0,-1.0,-1,-1,0.0
14561,-74.00376892089844,40.725379943847656,-73.99192047119139,40.72610855102539,392.25,1985,1985,2024.78,2417.03,39.77999999999997,2.2737367544323206e-13,1.0000000000000007
14562,-74.0027084350586,40.72357940673828,-74.01502227783203,40.7162971496582,424.46,1985,1985,2025.37,2449.83,40.36999999999989,5.684341886080802e-14,1.0000000000000002
14563,-73.9527587890625,40.77817916870117,-73.94606018066406,40.77323913574219,214.37,1985,1985,2046.79,2294.49,61.789999999999964,33.329999999999814,1.1554788449876374
14564,-74.00379943847656,40.71321868896485,-73.98348999023438,40.75558090209961,1044.67,1985,1985,-1.0,-1.0,-1,-1,0.0
14565,-73.97727966308595,40.78460693359375,-73.953125,40.80745315551758,573.38,1985,1985,2042.7,2672.15,57.700000000000045,56.07000000000005,1.0977885520945971
14566,-73.98390197753906,40.75592422485352,-73.9708480834961,40.751708984375,509.5,1986,1986,-1.0,-1.0,-1,-1,0.0
14567,-74.00041198730467,40.742584228515625,-73.96247863769531,40.79472351074219,1153.8,1986,1986,-1.0,-1.0,-1,-1,0.0
14568,-74.00595092773438,40.74042892456055,-74.00476837158203,40.71258544921875,825.88,1986,1986,2038.12,2864.0,52.11999999999989,1.1368683772161603e-13,1.0000000000000002
14569,-73.97758483886719,40.74647903442383,-73.97179412841797,40.760738372802734,507.29,1986,1986,-1.0,-1.0,-1,-1,0.0
14570,-73.9661865234375,40.77282333374024,-73.97727203369139,40.754112243652344,661.56,1986,1986,-1.0,-1.0,-1,-1,0.0
14571,-73.95363616943358,40.782020568847656,-73.94659423828125,40.776771545410156,263.29,1986,1986,2045.58,2308.87,59.57999999999993,-5.684341886080802e-14,0.9999999999999998
14572,-73.95947265625,40.76301574707031,-73.97077178955078,40.75185012817383,446.17,1986,1986,2044.36,2490.53,58.3599999999999,2.8421709430404007e-13,1.0000000000000007
14573,-73.97904968261719,40.74042510986328,-73.9532241821289,40.76667404174805,631.5,1987,1987,-1.0,-1.0,-1,-1,0.0
14574,-73.99149322509766,40.73503875732422,-73.98023986816406,40.75152969360352,598.76,1987,1987,-1.0,-1.0,-1,-1,0.0
14575,-74.00460815429686,40.75212097167969,-73.9708251953125,40.7506217956543,993.49,1987,1987,2108.63,3102.12,121.63000000000011,-2.2737367544323206e-13,0.9999999999999998
14576,-73.99388122558594,40.74180603027344,-73.97967529296875,40.71379852294922,780.68,1987,1987,2031.6200000000001,2841.81,44.62000000000012,29.509999999999877,1.0378003791566326
14577,-73.99192047119139,40.744102478027344,-74.0003890991211,40.73526382446289,296.37,1988,1988,-1.0,-1.0,-1,-1,0.0
14578,-73.97740173339844,40.7520751953125,-73.9638671875,40.75993347167969,485.98,1988,1988,-1.0,-1.0,-1,-1,0.0
14579,-73.96167755126955,40.77975082397461,-73.97528839111328,40.780250549316406,309.83,1988,1988,2029.9900000000002,2339.82,41.99000000000024,-5.684341886080802e-14,0.9999999999999998
14580,-73.98133087158203,40.78124237060547,-73.98236846923827,40.772666931152344,193.69,1988,1988,2040.1,2233.79,52.09999999999991,5.684341886080802e-14,1.0000000000000002
14581,-73.96555328369139,40.76854705810547,-73.95946502685547,40.77266311645508,196.33,1988,1988,-1.0,-1.0,-1,-1,0.0
14582,-73.97708892822266,40.75056838989258,-73.98081970214844,40.738670349121094,298.46,1988,1988,2036.3799999999999,2334.84,48.37999999999988,2.8421709430404007e-13,1.0000000000000009
14583,-73.97991943359375,40.78138732910156,-73.9652786254883,40.758544921875,963.58,1988,1988,2046.69,3063.38,58.690000000000055,53.110000000000014,1.0551173747898461
14584,-73.97927856445312,40.776615142822266,-73.97587585449219,40.76323318481445,533.23,1988,1988,-1.0,-1.0,-1,-1,0.0
14585,-73.9860076904297,40.74320983886719,-73.95474243164062,40.76958847045898,865.0,1989,1989,-1.0,-1.0,-1,-1,0.0
14586,-73.96147155761719,40.7741813659668,-73.94331359863281,40.81932067871094,978.12,1990,1990,-1.0,-1.0,-1,-1,0.0
14587,-73.98291778564453,40.73928451538085,-73.95249938964844,40.801029205322266,1392.35,1990,1990,-1.0,-1.0,-1,-1,0.0
14588,-73.99124145507811,40.76548385620117,-73.95309448242188,40.80016326904297,913.69,1990,1990,2012.1299999999999,2925.8199999999997,22.12999999999988,-2.2737367544323206e-13,0.9999999999999998
14589,-73.98332214355469,40.75077819824219,-73.97203826904298,40.75159072875977,430.48,1990,1990,-1.0,-1.0,-1,-1,0.0
14590,-73.98062896728516,40.76457977294922,-73.9820327758789,40.77050018310547,276.07,1990,1990,-1.0,-1.0,-1,-1,0.0
14591,-73.98143768310547,40.73709106445313,-73.97840881347656,40.71354675292969,438.28,1991,1991,2050.55,2531.91,59.55000000000018,43.0799999999997,1.0982933284658203
14592,-73.99153900146483,40.755218505859375,-73.9837417602539,40.76528930664063,253.43,1991,1991,-1.0,-1.0,-1,-1,0.0
14593,-73.96778106689453,40.760417938232415,-73.99838256835938,40.764915466308594,950.18,1991,1991,-1.0,-1.0,-1,-1,0.0
14594,-73.97599029541014,40.74907302856445,-73.96173858642578,40.76811981201172,486.53,1991,1991,2021.75,2508.28,30.75,2.2737367544323206e-13,1.0000000000000004
14595,-73.96407318115234,40.772815704345696,-73.9636459350586,40.75468826293945,766.1,1991,1991,-1.0,-1.0,-1,-1,0.0
14596,-73.98772430419923,40.7408332824707,-74.00090026855469,40.73640060424805,356.82,1991,1991,-1.0,-1.0,-1,-1,0.0
14597,-73.9688720703125,40.76147079467773,-73.98490142822266,40.74809265136719,590.26,1991,1991,2040.33,2630.59,49.32999999999993,2.2737367544323206e-13,1.0000000000000004
14598,-74.00534057617188,40.75123977661133,-74.00476837158203,40.74195098876953,261.16,1991,1991,2014.7,2275.86,23.700000000000045,5.684341886080802e-14,1.0000000000000002
14599,-73.97046661376955,40.75996398925781,-73.97760772705078,40.74978256225585,271.3,1991,1991,2028.54,2299.84,37.539999999999964,1.7053025658242404e-13,1.0000000000000007
14600,-73.97093963623048,40.75508117675781,-73.93708038330078,40.85480880737305,1652.66,1991,1991,-1.0,-1.0,-1,-1,0.0
14601,-73.98149871826173,40.74698257446289,-73.99308776855469,40.72423553466797,620.77,1992,1992,2019.5,2640.27,27.5,0.0,1.0
14602,-74.00149536132812,40.730953216552734,-73.99237060546875,40.74919509887695,501.54,1992,1992,2042.04,2543.58,50.039999999999964,-5.684341886080802e-14,0.9999999999999999
14603,-73.9952163696289,40.71983337402344,-74.00723266601562,40.7408332824707,805.04,1992,1992,-1.0,-1.0,-1,-1,0.0
14604,-74.01024627685547,40.71238327026367,-74.00919342041014,40.72006607055664,227.45,1992,1992,-1.0,-1.0,-1,-1,0.0
14605,-73.95511627197266,40.78587341308594,-73.95435333251955,40.77891540527344,233.75,1992,1992,2051.31,2340.27,59.309999999999945,55.210000000000036,1.2361925133689842
14606,-73.96118927001955,40.78020095825195,-73.95159912109375,40.78281784057617,266.08,1992,1992,2104.05,2370.13,112.05000000000018,-5.684341886080802e-14,0.9999999999999998
14607,-73.98527526855469,40.74747848510742,-73.983154296875,40.714988708496094,883.28,1992,1992,-1.0,-1.0,-1,-1,0.0
14608,-73.99799346923827,40.72549819946289,-73.98824310302734,40.7409782409668,541.12,1993,1993,-1.0,-1.0,-1,-1,0.0
14609,-73.94406890869139,40.77596664428711,-73.98749542236328,40.743125915527344,1103.52,1993,1993,2181.36,3284.8799999999997,188.36000000000013,-4.547473508864641e-13,0.9999999999999996
14610,-73.96571350097656,40.76575088500977,-73.9713134765625,40.75823211669922,233.58,1994,1994,2043.4,2276.98,49.40000000000009,-8.526512829121202e-14,0.9999999999999997
14611,-73.97836303710938,40.752586364746094,-73.96748352050781,40.75233459472656,355.43,1994,1994,2123.62,2479.05,129.6199999999999,2.8421709430404007e-13,1.0000000000000009
14612,-73.98656463623048,40.776817321777344,-73.9822998046875,40.76979064941406,224.41,1994,1994,2026.2599999999998,2276.9599999999996,32.25999999999976,26.28999999999982,1.1171516420836853
14613,-74.00176239013672,40.72124862670898,-73.98985290527344,40.73410034179688,498.2,1994,1994,2022.55,2604.1,28.549999999999955,83.34999999999997,1.1673022882376556
14614,-73.99815368652342,40.72611999511719,-73.99594116210938,40.7588996887207,805.04,1994,1994,2017.62,2896.5299999999997,23.61999999999989,73.86999999999989,1.0917594156812083
14615,-73.96597290039062,40.76519012451172,-74.00243377685547,40.71998596191406,1278.81,1994,1994,-1.0,-1.0,-1,-1,0.0
14616,-73.96321868896483,40.77415084838867,-74.00353240966798,40.72275924682617,1597.49,1995,1995,-1.0,-1.0,-1,-1,0.0
14617,-73.95868682861328,40.77212905883789,-73.98219299316406,40.78303146362305,625.81,1995,1995,-1.0,-1.0,-1,-1,0.0
14618,-73.97522735595702,40.74554443359375,-73.97279357910156,40.73675537109375,302.42,1995,1995,-1.0,-1.0,-1,-1,0.0
14619,-73.98165130615234,40.74090576171875,-73.96221923828125,40.75934982299805,487.59,1995,1995,-1.0,-1.0,-1,-1,0.0
14620,-74.00823974609375,40.70401382446289,-73.96703338623048,40.79851150512695,1718.94,1995,1995,-1.0,-1.0,-1,-1,0.0
14621,-73.99452209472656,40.76593017578125,-73.98552703857422,40.76362609863281,281.37,1995,1995,2132.5,2413.87,137.5,-1.1368683772161603e-13,0.9999999999999996
14622,-73.98233032226562,40.7766990661621,-73.97332763671875,40.78506851196289,297.87,1995,1995,-1.0,-1.0,-1,-1,0.0
14623,-74.00419616699219,40.72092819213867,-73.95521545410156,40.768943786621094,1358.58,1995,1995,-1.0,-1.0,-1,-1,0.0
14624,-73.98947143554686,40.740081787109375,-74.00143432617188,40.73942565917969,337.84,1996,1996,-1.0,-1.0,-1,-1,0.0
14625,-73.97776794433594,40.776798248291016,-73.97154235839844,40.79549026489258,394.12,1996,1996,-1.0,-1.0,-1,-1,0.0
14626,-73.9604263305664,40.769920349121094,-73.95303344726562,40.78261184692383,272.97,1996,1996,2035.42,2308.39,39.42000000000007,-2.2737367544323206e-13,0.9999999999999991
14627,-73.99465942382812,40.75040054321289,-73.9892578125,40.73540878295898,696.83,1996,1996,2167.83,2864.6600000000003,171.82999999999993,3.410605131648481e-13,1.0000000000000004
14628,-73.97875213623048,40.758399963378906,-74.00337982177734,40.732776641845696,755.04,1996,1996,2010.0,2827.8,14.0,62.76000000000022,1.0831214240305151
14629,-74.01093292236328,40.709129333496094,-73.9987030029297,40.73476791381836,555.45,1996,1996,-1.0,-1.0,-1,-1,0.0
14630,-73.96047210693358,40.77066040039063,-73.98963165283203,40.75611114501953,1062.74,1996,1996,2107.5,3170.2400000000002,111.5,2.2737367544323206e-13,1.0000000000000002
14631,-73.97745513916014,40.7465934753418,-73.97238922119139,40.75362777709961,194.62,1996,1996,-1.0,-1.0,-1,-1,0.0
14632,-73.98960876464844,40.757678985595696,-73.95323181152342,40.76776885986328,1012.12,1996,1996,2105.25,3117.37,109.25,-1.1368683772161603e-13,0.9999999999999999
14633,-73.9885482788086,40.77420043945313,-73.97673034667969,40.7867431640625,327.66,1997,1997,-1.0,-1.0,-1,-1,0.0
14634,-74.01185607910156,40.709617614746094,-73.9957046508789,40.73918533325195,614.19,1997,1997,-1.0,-1.0,-1,-1,0.0
14635,-74.00052642822266,40.74262619018555,-73.9875717163086,40.77027893066406,589.98,1997,1997,2028.79,2618.77,31.789999999999964,0.0,1.0
14636,-73.97868347167969,40.7504768371582,-73.94041442871094,40.79729080200195,1009.01,1997,1997,-1.0,-1.0,-1,-1,0.0
14637,-73.97093200683594,40.755348205566406,-73.97565460205078,40.78192901611328,820.56,1998,1998,-1.0,-1.0,-1,-1,0.0
14638,-73.98233032226562,40.778358459472656,-74.00614929199219,40.73426818847656,1115.68,1998,1998,-1.0,-1.0,-1,-1,0.0
14639,-74.00853729248048,40.74565887451172,-73.99514770507811,40.749847412109375,355.64,1998,1998,2107.8,2463.44,109.80000000000018,-1.1368683772161603e-13,0.9999999999999997
14640,-73.97272491455078,40.75895690917969,-73.96480560302734,40.775554656982415,465.9,1998,1998,-1.0,-1.0,-1,-1,0.0
14641,-73.98744201660156,40.74779510498047,-73.97806549072266,40.74897384643555,397.09,1998,1998,2049.86,2504.5,51.86000000000013,57.5499999999999,1.1449293611020168
14642,-73.99272918701173,40.75368118286133,-73.98784637451173,40.76393127441406,348.07,1998,1998,-1.0,-1.0,-1,-1,0.0
14643,-73.95381927490234,40.77869415283203,-73.98149871826173,40.7738037109375,634.3,1999,1999,2407.29,3041.5899999999997,408.28999999999996,-2.2737367544323206e-13,0.9999999999999997
14644,-73.97418975830078,40.78350830078125,-73.956787109375,40.776588439941406,426.76,1999,1999,2014.6100000000001,2441.37,15.610000000000127,-2.2737367544323206e-13,0.9999999999999994
14645,-73.97798156738281,40.74597549438477,-73.98745727539062,40.76948165893555,928.11,1999,1999,-1.0,-1.0,-1,-1,0.0
14646,-73.96337127685547,40.76543045043945,-73.9576187133789,40.779869079589844,322.15,1999,1999,-1.0,-1.0,-1,-1,0.0
14647,-73.96083068847656,40.77988052368164,-73.97142791748048,40.74671936035156,938.61,1999,1999,2046.86,3039.5099999999998,47.8599999999999,54.03999999999985,1.0575744984604893
14648,-73.9890365600586,40.7771110534668,-73.98152160644531,40.7805290222168,229.45,1999,1999,-1.0,-1.0,-1,-1,0.0
14649,-73.9537124633789,40.77935791015625,-73.94108581542969,40.78816223144531,264.36,2000,2000,2042.53,2306.89,42.52999999999997,-1.1368683772161603e-13,0.9999999999999996
14650,-73.97891235351562,40.77730941772461,-73.98837280273438,40.76417922973633,324.9,2000,2000,2051.27,2376.17,51.26999999999998,1.1368683772161603e-13,1.0000000000000004
14651,-73.98662567138672,40.74539566040039,-73.9879379272461,40.75618362426758,460.59,2000,2000,2092.42,2553.0099999999998,92.42000000000007,-2.8421709430404007e-13,0.9999999999999993
14652,-73.95022583007811,40.77648544311523,-73.97023010253906,40.786598205566406,471.54,2000,2000,2029.21,2500.75,29.210000000000036,-5.684341886080802e-14,0.9999999999999999
14653,-73.97631072998048,40.7759017944336,-73.97757720947266,40.7842903137207,244.93,2000,2000,2032.71,2279.46,32.710000000000036,1.8199999999999932,1.0074306944841382
14654,-73.97174835205078,40.74626922607422,-73.9886703491211,40.72721862792969,499.56,2000,2000,-1.0,-1.0,-1,-1,0.0
14655,-73.97225189208984,40.7592887878418,-73.97069549560547,40.79507446289063,916.15,2000,2000,-1.0,-1.0,-1,-1,0.0
14656,-73.97187805175781,40.79673385620117,-73.98039245605469,40.78327560424805,308.07,2000,2000,2165.36,2473.43,165.36000000000013,-2.8421709430404007e-13,0.9999999999999991
14657,-73.97227478027344,40.75654983520508,-73.9847183227539,40.742279052734375,395.8,2001,2001,-1.0,-1.0,-1,-1,0.0
14658,-73.96179962158203,40.76421356201172,-73.98313140869139,40.75047302246094,798.06,2001,2001,2035.6000000000001,2900.52,34.600000000000136,66.8599999999999,1.083778162042954
14659,-73.99077606201173,40.7395133972168,-73.98041534423827,40.74248504638672,346.26,2001,2001,-1.0,-1.0,-1,-1,0.0
14660,-73.99854278564453,40.72951126098633,-73.9994583129883,40.72338104248047,284.7,2001,2001,2093.91,2378.61,92.90999999999985,2.8421709430404007e-13,1.0000000000000009
14661,-74.00385284423827,40.748210906982415,-74.00228118896483,40.72992706298828,535.99,2001,2001,-1.0,-1.0,-1,-1,0.0
14662,-73.96112823486328,40.7689208984375,-73.9525146484375,40.78339767456055,274.81,2001,2001,2044.79,2319.6,43.789999999999964,-5.684341886080802e-14,0.9999999999999998
14663,-73.97325897216798,40.754581451416016,-73.99127960205078,40.7501106262207,588.95,2002,2002,-1.0,-1.0,-1,-1,0.0
14664,-73.98367309570312,40.74365997314453,-73.990478515625,40.72993087768555,363.51,2002,2002,2012.82,2415.58,10.819999999999936,39.25,1.1079750213199087
14665,-73.99456024169923,40.74570846557617,-73.9918670654297,40.727210998535156,606.45,2002,2002,2042.3,2705.63,40.299999999999955,56.88000000000011,1.0937917388078162
14666,-74.00437927246094,40.70744323730469,-73.97711944580078,40.760887145996094,1294.96,2002,2002,-1.0,-1.0,-1,-1,0.0
14667,-73.98086547851562,40.78247833251953,-73.98279571533203,40.77198028564453,238.02,2002,2002,-1.0,-1.0,-1,-1,0.0
14668,-73.96307373046875,40.76023483276367,-73.97698974609375,40.75080871582031,532.39,2002,2002,2017.42,2630.77,15.420000000000073,80.95999999999992,1.1520689719942145
14669,-74.00474548339844,40.74181365966797,-73.98313140869139,40.71886825561523,1056.24,2002,2002,2059.0,3176.7400000000002,57.0,61.50000000000023,1.058225403317428
14670,-73.99555969238281,40.73915100097656,-73.9734115600586,40.78446960449219,1143.01,2003,2003,-1.0,-1.0,-1,-1,0.0
14671,-73.97947692871094,40.78438949584961,-73.96867370605469,40.79889678955078,282.2,2003,2003,2092.13,2374.33,89.13000000000011,-1.7053025658242404e-13,0.9999999999999994
14672,-74.00762939453125,40.751670837402344,-73.9872817993164,40.752349853515625,610.75,2003,2003,2217.67,2828.42,214.67000000000007,0.0,1.0
14673,-74.00399780273438,40.72246170043945,-74.00160217285155,40.746681213378906,671.54,2003,2003,2010.0,2766.46,7.0,84.92000000000007,1.1264556094945946
14674,-73.97383880615234,40.77904510498047,-73.9595718383789,40.80614471435547,566.75,2003,2003,2035.72,2622.74,32.72000000000003,20.269999999999754,1.0357653286281425
14675,-73.99191284179686,40.749107360839844,-74.00558471679686,40.74014663696289,448.44,2003,2003,2041.54,2489.98,38.539999999999964,5.684341886080802e-14,1.0000000000000002
14676,-73.98400115966798,40.74650573730469,-73.93466186523438,40.84465026855469,1732.79,2003,2003,-1.0,-1.0,-1,-1,0.0
14677,-74.00383758544923,40.71661758422852,-74.000244140625,40.73524856567383,407.32,2003,2003,-1.0,-1.0,-1,-1,0.0
14678,-73.9856719970703,40.74113845825195,-73.97884368896483,40.75365829467773,367.71,2003,2003,-1.0,-1.0,-1,-1,0.0
14679,-73.95814514160156,40.76866912841797,-73.9688491821289,40.760826110839844,400.5,2004,2004,2010.0,2410.5,6.0,0.0,1.0
14680,-73.96141815185547,40.77027130126953,-73.97087860107422,40.79579162597656,708.15,2004,2004,-1.0,-1.0,-1,-1,0.0
14681,-73.98822784423827,40.71847915649415,-73.98445129394531,40.72962188720703,286.11,2004,2004,2066.13,2352.2400000000002,62.13000000000011,1.1368683772161603e-13,1.0000000000000004
14682,-74.00846099853516,40.721290588378906,-73.98995971679686,40.743263244628906,686.16,2004,2004,-1.0,-1.0,-1,-1,0.0
14683,-73.95462036132812,40.76715087890625,-73.99342346191406,40.7415885925293,1037.45,2004,2004,2035.0,3072.45,31.0,-2.2737367544323206e-13,0.9999999999999998
14684,-73.95111846923827,40.77043151855469,-73.96263885498048,40.77816009521485,422.5,2004,2004,2010.0,2432.5,6.0,0.0,1.0
14685,-73.96981048583984,40.753089904785156,-73.9799270629883,40.7393684387207,273.5,2004,2004,2049.46,2322.96,45.460000000000036,0.0,1.0
14686,-74.0027084350586,40.72868347167969,-73.99250030517578,40.73880004882813,321.83,2004,2004,-1.0,-1.0,-1,-1,0.0
14687,-73.97412109375,40.75666809082031,-73.98825073242188,40.774768829345696,814.53,2004,2004,-1.0,-1.0,-1,-1,0.0
14688,-73.9691390991211,40.75743103027344,-73.95494842529298,40.77743148803711,398.39,2004,2004,2023.17,2421.56,19.170000000000073,-1.1368683772161603e-13,0.9999999999999997
14689,-73.96385955810547,40.77109909057617,-73.96976470947266,40.76314926147461,261.03,2004,2004,2025.84,2286.87,21.839999999999918,0.0,1.0
14690,-73.99040222167969,40.72970962524415,-74.00514221191406,40.72668838500977,512.69,2005,2005,-1.0,-1.0,-1,-1,0.0
14691,-73.97746276855469,40.758888244628906,-73.96952056884766,40.76454162597656,336.49,2005,2005,-1.0,-1.0,-1,-1,0.0
14692,-73.99174499511719,40.74451446533203,-73.98656463623048,40.75170135498047,204.16,2005,2005,2060.86,2265.02,55.86000000000013,-1.4210854715202004e-13,0.9999999999999993
14693,-74.00881958007811,40.71614074707031,-73.99437713623048,40.72419357299805,566.42,2005,2005,-1.0,-1.0,-1,-1,0.0
14694,-73.95643615722656,40.78146362304688,-73.96939086914062,40.766502380371094,495.16,2005,2005,2037.72,2592.1800000000003,32.72000000000003,59.30000000000024,1.1197592697309966
14695,-73.96121215820312,40.78009033203125,-73.95330810546875,40.77676010131836,251.92,2005,2005,2622.75,2874.67,617.75,8.526512829121202e-14,1.0000000000000004
14696,-73.96299743652342,40.777488708496094,-73.96112060546875,40.76982116699219,310.86,2006,2006,2025.46,2336.32,19.460000000000036,1.1368683772161603e-13,1.0000000000000004
14697,-73.97049713134766,40.79644775390625,-73.95674896240234,40.77660369873047,631.86,2006,2006,-1.0,-1.0,-1,-1,0.0
14698,-73.95639038085938,40.76338577270508,-73.94971466064453,40.76209259033203,435.2,2006,2006,2238.67,2673.87,232.67000000000007,-1.7053025658242404e-13,0.9999999999999996
14699,-74.00820922851562,40.72404479980469,-74.00228118896483,40.7503776550293,438.74,2006,2006,-1.0,-1.0,-1,-1,0.0
14700,-73.99081420898438,40.75603866577149,-73.9824676513672,40.77975082397461,603.86,2006,2006,2119.92,2723.7799999999997,113.92000000000007,-3.410605131648481e-13,0.9999999999999994
14701,-73.9754409790039,40.78017807006836,-73.98229217529298,40.77268600463867,185.12,2006,2006,2055.55,2296.45,49.55000000000018,55.77999999999963,1.3013180639585114
14702,-73.98217010498048,40.74752807617188,-73.94896697998048,40.774089813232415,920.97,2006,2006,-1.0,-1.0,-1,-1,0.0
14703,-73.98140716552734,40.72488021850585,-73.98816680908203,40.720039367675774,284.01,2006,2006,2194.68,2478.69,188.67999999999984,2.2737367544323206e-13,1.0000000000000009
14704,-73.9601821899414,40.76606750488281,-73.98248291015625,40.75156021118164,826.52,2006,2006,2012.05,2838.57,6.0499999999999545,2.2737367544323206e-13,1.0000000000000002
14705,-74.00830841064453,40.716663360595696,-73.99215698242188,40.764305114746094,895.82,2006,2006,-1.0,-1.0,-1,-1,0.0
14706,-73.99604797363281,40.74853897094727,-74.00570678710938,40.73786926269531,384.5,2006,2006,2206.04,2590.54,200.03999999999996,0.0,1.0
14707,-73.98088836669923,40.742183685302734,-73.9818801879883,40.75660705566406,607.12,2006,2006,2063.83,2687.99,57.82999999999993,17.03999999999985,1.028066938990644
14708,-73.99398803710938,40.761627197265625,-73.98372650146483,40.7646713256836,281.16,2006,2006,2021.53,2312.87,15.529999999999973,10.179999999999893,1.0362071418409442
14709,-73.97822570800781,40.763755798339844,-73.99880981445312,40.76107025146485,585.26,2006,2006,2059.1,2644.36,53.09999999999991,2.2737367544323206e-13,1.0000000000000004
14710,-73.98883819580078,40.74895095825195,-73.98726654052734,40.75942611694336,403.39,2007,2007,2057.11,2528.17,50.11000000000013,67.66999999999996,1.1677532908599617
14711,-73.98388671875,40.7491340637207,-73.99180603027342,40.73847579956055,202.38,2007,2007,-1.0,-1.0,-1,-1,0.0
14712,-74.00826263427734,40.72990417480469,-74.00483703613281,40.75199890136719,484.58,2007,2007,2226.58,2711.16,219.57999999999993,-5.684341886080802e-14,0.9999999999999999
14713,-73.96599578857422,40.766151428222656,-73.95365905761719,40.76679611206055,323.63,2007,2007,2048.35,2375.65,41.34999999999991,3.6700000000001864,1.0113401106201532
14714,-73.98994445800781,40.735389709472656,-73.98844146728516,40.72744369506836,284.96,2007,2007,2119.21,2404.17,112.21000000000004,5.684341886080802e-14,1.0000000000000002
14715,-73.98164367675781,40.766849517822266,-73.97833251953125,40.74834442138672,761.92,2007,2007,2039.13,2843.18,32.13000000000011,42.12999999999977,1.0552945191096175
14716,-73.9808349609375,40.77446365356445,-73.96722412109375,40.789417266845696,481.95,2007,2007,-1.0,-1.0,-1,-1,0.0
14717,-73.97637939453125,40.74861145019531,-73.97007751464845,40.756874084472656,245.33,2007,2007,2058.15,2303.48,51.15000000000009,-8.526512829121202e-14,0.9999999999999997
14718,-73.98867797851562,40.73720932006836,-74.00321960449219,40.73884963989258,447.46,2007,2007,2058.49,2513.79,51.48999999999978,7.840000000000202,1.0175211192061864
14719,-73.98332977294923,40.73035049438477,-73.9922332763672,40.76158142089844,1040.58,2007,2007,-1.0,-1.0,-1,-1,0.0
14720,-73.96600341796875,40.75975036621094,-73.96366882324219,40.76432800292969,182.99,2007,2007,-1.0,-1.0,-1,-1,0.0
14721,-74.01168060302734,40.70382308959961,-73.97550201416014,40.7328987121582,546.12,2008,2008,-1.0,-1.0,-1,-1,0.0
14722,-73.9789047241211,40.77272033691406,-73.98797607421875,40.744529724121094,873.11,2008,2008,-1.0,-1.0,-1,-1,0.0
14723,-74.00980377197266,40.720741271972656,-73.99067687988281,40.73807144165039,725.67,2008,2008,-1.0,-1.0,-1,-1,0.0
14724,-73.97499084472656,40.76336288452149,-73.98074340820312,40.75381851196289,293.79,2008,2008,2048.68,2342.4700000000003,40.679999999999836,3.979039320256561e-13,1.0000000000000013
14725,-73.9791030883789,40.74469375610352,-73.9608383178711,40.76951599121094,624.31,2008,2008,2042.99,2667.3,34.99000000000001,2.2737367544323206e-13,1.0000000000000004
14726,-73.99696350097656,40.73152542114258,-74.00788879394531,40.75151443481445,676.9,2008,2008,2211.24,2888.1400000000003,203.23999999999978,5.684341886080801e-13,1.0000000000000009
14727,-73.99561309814453,40.759498596191406,-73.9795913696289,40.79050064086913,640.44,2008,2008,2011.36,2659.4,3.3599999999999,7.600000000000136,1.0118668415464371
14728,-74.00850677490234,40.74498748779297,-74.00433349609375,40.72102737426758,526.07,2008,2008,2174.95,2701.02,166.94999999999982,1.1368683772161603e-13,1.0000000000000002
14729,-73.97952270507811,40.78438949584961,-73.96355438232422,40.755271911621094,1097.65,2008,2008,-1.0,-1.0,-1,-1,0.0
14730,-73.9849624633789,40.74805068969727,-73.97982025146483,40.74974060058594,237.42,2008,2008,-1.0,-1.0,-1,-1,0.0
14731,-73.9906997680664,40.72435760498047,-73.97917938232422,40.761802673339844,1127.98,2008,2008,-1.0,-1.0,-1,-1,0.0
14732,-73.97964477539062,40.781734466552734,-73.96662139892578,40.79234313964844,250.58,2009,2009,2010.0,2304.38,1.0,43.8000000000001,1.1747944768137923
14733,-73.9471435546875,40.7808837890625,-73.95420837402342,40.76410675048828,393.98,2009,2009,2201.9900000000002,2595.97,192.99000000000024,-4.547473508864641e-13,0.9999999999999989
14734,-74.0110855102539,40.70267868041992,-73.99539947509766,40.72394943237305,691.13,2009,2009,-1.0,-1.0,-1,-1,0.0
14735,-73.98152160644531,40.75866317749024,-73.95587158203125,40.78487014770508,753.56,2010,2010,2010.0,2763.56,0.0,0.0,1.0
14736,-73.96394348144531,40.77437973022461,-73.95893859863281,40.76816940307617,312.5,2010,2010,2040.76,2353.26,30.75999999999999,2.2737367544323206e-13,1.0000000000000007
14737,-73.99222564697266,40.72516250610352,-73.981201171875,40.73723220825195,379.03,2010,2010,2153.62,2532.65,143.6199999999999,2.2737367544323206e-13,1.0000000000000007
14738,-74.01599884033203,40.714942932128906,-73.99943542480467,40.72343826293945,565.7,2010,2010,-1.0,-1.0,-1,-1,0.0
14739,-73.95361328125,40.77523040771485,-73.9609375,40.77004623413085,230.96,2010,2010,2034.38,2265.34,24.38000000000011,2.842170943040401e-14,1.0000000000000002
14740,-73.98651123046875,40.74938201904297,-73.94853210449219,40.78323745727539,1151.0,2010,2010,2038.1299999999999,3224.52,28.12999999999988,35.3900000000001,1.0307471763683753
14741,-73.98178100585938,40.778335571289055,-73.96942138671875,40.78619384765625,303.72,2010,2010,2040.6100000000001,2344.33,30.610000000000127,-2.2737367544323206e-13,0.9999999999999992
14742,-73.96448516845702,40.79220962524415,-73.98524475097656,40.773624420166016,573.91,2011,2011,2040.0,2613.91,29.0,-1.1368683772161603e-13,0.9999999999999998
14743,-73.98162841796875,40.7808952331543,-73.98388671875,40.76953125,255.22,2011,2011,2040.1,2295.32,29.09999999999991,2.5579538487363607e-13,1.000000000000001
14744,-73.9873504638672,40.738075256347656,-73.9902801513672,40.71973037719727,696.08,2011,2011,-1.0,-1.0,-1,-1,0.0
14745,-73.9838638305664,40.76144027709961,-73.9731216430664,40.748695373535156,732.62,2011,2011,-1.0,-1.0,-1,-1,0.0
14746,-73.98136138916014,40.755130767822266,-73.97714233398438,40.75883865356445,274.5,2011,2011,-1.0,-1.0,-1,-1,0.0
14747,-73.97885131835938,40.76678085327149,-73.9543228149414,40.7840690612793,715.35,2011,2011,-1.0,-1.0,-1,-1,0.0
14748,-73.97525024414062,40.78747940063477,-73.95040893554686,40.795406341552734,529.29,2011,2011,2052.89,2598.08,41.88999999999987,15.900000000000091,1.030040242589129
14749,-73.95545959472656,40.779502868652344,-73.97334289550781,40.78962707519531,420.98,2011,2011,2046.22,2467.2,35.22000000000003,-2.2737367544323206e-13,0.9999999999999994
14750,-73.96478271484375,40.760108947753906,-73.96221923828125,40.767738342285156,263.69,2011,2011,-1.0,-1.0,-1,-1,0.0
14751,-73.96826934814453,40.75520706176758,-73.99078369140625,40.7507438659668,731.95,2011,2011,2116.29,2848.2400000000002,105.28999999999996,2.2737367544323206e-13,1.0000000000000002
14752,-73.96149444580078,40.76909255981445,-73.97196960449219,40.75755310058594,439.75,2011,2011,-1.0,-1.0,-1,-1,0.0
14753,-73.98238372802734,40.77117156982422,-73.98084259033203,40.76528930664063,245.07,2012,2012,2064.08,2309.15,52.07999999999993,1.7053025658242404e-13,1.0000000000000007
14754,-74.008544921875,40.71138000488281,-74.00626373291014,40.71685028076172,205.33,2012,2012,-1.0,-1.0,-1,-1,0.0
14755,-73.95976257324219,40.77105712890625,-73.94969177246094,40.77704620361328,239.36,2012,2012,2056.96,2315.84,44.960000000000036,19.520000000000095,1.0815508021390379
14756,-74.00123596191406,40.731121063232415,-73.99123382568358,40.73162460327149,281.92,2012,2012,-1.0,-1.0,-1,-1,0.0
14757,-73.97399139404298,40.76238250732422,-73.98605346679686,40.75179290771485,454.43,2012,2012,-1.0,-1.0,-1,-1,0.0
14758,-73.99140167236328,40.72737121582031,-73.9735336303711,40.74393081665039,455.92,2012,2012,2112.33,2568.25,100.32999999999993,5.684341886080802e-14,1.0000000000000002
14759,-73.95984649658203,40.76262283325195,-73.95510864257811,40.7994384765625,868.91,2012,2012,2059.58,2928.4900000000002,47.57999999999993,3.410605131648481e-13,1.0000000000000004
14760,-73.98088073730467,40.78667449951172,-73.98284149169923,40.773338317871094,351.14,2012,2012,-1.0,-1.0,-1,-1,0.0
14761,-73.98959350585938,40.72604751586913,-73.98749542236328,40.721534729003906,248.75,2013,2013,2041.54,2290.29,28.539999999999964,0.0,1.0
14762,-74.00757598876955,40.72647476196289,-74.00408935546875,40.74283218383789,363.91,2013,2013,-1.0,-1.0,-1,-1,0.0
14763,-73.97323608398438,40.74403762817383,-73.96552276611328,40.757789611816406,305.56,2013,2013,2044.26,2349.82,31.25999999999999,1.7053025658242404e-13,1.0000000000000007
14764,-73.99337768554686,40.73316955566406,-73.96356964111328,40.75775909423828,821.29,2013,2013,-1.0,-1.0,-1,-1,0.0
14765,-73.98200225830078,40.773780822753906,-73.9970703125,40.74074935913085,887.33,2013,2013,2066.35,2953.68,53.34999999999991,-1.1368683772161603e-13,0.9999999999999999
14766,-73.97161865234375,40.76628112792969,-73.99555969238281,40.73360061645508,807.89,2013,2013,-1.0,-1.0,-1,-1,0.0
14767,-73.96678924560547,40.75328826904297,-73.98761749267578,40.735450744628906,650.29,2013,2013,-1.0,-1.0,-1,-1,0.0
14768,-73.99288177490234,40.72357177734375,-73.9959716796875,40.70916366577149,613.56,2013,2013,-1.0,-1.0,-1,-1,0.0
14769,-73.95104217529298,40.77078247070313,-73.95609283447266,40.77874374389648,304.11,2013,2013,2071.51,2375.62,58.51000000000022,-3.410605131648481e-13,0.9999999999999989
14770,-73.95449829101562,40.78953552246094,-73.98117828369139,40.7784423828125,551.22,2014,2014,2190.75,2741.97,176.75,-2.2737367544323206e-13,0.9999999999999996
14771,-74.00162506103516,40.741058349609375,-73.9910659790039,40.75593185424805,411.97,2014,2014,2137.42,2549.39,123.42000000000007,-2.2737367544323206e-13,0.9999999999999994
14772,-73.99433898925781,40.73508071899415,-73.99015045166014,40.74654006958008,331.33,2014,2014,2163.5,2494.83,149.5,-5.684341886080802e-14,0.9999999999999998
14773,-73.95205688476562,40.7771110534668,-73.96967315673827,40.764408111572266,563.76,2014,2014,2120.59,2684.35,106.59000000000015,-2.2737367544323206e-13,0.9999999999999996
14774,-73.96709442138672,40.772308349609375,-73.96613311767578,40.75507736206055,696.13,2014,2014,2072.12,2795.4700000000003,58.11999999999989,27.22000000000037,1.03910189188801
14775,-73.97891998291014,40.759441375732415,-73.96351623535155,40.76583862304688,566.92,2014,2014,-1.0,-1.0,-1,-1,0.0
14776,-73.96595001220702,40.79317855834961,-73.98259735107422,40.77228927612305,415.12,2014,2014,2269.64,2684.7599999999998,255.63999999999987,-1.1368683772161603e-13,0.9999999999999998
14777,-74.00724792480467,40.70524978637695,-74.00392913818358,40.74673080444336,848.65,2014,2014,2134.18,2982.83,120.17999999999984,1.1368683772161603e-13,1.0000000000000002
14778,-73.97187042236328,40.765640258789055,-73.98381042480467,40.760078430175774,439.42,2015,2015,2051.6899999999996,2565.41,36.6899999999996,74.30000000000024,1.1690865231441452
14779,-73.9983901977539,40.745429992675774,-74.0060806274414,40.750038146972656,225.43,2015,2015,-1.0,-1.0,-1,-1,0.0
14780,-73.98799896240234,40.769886016845696,-73.98826599121094,40.75991439819336,372.32,2015,2015,-1.0,-1.0,-1,-1,0.0
14781,-73.9932632446289,40.76279067993164,-74.0086898803711,40.74060821533203,757.37,2015,2015,2192.93,2950.3,177.92999999999984,3.410605131648481e-13,1.0000000000000004
14782,-73.99886322021484,40.74497604370117,-73.98522186279298,40.77601623535156,670.95,2015,2015,2118.33,2789.28,103.32999999999993,2.2737367544323206e-13,1.0000000000000004
14783,-74.00980377197266,40.70345306396485,-73.99810028076173,40.7136344909668,285.29,2015,2015,-1.0,-1.0,-1,-1,0.0
14784,-73.9913558959961,40.727012634277344,-73.98076629638672,40.73376846313477,285.95,2016,2016,-1.0,-1.0,-1,-1,0.0
14785,-73.98281860351562,40.76934814453125,-73.97835540771484,40.75855255126953,469.28,2016,2016,2060.02,2529.3,44.01999999999998,2.2737367544323206e-13,1.0000000000000004
14786,-73.95416259765625,40.77902221679688,-73.94424438476562,40.79222106933594,186.66,2016,2016,2072.12,2258.78,56.11999999999989,3.126388037344441e-13,1.0000000000000018
14787,-73.95744323730467,40.765960693359375,-73.98609924316406,40.72790908813477,910.44,2016,2016,2129.92,3040.36,113.92000000000007,0.0,1.0
14788,-73.97205352783203,40.75962829589844,-73.98114776611328,40.7473030090332,437.63,2016,2016,-1.0,-1.0,-1,-1,0.0
14789,-73.99653625488281,40.72553634643555,-74.00389099121094,40.73776626586913,413.76,2016,2016,2137.04,2550.8,121.03999999999996,2.2737367544323206e-13,1.0000000000000004
14790,-74.01103973388672,40.708831787109375,-73.98722839355469,40.72231674194336,718.98,2016,2016,-1.0,-1.0,-1,-1,0.0
14791,-73.98310852050781,40.78175735473633,-73.97702026367188,40.77514266967773,303.54,2017,2017,2105.62,2409.16,88.61999999999989,-5.684341886080802e-14,0.9999999999999998
14792,-73.99400329589844,40.75124740600585,-73.95956420898438,40.771087646484375,1051.24,2017,2017,-1.0,-1.0,-1,-1,0.0
14793,-73.95587158203125,40.77928161621094,-73.9510269165039,40.774818420410156,251.13,2017,2017,2095.25,2346.38,78.25,1.1368683772161603e-13,1.0000000000000004
14794,-73.9618148803711,40.76427841186523,-73.96540832519531,40.755130767822266,319.09,2017,2017,-1.0,-1.0,-1,-1,0.0
14795,-73.97783660888672,40.7579231262207,-74.00282287597656,40.760501861572266,724.75,2017,2017,2040.0,2764.75,23.0,0.0,1.0
14796,-73.98200988769531,40.73649597167969,-74.0081558227539,40.73786544799805,749.33,2018,2018,2074.07,2877.54,56.070000000000164,54.13999999999976,1.0722512110818996
14797,-73.98934936523438,40.75256729125977,-73.9879608154297,40.74391174316406,329.58,2018,2018,-1.0,-1.0,-1,-1,0.0
14798,-73.98882293701173,40.75852966308594,-73.98075866699219,40.7647705078125,273.63,2018,2018,-1.0,-1.0,-1,-1,0.0
14799,-73.94908905029298,40.78838348388672,-73.95216369628906,40.79220581054688,249.58,2018,2018,-1.0,-1.0,-1,-1,0.0
14800,-73.98450469970702,40.73703002929688,-73.97440338134766,40.75071716308594,333.17,2018,2018,2054.96,2388.13,36.960000000000036,5.684341886080802e-14,1.0000000000000002
14801,-73.95706939697266,40.7742576599121,-73.97575378417969,40.78217315673828,405.41,2018,2018,2066.9300000000003,2472.34,48.93000000000029,-1.7053025658242404e-13,0.9999999999999996
14802,-74.00765991210938,40.74103927612305,-73.99014282226562,40.74208068847656,559.3,2019,2019,2211.9,2771.2,192.9000000000001,-2.2737367544323206e-13,0.9999999999999996
14803,-73.99465179443358,40.74351119995117,-73.9867630004883,40.750247955322266,290.62,2019,2019,2086.33,2376.95,67.32999999999993,-1.1368683772161603e-13,0.9999999999999996
14804,-73.9900665283203,40.72020721435547,-73.99288177490234,40.71442794799805,256.3,2019,2019,2483.86,2740.16,464.8600000000001,-2.8421709430404007e-13,0.9999999999999989
14805,-73.9676742553711,40.766075134277344,-73.97210693359375,40.75492858886719,435.17,2019,2019,-1.0,-1.0,-1,-1,0.0
14806,-73.98363494873048,40.74403381347656,-73.9817123413086,40.763038635253906,723.34,2019,2019,2040.0,2763.34,21.0,1.1368683772161603e-13,1.0000000000000002
14807,-73.94739532470702,40.77606964111328,-73.97039031982422,40.78826522827149,595.25,2019,2019,-1.0,-1.0,-1,-1,0.0
14808,-73.9514923095703,40.78615951538085,-73.97335815429686,40.78955841064453,532.7,2019,2019,2134.67,2667.37,115.67000000000007,-2.2737367544323206e-13,0.9999999999999996
14809,-73.95701599121094,40.77066421508789,-73.99930572509766,40.73013687133789,1306.83,2020,2020,-1.0,-1.0,-1,-1,0.0
14810,-73.9973373413086,40.72214889526367,-73.95980072021484,40.76266098022461,943.21,2020,2020,-1.0,-1.0,-1,-1,0.0
14811,-73.99109649658203,40.74211883544922,-73.98594665527344,40.73086166381836,364.39,2020,2020,-1.0,-1.0,-1,-1,0.0
14812,-74.00728607177734,40.74322128295898,-73.99019622802734,40.746376037597656,422.68,2020,2020,2062.83,2485.5099999999998,42.82999999999993,-1.7053025658242404e-13,0.9999999999999996
14813,-74.01092529296875,40.709190368652344,-73.99114227294923,40.744983673095696,792.07,2020,2020,-1.0,-1.0,-1,-1,0.0
14814,-73.98023223876955,40.78591537475585,-73.9454574584961,40.78229141235352,857.74,2020,2020,2106.0,2963.74,86.0,-2.2737367544323206e-13,0.9999999999999998
14815,-73.98165130615234,40.74679565429688,-73.99054718017578,40.756141662597656,517.33,2020,2020,2072.75,2590.08,52.75,-1.1368683772161603e-13,0.9999999999999998
14816,-73.94406127929686,40.77598190307617,-73.96312713623048,40.76789855957031,574.7,2021,2021,-1.0,-1.0,-1,-1,0.0
14817,-73.99665069580078,40.741905212402344,-73.9876708984375,40.74397659301758,337.25,2021,2021,-1.0,-1.0,-1,-1,0.0
14818,-73.99289703369139,40.75627899169922,-73.97452545166014,40.75720596313477,688.85,2021,2021,-1.0,-1.0,-1,-1,0.0
14819,-73.95809173583984,40.77627944946289,-73.96942138671875,40.760520935058594,451.61,2021,2021,2041.69,2493.3,20.690000000000055,1.1368683772161603e-13,1.0000000000000002
14820,-74.00008392333984,40.73799514770508,-74.00811767578125,40.738075256347656,289.71,2021,2021,2071.12,2399.5299999999997,50.11999999999989,38.699999999999875,1.1335818577197883
14821,-74.00333404541014,40.727352142333984,-74.008056640625,40.734130859375,291.93,2021,2021,-1.0,-1.0,-1,-1,0.0
14822,-73.95952606201173,40.77387619018555,-73.96590423583984,40.76514434814453,240.74,2022,2022,2052.51,2293.25,30.51000000000022,-2.2737367544323206e-13,0.999999999999999
14823,-73.98686218261719,40.7252311706543,-73.96044158935547,40.761543273925774,631.56,2022,2022,2050.51,2682.0699999999997,28.51000000000022,-4.547473508864641e-13,0.9999999999999993
14824,-73.97874450683594,40.74775695800781,-74.0053176879883,40.74986267089844,755.76,2022,2022,-1.0,-1.0,-1,-1,0.0
14825,-73.94046783447266,40.793472290039055,-73.96500396728516,40.80108642578125,673.91,2022,2022,2127.67,2801.5800000000004,105.67000000000007,3.410605131648481e-13,1.0000000000000004
14826,-73.97261047363281,40.78674697875977,-73.97911834716798,40.78355026245117,200.42,2022,2022,2059.23,2269.36,37.23000000000002,9.710000000000122,1.0484482586568213
14827,-73.99024963378906,40.767356872558594,-74.00460815429686,40.751895904541016,394.68,2023,2023,-1.0,-1.0,-1,-1,0.0
14828,-73.9896240234375,40.752235412597656,-74.0015869140625,40.73561477661133,365.1,2023,2023,-1.0,-1.0,-1,-1,0.0
14829,-74.00816345214845,40.71635055541992,-74.00266265869139,40.73432922363281,473.41,2023,2023,-1.0,-1.0,-1,-1,0.0
14830,-73.96900939941406,40.76144027709961,-73.98745727539062,40.74388885498047,649.64,2023,2023,2040.33,2698.97,17.329999999999927,8.999999999999886,1.0138538267348067
14831,-73.97933197021484,40.7373046875,-73.99290466308595,40.74308395385742,465.58,2023,2023,2151.63,2617.21,128.6300000000001,-5.684341886080802e-14,0.9999999999999999
14832,-73.93843078613281,40.796165466308594,-73.94537353515625,40.790958404541016,182.68,2023,2023,-1.0,-1.0,-1,-1,0.0
14833,-73.99303436279298,40.742618560791016,-73.99343872070312,40.72558975219727,562.0,2023,2023,-1.0,-1.0,-1,-1,0.0
14834,-73.99136352539062,40.75020980834961,-73.98101043701173,40.74206924438477,519.32,2023,2023,2062.47,2581.79,39.4699999999998,1.1368683772161603e-13,1.0000000000000002
14835,-73.98068237304686,40.78314971923828,-74.00676727294923,40.754749298095696,725.17,2023,2023,2106.7,2831.87,83.69999999999982,1.1368683772161603e-13,1.0000000000000002
14836,-73.9886474609375,40.74293899536133,-74.01336669921875,40.71442031860352,858.02,2023,2023,2064.71,2922.73,41.710000000000036,0.0,1.0
14837,-73.97316741943358,40.74774932861328,-73.98680114746094,40.739601135253906,362.42,2023,2023,-1.0,-1.0,-1,-1,0.0
14838,-73.9631576538086,40.76919174194336,-73.99483489990234,40.71871566772461,1360.78,2024,2024,2061.97,3478.08,37.9699999999998,55.330000000000155,1.0406605035347376
14839,-73.98372650146483,40.76805114746094,-73.97190856933594,40.78171157836913,330.2,2024,2024,2050.79,2413.37,26.789999999999964,32.37999999999994,1.098061780738946
14840,-73.9601058959961,40.77549743652344,-73.9727783203125,40.764949798583984,413.72,2024,2024,-1.0,-1.0,-1,-1,0.0
14841,-73.95478057861328,40.78420639038085,-73.96757507324219,40.7660026550293,450.42,2024,2024,2096.58,2547.0,72.57999999999993,5.684341886080802e-14,1.0000000000000002
14842,-73.99169921875,40.75419235229492,-73.99594116210938,40.73504638671875,611.34,2024,2024,-1.0,-1.0,-1,-1,0.0
14843,-73.98551177978516,40.74150466918945,-74.00825500488281,40.71211624145508,837.03,2025,2025,-1.0,-1.0,-1,-1,0.0
14844,-73.96324157714845,40.77465438842773,-73.98155212402342,40.77328872680664,465.03,2025,2025,-1.0,-1.0,-1,-1,0.0
14845,-74.0042724609375,40.742454528808594,-73.99198150634766,40.72586441040039,741.01,2025,2025,2040.5800000000002,2781.59,15.580000000000155,0.0,1.0
14846,-73.9701614379883,40.79714965820313,-73.9597396850586,40.80859756469727,264.6,2025,2025,2083.68,2398.13,58.679999999999836,49.85000000000025,1.188397581254725
14847,-73.96235656738281,40.76345825195313,-73.96168518066406,40.755725860595696,278.67,2025,2025,-1.0,-1.0,-1,-1,0.0
14848,-74.00747680664062,40.72692108154297,-74.00463104248048,40.74163818359375,325.08,2025,2025,-1.0,-1.0,-1,-1,0.0
14849,-73.95376586914062,40.775203704833984,-73.98674011230467,40.73692321777344,1028.78,2025,2025,2226.62,3255.4,201.6199999999999,2.2737367544323206e-13,1.0000000000000002
14850,-74.00897216796875,40.718971252441406,-73.96969604492188,40.80006408691406,1309.06,2025,2025,-1.0,-1.0,-1,-1,0.0
14851,-73.98869323730467,40.76891326904297,-73.9701919555664,40.76130676269531,519.7,2025,2025,2050.62,2570.32,25.61999999999989,2.2737367544323206e-13,1.0000000000000004
14852,-73.97731018066406,40.750652313232415,-74.00550842285155,40.7406120300293,780.17,2025,2025,-1.0,-1.0,-1,-1,0.0
14853,-73.96636199951173,40.7646484375,-73.9818344116211,40.7435417175293,556.8,2025,2025,2083.65,2640.45,58.65000000000009,-2.2737367544323206e-13,0.9999999999999996
14854,-73.97759246826173,40.754188537597656,-73.9652786254883,40.76900863647461,527.31,2026,2026,-1.0,-1.0,-1,-1,0.0
14855,-73.98292541503906,40.73868942260742,-74.00789642333984,40.75138473510742,742.37,2026,2026,-1.0,-1.0,-1,-1,0.0
14856,-73.95467376708984,40.76388168334961,-73.97306823730467,40.75541687011719,594.62,2026,2026,-1.0,-1.0,-1,-1,0.0
14857,-73.99520874023438,40.72333908081055,-74.01113891601562,40.71340942382813,583.6,2026,2026,2102.79,2686.39,76.78999999999996,-1.1368683772161603e-13,0.9999999999999998
14858,-74.00499725341797,40.74827575683594,-73.98048400878906,40.75003433227539,637.25,2026,2026,2069.46,2713.75,43.460000000000036,7.039999999999964,1.01104746959592
14859,-74.00108337402342,40.71992874145508,-73.98587036132812,40.74705123901367,854.58,2026,2026,-1.0,-1.0,-1,-1,0.0
14860,-74.009033203125,40.7464714050293,-73.9925765991211,40.73047637939453,743.17,2026,2026,-1.0,-1.0,-1,-1,0.0
14861,-73.97645568847656,40.75102615356445,-73.99880981445312,40.749855041503906,666.19,2026,2026,-1.0,-1.0,-1,-1,0.0
14862,-74.00299835205078,40.74320983886719,-73.99507904052734,40.72488021850585,730.79,2026,2026,2065.92,2796.71,39.92000000000007,0.0,1.0
14863,-73.96834564208984,40.762657165527344,-73.98045349121094,40.737884521484375,594.09,2027,2027,-1.0,-1.0,-1,-1,0.0
14864,-73.9873504638672,40.74177932739258,-73.99165344238281,40.74909973144531,393.17,2027,2027,-1.0,-1.0,-1,-1,0.0
14865,-73.9886016845703,40.75387954711913,-73.98845672607422,40.74676132202149,349.56,2027,2027,-1.0,-1.0,-1,-1,0.0
14866,-73.98919677734375,40.77110290527344,-73.99266815185547,40.755046844482415,493.68,2027,2027,2976.16,3469.84,949.1599999999999,2.8421709430404007e-13,1.0000000000000007
14867,-73.97332763671875,40.76382064819336,-73.96067047119139,40.76987838745117,398.89,2027,2027,-1.0,-1.0,-1,-1,0.0
14868,-73.9654769897461,40.76303482055664,-73.95872497558594,40.7783317565918,367.06,2027,2027,-1.0,-1.0,-1,-1,0.0
14869,-73.99413299560547,40.75114822387695,-73.98204040527344,40.77507781982422,641.0,2027,2027,-1.0,-1.0,-1,-1,0.0
14870,-73.98123931884766,40.758804321289055,-74.00393676757811,40.73162460327149,799.05,2027,2027,-1.0,-1.0,-1,-1,0.0
14871,-74.00431823730467,40.724830627441406,-73.99345397949219,40.74236679077149,366.7,2028,2028,-1.0,-1.0,-1,-1,0.0
14872,-73.96161651611328,40.77418899536133,-73.94834899902342,40.774261474609375,399.29,2028,2028,-1.0,-1.0,-1,-1,0.0
14873,-74.00843811035155,40.71432876586913,-73.9794692993164,40.74374008178711,944.06,2028,2028,-1.0,-1.0,-1,-1,0.0
14874,-73.98638153076173,40.7618408203125,-73.94976043701173,40.77231979370117,972.86,2028,2028,2086.19,3105.2,58.190000000000055,46.14999999999975,1.0474374524597576
14875,-73.96451568603516,40.764869689941406,-73.95103454589844,40.774864196777344,326.21,2028,2028,2056.9500000000003,2386.83,28.950000000000273,3.669999999999675,1.0112504215076168
14876,-73.98887634277344,40.76351165771485,-73.99349212646483,40.76708984375,214.29,2028,2028,-1.0,-1.0,-1,-1,0.0
14877,-73.99298858642578,40.72980880737305,-73.95970153808595,40.762561798095696,810.41,2029,2029,-1.0,-1.0,-1,-1,0.0
14878,-73.99900817871094,40.74179458618164,-74.00080108642578,40.73237991333008,232.75,2029,2029,2085.92,2318.67,56.92000000000007,0.0,1.0
14879,-73.9732437133789,40.76399993896485,-73.95790100097656,40.76679992675781,494.14,2029,2029,2044.14,2538.28,15.1400000000001,1.1368683772161603e-13,1.0000000000000002
14880,-73.98335266113281,40.75944900512695,-73.95500183105469,40.78025817871094,934.57,2029,2029,-1.0,-1.0,-1,-1,0.0
14881,-73.95555877685547,40.779388427734375,-73.94657135009766,40.77250671386719,336.74,2030,2030,2079.41,2416.15,49.409999999999854,2.2737367544323206e-13,1.0000000000000007
14882,-73.99374389648438,40.71832275390625,-74.00674438476562,40.71197891235352,453.94,2030,2030,2273.17,2727.11,243.17000000000007,5.684341886080802e-14,1.0000000000000002
14883,-73.9952621459961,40.739707946777344,-73.95480346679686,40.80525588989258,1535.84,2030,2030,-1.0,-1.0,-1,-1,0.0
14884,-73.99215698242188,40.7220115661621,-73.9686279296875,40.7598991394043,982.7,2030,2030,-1.0,-1.0,-1,-1,0.0
14885,-73.96204376220702,40.77665710449219,-73.95060729980467,40.772361755371094,325.46,2030,2030,-1.0,-1.0,-1,-1,0.0
14886,-73.97407531738281,40.75690841674805,-73.98113250732422,40.74751281738281,339.83,2030,2030,-1.0,-1.0,-1,-1,0.0
14887,-73.95366668701173,40.76707458496094,-73.9558868408203,40.77708435058594,294.05,2030,2030,2118.67,2412.72,88.67000000000007,-2.8421709430404007e-13,0.999999999999999
14888,-73.94636535644531,40.77284240722656,-73.97736358642578,40.73401641845703,732.65,2031,2031,2099.38,2832.03,68.38000000000011,1.1368683772161603e-13,1.0000000000000002
14889,-73.96756744384766,40.763198852539055,-73.96279907226562,40.75933074951172,256.25,2031,2031,-1.0,-1.0,-1,-1,0.0
14890,-73.97624206542969,40.74882125854492,-73.95153045654298,40.75938415527344,856.67,2031,2031,-1.0,-1.0,-1,-1,0.0
14891,-73.95720672607422,40.76847839355469,-73.9897232055664,40.75812911987305,1114.97,2031,2031,2054.6,3228.6,23.59999999999991,59.02999999999997,1.0529431285146684
14892,-73.98117065429686,40.73334884643555,-74.00270080566406,40.76057815551758,1146.16,2031,2031,2040.0,3193.95,9.0,7.789999999999736,1.0067966078034478
14893,-74.00352478027342,40.7268180847168,-74.0057144165039,40.740196228027344,390.29,2031,2031,-1.0,-1.0,-1,-1,0.0
14894,-73.98300170898438,40.750919342041016,-73.99614715576173,40.73611068725585,431.54,2031,2031,2067.11,2498.65,36.11000000000013,-5.684341886080802e-14,0.9999999999999999
14895,-74.01585388183594,40.71146774291992,-73.97032165527342,40.75485229492188,1020.29,2031,2031,-1.0,-1.0,-1,-1,0.0
14896,-73.96304321289062,40.77524185180664,-73.98677825927734,40.7757682800293,607.32,2031,2031,2057.73,2665.05,26.730000000000018,1.1368683772161603e-13,1.0000000000000002
14897,-73.95242309570312,40.77260971069336,-73.96597290039062,40.75432968139648,536.18,2032,2032,-1.0,-1.0,-1,-1,0.0
14898,-73.98558044433594,40.73550033569336,-74.00834655761719,40.71680068969727,798.77,2032,2032,-1.0,-1.0,-1,-1,0.0
14899,-74.0139923095703,40.71387100219727,-74.00820922851562,40.734859466552734,341.1,2032,2032,-1.0,-1.0,-1,-1,0.0
14900,-73.96961212158203,40.76028060913085,-73.98677825927734,40.729881286621094,684.37,2032,2032,2068.66,2753.03,36.659999999999854,3.410605131648481e-13,1.0000000000000004
14901,-73.97003173828125,40.75308609008789,-73.97902679443358,40.761695861816406,585.14,2033,2033,-1.0,-1.0,-1,-1,0.0
14902,-73.97228240966798,40.793907165527344,-73.95855712890625,40.80273818969727,349.05,2033,2033,2078.76,2499.6800000000003,45.76000000000022,71.87000000000006,1.2059017332760351
14903,-73.96282958984375,40.75890731811523,-73.9464340209961,40.77288055419922,395.32,2033,2033,2053.35,2460.05,20.34999999999991,11.38000000000028,1.028786805625823
14904,-73.989501953125,40.7487678527832,-73.9489974975586,40.774261474609375,1109.38,2033,2033,2161.71,3271.09,128.71000000000004,0.0,1.0
14905,-73.9648208618164,40.77542114257813,-74.00347137451173,40.72397994995117,1481.57,2033,2033,-1.0,-1.0,-1,-1,0.0
14906,-73.98184204101562,40.76532745361328,-73.9590835571289,40.77757263183594,706.67,2033,2033,-1.0,-1.0,-1,-1,0.0
14907,-73.99227905273438,40.74280548095703,-74.0156707763672,40.711612701416016,837.32,2033,2033,-1.0,-1.0,-1,-1,0.0
14908,-74.00438690185547,40.730918884277344,-74.00106048583984,40.72671127319336,206.87,2033,2033,2139.04,2345.91,106.03999999999996,-1.1368683772161603e-13,0.9999999999999994
14909,-73.99165344238281,40.74983596801758,-73.97685241699219,40.76438522338867,588.26,2034,2034,2208.36,2796.62,174.36000000000013,-2.2737367544323206e-13,0.9999999999999997
14910,-73.96990203857422,40.76462936401367,-73.96633911132812,40.7549057006836,554.72,2034,2034,-1.0,-1.0,-1,-1,0.0
14911,-73.98121643066406,40.759483337402344,-73.98092651367188,40.78925704956055,869.42,2034,2034,2050.05,2925.5299999999997,16.050000000000182,6.059999999999604,1.0069701640173905
14912,-73.95867156982422,40.772369384765625,-73.93302154541014,40.796630859375,548.05,2034,2034,2064.84,2623.98,30.840000000000146,11.089999999999918,1.020235379983578
14913,-73.9730453491211,40.759185791015625,-73.96515655517578,40.769203186035156,294.91,2034,2034,-1.0,-1.0,-1,-1,0.0
14914,-73.9717788696289,40.794593811035156,-73.960693359375,40.80760192871094,262.68,2034,2034,2047.64,2310.73,13.6400000000001,0.4099999999999113,1.001560834475407
14915,-73.96755981445312,40.76603317260742,-73.95917510986328,40.7775764465332,319.53,2034,2034,-1.0,-1.0,-1,-1,0.0
14916,-73.96993255615234,40.76296997070313,-73.98773193359375,40.73862838745117,703.96,2034,2034,2040.0,2743.96,6.0,0.0,1.0
14917,-73.97023773193358,40.75957107543945,-73.95996856689453,40.77075958251953,336.49,2035,2035,-1.0,-1.0,-1,-1,0.0
14918,-73.97449493408203,40.76218032836913,-73.97530364990234,40.78779220581055,735.51,2035,2035,2044.08,2779.5899999999997,9.079999999999927,-2.2737367544323206e-13,0.9999999999999997
14919,-73.98895263671875,40.75296020507813,-73.99659729003906,40.76509094238281,544.29,2035,2035,2090.7200000000003,2664.2200000000003,55.720000000000255,29.210000000000036,1.0536662440978155
14920,-73.9699935913086,40.76248168945313,-73.9639663696289,40.770938873291016,217.71,2035,2035,2075.28,2292.99,40.2800000000002,-4.263256414560601e-13,0.999999999999998
14921,-73.99076080322266,40.75088882446289,-73.9812240600586,40.756248474121094,344.43,2035,2035,2081.59,2426.02,46.590000000000146,-1.7053025658242404e-13,0.9999999999999996
14922,-73.9630355834961,40.77229690551758,-73.9512176513672,40.779056549072266,339.36,2035,2035,-1.0,-1.0,-1,-1,0.0
14923,-73.9877700805664,40.743900299072266,-73.97834014892578,40.75226974487305,353.94,2035,2035,2040.0,2393.94,5.0,5.684341886080802e-14,1.0000000000000002
14924,-73.9573745727539,40.77690124511719,-73.91582489013672,40.87201690673828,1357.23,2035,2035,2088.05,3445.28,53.05000000000018,0.0,1.0
14925,-73.97661590576173,40.75996398925781,-73.96902465820312,40.76409530639648,300.2,2035,2035,2061.92,2362.12,26.920000000000073,-1.7053025658242404e-13,0.9999999999999994
14926,-73.96598815917969,40.77117156982422,-73.9533920288086,40.785404205322266,299.22,2035,2035,2062.29,2426.39,27.289999999999964,64.87999999999988,1.2168304257736777
14927,-73.9903793334961,40.74661254882813,-74.00223541259766,40.73710250854492,471.58,2035,2035,2043.15,2574.65,8.150000000000091,59.920000000000016,1.1270622163789814
14928,-73.99595642089844,40.764812469482415,-73.99015808105469,40.76182556152344,201.08,2035,2035,2071.45,2272.53,36.44999999999982,3.694822225952521e-13,1.0000000000000018
14929,-73.96896362304686,40.76348114013672,-73.95452117919923,40.783775329589844,507.21,2035,2035,2070.38,2577.59,35.38000000000011,5.684341886080802e-14,1.0000000000000002
14930,-73.98242950439453,40.77211380004883,-73.96774291992188,40.80223846435547,588.59,2035,2035,2082.37,2718.81,47.36999999999989,47.85000000000002,1.0812959785249494
14931,-73.98707580566406,40.72190475463867,-74.00628662109375,40.74388885498047,869.92,2036,2036,2057.17,2927.09,21.170000000000073,1.1368683772161603e-13,1.0000000000000002
14932,-73.9905014038086,40.76245880126953,-73.96749114990234,40.756431579589844,839.53,2036,2036,-1.0,-1.0,-1,-1,0.0
14933,-73.9908676147461,40.75000381469727,-73.98504638671875,40.75948715209961,553.23,2036,2036,2090.05,2649.63,54.05000000000018,6.349999999999909,1.011478047105182
14934,-73.98145294189453,40.767738342285156,-73.9720687866211,40.76340103149415,327.79,2036,2036,-1.0,-1.0,-1,-1,0.0
14935,-73.9704818725586,40.7838134765625,-73.97982788085938,40.77104568481445,318.88,2037,2037,2052.62,2399.54,15.61999999999989,28.040000000000077,1.0879327646763675
14936,-73.99784851074219,40.74123001098633,-73.9918212890625,40.72652816772461,556.04,2037,2037,2084.9,2640.94,47.90000000000009,0.0,1.0
14937,-73.97705841064453,40.74949264526367,-74.01154327392578,40.703704833984375,831.46,2037,2037,-1.0,-1.0,-1,-1,0.0
14938,-74.00737762451173,40.712833404541016,-73.93712615966798,40.854454040527344,1932.39,2037,2037,2150.26,4082.6500000000005,113.26000000000022,2.2737367544323206e-13,1.0000000000000002
14939,-73.98037719726562,40.76031494140625,-73.9761734008789,40.785999298095696,690.33,2037,2037,2077.85,2804.71,40.84999999999991,36.530000000000086,1.0529167209885129
14940,-73.97466278076173,40.762393951416016,-74.0028305053711,40.7220573425293,1178.6,2037,2037,2073.51,3330.75,36.51000000000022,78.63999999999987,1.0667232309519767
14941,-73.96475982666014,40.76434326171875,-73.97321319580078,40.75563049316406,337.76,2037,2037,-1.0,-1.0,-1,-1,0.0
14942,-73.99702453613281,40.71915817260742,-74.00927734375,40.716251373291016,502.68,2038,2038,-1.0,-1.0,-1,-1,0.0
14943,-73.97219848632812,40.79401779174805,-73.982421875,40.77248764038085,478.13,2038,2038,2175.29,2653.42,137.28999999999996,1.1368683772161603e-13,1.0000000000000002
14944,-73.9763412475586,40.73979187011719,-73.9930191040039,40.74779891967773,639.66,2038,2038,-1.0,-1.0,-1,-1,0.0
14945,-73.96097564697266,40.76382446289063,-73.95932006835938,40.78056335449219,504.45,2038,2038,-1.0,-1.0,-1,-1,0.0
14946,-73.94947814941406,40.78620147705078,-73.98018646240234,40.765419006347656,964.29,2038,2038,2087.49,3051.7799999999997,49.48999999999978,0.0,1.0
14947,-73.97515869140625,40.76524353027344,-73.95285797119139,40.780460357666016,650.57,2038,2038,2057.34,2788.94,19.340000000000146,81.02999999999986,1.1245523156616504
14948,-73.98048400878906,40.76137924194336,-73.98056030273438,40.77323913574219,407.45,2038,2038,-1.0,-1.0,-1,-1,0.0
14949,-73.98219299316406,40.773529052734375,-73.97097778320312,40.793281555175774,368.16,2038,2038,2062.21,2430.37,24.210000000000036,-1.7053025658242404e-13,0.9999999999999996
14950,-74.0000991821289,40.74831008911133,-74.01580047607422,40.71522903442383,766.4,2038,2038,2064.06,2830.46,26.059999999999945,1.1368683772161603e-13,1.0000000000000002
14951,-73.96846771240234,40.7618293762207,-73.9806137084961,40.7353401184082,688.34,2038,2038,2063.7,2813.41,25.699999999999818,61.370000000000005,1.0891565214864747
14952,-73.94522094726562,40.81927108764648,-73.97972869873048,40.76525115966797,1270.65,2038,2038,2367.43,3638.08,329.42999999999984,0.0,1.0
14953,-73.99667358398438,40.725887298583984,-73.96847534179686,40.76641845703125,1171.54,2038,2038,-1.0,-1.0,-1,-1,0.0
14954,-73.9912567138672,40.74983215332031,-73.97762298583984,40.7636604309082,568.68,2039,2039,-1.0,-1.0,-1,-1,0.0
14955,-74.00141906738281,40.732078552246094,-74.00920104980467,40.71107864379883,729.43,2039,2039,2062.93,2792.3599999999997,23.929999999999836,-1.1368683772161603e-13,0.9999999999999999
14956,-73.99136352539062,40.75020980834961,-73.98140716552734,40.780372619628906,836.52,2039,2039,2073.08,2959.1300000000006,34.07999999999993,49.530000000000655,1.0592095825563055
14957,-73.99037170410156,40.77184295654297,-74.01633453369139,40.7171745300293,968.97,2039,2039,2045.03,3064.5499999999997,6.029999999999973,50.54999999999973,1.0521687977955971
14958,-73.99600219726562,40.73854064941406,-73.98101806640625,40.73968124389648,487.73,2039,2039,2153.96,2641.69,114.96000000000004,0.0,1.0
14959,-73.98120880126955,40.76898193359375,-73.97296905517578,40.78937149047852,455.99,2039,2039,2081.15,2537.14,42.15000000000009,-2.2737367544323206e-13,0.9999999999999996
14960,-73.99647521972656,40.73629379272461,-73.99097442626955,40.75592803955078,584.35,2039,2039,2076.95,2661.3,37.94999999999982,3.410605131648481e-13,1.0000000000000007
14961,-73.98786163330078,40.722801208496094,-73.9927978515625,40.75672912597656,1210.87,2040,2040,2149.7,3360.57,109.69999999999982,4.547473508864641e-13,1.0000000000000004
14962,-73.99278259277344,40.76331329345703,-73.99478149414062,40.750354766845696,519.32,2040,2040,2297.21,2816.53,257.21000000000004,1.1368683772161603e-13,1.0000000000000002
14963,-73.98217010498048,40.7712516784668,-73.9654312133789,40.76885986328125,498.41,2040,2040,-1.0,-1.0,-1,-1,0.0
14964,-74.00109100341797,40.73162460327149,-73.98894500732422,40.74043655395508,346.61,2040,2040,2056.94,2403.55,16.940000000000055,1.1368683772161603e-13,1.0000000000000002
14965,-73.97350311279298,40.7520637512207,-74.01715850830078,40.70867156982422,1027.17,2040,2040,-1.0,-1.0,-1,-1,0.0
14966,-73.98126220703125,40.744590759277344,-73.99144744873048,40.75014114379883,460.62,2040,2040,-1.0,-1.0,-1,-1,0.0
14967,-73.9886474609375,40.75898361206055,-73.98267364501955,40.762710571289055,188.05,2040,2040,2095.9900000000002,2284.04,55.99000000000024,-2.8421709430404007e-13,0.9999999999999984
14968,-73.98346710205078,40.73007583618164,-73.98152160644531,40.74108505249024,323.2,2040,2040,2247.08,2570.28,207.07999999999993,2.8421709430404007e-13,1.0000000000000009
14969,-73.96463775634766,40.76061248779297,-73.99108123779298,40.75592422485352,930.6,2040,2040,-1.0,-1.0,-1,-1,0.0
14970,-73.9671630859375,40.76102066040039,-73.95756530761719,40.77407836914063,258.56,2041,2041,-1.0,-1.0,-1,-1,0.0
14971,-73.97879028320312,40.76466751098633,-73.98155212402342,40.78022003173828,544.43,2041,2041,-1.0,-1.0,-1,-1,0.0
14972,-73.99036407470702,40.75252914428711,-73.99421691894531,40.725807189941406,786.98,2041,2041,-1.0,-1.0,-1,-1,0.0
14973,-73.99939727783203,40.72320938110352,-73.99105834960938,40.75053024291992,842.06,2042,2042,-1.0,-1.0,-1,-1,0.0
14974,-73.95437622070312,40.76594924926758,-73.94624328613281,40.777191162109375,263.9,2042,2042,-1.0,-1.0,-1,-1,0.0
14975,-73.9852523803711,40.77825164794922,-73.97804260253906,40.77703857421875,182.04,2042,2042,-1.0,-1.0,-1,-1,0.0
14976,-74.00894165039062,40.71569442749024,-74.0064697265625,40.70415115356445,501.2,2042,2042,2215.96,2717.16,173.96000000000004,-1.7053025658242404e-13,0.9999999999999997
14977,-73.99710845947266,40.741798400878906,-73.9875259399414,40.72173309326172,843.45,2042,2042,2081.43,2935.86,39.429999999999836,10.980000000000246,1.013017961942024
14978,-74.00869750976562,40.70434188842773,-73.99562072753906,40.75928115844727,1077.98,2043,2043,-1.0,-1.0,-1,-1,0.0
14979,-73.99832916259766,40.72401809692383,-73.9988784790039,40.718299865722656,259.3,2043,2043,-1.0,-1.0,-1,-1,0.0
14980,-73.99595642089844,40.7441291809082,-74.00287628173827,40.73096084594727,283.16,2043,2043,-1.0,-1.0,-1,-1,0.0
14981,-73.9655990600586,40.77433395385742,-73.98236083984375,40.77482604980469,431.83,2043,2043,-1.0,-1.0,-1,-1,0.0
14982,-73.9781494140625,40.75217819213867,-73.98124694824219,40.73387145996094,541.29,2043,2043,2071.12,2613.97,28.11999999999989,1.5599999999999454,1.0028820041013133
14983,-73.95342254638672,40.77941131591797,-73.93895721435547,40.79753112792969,247.25,2043,2043,2082.91,2330.16,39.909999999999854,0.0,1.0
14984,-73.99000549316406,40.733055114746094,-73.99858093261719,40.723011016845696,370.01,2043,2043,2135.71,2505.72,92.71000000000004,-2.2737367544323206e-13,0.9999999999999993
14985,-73.99384307861328,40.74156188964844,-73.99234771728516,40.74940872192383,271.96,2043,2043,-1.0,-1.0,-1,-1,0.0
14986,-73.94476318359375,40.79329681396485,-73.93297576904298,40.79492568969727,286.51,2044,2044,-1.0,-1.0,-1,-1,0.0
14987,-73.99861145019531,40.72521591186523,-73.94355010986328,40.80199813842773,1774.12,2044,2044,-1.0,-1.0,-1,-1,0.0
14988,-73.9549102783203,40.780311584472656,-73.96508026123048,40.76393508911133,494.57,2044,2044,2162.57,2657.14,118.57000000000016,-2.8421709430404007e-13,0.9999999999999994
14989,-74.00224304199219,40.72646713256836,-73.99222564697266,40.72145080566406,417.59,2044,2044,2139.96,2557.5499999999997,95.96000000000004,-2.8421709430404007e-13,0.9999999999999993
14990,-73.98143005371094,40.76520156860352,-73.960205078125,40.78065872192383,727.92,2044,2044,-1.0,-1.0,-1,-1,0.0
14991,-73.96345520019531,40.77430725097656,-73.97035217285155,40.761394500732415,445.49,2044,2044,-1.0,-1.0,-1,-1,0.0
14992,-73.97295379638672,40.76470184326172,-73.97128295898438,40.79188537597656,743.94,2044,2044,-1.0,-1.0,-1,-1,0.0
14993,-73.98697662353516,40.76605987548828,-74.00088500976562,40.75145721435547,513.56,2044,2044,-1.0,-1.0,-1,-1,0.0
14994,-73.99097442626955,40.73984146118164,-74.00537109375,40.72728729248047,440.24,2044,2044,-1.0,-1.0,-1,-1,0.0
14995,-73.95108032226562,40.77458953857422,-73.95980834960938,40.7737693786621,282.29,2044,2044,-1.0,-1.0,-1,-1,0.0
14996,-73.9583282470703,40.760738372802734,-73.95024871826173,40.77643203735352,310.34,2044,2044,-1.0,-1.0,-1,-1,0.0
14997,-73.98484802246094,40.76927947998047,-73.99253845214845,40.758636474609375,311.02,2044,2044,-1.0,-1.0,-1,-1,0.0
14998,-73.95584106445312,40.76398849487305,-73.952392578125,40.77817153930664,312.66,2045,2045,-1.0,-1.0,-1,-1,0.0
14999,-73.98190307617188,40.77846908569336,-73.97978210449219,40.771080017089844,262.9,2045,2045,2103.08,2397.93,58.07999999999993,31.949999999999932,1.121529098516546
15000,-73.98855590820312,40.753761291503906,-73.98355865478516,40.74974822998047,200.96,2045,2045,-1.0,-1.0,-1,-1,0.0
15001,-73.98613739013672,40.73495101928711,-73.97067260742188,40.75006866455078,460.84,2045,2045,-1.0,-1.0,-1,-1,0.0
15002,-74.00035095214845,40.726478576660156,-73.9783706665039,40.74562454223633,667.96,2046,2046,2076.47,2775.43,30.4699999999998,31.0,1.046409964668543
15003,-73.97236633300781,40.753582000732415,-73.94913482666014,40.7733154296875,595.77,2046,2046,-1.0,-1.0,-1,-1,0.0
15004,-73.99717712402342,40.7470588684082,-73.97859191894531,40.75291061401367,605.37,2046,2046,-1.0,-1.0,-1,-1,0.0
15005,-73.97541046142578,40.75130081176758,-73.98770141601562,40.73283004760742,452.16,2046,2046,-1.0,-1.0,-1,-1,0.0
15006,-73.97795867919923,40.72951889038085,-73.99185180664062,40.74924850463867,816.39,2046,2046,2299.67,3116.06,253.67000000000007,-1.1368683772161603e-13,0.9999999999999999
15007,-73.97464752197266,40.75616836547852,-73.9825210571289,40.75887680053711,370.54,2046,2046,2070.0,2440.54,24.0,-5.684341886080802e-14,0.9999999999999999
15008,-73.98841094970702,40.7593002319336,-73.98359680175781,40.773529052734375,368.23,2047,2047,2103.7999999999997,2472.0299999999997,56.79999999999973,0.0,1.0
15009,-73.95530700683594,40.78296661376953,-73.9525833129883,40.77690124511719,247.7,2047,2047,2198.04,2445.74,151.03999999999996,-1.7053025658242404e-13,0.9999999999999993
15010,-73.9813003540039,40.74732208251953,-74.00070190429686,40.736122131347656,562.95,2047,2047,-1.0,-1.0,-1,-1,0.0
15011,-73.94994354248048,40.786319732666016,-73.97119140625,40.75809097290039,715.77,2047,2047,2172.41,2888.18,125.40999999999985,0.0,1.0
15012,-73.98199462890625,40.76853942871094,-73.9879608154297,40.76227951049805,347.11,2047,2047,-1.0,-1.0,-1,-1,0.0
15013,-74.00537872314453,40.74040985107422,-73.97399139404298,40.76004028320313,1004.57,2047,2047,-1.0,-1.0,-1,-1,0.0
15014,-73.94957733154298,40.76844787597656,-73.96879577636719,40.76321792602539,691.22,2047,2047,-1.0,-1.0,-1,-1,0.0
15015,-73.9816665649414,40.774429321289055,-73.96531677246094,40.7748908996582,540.41,2047,2047,-1.0,-1.0,-1,-1,0.0
15016,-74.00418853759766,40.74209976196289,-73.98047637939453,40.75304412841797,749.29,2048,2048,-1.0,-1.0,-1,-1,0.0
15017,-73.99238586425781,40.749019622802734,-73.9505844116211,40.78347396850585,1293.03,2048,2048,2091.59,3417.49,43.590000000000146,32.86999999999966,1.025420910574387
15018,-73.98162841796875,40.7463493347168,-73.975830078125,40.74871063232422,204.5,2048,2048,-1.0,-1.0,-1,-1,0.0
15019,-74.00017547607422,40.73269271850585,-73.962890625,40.77074813842773,1223.62,2048,2048,2083.31,3354.21,35.309999999999945,47.2800000000002,1.0386394468871056
15020,-73.99224853515625,40.74385452270508,-73.98519134521484,40.75611114501953,369.8,2048,2048,-1.0,-1.0,-1,-1,0.0
15021,-73.9657974243164,40.76867294311523,-73.9601058959961,40.78045654296875,295.14,2048,2048,-1.0,-1.0,-1,-1,0.0
15022,-73.996337890625,40.7429313659668,-73.9776611328125,40.78400802612305,920.86,2048,2048,-1.0,-1.0,-1,-1,0.0
15023,-73.95924377441406,40.77450180053711,-73.98395538330078,40.76089859008789,895.23,2048,2048,2093.62,3027.99,45.61999999999989,39.13999999999987,1.0437206081118817
15024,-73.98125457763672,40.78866195678711,-73.97530364990234,40.79519271850585,202.29,2048,2048,2231.17,2433.46,183.17000000000007,-2.842170943040401e-14,0.9999999999999999
15025,-73.97908020019531,40.78200149536133,-73.96977996826173,40.79875946044922,320.31,2048,2048,-1.0,-1.0,-1,-1,0.0
15026,-73.99712371826173,40.75563049316406,-74.01344299316406,40.705581665039055,1098.91,2049,2049,-1.0,-1.0,-1,-1,0.0
15027,-73.99960327148438,40.75442123413085,-73.98858642578125,40.7598991394043,344.88,2049,2049,2099.62,2473.59,50.61999999999989,29.09000000000026,1.084348179076781
15028,-73.97176361083984,40.757240295410156,-73.98191833496094,40.76956176757813,620.12,2049,2049,-1.0,-1.0,-1,-1,0.0
15029,-73.95564270019531,40.76837158203125,-73.98244476318358,40.738441467285156,795.02,2049,2049,-1.0,-1.0,-1,-1,0.0
15030,-73.99183654785155,40.744720458984375,-73.9935302734375,40.754730224609375,463.03,2049,2049,2099.3800000000006,2562.4100000000003,50.380000000000564,-2.2737367544323206e-13,0.9999999999999996
15031,-73.98165130615234,40.78025436401367,-73.98155212402342,40.76129150390625,547.18,2049,2049,-1.0,-1.0,-1,-1,0.0
15032,-74.00052642822266,40.72564315795898,-74.00701141357422,40.73044967651367,226.54,2049,2049,-1.0,-1.0,-1,-1,0.0
15033,-73.99119567871094,40.745338439941406,-73.9772186279297,40.74692153930664,458.16,2049,2049,2174.04,2632.2,125.03999999999996,-1.7053025658242404e-13,0.9999999999999997
15034,-73.98508453369139,40.74177169799805,-73.99698638916014,40.718238830566406,773.02,2050,2050,2138.84,2911.86,88.84000000000015,0.0,1.0
15035,-73.96946716308594,40.76586151123047,-73.98490142822266,40.75890731811523,624.25,2050,2050,-1.0,-1.0,-1,-1,0.0
15036,-73.96553802490234,40.77452087402344,-73.97264862060547,40.76469039916992,264.64,2050,2050,-1.0,-1.0,-1,-1,0.0
15037,-73.99124145507811,40.719688415527344,-73.98265838623048,40.72414016723633,257.12,2050,2050,2467.08,2724.2,417.0799999999999,-1.1368683772161603e-13,0.9999999999999996
15038,-73.96965026855469,40.79785919189453,-73.95951843261719,40.764251708984375,1141.3,2050,2050,2146.29,3290.3,96.28999999999996,2.7100000000002638,1.0023744852361345
15039,-73.99342346191406,40.74987411499024,-73.98558044433594,40.763084411621094,374.4,2050,2050,-1.0,-1.0,-1,-1,0.0
15040,-73.96331024169923,40.766075134277344,-73.952880859375,40.78667831420898,422.51,2051,2051,2094.7,2560.79,43.69999999999982,43.580000000000155,1.1031454876807654
15041,-73.99424743652342,40.7411003112793,-73.9947509765625,40.71657943725585,861.61,2051,2051,-1.0,-1.0,-1,-1,0.0
15042,-73.96050262451173,40.79745101928711,-73.97142028808595,40.79207992553711,238.73,2051,2051,2305.83,2544.56,254.82999999999993,2.842170943040401e-14,1.0000000000000002
15043,-73.977294921875,40.754261016845696,-73.98023986816406,40.76052856445313,330.92,2051,2051,2140.17,2471.09,89.17000000000007,5.684341886080802e-14,1.0000000000000002
15044,-73.99085998535155,40.7562255859375,-73.9808578491211,40.778167724609375,543.74,2051,2051,-1.0,-1.0,-1,-1,0.0
15045,-74.00263214111328,40.73395919799805,-73.9908905029297,40.738040924072266,385.41,2051,2051,2173.63,2559.04,122.63000000000011,-1.7053025658242404e-13,0.9999999999999996
15046,-73.99456024169923,40.755821228027344,-74.00782012939453,40.739421844482415,464.77,2051,2051,-1.0,-1.0,-1,-1,0.0
15047,-73.99137878417969,40.749866485595696,-73.9815444946289,40.779701232910156,843.6,2051,2051,2094.7,2938.3,43.69999999999982,3.410605131648481e-13,1.0000000000000004
15048,-73.98248291015625,40.7682991027832,-73.95083618164062,40.785728454589844,808.65,2051,2051,-1.0,-1.0,-1,-1,0.0
15049,-73.9508056640625,40.77142333984375,-73.97767639160156,40.71330642700195,766.19,2051,2051,-1.0,-1.0,-1,-1,0.0
15050,-73.97505187988281,40.76119995117188,-73.94877624511719,40.77415466308594,775.07,2051,2051,-1.0,-1.0,-1,-1,0.0
15051,-73.96766662597656,40.75205993652344,-73.99162292480467,40.726261138916016,668.85,2051,2051,-1.0,-1.0,-1,-1,0.0
15052,-73.96744537353516,40.756214141845696,-73.98409271240234,40.73759460449219,466.17,2052,2052,-1.0,-1.0,-1,-1,0.0
15053,-73.98159790039062,40.74980163574219,-73.97145080566406,40.754638671875,333.16,2052,2052,-1.0,-1.0,-1,-1,0.0
15054,-73.99626159667969,40.7237663269043,-74.0051040649414,40.71913146972656,368.88,2052,2052,-1.0,-1.0,-1,-1,0.0
15055,-73.98162078857422,40.77965545654297,-73.95514678955078,40.78097152709961,666.39,2052,2052,-1.0,-1.0,-1,-1,0.0
15056,-73.98171997070312,40.778968811035156,-73.99514007568358,40.766109466552734,357.92,2052,2052,-1.0,-1.0,-1,-1,0.0
15057,-74.00659942626955,40.730918884277344,-73.99956512451173,40.723392486572266,401.99,2052,2052,2107.37,2509.36,55.36999999999989,2.2737367544323206e-13,1.0000000000000007
15058,-73.9740982055664,40.76373291015625,-73.98381042480467,40.748348236083984,460.75,2052,2052,-1.0,-1.0,-1,-1,0.0
15059,-73.99546813964845,40.74945068359375,-73.99425506591797,40.75918960571289,373.34,2052,2052,2080.17,2453.5099999999998,28.170000000000073,-2.8421709430404007e-13,0.9999999999999992
15060,-74.00862884521484,40.71417236328125,-73.9986801147461,40.7196044921875,412.35,2053,2053,-1.0,-1.0,-1,-1,0.0
15061,-73.95252990722656,40.77665710449219,-73.94817352294923,40.78292846679688,230.28,2053,2053,2168.08,2398.36,115.07999999999993,1.9895196601282805e-13,1.0000000000000009
15062,-73.96688842773438,40.75689315795898,-73.98246002197266,40.72754287719727,667.29,2053,2053,2183.54,2850.83,130.53999999999996,0.0,1.0
15063,-73.97996520996094,40.73484802246094,-73.97441864013672,40.759124755859375,715.75,2053,2053,-1.0,-1.0,-1,-1,0.0
15064,-74.00282287597656,40.74964904785156,-74.00135040283203,40.72272872924805,861.75,2053,2053,-1.0,-1.0,-1,-1,0.0
15065,-73.99097442626955,40.739570617675774,-73.9833755493164,40.74309539794922,262.8,2053,2053,-1.0,-1.0,-1,-1,0.0
15066,-74.00586700439453,40.736427307128906,-74.01051330566406,40.7044792175293,960.87,2053,2053,2235.0,3195.8700000000003,182.0,3.410605131648481e-13,1.0000000000000004
15067,-74.0046615600586,40.751312255859375,-73.9986343383789,40.73987579345703,384.02,2053,2053,-1.0,-1.0,-1,-1,0.0
15068,-73.97774505615234,40.75476455688477,-73.996337890625,40.762451171875,708.51,2053,2053,2095.13,2842.0,42.13000000000011,38.3599999999999,1.0541417905181294
15069,-73.98293304443358,40.73913192749024,-73.9794921875,40.75908660888672,739.91,2053,2053,2098.99,2877.67,45.98999999999978,38.77000000000032,1.0523982646538097
15070,-73.9716567993164,40.79435729980469,-73.93820190429686,40.82782745361328,886.17,2054,2054,2112.89,3052.64,58.88999999999987,53.58000000000004,1.0604624394867803
15071,-73.9930419921875,40.72806930541992,-73.9859619140625,40.755279541015625,866.42,2055,2055,-1.0,-1.0,-1,-1,0.0
15072,-73.95692443847656,40.76628875732422,-73.94104766845702,40.794288635253906,425.3,2055,2055,-1.0,-1.0,-1,-1,0.0
15073,-73.98171997070312,40.77345657348633,-73.98108673095702,40.74205780029297,1112.38,2055,2055,2087.98,3200.36,32.98000000000002,0.0,1.0
15074,-73.96242523193358,40.76331329345703,-73.95521545410156,40.77242660522461,319.86,2056,2056,-1.0,-1.0,-1,-1,0.0
15075,-73.99526977539062,40.73953247070313,-73.97931671142578,40.735923767089844,500.04,2056,2056,2074.46,2652.0899999999997,18.460000000000036,77.58999999999963,1.1551675865930717
15076,-74.00171661376955,40.74103927612305,-73.99445343017578,40.719337463378906,865.32,2056,2056,2088.59,3020.29,32.590000000000146,66.37999999999977,1.0767115055701935
15077,-73.99038696289062,40.756446838378906,-74.00325775146483,40.73689651489258,635.32,2056,2056,2070.29,2787.0,14.289999999999964,81.38999999999999,1.1281086696467921
15078,-74.00279235839844,40.73927688598633,-73.98759460449219,40.74468231201172,474.59,2056,2056,2092.58,2573.79,36.57999999999993,6.620000000000061,1.013948882193051
15079,-73.96949768066406,40.763031005859375,-73.9629364013672,40.75827026367188,294.87,2056,2056,2071.95,2430.74,15.949999999999818,63.91999999999996,1.2167734934038728
15080,-73.9752426147461,40.754695892333984,-73.98873901367188,40.7426986694336,492.89,2056,2056,-1.0,-1.0,-1,-1,0.0
15081,-74.00656890869139,40.73233413696289,-73.99224090576173,40.7540168762207,506.97,2056,2056,2181.25,2688.22,125.25,-2.2737367544323206e-13,0.9999999999999996
15082,-73.99622344970702,40.74042510986328,-74.00234985351562,40.7401237487793,204.04,2056,2056,-1.0,-1.0,-1,-1,0.0
15083,-73.9994888305664,40.72454071044922,-73.98303985595702,40.73062133789063,479.12,2056,2056,-1.0,-1.0,-1,-1,0.0
15084,-73.96033477783203,40.77248764038085,-73.99198150634766,40.769615173339844,808.84,2057,2057,-1.0,-1.0,-1,-1,0.0
15085,-73.96987915039062,40.762561798095696,-73.99517822265625,40.73586654663085,838.47,2057,2057,-1.0,-1.0,-1,-1,0.0
15086,-73.99492645263672,40.73245239257813,-74.00789642333984,40.75145721435547,713.08,2057,2057,2186.34,2899.42,129.34000000000015,-1.1368683772161603e-13,0.9999999999999999
15087,-73.98101043701173,40.72957229614258,-73.98781585693358,40.721168518066406,324.6,2057,2057,2379.59,2704.19,322.59000000000015,-1.1368683772161603e-13,0.9999999999999997
15088,-74.00192260742188,40.7213249206543,-74.00447845458984,40.71285629272461,332.88,2057,2057,-1.0,-1.0,-1,-1,0.0
15089,-73.97871398925781,40.75101089477539,-73.981689453125,40.76248550415039,581.3,2057,2057,-1.0,-1.0,-1,-1,0.0
15090,-74.00685882568358,40.748802185058594,-73.9974136352539,40.76119613647461,361.78,2057,2057,2171.09,2532.87,114.09000000000015,-2.2737367544323206e-13,0.9999999999999993
15091,-73.98229217529298,40.77497863769531,-73.98692321777342,40.76652145385742,186.65,2057,2057,2104.54,2291.19,47.539999999999964,8.526512829121202e-14,1.0000000000000004
15092,-73.97405242919923,40.74739074707031,-73.98750305175781,40.749061584472656,609.65,2057,2057,2177.71,2787.36,120.71000000000004,1.1368683772161603e-13,1.0000000000000002
15093,-73.9908676147461,40.75489044189453,-73.97833251953125,40.75412368774415,474.41,2057,2057,-1.0,-1.0,-1,-1,0.0
15094,-73.98255920410156,40.75712203979492,-73.97134399414062,40.74436569213867,697.34,2057,2057,-1.0,-1.0,-1,-1,0.0
15095,-73.97773742675781,40.75475692749024,-73.98230743408203,40.77265167236328,649.1,2057,2057,2099.7999999999997,2748.9,42.79999999999973,3.410605131648481e-13,1.0000000000000004
15096,-73.97235107421875,40.76529312133789,-73.9843521118164,40.75947570800781,461.67,2058,2058,2098.59,2560.26,40.590000000000146,5.684341886080802e-14,1.0000000000000002
15097,-73.986572265625,40.76157760620117,-73.98716735839844,40.720645904541016,1455.56,2058,2058,2090.95,3580.5099999999998,32.94999999999982,34.0,1.023358707301657
15098,-73.95989990234375,40.7735710144043,-73.94982147216798,40.78209686279297,315.19,2058,2058,2170.21,2485.4,112.21000000000004,5.684341886080802e-14,1.0000000000000002
15099,-74.00276947021484,40.760597229003906,-73.97464752197266,40.759124755859375,876.8,2058,2058,2110.75,2987.55,52.75,2.2737367544323206e-13,1.0000000000000002
15100,-73.99278259277344,40.7478904724121,-73.98240661621094,40.727874755859375,716.69,2058,2058,-1.0,-1.0,-1,-1,0.0
15101,-73.9807891845703,40.76057815551758,-73.94403839111328,40.77593994140625,983.5,2058,2058,-1.0,-1.0,-1,-1,0.0
15102,-73.9651107788086,40.76915740966797,-73.95478820800781,40.7832145690918,329.91,2058,2058,2095.29,2425.2,37.289999999999964,-1.7053025658242404e-13,0.9999999999999994
15103,-73.9915313720703,40.75458908081055,-73.96710968017578,40.763710021972656,836.76,2058,2058,-1.0,-1.0,-1,-1,0.0
15104,-73.9950942993164,40.73977279663085,-73.9864730834961,40.7342185974121,369.54,2059,2059,-1.0,-1.0,-1,-1,0.0
15105,-73.97942352294923,40.7469596862793,-73.98664093017578,40.72171020507813,676.67,2059,2059,2100.84,2787.81,41.840000000000146,10.29999999999984,1.0152215998935963
15106,-73.99221801757811,40.74357986450195,-73.97779083251955,40.76388931274415,549.35,2059,2059,2092.71,2642.06,33.710000000000036,-1.1368683772161603e-13,0.9999999999999998
15107,-73.99407196044923,40.75151824951172,-73.99491882324219,40.75958251953125,291.37,2059,2059,-1.0,-1.0,-1,-1,0.0
15108,-74.01036071777344,40.7075424194336,-73.97906494140625,40.76440048217773,1448.54,2059,2059,-1.0,-1.0,-1,-1,0.0
15109,-73.9601821899414,40.76637268066406,-73.97257995605469,40.74509811401367,498.65,2059,2059,2070.0,2568.65,11.0,1.1368683772161603e-13,1.0000000000000002
15110,-73.97598266601562,40.7880859375,-73.95330810546875,40.78191757202149,529.28,2060,2060,2084.21,2613.49,24.210000000000036,-2.2737367544323206e-13,0.9999999999999996
15111,-73.9820785522461,40.76818084716797,-73.95861053466798,40.77246475219727,666.06,2060,2060,-1.0,-1.0,-1,-1,0.0
15112,-73.96790313720702,40.76848983764648,-73.9583969116211,40.77381134033203,271.5,2060,2060,2093.71,2428.92,33.710000000000036,63.710000000000036,1.2346593001841621
15113,-73.98942565917969,40.743873596191406,-73.98873901367188,40.73562240600585,251.41,2060,2060,2119.4,2370.81,59.40000000000009,-1.4210854715202004e-13,0.9999999999999994
15114,-73.98015594482422,40.73457717895508,-73.97425079345702,40.76164627075195,839.83,2060,2060,2092.6600000000003,2932.4900000000002,32.66000000000031,-1.1368683772161603e-13,0.9999999999999999
15115,-73.9544219970703,40.7789306640625,-73.9427032470703,40.78611755371094,246.9,2060,2060,2156.32,2403.22,96.32000000000016,-3.694822225952521e-13,0.9999999999999986
15116,-74.01016998291014,40.720951080322266,-73.99659729003906,40.763370513916016,809.28,2060,2060,2266.55,3075.8299999999995,206.55000000000018,-6.821210263296962e-13,0.9999999999999991
15117,-73.95714569091797,40.78022766113281,-73.96082305908203,40.772193908691406,218.45,2060,2060,2118.5,2336.95,58.5,-1.7053025658242404e-13,0.9999999999999992
15118,-73.96633911132812,40.75751495361328,-73.9777603149414,40.72572708129883,688.47,2061,2061,2107.16,2795.63,46.159999999999854,2.2737367544323206e-13,1.0000000000000002
15119,-73.99098205566406,40.75601577758789,-73.98529052734375,40.75009536743164,394.92,2061,2061,-1.0,-1.0,-1,-1,0.0
15120,-73.98133850097656,40.768856048583984,-73.9713134765625,40.78258514404297,311.0,2061,2061,2085.16,2396.16,24.159999999999854,0.0,1.0
15121,-73.96952056884766,40.76626968383789,-73.9641876220703,40.77653884887695,257.0,2061,2061,-1.0,-1.0,-1,-1,0.0
15122,-74.00558471679686,40.74113082885742,-74.00246429443358,40.746925354003906,280.76,2061,2061,2097.9900000000002,2378.75,36.99000000000024,-2.2737367544323206e-13,0.9999999999999992
15123,-73.96387481689453,40.76771926879883,-73.95394134521484,40.76705551147461,311.42,2061,2061,-1.0,-1.0,-1,-1,0.0
15124,-73.9756851196289,40.75221633911133,-73.98779296875,40.7794075012207,1069.02,2062,2062,2108.72,3226.56,46.7199999999998,48.820000000000164,1.045667994986062
15125,-73.97954559326173,40.76387405395508,-73.96633911132812,40.757041931152344,587.21,2062,2062,2203.54,2790.75,141.53999999999996,0.0,1.0
15126,-73.9887161254883,40.74859619140625,-73.94650268554686,40.766128540039055,1219.26,2063,2063,-1.0,-1.0,-1,-1,0.0
15127,-73.9679183959961,40.76297378540039,-73.98152923583984,40.763526916503906,515.0,2063,2063,-1.0,-1.0,-1,-1,0.0
15128,-74.00387573242188,40.713279724121094,-73.98590850830078,40.75011444091797,904.2,2063,2063,-1.0,-1.0,-1,-1,0.0
15129,-73.98631286621094,40.752605438232415,-73.96862030029298,40.7611083984375,584.13,2063,2063,2093.48,2710.86,30.480000000000018,33.250000000000114,1.0569222604557207
15130,-73.9979019165039,40.72314834594727,-73.98139190673827,40.77428817749024,1427.0,2063,2063,-1.0,-1.0,-1,-1,0.0
15131,-73.98265838623048,40.751968383789055,-73.97628021240234,40.76387023925781,409.34,2063,2063,-1.0,-1.0,-1,-1,0.0
15132,-73.98381042480467,40.74394989013672,-74.00387573242188,40.73741912841797,612.01,2063,2063,2107.7799999999997,2739.71,44.779999999999745,19.9200000000003,1.0325484877698081
15133,-73.99415588378906,40.75119018554688,-74.00312042236328,40.75060272216797,287.54,2063,2063,2109.14,2396.68,46.13999999999987,-5.684341886080802e-14,0.9999999999999998
15134,-73.96585083007811,40.76852035522461,-73.97727203369139,40.764747619628906,423.64,2063,2063,2096.5099999999998,2554.66,33.50999999999976,34.510000000000105,1.0814606741573036
15135,-73.97368621826173,40.75266647338867,-73.95974731445312,40.77091598510742,422.12,2064,2064,2099.98,2522.1,35.98000000000002,-1.1368683772161603e-13,0.9999999999999998
15136,-73.95182037353516,40.76958847045898,-73.94595336914062,40.77766036987305,181.78,2064,2064,2101.75,2307.36,37.75,23.830000000000126,1.1310925294311813
15137,-74.01480102539062,40.70960998535156,-73.96884155273438,40.75496292114258,981.04,2064,2064,-1.0,-1.0,-1,-1,0.0
15138,-73.98457336425781,40.77521133422852,-73.9609832763672,40.806640625,544.57,2064,2064,-1.0,-1.0,-1,-1,0.0
15139,-73.969482421875,40.758167266845696,-73.98774719238281,40.75015640258789,645.47,2064,2064,-1.0,-1.0,-1,-1,0.0
15140,-73.98538970947266,40.7349739074707,-74.00555419921875,40.72603988647461,615.78,2064,2064,2116.17,2731.95,52.17000000000007,-2.2737367544323206e-13,0.9999999999999997
15141,-73.97621154785155,40.76118087768555,-73.96974945068358,40.76617050170898,226.79,2064,2064,-1.0,-1.0,-1,-1,0.0
15142,-73.99943542480467,40.717716217041016,-73.99172210693358,40.74907302856445,900.21,2065,2065,-1.0,-1.0,-1,-1,0.0
15143,-73.97769927978516,40.73793029785156,-73.96817779541014,40.75104141235352,213.76,2065,2065,2070.2,2283.96,5.199999999999818,2.2737367544323206e-13,1.000000000000001
15144,-73.98998260498048,40.7409782409668,-73.96491241455078,40.765708923339844,885.48,2065,2065,-1.0,-1.0,-1,-1,0.0
15145,-73.97870635986328,40.77268600463867,-73.95871734619139,40.76713943481445,558.53,2065,2065,2099.42,2657.95,34.42000000000007,-2.2737367544323206e-13,0.9999999999999996
15146,-73.97871398925781,40.74479675292969,-73.96102905273438,40.75696182250977,469.34,2065,2065,-1.0,-1.0,-1,-1,0.0
15147,-73.96546173095702,40.75931930541992,-73.97966766357422,40.74402236938477,452.54,2065,2065,2234.17,2686.71,169.17000000000007,-5.684341886080802e-14,0.9999999999999999
15148,-73.97427368164062,40.79396438598633,-73.95011138916014,40.77545928955078,789.65,2066,2066,-1.0,-1.0,-1,-1,0.0
15149,-74.00470733642578,40.75188064575195,-74.01016998291014,40.73263931274415,382.94,2066,2066,2182.87,2565.81,116.86999999999989,5.684341886080802e-14,1.0000000000000002
15150,-73.99121856689453,40.75022888183594,-73.9765396118164,40.7661247253418,648.55,2066,2066,2102.9,2784.11,36.90000000000009,32.66000000000008,1.0503584920206617
15151,-73.9552001953125,40.78569030761719,-73.93927764892578,40.805091857910156,347.84,2066,2066,2072.37,2515.84,6.369999999999891,95.63000000000028,1.2749252529898811
15152,-73.9877395629883,40.74422073364258,-73.98136901855469,40.724998474121094,657.18,2066,2066,2103.75,2803.94,37.75,43.010000000000105,1.0654463008612558
15153,-73.9542465209961,40.770118713378906,-73.96057891845702,40.763038635253906,378.6,2066,2066,-1.0,-1.0,-1,-1,0.0
15154,-74.00338745117188,40.75067901611328,-74.00482940673827,40.74177169799805,253.57,2067,2067,-1.0,-1.0,-1,-1,0.0
15155,-73.95260620117188,40.77310180664063,-73.95305633544923,40.77986145019531,182.45,2067,2067,2118.47,2300.92,51.4699999999998,2.8421709430404007e-13,1.0000000000000016
15156,-73.95159912109375,40.78127670288085,-73.98236083984375,40.731300354003906,1128.88,2067,2067,2070.0,3288.75,3.0,89.86999999999989,1.0796098788179433
15157,-74.00164794921875,40.722332000732415,-73.99102020263672,40.73952865600585,525.61,2067,2067,-1.0,-1.0,-1,-1,0.0
15158,-73.98985290527344,40.73434829711913,-73.9820327758789,40.724029541015625,464.94,2068,2068,-1.0,-1.0,-1,-1,0.0
15159,-73.98143005371094,40.76351165771485,-73.98738861083984,40.73855972290039,813.51,2068,2068,-1.0,-1.0,-1,-1,0.0
15160,-73.96833801269531,40.759273529052734,-73.95759582519531,40.80406188964844,1035.64,2068,2068,2087.21,3208.4,19.210000000000036,85.54999999999995,1.082605924838747
15161,-73.95722961425781,40.78591918945313,-73.96865844726562,40.75883102416992,844.83,2068,2068,2193.24,3038.07,125.23999999999978,3.410605131648481e-13,1.0000000000000004
15162,-73.96540832519531,40.766075134277344,-73.97612762451173,40.77633666992188,540.79,2068,2068,2076.45,2664.03,8.449999999999818,46.79000000000042,1.0865215702953095
15163,-73.98101806640625,40.74458312988281,-74.00003051757811,40.745941162109375,561.21,2068,2068,-1.0,-1.0,-1,-1,0.0
15164,-73.9831771850586,40.734729766845696,-73.99653625488281,40.73735809326172,357.09,2068,2068,2119.6,2476.69,51.59999999999991,1.7053025658242404e-13,1.0000000000000004
15165,-73.97518157958984,40.7584228515625,-73.96409606933594,40.802677154541016,974.76,2068,2068,2121.95,3154.55,53.94999999999982,57.84000000000037,1.0593376831219996
15166,-74.00386810302734,40.753021240234375,-74.01351165771484,40.70841979980469,808.67,2068,2068,-1.0,-1.0,-1,-1,0.0
15167,-73.97645568847656,40.75148391723633,-73.9994583129883,40.73411560058594,679.04,2069,2069,-1.0,-1.0,-1,-1,0.0
15168,-73.98416900634766,40.755950927734375,-73.97563934326173,40.75783920288085,278.46,2069,2069,-1.0,-1.0,-1,-1,0.0
15169,-73.98072052001955,40.76434326171875,-73.98524475097656,40.75379180908203,439.41,2069,2069,-1.0,-1.0,-1,-1,0.0
15170,-73.98064422607422,40.7380256652832,-73.97380065917969,40.79207229614258,1395.56,2069,2069,-1.0,-1.0,-1,-1,0.0
15171,-74.0074234008789,40.705093383789055,-74.01013946533203,40.72148132324219,519.0,2069,2069,2114.24,2687.44,45.23999999999978,54.20000000000027,1.1044315992292877
15172,-73.96694946289062,40.793758392333984,-73.9761962890625,40.79082107543945,226.03,2069,2069,2105.14,2331.1699999999996,36.13999999999987,-2.5579538487363607e-13,0.9999999999999989
15173,-73.97869873046875,40.737060546875,-73.986328125,40.73210144042969,198.74,2069,2069,-1.0,-1.0,-1,-1,0.0
15174,-73.96971893310547,40.78470993041992,-73.9539794921875,40.77499008178711,468.42,2070,2070,2112.87,2581.29,42.86999999999989,5.684341886080802e-14,1.0000000000000002
15175,-73.96680450439453,40.79877471923828,-73.98397064208984,40.76005554199219,960.78,2070,2070,2628.73,3589.5099999999998,558.73,-2.2737367544323206e-13,0.9999999999999998
15176,-73.99311065673827,40.75240707397461,-73.99800109863281,40.76483154296875,452.51,2070,2070,2243.2,2695.71,173.19999999999982,2.2737367544323206e-13,1.0000000000000004
15177,-73.95188140869139,40.769508361816406,-73.95584869384766,40.782188415527344,430.29,2070,2070,-1.0,-1.0,-1,-1,0.0
15178,-73.97773742675781,40.75777816772461,-74.00716400146483,40.72661590576172,920.54,2070,2070,2104.32,3084.76,34.320000000000164,59.90000000000009,1.0650705020965956
15179,-73.96427154541014,40.76388931274415,-73.98182678222656,40.7834587097168,772.13,2070,2070,-1.0,-1.0,-1,-1,0.0
15180,-73.98792266845702,40.76149368286133,-73.99517822265625,40.75348281860352,371.83,2070,2070,-1.0,-1.0,-1,-1,0.0
15181,-73.9864730834961,40.762073516845696,-73.95771026611328,40.76848602294922,773.35,2071,2071,2212.37,2985.72,141.3699999999999,-1.1368683772161603e-13,0.9999999999999999
15182,-73.99129486083984,40.77495956420898,-73.98188781738281,40.768253326416016,355.79,2071,2071,2100.0,2455.79,29.0,-5.684341886080802e-14,0.9999999999999999
15183,-73.98707580566406,40.75569915771485,-73.97811889648438,40.73426818847656,838.72,2071,2071,2130.87,3021.41,59.86999999999989,51.819999999999936,1.0617846241892406
15184,-74.00711822509766,40.70544815063477,-73.97479248046875,40.71853637695313,370.57,2071,2071,-1.0,-1.0,-1,-1,0.0
15185,-73.98016357421875,40.78132247924805,-73.95316314697266,40.78869247436523,580.79,2071,2071,-1.0,-1.0,-1,-1,0.0
15186,-73.95206451416014,40.787422180175774,-73.9625701904297,40.762393951416016,716.79,2071,2071,2232.84,2949.63,161.84000000000015,0.0,1.0
15187,-73.9830780029297,40.74470138549805,-74.00341796875,40.73627853393555,572.84,2071,2071,-1.0,-1.0,-1,-1,0.0
15188,-73.94640350341797,40.772705078125,-73.9504165649414,40.77963638305664,236.36,2071,2071,2116.04,2352.4,45.039999999999964,1.1368683772161603e-13,1.0000000000000004
15189,-73.96575164794923,40.762001037597656,-73.96224975585938,40.77265548706055,280.37,2071,2071,-1.0,-1.0,-1,-1,0.0
15190,-73.97669982910156,40.7596549987793,-73.98838806152342,40.7511100769043,438.55,2072,2072,-1.0,-1.0,-1,-1,0.0
15191,-73.9738998413086,40.78398895263672,-73.96353149414062,40.77694320678711,240.63,2072,2072,2128.2400000000002,2368.87,56.24000000000024,-3.410605131648481e-13,0.9999999999999986
15192,-73.98838806152342,40.73746109008789,-73.97832489013672,40.75141143798828,403.53,2072,2072,2106.45,2527.02,34.44999999999982,17.04000000000019,1.0422273436919194
15193,-73.9821014404297,40.76984024047852,-73.97832489013672,40.78575134277344,414.65,2072,2072,-1.0,-1.0,-1,-1,0.0
15194,-73.96654510498048,40.76138687133789,-74.00621795654298,40.73171615600585,1246.9,2072,2072,2103.06,3359.92,31.059999999999945,9.960000000000036,1.0079878097682253
15195,-73.9799270629883,40.76559829711913,-74.00192260742188,40.728370666503906,1049.47,2072,2072,-1.0,-1.0,-1,-1,0.0
15196,-73.97470092773438,40.74220657348633,-73.99109649658203,40.74052047729492,480.32,2073,2073,-1.0,-1.0,-1,-1,0.0
15197,-73.98198699951173,40.743328094482415,-74.00240325927734,40.72829818725585,614.31,2073,2073,-1.0,-1.0,-1,-1,0.0
15198,-73.9713134765625,40.75514221191406,-73.9564895629883,40.77533721923828,438.44,2073,2073,-1.0,-1.0,-1,-1,0.0
15199,-73.95391082763672,40.77484130859375,-73.9847183227539,40.73637008666992,967.95,2073,2073,-1.0,-1.0,-1,-1,0.0
15200,-73.9749984741211,40.755531311035156,-73.99213409423827,40.74923706054688,628.41,2073,2073,2121.17,2817.79,48.17000000000007,68.20999999999992,1.108543785108448
15201,-73.98130798339844,40.74724960327149,-74.00337982177734,40.732582092285156,622.24,2073,2073,-1.0,-1.0,-1,-1,0.0
15202,-73.98716735839844,40.74455261230469,-73.98928070068358,40.75814056396485,554.5,2073,2073,-1.0,-1.0,-1,-1,0.0
15203,-73.98348999023438,40.76629638671875,-73.99396514892578,40.75672912597656,408.94,2073,2073,-1.0,-1.0,-1,-1,0.0
15204,-74.00273895263672,40.72858810424805,-73.9569320678711,40.78342819213867,1422.79,2074,2074,-1.0,-1.0,-1,-1,0.0
15205,-73.98521423339844,40.74485778808594,-73.98104858398438,40.76105880737305,521.23,2074,2074,-1.0,-1.0,-1,-1,0.0
15206,-73.98095703125,40.76776885986328,-73.98609161376955,40.7588005065918,359.96,2074,2074,-1.0,-1.0,-1,-1,0.0
15207,-73.99000549316406,40.76736831665039,-73.98761749267578,40.732688903808594,1205.49,2074,2074,-1.0,-1.0,-1,-1,0.0
15208,-74.00041198730467,40.708984375,-73.97763061523438,40.73661804199219,674.87,2074,2074,-1.0,-1.0,-1,-1,0.0
15209,-74.0041275024414,40.72411346435547,-73.98945617675781,40.735923767089844,507.61,2074,2074,-1.0,-1.0,-1,-1,0.0
15210,-73.95967102050781,40.774280548095696,-73.95077514648438,40.77933120727539,229.11,2074,2074,-1.0,-1.0,-1,-1,0.0
15211,-73.9727783203125,40.76466751098633,-73.94417572021484,40.77804946899415,745.64,2074,2074,-1.0,-1.0,-1,-1,0.0
15212,-74.01467895507811,40.70978164672852,-73.99413299560547,40.74085235595703,761.69,2075,2075,-1.0,-1.0,-1,-1,0.0
15213,-73.99825286865234,40.74547958374024,-73.9742889404297,40.7899284362793,941.99,2075,2075,2103.88,3081.2500000000005,28.88000000000011,35.38000000000034,1.0375587851251078
15214,-73.99584197998048,40.75928115844727,-73.96958923339844,40.766300201416016,729.49,2075,2075,-1.0,-1.0,-1,-1,0.0
15215,-73.97663879394531,40.78554916381836,-73.95806884765625,40.81578826904297,543.34,2075,2075,2114.37,2700.79,39.36999999999989,43.08000000000004,1.079287370707108
15216,-73.99207305908203,40.73368835449219,-73.98172760009766,40.74325942993164,511.37,2075,2075,2212.04,2723.4100000000003,137.03999999999996,3.410605131648481e-13,1.0000000000000007
15217,-73.95330047607422,40.76760864257813,-73.97136688232422,40.744590759277344,358.99,2075,2075,2110.91,2469.8999999999996,35.909999999999854,-2.2737367544323206e-13,0.9999999999999993
15218,-73.98928833007811,40.76818084716797,-73.95188903808595,40.81037902832031,836.92,2075,2075,-1.0,-1.0,-1,-1,0.0
15219,-73.99359130859375,40.72462844848633,-74.00092315673827,40.708839416503906,544.76,2075,2075,2487.42,3032.18,412.4200000000001,-2.2737367544323206e-13,0.9999999999999996
15220,-73.97808074951173,40.75257873535156,-73.99030303955078,40.75171661376953,396.42,2076,2076,2135.7700000000004,2532.1900000000005,59.77000000000044,5.684341886080802e-14,1.0000000000000002
15221,-73.96942901611328,40.75618743896485,-73.9781494140625,40.7598991394043,353.06,2076,2076,-1.0,-1.0,-1,-1,0.0
15222,-74.00234985351562,40.740081787109375,-73.9775161743164,40.749778747558594,761.45,2076,2076,2134.04,2956.0299999999997,58.039999999999964,60.539999999999736,1.079506205266268
15223,-73.99152374267578,40.74742889404297,-73.9820327758789,40.762371063232415,650.74,2076,2076,-1.0,-1.0,-1,-1,0.0
15224,-73.975830078125,40.75188064575195,-74.0075912475586,40.70510864257813,936.71,2076,2076,-1.0,-1.0,-1,-1,0.0
15225,-73.97850036621094,40.75062942504883,-73.99130249023438,40.743030548095696,526.09,2077,2077,-1.0,-1.0,-1,-1,0.0
15226,-73.96282196044923,40.76985168457031,-73.98104858398438,40.78227996826172,669.01,2077,2077,2215.04,2884.05,138.03999999999996,2.2737367544323206e-13,1.0000000000000004
15227,-74.00341796875,40.726959228515625,-74.00568389892578,40.74047470092773,390.29,2077,2077,-1.0,-1.0,-1,-1,0.0
15228,-73.98965454101562,40.756778717041016,-74.00376892089844,40.729942321777344,755.15,2077,2077,-1.0,-1.0,-1,-1,0.0
15229,-73.96157836914062,40.77998352050781,-73.98238372802734,40.77257537841797,508.03,2077,2077,2130.73,2638.76,53.73000000000002,2.2737367544323206e-13,1.0000000000000004
15230,-74.0097427368164,40.711769104003906,-74.0091323852539,40.71928024291992,210.07,2077,2077,-1.0,-1.0,-1,-1,0.0
15231,-73.98694610595702,40.73665237426758,-73.96863555908203,40.75497055053711,626.92,2077,2077,-1.0,-1.0,-1,-1,0.0
15232,-74.00605010986328,40.73992919921875,-73.98816680908203,40.72877883911133,684.62,2078,2078,2240.87,2925.49,162.8699999999999,-1.1368683772161603e-13,0.9999999999999999
15233,-73.9972152709961,40.74695587158203,-73.95055389404298,40.771427154541016,1219.42,2078,2078,-1.0,-1.0,-1,-1,0.0
15234,-73.97216033935547,40.75648880004883,-73.95777893066406,40.7700309753418,464.61,2078,2078,-1.0,-1.0,-1,-1,0.0
15235,-73.99041748046875,40.728660583496094,-73.99472045898438,40.71900939941406,388.98,2078,2078,-1.0,-1.0,-1,-1,0.0
15236,-73.97339630126955,40.763816833496094,-73.99331665039062,40.73253631591797,782.76,2078,2078,-1.0,-1.0,-1,-1,0.0
15237,-73.97238922119139,40.79408645629883,-73.98129272460938,40.753509521484375,1155.36,2078,2078,-1.0,-1.0,-1,-1,0.0
15238,-74.00379180908203,40.73189163208008,-73.9970703125,40.73726272583008,233.87,2079,2079,2112.25,2346.12,33.25,-1.1368683772161603e-13,0.9999999999999996
15239,-73.98272705078125,40.75654983520508,-73.97987365722656,40.73743057250977,672.09,2079,2079,-1.0,-1.0,-1,-1,0.0
15240,-73.98792266845702,40.754798889160156,-73.98104095458984,40.74205017089844,532.25,2079,2079,-1.0,-1.0,-1,-1,0.0
15241,-73.99805450439453,40.74265670776367,-74.00997161865234,40.73434829711913,409.09,2079,2079,-1.0,-1.0,-1,-1,0.0
15242,-73.9598617553711,40.77368927001953,-73.97705078125,40.7291145324707,996.33,2079,2079,-1.0,-1.0,-1,-1,0.0
15243,-73.97023773193358,40.76306533813477,-73.9554443359375,40.765907287597656,466.8,2079,2079,-1.0,-1.0,-1,-1,0.0
15244,-73.98519134521484,40.74481964111328,-73.95442962646483,40.76705551147461,886.07,2079,2079,-1.0,-1.0,-1,-1,0.0
15245,-73.99174499511719,40.72946166992188,-73.99462890625,40.71677780151367,460.91,2079,2079,-1.0,-1.0,-1,-1,0.0
15246,-73.96217346191406,40.76313018798828,-73.94707489013672,40.771820068359375,478.29,2079,2079,-1.0,-1.0,-1,-1,0.0
15247,-73.97056579589844,40.78396224975585,-73.97894287109375,40.7559928894043,824.43,2079,2079,2192.51,3016.94,113.51000000000022,-1.1368683772161603e-13,0.9999999999999999
15248,-73.96543884277344,40.76589965820313,-73.97605895996094,40.75136947631836,424.68,2080,2080,-1.0,-1.0,-1,-1,0.0
15249,-73.97767639160156,40.755165100097656,-73.97076416015625,40.76426315307617,222.13,2080,2080,2102.33,2324.46,22.329999999999927,1.1368683772161603e-13,1.0000000000000004
15250,-74.0066909790039,40.73175048828125,-73.9991226196289,40.74000549316406,246.59,2080,2080,2221.37,2467.96,141.3699999999999,1.4210854715202004e-13,1.0000000000000007
15251,-73.96471405029298,40.76246643066406,-73.98121643066406,40.76801681518555,507.09,2080,2080,-1.0,-1.0,-1,-1,0.0
15252,-73.97855377197266,40.77273941040039,-73.97888946533203,40.78766250610352,426.63,2080,2080,2127.96,2585.16,47.960000000000036,30.569999999999823,1.0716545953167846
15253,-73.96246337890625,40.7673225402832,-73.94903564453125,40.77843856811523,324.5,2080,2080,2113.63,2438.13,33.63000000000011,0.0,1.0
15254,-73.99562835693358,40.75930786132813,-73.98904418945312,40.760215759277344,219.51,2080,2080,-1.0,-1.0,-1,-1,0.0
15255,-73.98738098144531,40.73354721069336,-74.00218963623048,40.71917724609375,532.93,2081,2081,2104.9000000000005,2637.8300000000004,23.900000000000546,-1.1368683772161603e-13,0.9999999999999998
15256,-74.0057144165039,40.750972747802734,-74.00869750976562,40.703857421875,890.83,2081,2081,-1.0,-1.0,-1,-1,0.0
15257,-73.99897003173827,40.74549865722656,-74.0079345703125,40.74778747558594,242.46,2081,2081,-1.0,-1.0,-1,-1,0.0
15258,-74.00558471679686,40.745750427246094,-74.00794219970702,40.712158203125,876.69,2081,2081,-1.0,-1.0,-1,-1,0.0
15259,-73.99491882324219,40.725601196289055,-73.98355865478516,40.725940704345696,309.4,2081,2081,-1.0,-1.0,-1,-1,0.0
15260,-73.98373413085938,40.74686813354492,-73.95832061767578,40.77455520629883,788.15,2081,2081,-1.0,-1.0,-1,-1,0.0
15261,-74.01591491699219,40.71455764770508,-73.94187927246094,40.85161972045898,1788.09,2081,2081,-1.0,-1.0,-1,-1,0.0
15262,-73.97456359863281,40.76481628417969,-73.98534393310547,40.759483337402344,454.21,2081,2081,-1.0,-1.0,-1,-1,0.0
15263,-73.97962188720702,40.76068878173828,-73.98201751708984,40.76974868774415,313.59,2082,2082,-1.0,-1.0,-1,-1,0.0
15264,-73.98087310791014,40.729679107666016,-73.99152374267578,40.74473190307617,620.51,2082,2082,2247.04,2867.5499999999997,165.03999999999996,-2.2737367544323206e-13,0.9999999999999997
15265,-73.96412658691406,40.773868560791016,-73.98694610595702,40.765113830566406,628.41,2082,2082,-1.0,-1.0,-1,-1,0.0
15266,-73.99047088623048,40.75103759765625,-74.00559234619139,40.74014663696289,517.68,2082,2082,2117.12,2634.8,35.11999999999989,3.410605131648481e-13,1.0000000000000007
15267,-73.97333526611328,40.74850082397461,-73.98328399658203,40.762115478515625,829.37,2082,2082,2100.0,2929.37,18.0,-1.1368683772161603e-13,0.9999999999999999
15268,-73.99014282226562,40.73801040649415,-74.0013427734375,40.721439361572266,541.27,2082,2082,-1.0,-1.0,-1,-1,0.0
15269,-74.01598358154298,40.71157836914063,-74.00048065185547,40.74253463745117,621.21,2082,2082,-1.0,-1.0,-1,-1,0.0
15270,-73.98297119140625,40.7667236328125,-73.9633255004883,40.77472305297852,529.36,2082,2082,-1.0,-1.0,-1,-1,0.0
15271,-73.9524917602539,40.76628112792969,-73.96355438232422,40.7568244934082,418.52,2082,2082,2110.52,2529.04,28.519999999999982,0.0,1.0
15272,-73.97682189941406,40.785400390625,-73.95387268066406,40.78485107421875,522.5,2082,2082,-1.0,-1.0,-1,-1,0.0
15273,-73.9908676147461,40.73063659667969,-73.99610900878906,40.74265670776367,475.92,2082,2082,-1.0,-1.0,-1,-1,0.0
15274,-74.0081329345703,40.74529647827149,-73.9895782470703,40.74569320678711,541.8,2082,2082,2113.67,2678.1000000000004,31.670000000000073,22.630000000000337,1.0417681801402738
15275,-73.9515609741211,40.77537155151367,-73.99072265625,40.75090026855469,1293.53,2082,2082,-1.0,-1.0,-1,-1,0.0
15276,-73.95861053466798,40.76419448852539,-73.95515441894531,40.78766632080078,563.0,2082,2082,2118.19,2738.44,36.190000000000055,57.25,1.1016873889875667
15277,-73.9820327758789,40.75851821899415,-73.98271179199219,40.77186584472656,463.54,2082,2082,-1.0,-1.0,-1,-1,0.0
15278,-73.97390747070312,40.731758117675774,-73.96485137939453,40.80646896362305,1655.89,2083,2083,-1.0,-1.0,-1,-1,0.0
15279,-73.94699859619139,40.78028106689453,-73.9330062866211,40.79520034790039,250.02,2083,2083,2137.75,2387.77,54.75,-2.842170943040401e-14,0.9999999999999999
15280,-73.97381591796875,40.73864364624024,-74.00318908691406,40.7388801574707,825.58,2083,2083,-1.0,-1.0,-1,-1,0.0
15281,-73.95481109619139,40.78591918945313,-73.96533203125,40.75844192504883,810.33,2083,2083,2128.29,2938.62,45.289999999999964,-1.1368683772161603e-13,0.9999999999999999
15282,-73.9482192993164,40.78288650512695,-73.95217132568358,40.78990936279297,320.53,2083,2083,2301.45,2621.98,218.44999999999982,2.2737367544323206e-13,1.0000000000000007
15283,-74.00646209716798,40.73254013061523,-74.00592041015625,40.74523162841797,324.87,2083,2083,-1.0,-1.0,-1,-1,0.0
15284,-73.9699478149414,40.76240539550781,-73.97792053222656,40.75663757324219,436.05,2083,2083,-1.0,-1.0,-1,-1,0.0
15285,-74.0005874633789,40.74256134033203,-73.99488067626955,40.75035858154297,187.76,2083,2083,2285.75,2473.5099999999998,202.75,-2.2737367544323206e-13,0.9999999999999988
15286,-73.97885131835938,40.7530517578125,-73.9514389038086,40.76987075805664,808.48,2084,2084,-1.0,-1.0,-1,-1,0.0
15287,-73.99185943603516,40.72945022583008,-74.00961303710938,40.72209167480469,641.93,2084,2084,-1.0,-1.0,-1,-1,0.0
15288,-73.97022247314453,40.75712203979492,-73.96165466308594,40.76049041748047,244.95,2084,2084,-1.0,-1.0,-1,-1,0.0
15289,-73.98253631591797,40.75691223144531,-74.00395965576173,40.72761917114258,871.9,2084,2084,-1.0,-1.0,-1,-1,0.0
15290,-73.97522735595702,40.75509262084961,-73.95840454101562,40.77033615112305,575.94,2084,2084,-1.0,-1.0,-1,-1,0.0
15291,-73.95447540283203,40.787109375,-73.96638488769531,40.76459503173828,606.03,2084,2084,-1.0,-1.0,-1,-1,0.0
15292,-73.96440887451173,40.76054382324219,-73.97835540771484,40.745059967041016,455.3,2084,2084,-1.0,-1.0,-1,-1,0.0
15293,-73.9853515625,40.780906677246094,-73.98421478271484,40.76843643188477,368.37,2084,2084,-1.0,-1.0,-1,-1,0.0
15294,-73.98192596435547,40.758975982666016,-73.9798812866211,40.74926376342773,449.17,2085,2085,-1.0,-1.0,-1,-1,0.0
15295,-73.98339080810547,40.756290435791016,-73.96099853515625,40.81386947631836,1136.6,2085,2085,-1.0,-1.0,-1,-1,0.0
15296,-73.9836196899414,40.75557327270508,-73.9797592163086,40.74898147583008,373.55,2085,2085,-1.0,-1.0,-1,-1,0.0
15297,-73.97531890869139,40.78010177612305,-73.95711517333984,40.780250549316406,486.62,2085,2085,2118.3,2604.92,33.30000000000018,-1.1368683772161603e-13,0.9999999999999998
15298,-73.97823333740234,40.75900268554688,-74.00556945800781,40.725601196289055,900.33,2085,2085,2130.54,3103.18,45.539999999999964,72.30999999999983,1.0803149956127196
15299,-73.98729705810547,40.73868179321289,-73.97534942626955,40.75810623168945,544.63,2085,2085,2110.59,2655.22,25.590000000000146,-3.410605131648481e-13,0.9999999999999993
15300,-73.99765014648438,40.7359619140625,-73.97765350341797,40.7227668762207,697.7,2086,2086,2198.74,2896.44,112.73999999999978,2.2737367544323206e-13,1.0000000000000002
15301,-73.9866714477539,40.74029922485352,-73.99331665039062,40.7225456237793,547.39,2086,2086,2135.33,2690.0099999999998,49.32999999999993,7.28999999999985,1.0133177442043146
15302,-73.96681213378906,40.77291870117188,-73.97509765625,40.77768325805664,311.96,2086,2086,-1.0,-1.0,-1,-1,0.0
15303,-73.96196746826173,40.77949523925781,-73.98116302490234,40.77354049682617,465.2,2086,2086,2129.3199999999997,2594.52,43.31999999999971,2.8421709430404007e-13,1.0000000000000007
15304,-73.99409484863281,40.7532958984375,-73.98733520507811,40.72173309326172,1211.78,2086,2086,-1.0,-1.0,-1,-1,0.0
15305,-73.96945190429686,40.78541946411133,-73.95491790771484,40.78620147705078,292.28,2087,2087,2130.62,2422.8999999999996,43.61999999999989,-2.2737367544323206e-13,0.9999999999999992
15306,-73.94660186767578,40.77243041992188,-73.95111846923827,40.778541564941406,253.03,2087,2087,2140.29,2393.32,53.289999999999964,1.9895196601282805e-13,1.0000000000000009
15307,-73.99160766601562,40.73543167114258,-73.99146270751955,40.750675201416016,557.63,2087,2087,-1.0,-1.0,-1,-1,0.0
15308,-73.97512054443358,40.75251007080078,-74.00701141357422,40.705421447753906,963.54,2087,2087,-1.0,-1.0,-1,-1,0.0
15309,-73.97474670410156,40.752830505371094,-73.98422241210938,40.73746109008789,333.7,2087,2087,2141.77,2475.47,54.76999999999998,-1.7053025658242404e-13,0.9999999999999994
15310,-73.96829223632812,40.7589111328125,-73.97093963623048,40.76438903808594,282.88,2087,2087,-1.0,-1.0,-1,-1,0.0
15311,-73.99119567871094,40.74993515014648,-73.96581268310547,40.76354598999024,964.03,2087,2087,2102.06,3091.9,15.059999999999945,25.810000000000173,1.0267730257357137
15312,-74.00547790527344,40.73852157592773,-74.00556945800781,40.72636795043945,332.68,2087,2087,2140.79,2473.47,53.789999999999964,-1.7053025658242404e-13,0.9999999999999994
15313,-74.00999450683594,40.72100830078125,-74.00357055664062,40.73614883422852,445.84,2088,2088,-1.0,-1.0,-1,-1,0.0
15314,-73.9871826171875,40.77098846435547,-73.96906280517578,40.76832962036133,522.17,2088,2088,-1.0,-1.0,-1,-1,0.0
15315,-73.99728393554686,40.72202682495117,-73.98763275146483,40.74439239501953,662.33,2088,2088,-1.0,-1.0,-1,-1,0.0
15316,-73.99237060546875,40.73797607421875,-73.99675750732422,40.76252746582031,816.19,2088,2088,-1.0,-1.0,-1,-1,0.0
15317,-73.97537994384766,40.74911117553711,-73.96920776367188,40.75364685058594,201.38,2088,2088,-1.0,-1.0,-1,-1,0.0
15318,-73.98946380615234,40.73003387451172,-73.98243713378906,40.76432800292969,1176.93,2088,2088,-1.0,-1.0,-1,-1,0.0
15319,-73.9964599609375,40.723819732666016,-73.99559783935547,40.742469787597656,568.72,2088,2088,-1.0,-1.0,-1,-1,0.0
15320,-73.97968292236328,40.76625442504883,-73.98027038574219,40.74851608276367,686.8,2088,2088,-1.0,-1.0,-1,-1,0.0
15321,-73.9966812133789,40.7376708984375,-74.00694274902342,40.74271011352539,324.59,2088,2088,2172.67,2497.2599999999998,84.67000000000007,-2.8421709430404007e-13,0.9999999999999991
15322,-74.00302124023438,40.73489379882813,-74.00923156738281,40.72597122192383,364.64,2088,2088,-1.0,-1.0,-1,-1,0.0
15323,-73.98258209228516,40.742488861083984,-73.97511291503906,40.74771118164063,236.16,2088,2088,-1.0,-1.0,-1,-1,0.0
15324,-73.97531127929686,40.74990463256836,-73.9873504638672,40.7561912536621,493.87,2089,2089,-1.0,-1.0,-1,-1,0.0
15325,-73.98033142089844,40.74570083618164,-73.99177551269531,40.74249267578125,368.46,2089,2089,-1.0,-1.0,-1,-1,0.0
15326,-73.97762298583984,40.78696823120117,-73.96717834472656,40.76669692993164,707.29,2089,2089,-1.0,-1.0,-1,-1,0.0
15327,-73.9393081665039,40.848541259765625,-73.99137878417969,40.7499885559082,1476.46,2089,2089,2171.8,3648.26,82.80000000000018,0.0,1.0
15328,-73.9721145629883,40.7572021484375,-73.9910888671875,40.73973083496094,603.8,2089,2089,2101.58,2705.38,12.579999999999927,2.2737367544323206e-13,1.0000000000000004
15329,-74.00564575195312,40.75098419189453,-73.96569061279298,40.79310607910156,912.2,2089,2089,2135.4900000000002,3047.69,46.49000000000024,-2.2737367544323206e-13,0.9999999999999998
15330,-73.98473358154298,40.746341705322266,-73.98480224609375,40.73261260986328,439.61,2089,2089,-1.0,-1.0,-1,-1,0.0
15331,-73.99424743652342,40.75014877319336,-73.94857025146483,40.77410888671875,1327.6,2090,2090,-1.0,-1.0,-1,-1,0.0
15332,-73.98130798339844,40.78081130981445,-73.94190979003906,40.81536483764648,937.26,2090,2090,-1.0,-1.0,-1,-1,0.0
15333,-74.00436401367188,40.74044799804688,-73.98792266845702,40.72097396850585,945.77,2090,2090,-1.0,-1.0,-1,-1,0.0
15334,-73.9720001220703,40.75606155395508,-73.99986267089844,40.73200988769531,909.71,2090,2090,-1.0,-1.0,-1,-1,0.0
15335,-73.97538757324219,40.7520866394043,-73.9975051879883,40.72250747680664,846.67,2090,2090,-1.0,-1.0,-1,-1,0.0
15336,-73.97313690185547,40.75569152832031,-73.9912109375,40.7651596069336,737.83,2090,2090,-1.0,-1.0,-1,-1,0.0
15337,-73.9494400024414,40.77439880371094,-73.97966766357422,40.79019165039063,774.2,2090,2090,-1.0,-1.0,-1,-1,0.0
15338,-74.0027618408203,40.74972915649415,-73.96729278564453,40.75735092163085,1104.15,2090,2090,2231.79,3335.94,141.78999999999996,0.0,1.0
15339,-73.96855163574219,40.76180648803711,-73.9797134399414,40.7466926574707,392.68,2091,2091,2124.75,2517.43,33.75,-1.7053025658242404e-13,0.9999999999999996
15340,-73.99356842041014,40.74566650390625,-73.97940063476562,40.75909423828125,483.13,2091,2091,-1.0,-1.0,-1,-1,0.0
15341,-73.97927856445312,40.76702880859375,-73.98912048339844,40.775215148925774,392.87,2091,2091,-1.0,-1.0,-1,-1,0.0
15342,-73.98282623291014,40.761962890625,-73.9954605102539,40.764747619628906,401.92,2091,2091,-1.0,-1.0,-1,-1,0.0
15343,-74.0052032470703,40.72024917602539,-73.9990005493164,40.71358871459961,436.59,2091,2091,2158.16,2594.75,67.15999999999985,1.7053025658242404e-13,1.0000000000000004
15344,-73.99100494384766,40.74544525146485,-73.98211669921875,40.773536682128906,829.04,2091,2091,2139.09,3039.21,48.090000000000146,71.07999999999993,1.085737720737238
15345,-73.95113372802734,40.77868270874024,-74.00567626953125,40.7451286315918,1481.56,2091,2091,-1.0,-1.0,-1,-1,0.0
15346,-73.99837493896483,40.72261047363281,-73.98411560058595,40.72557067871094,438.7,2091,2091,-1.0,-1.0,-1,-1,0.0
15347,-73.96087646484375,40.7657585144043,-73.9776611328125,40.7863883972168,724.49,2091,2091,2134.01,2892.96,43.01000000000022,34.45999999999981,1.0475644936438044
15348,-73.94576263427734,40.80126190185547,-73.98258209228516,40.763221740722656,1065.14,2091,2091,-1.0,-1.0,-1,-1,0.0
15349,-73.9774169921875,40.75011825561523,-73.98975372314453,40.759056091308594,576.52,2091,2091,-1.0,-1.0,-1,-1,0.0
15350,-74.00444030761719,40.73793029785156,-74.00414276123048,40.733192443847656,223.92,2091,2091,2189.71,2413.63,98.71000000000004,8.526512829121202e-14,1.0000000000000004
15351,-73.97170257568358,40.76031875610352,-73.96147155761719,40.7690315246582,365.65,2091,2091,-1.0,-1.0,-1,-1,0.0
15352,-73.99732971191406,40.71935653686523,-73.984619140625,40.75374603271485,1003.6,2092,2092,-1.0,-1.0,-1,-1,0.0
15353,-73.99002838134766,40.752479553222656,-73.96778869628906,40.76552963256836,740.22,2092,2092,2140.25,2880.4700000000003,48.25,2.2737367544323206e-13,1.0000000000000002
15354,-73.98182678222656,40.77812957763672,-73.97367858886719,40.78948974609375,201.5,2092,2092,2108.94,2310.44,16.940000000000055,0.0,1.0
15355,-73.96038818359375,40.78176879882813,-73.97916412353516,40.765220642089844,666.24,2092,2092,2118.7200000000003,2784.96,26.720000000000255,-2.2737367544323206e-13,0.9999999999999997
15356,-73.98468017578125,40.73711013793945,-73.99378204345702,40.720081329345696,522.69,2092,2092,2179.92,2702.6099999999997,87.92000000000007,-4.547473508864641e-13,0.9999999999999991
15357,-74.01457214355469,40.71384048461913,-73.96807861328125,40.79309844970703,1345.43,2092,2092,-1.0,-1.0,-1,-1,0.0
15358,-74.001953125,40.72805404663085,-73.98551177978516,40.72768783569336,461.95,2092,2092,2120.42,2610.21,28.420000000000073,27.839999999999975,1.0602662625825305
15359,-73.98710632324219,40.74478149414063,-73.9874267578125,40.72146224975585,784.72,2092,2092,-1.0,-1.0,-1,-1,0.0
15360,-73.97886657714845,40.75059127807617,-73.98504638671875,40.75666809082031,404.04,2093,2093,-1.0,-1.0,-1,-1,0.0
15361,-73.97321319580078,40.74367141723633,-73.9550552368164,40.76904678344727,420.34,2093,2093,2135.14,2555.48,42.13999999999987,1.7053025658242404e-13,1.0000000000000004
15362,-73.94457244873048,40.779651641845696,-73.95722198486328,40.7620506286621,380.59,2093,2093,-1.0,-1.0,-1,-1,0.0
15363,-73.96167755126955,40.757789611816406,-73.96864318847656,40.764591217041016,457.95,2093,2093,2131.81,2589.7599999999998,38.809999999999945,-1.7053025658242404e-13,0.9999999999999997
15364,-73.95652770996094,40.771400451660156,-73.95623779296875,40.76348876953125,274.24,2093,2093,2150.88,2425.12,57.88000000000011,-2.2737367544323206e-13,0.9999999999999992
15365,-73.98374938964845,40.75605773925781,-73.96708679199219,40.77243041992188,534.13,2093,2093,-1.0,-1.0,-1,-1,0.0
15366,-73.96856689453125,40.764739990234375,-73.97279357910156,40.756141662597656,314.75,2093,2093,-1.0,-1.0,-1,-1,0.0
15367,-74.00501251220702,40.75151824951172,-73.98747253417969,40.7199592590332,1203.77,2093,2093,2119.92,3323.69,26.920000000000073,0.0,1.0
15368,-73.98960876464844,40.747413635253906,-73.95417022705078,40.76393127441406,1035.46,2093,2093,-1.0,-1.0,-1,-1,0.0
15369,-73.97252655029298,40.76168441772461,-73.97392272949219,40.79197311401367,801.9,2093,2093,2108.62,2910.52,15.61999999999989,1.1368683772161603e-13,1.0000000000000002
15370,-74.0028076171875,40.74983215332031,-73.96744537353516,40.75786209106445,1104.15,2094,2094,-1.0,-1.0,-1,-1,0.0
15371,-73.98526000976562,40.73875045776367,-73.99646759033203,40.73199844360352,385.54,2094,2094,2123.63,2541.04,29.63000000000011,31.869999999999834,1.0826632774809355
15372,-74.00482177734375,40.706939697265625,-73.95587921142578,40.76784133911133,1040.55,2094,2094,2119.23,3159.78,25.230000000000018,2.2737367544323206e-13,1.0000000000000002
15373,-73.96481323242188,40.77240753173828,-73.9757308959961,40.789363861083984,520.8,2094,2094,-1.0,-1.0,-1,-1,0.0
15374,-73.95307159423827,40.766277313232415,-73.98218536376955,40.77438354492188,762.71,2094,2094,2124.67,2887.38,30.670000000000073,0.0,1.0
15375,-73.9739990234375,40.750526428222656,-73.98848724365234,40.764122009277344,756.65,2095,2095,-1.0,-1.0,-1,-1,0.0
15376,-73.96819305419923,40.76167297363281,-73.9527587890625,40.76820373535156,448.83,2095,2095,-1.0,-1.0,-1,-1,0.0
15377,-73.98184204101562,40.77920150756836,-73.98937225341797,40.774391174316406,211.01,2095,2095,-1.0,-1.0,-1,-1,0.0
15378,-73.9835433959961,40.74296569824219,-73.9770278930664,40.73930740356445,277.88,2095,2095,-1.0,-1.0,-1,-1,0.0
15379,-73.97306060791014,40.79008865356445,-73.98164367675781,40.77958297729492,336.89,2095,2095,2263.58,2600.4700000000003,168.57999999999993,3.410605131648481e-13,1.000000000000001
15380,-73.9524688720703,40.76634979248047,-73.9520492553711,40.77717971801758,300.31,2095,2095,2141.3,2441.61,46.30000000000018,-5.684341886080802e-14,0.9999999999999998
15381,-74.00205993652342,40.72643280029297,-74.00328826904298,40.735145568847656,288.21,2095,2095,-1.0,-1.0,-1,-1,0.0
15382,-73.98426055908203,40.742919921875,-73.99041748046875,40.73493957519531,182.8,2095,2095,2132.25,2315.05,37.25,1.7053025658242404e-13,1.0000000000000009
15383,-73.98221588134766,40.75798416137695,-73.9822998046875,40.77977752685547,662.2,2095,2095,2114.5099999999998,2835.11,19.509999999999764,58.40000000000032,1.0881908788885537
15384,-73.97486877441406,40.79074096679688,-73.9656982421875,40.77434158325195,500.22,2096,2096,-1.0,-1.0,-1,-1,0.0
15385,-73.95280456542969,40.78093338012695,-73.95875549316406,40.77523040771485,193.5,2096,2096,-1.0,-1.0,-1,-1,0.0
15386,-73.96881103515625,40.76996994018555,-73.98468780517578,40.78004837036133,506.46,2096,2096,-1.0,-1.0,-1,-1,0.0
15387,-73.99325561523438,40.75299453735352,-73.96331024169923,40.75438690185547,892.91,2096,2096,-1.0,-1.0,-1,-1,0.0
15388,-73.9941177368164,40.75104904174805,-74.00029754638672,40.72650146484375,815.08,2096,2096,-1.0,-1.0,-1,-1,0.0
15389,-73.9811248779297,40.74718856811523,-73.96675872802734,40.77007293701172,612.6,2097,2097,2151.07,2763.67,54.070000000000164,-1.1368683772161603e-13,0.9999999999999998
15390,-73.98892974853516,40.76428604125977,-73.98036193847656,40.780235290527344,363.4,2097,2097,-1.0,-1.0,-1,-1,0.0
15391,-73.9842071533203,40.78037643432617,-73.94786071777344,40.78738784790039,855.54,2097,2097,-1.0,-1.0,-1,-1,0.0
15392,-74.00408172607422,40.74755859375,-73.99636840820312,40.74446868896485,192.38,2097,2097,2138.25,2330.63,41.25,1.1368683772161603e-13,1.0000000000000007
15393,-73.97583770751955,40.76097106933594,-73.98966979980467,40.71418380737305,1297.65,2097,2097,-1.0,-1.0,-1,-1,0.0
15394,-74.0027084350586,40.760555267333984,-74.01239776611328,40.71994400024415,633.18,2098,2098,2144.72,2777.9,46.7199999999998,3.410605131648481e-13,1.0000000000000004
15395,-73.9784164428711,40.76379013061523,-74.0027618408203,40.760589599609375,700.38,2098,2098,-1.0,-1.0,-1,-1,0.0
15396,-73.9706039428711,40.761314392089844,-73.96055603027344,40.7698974609375,305.65,2098,2098,2122.3199999999997,2427.97,24.31999999999971,1.1368683772161603e-13,1.0000000000000004
15397,-73.98973846435547,40.7341194152832,-73.9729766845703,40.756248474121094,717.97,2098,2098,2110.33,2901.29,12.329999999999927,72.99000000000001,1.1016616293159882
15398,-74.01423645019531,40.71133041381836,-74.0111312866211,40.72465133666992,203.4,2098,2098,-1.0,-1.0,-1,-1,0.0
15399,-73.98321533203125,40.762519836425774,-73.98902130126955,40.75945281982422,316.58,2098,2098,-1.0,-1.0,-1,-1,0.0
15400,-73.98796844482422,40.718650817871094,-73.98009490966798,40.742988586425774,632.5,2098,2098,2443.18,3075.68,345.17999999999984,0.0,1.0
15401,-73.98251342773438,40.77714920043945,-73.94882202148438,40.80582046508789,794.55,2098,2098,-1.0,-1.0,-1,-1,0.0
15402,-74.00371551513672,40.71303176879883,-73.9798355102539,40.71629333496094,662.49,2098,2098,2254.34,2916.83,156.34000000000015,-2.2737367544323206e-13,0.9999999999999997
15403,-73.96283721923827,40.7752799987793,-73.95372772216798,40.76678466796875,442.74,2098,2098,-1.0,-1.0,-1,-1,0.0
15404,-73.96414184570312,40.77096176147461,-73.9720001220703,40.76575088500977,293.8,2098,2098,2115.06,2466.43,17.059999999999945,57.56999999999988,1.1959496255956428
15405,-73.99584197998048,40.7442512512207,-74.00508117675781,40.74655151367188,232.55,2099,2099,2123.2599999999998,2374.95,24.259999999999764,19.140000000000043,1.0823048806708238
15406,-73.9722900390625,40.79654312133789,-73.98426818847656,40.77385330200195,476.82,2099,2099,2138.82,2695.05,39.820000000000164,79.41000000000003,1.1665408330187492
15407,-73.9823226928711,40.76248168945313,-74.0028305053711,40.760589599609375,615.26,2099,2099,-1.0,-1.0,-1,-1,0.0
15408,-73.97855377197266,40.7451286315918,-73.97161102294923,40.754371643066406,257.82,2099,2099,2108.42,2366.24,9.420000000000073,-2.8421709430404007e-13,0.9999999999999989
15409,-73.97926330566406,40.77688217163085,-73.97830963134766,40.7882080078125,336.76,2099,2099,2128.78,2471.6,29.7800000000002,6.059999999999718,1.0179950112839997
15410,-73.9740982055664,40.76375198364258,-73.98388671875,40.76371765136719,464.7,2099,2099,-1.0,-1.0,-1,-1,0.0
15411,-74.00479888916014,40.74166870117188,-74.0169906616211,40.707801818847656,740.77,2099,2099,-1.0,-1.0,-1,-1,0.0
15412,-73.95352935791014,40.7910041809082,-73.95309448242188,40.77610778808594,439.33,2099,2099,-1.0,-1.0,-1,-1,0.0
15413,-73.99169921875,40.7408332824707,-74.00257110595702,40.7501220703125,464.48,2099,2099,2211.83,2676.31,112.82999999999993,0.0,1.0
15414,-73.96910095214845,40.764320373535156,-73.95751190185547,40.768402099609375,394.08,2099,2099,-1.0,-1.0,-1,-1,0.0
15415,-73.97077178955078,40.79421615600585,-73.95018768310547,40.787254333496094,596.27,2100,2100,2236.17,2832.44,136.17000000000007,0.0,1.0
15416,-73.9744644165039,40.762306213378906,-73.9662094116211,40.77036666870117,266.55,2100,2100,-1.0,-1.0,-1,-1,0.0
15417,-73.98394012451173,40.74436950683594,-73.98700714111328,40.75051879882813,310.97,2100,2100,-1.0,-1.0,-1,-1,0.0
15418,-73.95394134521484,40.77869033813477,-73.98091125488281,40.74760818481445,986.64,2100,2100,-1.0,-1.0,-1,-1,0.0
15419,-73.98725128173827,40.74501037597656,-73.99923706054686,40.71778106689453,803.22,2100,2100,-1.0,-1.0,-1,-1,0.0
15420,-73.98956298828125,40.735801696777344,-74.00241088867188,40.745079040527344,506.51,2100,2100,-1.0,-1.0,-1,-1,0.0
15421,-73.97059631347656,40.758953094482415,-73.95023345947266,40.77620315551758,520.91,2100,2100,2113.7400000000002,2635.54,13.740000000000236,0.889999999999759,1.0017085485016601
15422,-73.9891357421875,40.748023986816406,-73.97150421142578,40.76307678222656,588.38,2100,2100,-1.0,-1.0,-1,-1,0.0
15423,-73.98831176757811,40.73195266723633,-73.9766616821289,40.74756622314453,364.23,2100,2100,-1.0,-1.0,-1,-1,0.0
15424,-73.99639892578125,40.73800277709961,-73.9789047241211,40.76210403442383,629.59,2100,2100,2107.41,2737.0,7.4099999999998545,1.1368683772161603e-13,1.0000000000000002
15425,-73.94932556152342,40.774410247802734,-74.00420379638672,40.75264358520508,1381.13,2100,2100,-1.0,-1.0,-1,-1,0.0
15426,-73.98107147216798,40.75999069213867,-73.98732757568358,40.779121398925774,652.54,2101,2101,2135.02,2787.56,34.01999999999998,0.0,1.0
15427,-74.00695037841797,40.7291374206543,-74.00180053710938,40.74082946777344,200.13,2101,2101,-1.0,-1.0,-1,-1,0.0
15428,-73.96798706054686,40.751548767089844,-73.96681976318358,40.76129913330078,337.53,2101,2101,2157.7799999999997,2495.31,56.779999999999745,2.2737367544323206e-13,1.0000000000000007
15429,-74.00921630859375,40.70410919189453,-73.97486114501955,40.73291397094727,502.37,2101,2101,2317.66,2820.0299999999997,216.65999999999985,-1.1368683772161603e-13,0.9999999999999998
15430,-73.99036407470702,40.77165603637695,-73.98786926269531,40.77949523925781,186.25,2101,2101,2150.03,2396.12,49.0300000000002,59.83999999999969,1.3212885906040253
15431,-73.95852661132812,40.760440826416016,-73.9911880493164,40.72175979614258,943.38,2101,2101,2204.29,3147.6699999999996,103.28999999999996,-3.410605131648481e-13,0.9999999999999997
15432,-73.99636840820312,40.74322128295898,-73.9945297241211,40.7505989074707,235.67,2101,2101,-1.0,-1.0,-1,-1,0.0
15433,-73.98332214355469,40.78145980834961,-73.96154022216798,40.8111686706543,579.01,2101,2101,-1.0,-1.0,-1,-1,0.0
15434,-73.972900390625,40.755165100097656,-73.99020385742188,40.74184036254883,518.09,2101,2101,2150.88,2668.97,49.88000000000011,-3.410605131648481e-13,0.9999999999999993
15435,-73.95825958251955,40.78168869018555,-73.96486663818358,40.77540969848633,190.52,2102,2102,-1.0,-1.0,-1,-1,0.0
15436,-73.9760208129883,40.76293182373047,-73.97457885742188,40.75653076171875,279.62,2102,2102,-1.0,-1.0,-1,-1,0.0
15437,-73.9797134399414,40.77613067626953,-73.95065307617188,40.7823486328125,708.64,2102,2102,2144.62,2853.26,42.61999999999989,3.410605131648481e-13,1.0000000000000004
15438,-73.96800231933594,40.80116653442383,-73.99346160888672,40.75553894042969,995.74,2102,2102,2214.67,3210.4100000000003,112.67000000000007,2.2737367544323206e-13,1.0000000000000002
15439,-73.95667266845702,40.77803039550781,-73.96537017822266,40.76617050170898,312.65,2102,2102,-1.0,-1.0,-1,-1,0.0
15440,-73.98095703125,40.759368896484375,-74.00246429443358,40.72902297973633,873.8,2102,2102,-1.0,-1.0,-1,-1,0.0
15441,-73.96985626220702,40.78976058959961,-73.98126220703125,40.77436828613281,293.25,2102,2102,2135.16,2428.41,33.159999999999854,0.0,1.0
15442,-73.96813201904298,40.7554817199707,-74.001953125,40.72800827026367,934.93,2103,2103,2152.55,3087.48,49.55000000000018,-1.1368683772161603e-13,0.9999999999999999
15443,-73.964111328125,40.756778717041016,-73.98419189453125,40.7600212097168,795.6,2103,2103,2245.7,3041.3,142.69999999999982,3.410605131648481e-13,1.0000000000000004
15444,-73.96047973632812,40.76165390014648,-73.9522705078125,40.78373336791992,441.57,2103,2103,2139.62,2581.19,36.61999999999989,1.7053025658242404e-13,1.0000000000000004
15445,-73.96405029296875,40.76779174804688,-73.95304870605469,40.78269958496094,399.8,2103,2103,-1.0,-1.0,-1,-1,0.0
15446,-73.9921646118164,40.749168395996094,-73.99040985107422,40.72345352172852,830.63,2103,2103,2135.59,2966.2200000000007,32.590000000000146,5.684341886080801e-13,1.0000000000000007
15447,-73.9781265258789,40.72929000854492,-73.95282745361328,40.76805877685547,775.61,2103,2103,-1.0,-1.0,-1,-1,0.0
15448,-73.98191833496094,40.780189514160156,-74.00035858154298,40.72375869750977,1365.7,2103,2103,-1.0,-1.0,-1,-1,0.0
15449,-73.98302459716798,40.77753448486328,-73.9632797241211,40.766090393066406,612.9,2103,2103,-1.0,-1.0,-1,-1,0.0
15450,-73.9543685913086,40.7661361694336,-73.9827880859375,40.73533248901367,644.79,2103,2103,2134.49,2779.2799999999997,31.48999999999978,0.0,1.0
15451,-74.01107788085938,40.71590805053711,-74.0079116821289,40.70895004272461,350.01,2103,2103,-1.0,-1.0,-1,-1,0.0
15452,-73.95079040527342,40.78326797485352,-73.94723510742188,40.801025390625,352.55,2104,2104,2139.28,2491.83,35.2800000000002,-2.8421709430404007e-13,0.9999999999999992
15453,-73.97193145751955,40.75994873046875,-73.98941040039062,40.73612976074219,658.63,2104,2104,-1.0,-1.0,-1,-1,0.0
15454,-74.00456237792969,40.706939697265625,-74.0110092163086,40.709129333496094,265.76,2104,2104,-1.0,-1.0,-1,-1,0.0
15455,-73.98080444335938,40.764812469482415,-73.97510528564453,40.75637435913085,496.25,2104,2104,-1.0,-1.0,-1,-1,0.0
15456,-73.98548889160156,40.752220153808594,-73.9413833618164,40.81684112548828,1563.93,2104,2104,2150.63,3746.2299999999987,46.63000000000011,31.66999999999848,1.0202502669556812
15457,-73.96617126464845,40.7597885131836,-73.9563980102539,40.77558898925781,384.89,2104,2104,2148.6,2533.49,44.59999999999991,-1.1368683772161603e-13,0.9999999999999997
15458,-73.99010467529298,40.73281478881836,-73.9854736328125,40.73873519897461,247.28,2104,2104,2285.04,2532.32,181.03999999999996,1.9895196601282805e-13,1.0000000000000009
15459,-73.97999572753906,40.75188446044922,-73.97720336914062,40.757637023925774,213.16,2105,2105,-1.0,-1.0,-1,-1,0.0
15460,-73.96597290039062,40.80546951293945,-73.95281219482422,40.779869079589844,859.03,2105,2105,2238.0,3097.0299999999997,133.0,-2.2737367544323206e-13,0.9999999999999998
15461,-73.96617126464845,40.79463195800781,-73.97532653808595,40.792091369628906,229.15,2105,2105,-1.0,-1.0,-1,-1,0.0
15462,-73.98948669433594,40.76281356811523,-73.97357177734375,40.74806594848633,874.83,2105,2105,2150.12,3024.95,45.11999999999989,-1.1368683772161603e-13,0.9999999999999999
15463,-73.96788787841797,40.76542663574219,-73.98009490966798,40.773033142089844,371.33,2105,2105,-1.0,-1.0,-1,-1,0.0
15464,-73.97866821289062,40.75615692138672,-73.98799896240234,40.7295036315918,707.66,2105,2105,2149.7500000000005,2893.19,44.750000000000455,35.77999999999963,1.0505610038719153
15465,-73.96930694580078,40.76100540161133,-73.97811126708984,40.7252311706543,859.97,2105,2105,2147.16,3015.0,42.159999999999854,7.870000000000118,1.009151482028443
15466,-73.97623443603516,40.760078430175774,-73.96073150634766,40.76972579956055,512.22,2105,2105,-1.0,-1.0,-1,-1,0.0
15467,-73.98433685302734,40.72891616821289,-73.99100494384766,40.75077438354492,835.63,2105,2105,2143.55,3016.72,38.55000000000018,37.53999999999962,1.0449241889352938
15468,-73.98746490478516,40.73884582519531,-73.98601531982422,40.72681427001953,424.33,2106,2106,2249.95,2674.28,143.94999999999982,3.979039320256561e-13,1.0000000000000009
15469,-73.96862030029298,40.767444610595696,-73.97738647460938,40.764549255371094,346.55,2106,2106,-1.0,-1.0,-1,-1,0.0
15470,-73.97753143310547,40.754878997802734,-73.97077941894531,40.79845809936523,1090.42,2106,2106,-1.0,-1.0,-1,-1,0.0
15471,-73.9751968383789,40.74988555908203,-73.97160339355469,40.78074645996094,882.28,2106,2106,2160.37,3042.65,54.36999999999989,2.2737367544323206e-13,1.0000000000000002
15472,-73.98310852050781,40.766517639160156,-73.9627227783203,40.76730728149415,573.43,2106,2106,-1.0,-1.0,-1,-1,0.0
15473,-73.9832992553711,40.73859024047852,-73.97464752197266,40.73601913452149,296.5,2106,2106,2132.62,2429.12,26.61999999999989,0.0,1.0
15474,-73.97028350830078,40.75978469848633,-73.99075317382812,40.740142822265625,665.8,2107,2107,-1.0,-1.0,-1,-1,0.0
15475,-73.97508239746094,40.76362609863281,-74.00176239013672,40.75140380859375,918.49,2107,2107,-1.0,-1.0,-1,-1,0.0
15476,-73.97757720947266,40.749473571777344,-74.00823974609375,40.71685791015625,1024.22,2107,2107,-1.0,-1.0,-1,-1,0.0
15477,-74.00102996826173,40.72295379638672,-73.9920425415039,40.71490097045898,704.06,2107,2107,-1.0,-1.0,-1,-1,0.0
15478,-73.98212432861328,40.774391174316406,-73.97746276855469,40.78624725341797,270.17,2107,2107,2160.7,2430.87,53.69999999999982,5.684341886080802e-14,1.0000000000000002
15479,-73.99475860595702,40.73239135742188,-74.00570678710938,40.74052047729492,441.55,2107,2107,2219.84,2661.39,112.84000000000015,-2.8421709430404007e-13,0.9999999999999993
15480,-74.01345825195312,40.71611404418945,-74.0003890991211,40.73242950439453,460.13,2107,2107,2154.71,2614.84,47.710000000000036,1.1368683772161603e-13,1.0000000000000002
15481,-73.9828567504883,40.72742080688477,-74.00060272216798,40.72105026245117,580.21,2108,2108,2227.88,2808.09,119.88000000000011,0.0,1.0
15482,-73.9454345703125,40.81306838989258,-73.97709655761719,40.729248046875,1715.62,2108,2108,2591.6800000000003,4307.3,483.6800000000003,0.0,1.0
15483,-73.98270416259766,40.75413131713867,-73.96394348144531,40.75690078735352,627.11,2108,2108,-1.0,-1.0,-1,-1,0.0
15484,-73.97389221191406,40.76485824584961,-73.9633560180664,40.774696350097656,312.56,2108,2108,-1.0,-1.0,-1,-1,0.0
15485,-73.98728942871094,40.77616882324219,-73.99134063720702,40.75096130371094,731.96,2108,2108,-1.0,-1.0,-1,-1,0.0
15486,-73.99394989013672,40.74739837646485,-73.9783706665039,40.7342185974121,610.11,2108,2108,-1.0,-1.0,-1,-1,0.0
15487,-73.97120666503906,40.75110244750977,-73.97828674316406,40.7249412536621,564.67,2109,2109,2152.2599999999998,2716.93,43.25999999999976,1.1368683772161603e-13,1.0000000000000002
15488,-73.9706802368164,40.78572463989258,-73.9734878540039,40.755313873291016,925.19,2109,2109,2157.25,3136.62,48.25,54.179999999999836,1.0585609442384805
15489,-73.97976684570312,40.7812614440918,-73.97835540771484,40.77301406860352,287.79,2109,2109,-1.0,-1.0,-1,-1,0.0
15490,-73.98188781738281,40.76628875732422,-73.98565673828125,40.75750350952149,333.49,2109,2109,-1.0,-1.0,-1,-1,0.0
15491,-73.97824096679686,40.76647186279297,-73.9947280883789,40.71870040893555,1505.23,2109,2109,-1.0,-1.0,-1,-1,0.0
15492,-73.99906158447266,40.72994995117188,-73.99466705322266,40.745750427246094,443.04,2109,2109,2311.25,2754.29,202.25,-5.684341886080802e-14,0.9999999999999999
15493,-73.9752197265625,40.7901611328125,-73.97763061523438,40.78195190429688,220.25,2109,2109,2216.8,2437.05,107.80000000000018,0.0,1.0
15494,-73.98722839355469,40.73331069946289,-73.96855163574219,40.76264953613281,817.6,2109,2109,2291.99,3109.59,182.98999999999978,3.410605131648481e-13,1.0000000000000004
15495,-73.97249603271484,40.76506042480469,-73.98270416259766,40.77158737182617,380.91,2109,2109,-1.0,-1.0,-1,-1,0.0
15496,-74.00547790527344,40.72810745239258,-73.96118927001955,40.76258087158203,1161.65,2110,2110,-1.0,-1.0,-1,-1,0.0
15497,-73.96424102783203,40.761314392089844,-73.95978546142578,40.77098083496094,242.4,2110,2110,-1.0,-1.0,-1,-1,0.0
15498,-73.95535278320312,40.76536178588867,-73.96021270751955,40.776180267333984,451.21,2110,2110,-1.0,-1.0,-1,-1,0.0
15499,-73.99472045898438,40.72595596313477,-73.966064453125,40.75365829467773,692.9,2110,2110,2144.51,2837.41,34.51000000000022,-3.410605131648481e-13,0.9999999999999996
15500,-73.96078491210938,40.76989364624024,-73.98368072509766,40.76026153564453,837.3,2110,2110,2140.69,2977.9900000000002,30.690000000000055,2.2737367544323206e-13,1.0000000000000002
15501,-73.95785522460938,40.77629089355469,-73.95657348632812,40.76311111450195,444.14,2110,2110,-1.0,-1.0,-1,-1,0.0
15502,-73.98221588134766,40.745887756347656,-73.99048614501955,40.75137710571289,345.7,2110,2110,-1.0,-1.0,-1,-1,0.0
15503,-73.93657684326173,40.81229019165039,-73.95198822021484,40.81466674804688,459.32,2111,2111,2753.2799999999997,3212.6,642.2799999999997,1.7053025658242404e-13,1.0000000000000004
15504,-73.97474670410156,40.76114273071289,-73.98204040527344,40.75201416015625,280.34,2111,2111,2152.93,2433.27,41.929999999999836,1.7053025658242404e-13,1.0000000000000007
15505,-74.0016098022461,40.75650024414063,-73.98609161376955,40.759220123291016,557.14,2111,2111,-1.0,-1.0,-1,-1,0.0
15506,-73.97329711914062,40.76383972167969,-73.96285247802734,40.7739486694336,371.14,2111,2111,-1.0,-1.0,-1,-1,0.0
15507,-73.97727966308595,40.75852966308594,-73.99607849121094,40.73237228393555,589.84,2111,2111,-1.0,-1.0,-1,-1,0.0
15508,-73.96064758300781,40.77570724487305,-73.97957611083984,40.76522445678711,651.13,2111,2111,-1.0,-1.0,-1,-1,0.0
15509,-73.99491119384766,40.72139358520508,-74.00567626953125,40.738746643066406,720.01,2112,2112,-1.0,-1.0,-1,-1,0.0
15510,-74.00218200683594,40.73955154418945,-73.98523712158203,40.73883056640625,497.21,2112,2112,2146.37,2646.7,34.36999999999989,3.1199999999999477,1.006275014581364
15511,-73.96281433105469,40.76960372924805,-73.9708251953125,40.760231018066406,396.75,2112,2112,2141.83,2538.58,29.829999999999927,0.0,1.0
15512,-73.98763275146483,40.760009765625,-73.98023223876955,40.77384948730469,369.18,2112,2112,-1.0,-1.0,-1,-1,0.0
15513,-73.98078155517578,40.77249145507813,-73.9744644165039,40.78485107421875,385.04,2112,2112,-1.0,-1.0,-1,-1,0.0
15514,-73.9954833984375,40.72493743896485,-73.97956085205078,40.7494010925293,666.15,2112,2112,-1.0,-1.0,-1,-1,0.0
15515,-73.97515106201173,40.782569885253906,-73.9735336303711,40.79365158081055,376.92,2112,2112,2241.84,2618.7599999999998,129.84000000000015,-3.979039320256561e-13,0.9999999999999989
15516,-73.99366760253906,40.72112274169922,-74.00072479248048,40.75112915039063,908.12,2112,2112,2139.89,3048.01,27.889999999999873,3.410605131648481e-13,1.0000000000000004
15517,-73.98885345458984,40.74450302124024,-74.01025390625,40.719051361083984,787.19,2112,2112,-1.0,-1.0,-1,-1,0.0
15518,-73.96690368652342,40.763919830322266,-73.99609375,40.74775314331055,1024.26,2113,2113,2142.4,3226.89,29.40000000000009,60.22999999999979,1.0588034288169017
15519,-74.00635528564453,40.73319625854492,-73.97370147705078,40.752296447753906,968.01,2113,2113,2169.46,3137.47,56.460000000000036,-2.2737367544323206e-13,0.9999999999999998
15520,-73.98210906982422,40.78329849243164,-73.9784164428711,40.77280044555664,378.56,2113,2113,2160.83,2543.06,47.82999999999993,3.670000000000016,1.0096946322907863
15521,-73.97187042236328,40.75896453857422,-73.95826721191406,40.77039337158203,456.78,2113,2113,-1.0,-1.0,-1,-1,0.0
15522,-73.9837875366211,40.750789642333984,-74.00074768066406,40.74217987060547,482.25,2113,2113,-1.0,-1.0,-1,-1,0.0
15523,-73.96403503417969,40.77431106567383,-74.0096435546875,40.721439361572266,1579.54,2113,2113,-1.0,-1.0,-1,-1,0.0
15524,-73.97425842285155,40.79387664794922,-73.98294830322266,40.77036666870117,512.94,2113,2113,2156.2,2669.14,43.19999999999982,0.0,1.0
15525,-73.98877716064453,40.74882125854492,-74.006103515625,40.74034881591797,558.06,2113,2113,-1.0,-1.0,-1,-1,0.0
15526,-73.96308135986328,40.77078628540039,-73.9678726196289,40.76554870605469,234.12,2114,2114,-1.0,-1.0,-1,-1,0.0
15527,-74.0121078491211,40.71844100952149,-73.99922180175781,40.734466552734375,435.96,2114,2114,-1.0,-1.0,-1,-1,0.0
15528,-73.97319030761719,40.76395034790039,-73.9851303100586,40.74744415283203,462.38,2114,2114,2160.72,2623.1,46.7199999999998,1.1368683772161603e-13,1.0000000000000002
15529,-73.96480560302734,40.76014709472656,-73.97750091552734,40.76452255249024,465.37,2114,2114,-1.0,-1.0,-1,-1,0.0
15530,-73.96903991699219,40.75492477416992,-73.93611907958984,40.848548889160156,1557.23,2114,2114,2343.38,3900.61,229.3800000000001,0.0,1.0
15531,-73.97516632080078,40.75925064086913,-73.95152282714845,40.787761688232415,613.18,2115,2115,2130.55,2831.23,15.550000000000182,87.49999999999989,1.1426987181578
15532,-73.99553680419923,40.739421844482415,-74.0053176879883,40.74560928344727,309.19,2115,2115,-1.0,-1.0,-1,-1,0.0
15533,-73.97399139404298,40.79186248779297,-73.9718246459961,40.781898498535156,292.64,2115,2115,2276.8,2569.44,161.80000000000018,-1.1368683772161603e-13,0.9999999999999997
15534,-73.98310089111328,40.750431060791016,-73.9922866821289,40.72507095336913,706.43,2115,2115,-1.0,-1.0,-1,-1,0.0
15535,-73.99008178710938,40.751819610595696,-73.98284149169923,40.76002883911133,480.74,2115,2115,2226.54,2707.28,111.53999999999996,2.2737367544323206e-13,1.0000000000000004
15536,-73.97735595703125,40.7470932006836,-73.98336029052734,40.771202087402344,988.63,2115,2115,2257.73,3246.36,142.73000000000002,1.1368683772161603e-13,1.0000000000000002
15537,-73.9760513305664,40.74824142456055,-73.9619598388672,40.759727478027344,391.15,2116,2116,-1.0,-1.0,-1,-1,0.0
15538,-73.99430847167969,40.73197555541992,-73.99586486816406,40.7425651550293,380.25,2116,2116,-1.0,-1.0,-1,-1,0.0
15539,-73.99212646484375,40.738014221191406,-74.00495910644531,40.72976684570313,364.66,2116,2116,2156.87,2521.53,40.86999999999989,2.8421709430404007e-13,1.0000000000000009
15540,-73.97698211669923,40.76078414916992,-73.95384216308594,40.782005310058594,710.02,2116,2116,2130.0,2886.64,14.0,46.61999999999989,1.0656601222500772
15541,-73.9903793334961,40.737831115722656,-73.99772644042969,40.756511688232415,671.47,2116,2116,-1.0,-1.0,-1,-1,0.0
15542,-73.95417785644531,40.76972961425781,-73.96309661865234,40.75732803344727,518.43,2116,2116,2149.38,2667.81,33.38000000000011,-1.1368683772161603e-13,0.9999999999999998
15543,-73.98857879638672,40.72269058227539,-73.9874496459961,40.73291015625,280.37,2116,2116,2313.67,2594.04,197.67000000000007,-1.1368683772161603e-13,0.9999999999999996
15544,-73.9768829345703,40.75597381591797,-73.97213745117188,40.75088119506836,361.78,2116,2116,-1.0,-1.0,-1,-1,0.0
15545,-73.99722290039062,40.72984313964844,-73.99888610839844,40.714988708496094,655.08,2117,2117,-1.0,-1.0,-1,-1,0.0
15546,-73.99227142333984,40.750450134277344,-74.00426483154298,40.71605682373047,759.72,2117,2117,2153.34,2913.06,36.340000000000146,-2.2737367544323206e-13,0.9999999999999997
15547,-73.97006225585938,40.76560592651367,-73.95413970947266,40.7703971862793,427.68,2117,2117,2154.52,2599.78,37.51999999999998,17.58000000000021,1.0411054994388333
15548,-73.98806762695312,40.73852157592773,-73.9832992553711,40.73460006713867,199.0,2117,2117,-1.0,-1.0,-1,-1,0.0
15549,-74.01490020751955,40.71411895751953,-74.00906372070312,40.706260681152344,473.87,2117,2117,-1.0,-1.0,-1,-1,0.0
15550,-73.9993896484375,40.74393081665039,-73.95037841796875,40.78244018554688,1362.88,2117,2117,-1.0,-1.0,-1,-1,0.0
15551,-73.96887969970702,40.78588104248047,-73.9959716796875,40.74834060668945,1034.39,2117,2117,2156.04,3190.43,39.039999999999964,-2.2737367544323206e-13,0.9999999999999998
15552,-73.9929962158203,40.74546813964844,-73.99330139160156,40.76254653930664,490.16,2117,2117,-1.0,-1.0,-1,-1,0.0
15553,-73.96572875976562,40.77199935913085,-73.97902679443358,40.7558708190918,551.06,2117,2117,-1.0,-1.0,-1,-1,0.0
15554,-73.96965026855469,40.76887130737305,-73.98760223388672,40.74419403076172,670.61,2117,2117,-1.0,-1.0,-1,-1,0.0
15555,-73.97965240478516,40.78136825561523,-73.95540618896483,40.80939865112305,676.67,2117,2117,-1.0,-1.0,-1,-1,0.0
15556,-73.98141479492188,40.759780883789055,-73.9526138305664,40.781494140625,837.11,2118,2118,-1.0,-1.0,-1,-1,0.0
15557,-73.9634780883789,40.775169372558594,-73.9826889038086,40.77175903320313,512.4,2118,2118,2135.8,2729.5800000000004,17.800000000000182,81.38000000000022,1.1588212334113979
15558,-73.9825439453125,40.77897644042969,-73.95549011230467,40.772815704345696,668.55,2118,2118,2175.48,2844.0299999999997,57.48000000000002,-2.2737367544323206e-13,0.9999999999999997
15559,-73.9845962524414,40.74018096923828,-73.97820281982422,40.72502136230469,476.23,2118,2118,2156.04,2632.27,38.039999999999964,0.0,1.0
15560,-73.95592498779298,40.78160095214844,-73.96544647216798,40.763431549072266,540.23,2118,2118,-1.0,-1.0,-1,-1,0.0
15561,-73.95575714111328,40.77907180786133,-73.9483413696289,40.7743034362793,294.22,2118,2118,2144.96,2439.18,26.960000000000036,-2.2737367544323206e-13,0.9999999999999992
15562,-73.94763946533203,40.78357696533203,-73.9609375,40.77761459350585,384.98,2118,2118,2148.25,2533.23,30.25,0.0,1.0
15563,-73.99211120605469,40.748634338378906,-73.98607635498048,40.76205825805664,502.49,2119,2119,-1.0,-1.0,-1,-1,0.0
15564,-73.97672271728516,40.75032043457031,-73.9914321899414,40.75004959106445,494.19,2119,2119,-1.0,-1.0,-1,-1,0.0
15565,-73.95632934570312,40.7716064453125,-73.96492004394531,40.76686477661133,291.17,2119,2119,-1.0,-1.0,-1,-1,0.0
15566,-73.96906280517578,40.76118087768555,-73.9828872680664,40.74208068847656,456.21,2119,2119,2144.92,2601.13,25.920000000000073,5.684341886080802e-14,1.0000000000000002
15567,-73.98870849609375,40.7310905456543,-73.98375701904298,40.72164916992188,420.08,2119,2119,-1.0,-1.0,-1,-1,0.0
15568,-73.97368621826173,40.75193786621094,-73.96510314941406,40.76342391967773,290.97,2119,2119,2171.7599999999998,2462.73,52.75999999999976,2.2737367544323206e-13,1.0000000000000009
15569,-73.99041748046875,40.75639343261719,-74.00469207763672,40.74192810058594,445.02,2119,2119,2130.0,2575.02,11.0,0.0,1.0
15570,-73.95822143554686,40.78071212768555,-73.97272491455078,40.7917366027832,354.9,2119,2119,2143.09,2497.9900000000002,24.090000000000146,1.1368683772161603e-13,1.0000000000000002
15571,-73.9852294921875,40.74788284301758,-73.99518585205078,40.75300598144531,437.45,2120,2120,2133.38,2570.83,13.38000000000011,-1.7053025658242404e-13,0.9999999999999996
15572,-73.99315643310547,40.74979019165039,-73.97288513183594,40.75632095336913,768.8,2120,2120,-1.0,-1.0,-1,-1,0.0
15573,-74.0050277709961,40.74138641357422,-74.01709747314453,40.70940780639648,730.08,2120,2120,2207.01,2937.09,87.01000000000022,-1.1368683772161603e-13,0.9999999999999999
15574,-73.9815444946289,40.76311111450195,-74.00425720214845,40.740478515625,798.1,2120,2120,-1.0,-1.0,-1,-1,0.0
15575,-73.982421875,40.75997924804688,-73.9877700805664,40.73270034790039,947.8,2120,2120,-1.0,-1.0,-1,-1,0.0
15576,-73.97313690185547,40.7825584411621,-73.9564208984375,40.77143859863281,453.3,2120,2120,-1.0,-1.0,-1,-1,0.0
15577,-73.98672485351562,40.73405456542969,-73.97930908203125,40.74433135986328,238.82,2120,2120,-1.0,-1.0,-1,-1,0.0
15578,-73.99272918701173,40.73714065551758,-74.00353240966798,40.73251724243164,298.28,2120,2120,2138.33,2436.61,18.329999999999927,2.2737367544323206e-13,1.0000000000000007
15579,-73.98947143554686,40.72309875488281,-73.99559020996094,40.73688888549805,561.34,2121,2121,2132.53,2695.32,11.5300000000002,1.4499999999999318,1.0025831047137206
15580,-73.9574203491211,40.78178024291992,-73.97232055664062,40.75873947143555,730.2,2121,2121,2228.33,2958.53,107.32999999999993,2.2737367544323206e-13,1.0000000000000002
15581,-73.98359680175781,40.73823547363281,-73.96040344238281,40.769126892089844,748.6,2121,2121,2142.86,2891.46,21.860000000000127,-1.1368683772161603e-13,0.9999999999999999
15582,-73.97920989990234,40.74435424804688,-73.9903335571289,40.75090408325195,457.23,2121,2121,2182.29,2639.52,61.289999999999964,0.0,1.0
15583,-74.01005554199219,40.71002578735352,-73.98193359375,40.75584411621094,1080.04,2121,2121,2269.13,3349.17,148.1300000000001,0.0,1.0
15584,-73.97389221191406,40.764259338378906,-73.9676055908203,40.76691055297852,246.59,2121,2121,-1.0,-1.0,-1,-1,0.0
15585,-73.98442840576173,40.75519180297852,-73.97148895263672,40.78226089477539,720.67,2121,2121,2155.33,2876.0,34.32999999999993,1.1368683772161603e-13,1.0000000000000002
15586,-73.99488067626955,40.75541687011719,-73.99486541748048,40.724876403808594,937.46,2121,2121,2224.12,3161.58,103.11999999999989,0.0,1.0
15587,-74.0025405883789,40.73857116699219,-74.005615234375,40.7265625,303.33,2121,2121,2152.13,2455.46,31.13000000000011,-5.684341886080802e-14,0.9999999999999998
15588,-73.9822540283203,40.768333435058594,-73.97831726074219,40.757625579833984,490.65,2122,2122,2143.54,2685.31,21.539999999999964,51.120000000000005,1.1041883216141852
15589,-73.9923095703125,40.73765182495117,-73.98255920410156,40.7314453125,404.34,2122,2122,2202.54,2606.88,80.53999999999996,1.7053025658242404e-13,1.0000000000000004
15590,-74.0047607421875,40.75191879272461,-74.00867462158203,40.71128463745117,850.76,2122,2122,-1.0,-1.0,-1,-1,0.0
15591,-73.99420928955078,40.75120162963867,-73.97296142578125,40.75159072875977,691.7,2122,2122,-1.0,-1.0,-1,-1,0.0
15592,-73.98381805419923,40.743064880371094,-73.98719024658203,40.71487426757813,818.41,2122,2122,-1.0,-1.0,-1,-1,0.0
15593,-73.9940185546875,40.74116134643555,-73.98334503173827,40.7564811706543,408.18,2123,2123,2145.17,2553.35,22.170000000000073,-1.7053025658242404e-13,0.9999999999999996
15594,-73.98253631591797,40.76743698120117,-73.99553680419923,40.71363067626953,1626.13,2123,2123,2155.48,3837.8,32.48000000000002,56.190000000000055,1.0345544329174174
15595,-73.97805786132812,40.786338806152344,-73.9420623779297,40.83782577514648,777.14,2123,2123,2269.74,3046.88,146.73999999999978,3.410605131648481e-13,1.0000000000000004
15596,-73.95386505126955,40.78464889526367,-73.95269775390625,40.77672576904297,294.24,2123,2123,2148.4,2490.1,25.40000000000009,47.45999999999981,1.1612969004893958
15597,-73.99313354492188,40.75299072265625,-73.9766616821289,40.78539276123047,764.19,2124,2124,2147.4,2943.96,23.40000000000009,32.36999999999989,1.0423585757468692
15598,-73.96548461914062,40.76914596557617,-73.96356201171875,40.75881958007813,484.13,2124,2124,2146.79,2661.6,22.789999999999964,30.67999999999995,1.0633714085059798
15599,-74.00279998779298,40.76047134399415,-73.97916412353516,40.76348114013672,756.53,2124,2124,-1.0,-1.0,-1,-1,0.0
15600,-73.98405456542969,40.74892044067383,-73.98406982421875,40.740333557128906,293.98,2124,2124,2156.22,2450.2,32.2199999999998,0.0,1.0
15601,-73.9715347290039,40.75885009765625,-74.00482940673827,40.70691299438477,1140.18,2124,2124,-1.0,-1.0,-1,-1,0.0
15602,-73.98921203613281,40.736289978027344,-74.00489807128906,40.71648025512695,574.94,2125,2125,-1.0,-1.0,-1,-1,0.0
15603,-73.97139739990234,40.75799179077149,-73.9699478149414,40.76475143432617,328.95,2125,2125,-1.0,-1.0,-1,-1,0.0
15604,-73.977294921875,40.77947235107422,-74.00094604492188,40.7422981262207,970.8,2125,2125,2139.72,3173.5499999999997,14.7199999999998,63.02999999999997,1.0649258343634116
15605,-73.95484924316406,40.77751922607422,-73.95345306396483,40.7692985534668,295.59,2125,2125,2183.03,2478.62,58.0300000000002,-2.8421709430404007e-13,0.999999999999999
15606,-73.98902893066406,40.74374008178711,-73.98809051513672,40.72803115844727,488.22,2125,2125,-1.0,-1.0,-1,-1,0.0
15607,-73.95374298095702,40.778633117675774,-73.9548568725586,40.76747131347656,331.42,2125,2125,-1.0,-1.0,-1,-1,0.0
15608,-74.00287628173827,40.76043319702149,-73.97093963623048,40.756778717041016,1021.58,2125,2125,-1.0,-1.0,-1,-1,0.0
15609,-74.00228881835938,40.74003982543945,-74.00700378417969,40.75212097167969,404.41,2125,2125,2206.92,2611.33,81.92000000000007,-1.7053025658242404e-13,0.9999999999999996
15610,-73.96958923339844,40.76028823852539,-73.9845962524414,40.760231018066406,615.25,2126,2126,-1.0,-1.0,-1,-1,0.0
15611,-73.99671173095702,40.76359939575195,-74.00713348388672,40.74348449707031,390.78,2126,2126,2146.55,2537.33,20.550000000000182,-2.2737367544323206e-13,0.9999999999999994
15612,-73.95207977294923,40.77322387695313,-73.94999694824219,40.79798889160156,597.58,2126,2126,2130.0,2727.58,4.0,-1.1368683772161603e-13,0.9999999999999998
15613,-74.00765991210938,40.75160598754883,-73.98184967041014,40.74085235595703,729.74,2126,2126,2153.17,2882.91,27.170000000000073,-2.2737367544323206e-13,0.9999999999999997
15614,-73.9885482788086,40.748329162597656,-73.9542007446289,40.78562545776367,1046.19,2126,2126,-1.0,-1.0,-1,-1,0.0
15615,-73.9822769165039,40.74008560180664,-73.96894073486328,40.75791549682617,465.28,2126,2126,-1.0,-1.0,-1,-1,0.0
15616,-73.95655822753906,40.78074264526367,-73.9503402709961,40.76982498168945,463.6,2126,2126,-1.0,-1.0,-1,-1,0.0
15617,-74.0037612915039,40.70750427246094,-73.97642517089844,40.75188446044922,905.25,2127,2127,-1.0,-1.0,-1,-1,0.0
15618,-73.96697235107422,40.76110076904297,-73.95664978027344,40.77524185180664,271.14,2127,2127,2141.3,2412.44,14.300000000000182,-1.1368683772161603e-13,0.9999999999999996
15619,-74.01443481445312,40.7168197631836,-74.00682830810547,40.706878662109375,479.74,2127,2127,-1.0,-1.0,-1,-1,0.0
15620,-73.97679901123048,40.75067138671875,-73.98919677734375,40.72922134399415,517.93,2127,2127,2190.96,2708.89,63.960000000000036,-1.1368683772161603e-13,0.9999999999999998
15621,-73.97894287109375,40.764259338378906,-73.9880599975586,40.75905990600585,473.12,2127,2127,-1.0,-1.0,-1,-1,0.0
15622,-73.97676849365234,40.76446914672852,-73.96842193603516,40.80154037475585,858.54,2127,2127,-1.0,-1.0,-1,-1,0.0
15623,-73.98497009277344,40.73921585083008,-73.98757934570312,40.732810974121094,214.58,2127,2127,2130.33,2344.91,3.3299999999999272,-8.526512829121202e-14,0.9999999999999996
15624,-73.95309448242188,40.78009414672852,-73.9549331665039,40.786705017089844,213.82,2127,2127,-1.0,-1.0,-1,-1,0.0
15625,-73.98823547363281,40.74319458007813,-73.98145294189453,40.737159729003906,276.95,2127,2127,-1.0,-1.0,-1,-1,0.0
15626,-73.94579315185547,40.773597717285156,-73.97826385498048,40.74849319458008,847.55,2127,2127,-1.0,-1.0,-1,-1,0.0
15627,-73.98297882080078,40.76443099975585,-73.94627380371094,40.78033065795898,1007.04,2127,2127,2147.96,3252.67,20.960000000000036,97.67000000000007,1.0969872100413092
15628,-73.97967529296875,40.7353515625,-73.93266296386719,40.79559326171875,995.33,2128,2128,2151.29,3146.62,23.289999999999964,-1.1368683772161603e-13,0.9999999999999999
15629,-73.96562194824219,40.76202392578125,-73.94757843017578,40.77265167236328,490.58,2128,2128,2148.96,2645.21,20.960000000000036,5.670000000000016,1.0115577479717885
15630,-73.99165344238281,40.749778747558594,-73.9814224243164,40.741111755371094,484.7,2128,2128,-1.0,-1.0,-1,-1,0.0
15631,-73.9738998413086,40.75718307495117,-73.99124908447266,40.72441864013672,851.82,2128,2128,2172.86,3092.1000000000004,44.86000000000013,67.42000000000019,1.0791481768448736
15632,-73.97607421875,40.77603149414063,-73.96585845947266,40.77414321899415,346.01,2128,2128,2174.92,2520.93,46.92000000000007,-2.2737367544323206e-13,0.9999999999999993
15633,-73.94886016845702,40.78602600097656,-73.97333526611328,40.75552368164063,847.66,2128,2128,2593.42,3441.08,465.4200000000001,-1.1368683772161603e-13,0.9999999999999999
15634,-73.98599243164062,40.75656127929688,-74.0113525390625,40.71342849731445,935.78,2128,2128,2171.25,3107.0299999999997,43.25,-2.2737367544323206e-13,0.9999999999999998
15635,-73.98413848876955,40.754188537597656,-74.00513458251955,40.74812316894531,561.54,2128,2128,-1.0,-1.0,-1,-1,0.0
15636,-73.97516632080078,40.75592803955078,-74.00247955322266,40.727630615234375,921.13,2128,2128,-1.0,-1.0,-1,-1,0.0
15637,-73.96784973144531,40.762550354003906,-73.98002624511719,40.74578857421875,446.55,2129,2129,2153.32,2599.87,24.320000000000164,-2.8421709430404007e-13,0.9999999999999993
15638,-73.99333953857422,40.72947692871094,-73.9823989868164,40.764320373535156,1164.95,2129,2129,2157.46,3355.13,28.460000000000036,32.72000000000003,1.0280870423623332
15639,-73.9815902709961,40.76765060424805,-73.97611236572266,40.75941848754883,372.99,2129,2129,2167.86,2540.85,38.86000000000013,-2.2737367544323206e-13,0.9999999999999994
15640,-73.99678802490234,40.72579956054688,-74.00628662109375,40.73387145996094,322.43,2129,2129,2171.41,2493.84,42.409999999999854,2.8421709430404007e-13,1.0000000000000009
15641,-74.01065063476562,40.70939254760742,-74.00296020507811,40.72816848754883,443.53,2129,2129,-1.0,-1.0,-1,-1,0.0
15642,-73.98371124267578,40.76210021972656,-73.99190521240234,40.729393005371094,1045.22,2129,2129,-1.0,-1.0,-1,-1,0.0
15643,-74.00554656982422,40.75114822387695,-73.98702239990234,40.759361267089844,496.42,2130,2130,-1.0,-1.0,-1,-1,0.0
15644,-73.98113250732422,40.75313186645508,-73.95462799072266,40.76700210571289,782.71,2130,2130,2137.55,3027.1800000000003,7.550000000000182,106.92000000000007,1.13660231758889
15645,-73.97821807861328,40.76456069946289,-73.98292541503906,40.77119064331055,284.66,2130,2130,-1.0,-1.0,-1,-1,0.0
15646,-73.9902801513672,40.748939514160156,-73.98257446289062,40.73561096191406,512.98,2130,2130,2189.57,2750.93,59.570000000000164,48.379999999999654,1.0943116690709183
15647,-73.95155334472656,40.784980773925774,-73.99114990234375,40.75123977661133,1315.53,2131,2131,2314.76,3630.29,183.76000000000022,-2.2737367544323206e-13,0.9999999999999998
15648,-73.97196197509766,40.76552963256836,-73.96639251708984,40.75990295410156,310.62,2131,2131,-1.0,-1.0,-1,-1,0.0
15649,-73.98190307617188,40.75244140625,-73.9942855834961,40.75019073486328,455.99,2131,2131,-1.0,-1.0,-1,-1,0.0
15650,-73.95420837402342,40.76622009277344,-73.95420837402342,40.78474044799805,499.29,2131,2131,2677.58,3176.87,546.5799999999999,-5.684341886080802e-14,0.9999999999999999
15651,-73.99311065673827,40.72782897949219,-73.98342132568358,40.72211837768555,337.38,2131,2131,-1.0,-1.0,-1,-1,0.0
15652,-73.95436096191406,40.78401565551758,-73.966064453125,40.76517868041992,480.44,2131,2131,-1.0,-1.0,-1,-1,0.0
15653,-73.98039245605469,40.76020050048828,-73.98310089111328,40.78501892089844,739.71,2131,2131,-1.0,-1.0,-1,-1,0.0
15654,-74.00948333740234,40.71484375,-73.9898452758789,40.72015380859375,698.6,2131,2131,2174.04,2872.64,43.039999999999964,-1.1368683772161603e-13,0.9999999999999999
15655,-73.98126983642578,40.768287658691406,-73.95589447021484,40.803489685058594,745.64,2131,2131,-1.0,-1.0,-1,-1,0.0
15656,-73.99394989013672,40.75640106201172,-73.99968719482422,40.74478530883789,311.88,2132,2132,2181.37,2493.25,49.36999999999989,1.1368683772161603e-13,1.0000000000000004
15657,-73.96574401855469,40.76280212402344,-73.95729064941406,40.77609252929688,303.44,2132,2132,2184.75,2488.19,52.75,5.684341886080802e-14,1.0000000000000002
15658,-73.9728775024414,40.744529724121094,-73.95938110351562,40.7769775390625,688.51,2132,2132,2172.5,2908.46,40.5,47.450000000000045,1.0689169365731799
15659,-73.97090148925781,40.75588989257813,-73.97383880615234,40.76382064819336,518.93,2132,2132,-1.0,-1.0,-1,-1,0.0
15660,-74.00533294677734,40.751312255859375,-73.99462127685547,40.75058364868164,312.92,2132,2132,-1.0,-1.0,-1,-1,0.0
15661,-74.01305389404298,40.71668243408203,-73.98889923095702,40.74043655395508,793.7,2132,2132,-1.0,-1.0,-1,-1,0.0
15662,-73.98185729980467,40.7581787109375,-73.95594024658203,40.784828186035156,770.1,2132,2132,2177.8399999999997,2947.94,45.83999999999969,3.410605131648481e-13,1.0000000000000004
15663,-73.96164703369139,40.77990341186523,-73.99029541015625,40.75159454345703,1025.42,2132,2132,-1.0,-1.0,-1,-1,0.0
15664,-73.97613525390625,40.76407241821289,-73.98273468017578,40.771648406982415,284.66,2132,2132,-1.0,-1.0,-1,-1,0.0
15665,-73.98075103759766,40.730560302734375,-73.97511291503906,40.72645950317383,264.78,2133,2133,2258.5,2523.28,125.5,2.2737367544323206e-13,1.0000000000000009
15666,-73.99422454833984,40.75109100341797,-73.9866943359375,40.7504997253418,358.5,2133,2133,-1.0,-1.0,-1,-1,0.0
15667,-73.9731216430664,40.75511932373047,-73.97193145751955,40.76176071166992,339.17,2133,2133,-1.0,-1.0,-1,-1,0.0
15668,-74.00601959228516,40.748390197753906,-74.005126953125,40.74089431762695,238.64,2133,2133,-1.0,-1.0,-1,-1,0.0
15669,-74.01365661621094,40.71359634399415,-73.98304748535155,40.7348518371582,974.41,2133,2133,-1.0,-1.0,-1,-1,0.0
15670,-73.96520233154298,40.7553596496582,-73.98660278320312,40.74694442749024,702.45,2133,2133,-1.0,-1.0,-1,-1,0.0
15671,-73.96573638916014,40.77439880371094,-73.99503326416014,40.731689453125,1101.36,2134,2134,-1.0,-1.0,-1,-1,0.0
15672,-74.00572204589844,40.7406005859375,-74.00460815429686,40.73421096801758,250.59,2134,2134,2160.0,2410.59,26.0,1.4210854715202004e-13,1.0000000000000007
15673,-73.98614501953125,40.76278305053711,-73.98231506347656,40.7690315246582,241.98,2134,2134,2176.28,2471.92,42.2800000000002,53.65999999999988,1.2217538639556984
15674,-73.98222351074219,40.76300430297852,-73.9911117553711,40.75054168701172,422.49,2134,2134,-1.0,-1.0,-1,-1,0.0
15675,-73.96231079101562,40.77610778808594,-73.95352172851562,40.78017044067383,233.99,2134,2134,2168.59,2402.58,34.590000000000146,-2.2737367544323206e-13,0.999999999999999
15676,-73.98560333251955,40.76799774169922,-73.99436950683594,40.75616836547852,347.86,2134,2134,-1.0,-1.0,-1,-1,0.0
15677,-73.97001647949219,40.764686584472656,-73.95436096191406,40.81586837768555,1096.5,2134,2134,-1.0,-1.0,-1,-1,0.0
15678,-73.98506927490234,40.73162460327149,-74.00950622558595,40.71516418457031,816.6,2134,2134,2182.8199999999997,2999.42,48.81999999999971,3.410605131648481e-13,1.0000000000000004
15679,-73.96797943115234,40.75555038452149,-73.95926666259766,40.76683044433594,373.99,2134,2134,-1.0,-1.0,-1,-1,0.0
15680,-73.97462463378906,40.75529861450195,-73.99242401123048,40.749698638916016,595.12,2134,2134,-1.0,-1.0,-1,-1,0.0
15681,-73.9915771484375,40.745113372802734,-73.9935073852539,40.75478744506836,454.61,2134,2134,-1.0,-1.0,-1,-1,0.0
15682,-73.9770278930664,40.77750015258789,-73.99552154541014,40.74974822998047,808.37,2134,2134,2174.67,3055.69,40.67000000000007,72.64999999999998,1.089872211982137
15683,-73.96527099609375,40.754974365234375,-73.97042846679686,40.7649803161621,430.94,2135,2135,-1.0,-1.0,-1,-1,0.0
15684,-73.97955322265625,40.77746200561523,-73.9561996459961,40.77974319458008,575.38,2135,2135,-1.0,-1.0,-1,-1,0.0
15685,-73.98416900634766,40.75482177734375,-73.96466064453125,40.7927131652832,939.02,2135,2135,2237.79,3176.81,102.78999999999996,0.0,1.0
15686,-73.994140625,40.751068115234375,-73.98374938964845,40.756595611572266,402.44,2135,2135,-1.0,-1.0,-1,-1,0.0
15687,-73.9721145629883,40.75537872314453,-73.98380279541014,40.76066589355469,532.45,2135,2135,-1.0,-1.0,-1,-1,0.0
15688,-73.95558929443358,40.77962112426758,-73.98726654052734,40.75963592529297,1009.77,2135,2135,-1.0,-1.0,-1,-1,0.0
15689,-73.9876937866211,40.76028442382813,-73.96981048583984,40.8000373840332,784.22,2136,2136,-1.0,-1.0,-1,-1,0.0
15690,-73.970947265625,40.78843688964844,-73.9713134765625,40.79772186279297,272.04,2136,2136,2161.23,2508.52,25.230000000000018,75.24999999999994,1.2766137332745182
15691,-73.97024536132812,40.75792694091797,-73.98052978515625,40.748680114746094,438.48,2136,2136,-1.0,-1.0,-1,-1,0.0
15692,-74.00765991210938,40.74076461791992,-73.99329376220702,40.72798538208008,728.96,2136,2136,2160.0,2888.96,24.0,0.0,1.0
15693,-73.96390533447266,40.767967224121094,-73.95426940917969,40.76645278930664,325.04,2136,2136,-1.0,-1.0,-1,-1,0.0
15694,-73.97936248779298,40.78435897827149,-73.98226928710938,40.77389526367188,269.02,2136,2136,2275.37,2544.39,139.3699999999999,0.0,1.0
15695,-73.99768829345702,40.76128768920898,-73.95211791992188,40.8269157409668,881.08,2137,2137,-1.0,-1.0,-1,-1,0.0
15696,-73.98597717285155,40.752349853515625,-73.9783706665039,40.75297164916992,215.92,2137,2137,2166.22,2382.14,29.2199999999998,8.526512829121202e-14,1.0000000000000004
15697,-73.99504852294923,40.74991989135742,-73.97015380859375,40.761268615722656,851.18,2137,2137,-1.0,-1.0,-1,-1,0.0
15698,-73.95826721191406,40.768836975097656,-73.99150085449219,40.7498893737793,1179.41,2137,2137,2290.0,3469.4099999999994,153.0,-6.821210263296962e-13,0.9999999999999994
15699,-73.9644775390625,40.76736068725585,-73.98238372802734,40.77056884765625,477.04,2138,2138,-1.0,-1.0,-1,-1,0.0
15700,-73.9729232788086,40.760738372802734,-74.00016784667969,40.727928161621094,979.84,2138,2138,-1.0,-1.0,-1,-1,0.0
15701,-73.96504974365234,40.775169372558594,-73.96649932861328,40.78987884521485,453.22,2138,2138,-1.0,-1.0,-1,-1,0.0
15702,-73.97157287597656,40.74425888061523,-73.99298095703125,40.752838134765625,781.69,2138,2138,2182.46,2964.15,44.460000000000036,0.0,1.0
15703,-73.9880599975586,40.74753189086913,-73.98379516601562,40.75566101074219,261.8,2138,2138,-1.0,-1.0,-1,-1,0.0
15704,-73.98722839355469,40.73981857299805,-73.98432159423827,40.72501754760742,499.81,2138,2138,-1.0,-1.0,-1,-1,0.0
15705,-73.98651123046875,40.74043655395508,-73.9825210571289,40.773193359375,1034.57,2138,2138,-1.0,-1.0,-1,-1,0.0
15706,-73.96965026855469,40.78548049926758,-73.96047973632812,40.76974868774415,527.89,2138,2138,-1.0,-1.0,-1,-1,0.0
15707,-73.98414611816406,40.73746109008789,-73.97147369384766,40.746826171875,319.25,2138,2138,-1.0,-1.0,-1,-1,0.0
15708,-74.01091766357422,40.709022521972656,-74.0088348388672,40.71685791015625,278.91,2138,2138,-1.0,-1.0,-1,-1,0.0
15709,-73.97824096679686,40.76215362548828,-73.98195648193358,40.77805709838867,482.95,2138,2138,-1.0,-1.0,-1,-1,0.0
15710,-73.9474868774414,40.77117156982422,-73.95809173583984,40.77288818359375,302.0,2139,2139,-1.0,-1.0,-1,-1,0.0
15711,-74.0086669921875,40.71965408325195,-73.99220275878906,40.72913360595703,566.75,2139,2139,2269.96,2836.71,130.96000000000004,0.0,1.0
15712,-73.9804458618164,40.760589599609375,-73.95792388916014,40.77032470703125,698.13,2139,2139,-1.0,-1.0,-1,-1,0.0
15713,-73.99807739257811,40.733097076416016,-73.98561096191406,40.727821350097656,342.25,2139,2139,2178.08,2543.43,39.07999999999993,23.09999999999991,1.0674945215485754
15714,-73.96488189697266,40.79162979125977,-73.95461273193358,40.77479934692383,567.49,2139,2139,2606.33,3173.8199999999997,467.3299999999999,-2.2737367544323206e-13,0.9999999999999996
15715,-73.95663452148438,40.76696014404297,-73.9547348022461,40.80419158935547,824.41,2140,2140,2179.5499999999997,3003.96,39.54999999999973,3.410605131648481e-13,1.0000000000000004
15716,-73.97948455810547,40.74970626831055,-74.00276947021484,40.76060104370117,817.72,2140,2140,-1.0,-1.0,-1,-1,0.0
15717,-73.96634674072266,40.75787353515625,-73.98190307617188,40.73019790649415,644.54,2140,2140,-1.0,-1.0,-1,-1,0.0
15718,-73.96935272216798,40.80063247680664,-73.97624206542969,40.78108596801758,437.37,2140,2140,2310.2,2747.57,170.19999999999982,3.410605131648481e-13,1.0000000000000009
15719,-73.96437072753906,40.76447677612305,-73.95188903808595,40.76645278930664,321.5,2140,2140,2198.16,2519.66,58.159999999999854,0.0,1.0
15720,-73.9787826538086,40.740970611572266,-73.98332977294923,40.72991943359375,247.11,2140,2140,-1.0,-1.0,-1,-1,0.0
15721,-73.98912048339844,40.743751525878906,-73.98087310791014,40.78269958496094,1064.59,2140,2140,-1.0,-1.0,-1,-1,0.0
15722,-73.99798583984375,40.74091339111328,-74.01099395751955,40.72921371459961,398.15,2140,2140,2192.54,2590.69,52.539999999999964,1.1368683772161603e-13,1.0000000000000002
15723,-73.98602294921875,40.75269317626953,-73.96961975097656,40.76079177856445,545.26,2141,2141,2184.66,2729.92,43.659999999999854,2.2737367544323206e-13,1.0000000000000004
15724,-73.98319244384766,40.76631546020508,-73.947998046875,40.77291870117188,910.19,2141,2141,2179.81,3136.1499999999996,38.809999999999945,46.149999999999636,1.0507036992276333
15725,-74.00827026367188,40.74651336669922,-73.98800659179686,40.738037109375,612.92,2141,2141,2258.75,2871.67,117.75,1.1368683772161603e-13,1.0000000000000002
15726,-73.98320007324219,40.77755355834961,-73.9796142578125,40.74961853027344,984.39,2141,2141,-1.0,-1.0,-1,-1,0.0
15727,-73.99788665771484,40.720611572265625,-73.98703002929686,40.7222785949707,365.07,2141,2141,2353.97,2719.04,212.9699999999998,1.7053025658242404e-13,1.0000000000000004
15728,-73.97419738769531,40.74692916870117,-73.98635864257811,40.73062133789063,292.95,2141,2141,2184.04,2476.99,43.039999999999964,-1.7053025658242404e-13,0.9999999999999994
15729,-73.97371673583984,40.75468826293945,-73.98918151855469,40.71897888183594,991.29,2141,2141,-1.0,-1.0,-1,-1,0.0
15730,-73.96963500976562,40.763008117675774,-73.95446014404298,40.767250061035156,464.38,2142,2142,2171.91,2641.17,29.909999999999854,4.880000000000223,1.0105086351694736
15731,-73.95597076416014,40.77719497680664,-73.96479797363281,40.77327728271485,332.76,2142,2142,-1.0,-1.0,-1,-1,0.0
15732,-73.97083282470702,40.76422119140625,-73.95589447021484,40.772274017333984,448.17,2142,2142,-1.0,-1.0,-1,-1,0.0
15733,-73.99533081054686,40.74958801269531,-73.97418975830078,40.74720764160156,712.68,2142,2142,-1.0,-1.0,-1,-1,0.0
15734,-73.95349884033203,40.77975082397461,-73.94096374511719,40.80537796020508,457.96,2142,2142,2188.19,2646.15,46.190000000000055,5.684341886080802e-14,1.0000000000000002
15735,-73.9626693725586,40.778282165527344,-74.0002212524414,40.73058700561523,1251.72,2142,2142,-1.0,-1.0,-1,-1,0.0
15736,-74.0065155029297,40.72908020019531,-74.00470733642578,40.71973419189453,297.19,2142,2142,-1.0,-1.0,-1,-1,0.0
15737,-73.97976684570312,40.7662353515625,-73.97332000732422,40.76446533203125,187.71,2143,2143,-1.0,-1.0,-1,-1,0.0
15738,-73.97142791748048,40.78628158569336,-73.98099517822266,40.77448272705078,238.43,2143,2143,2187.65,2426.08,44.65000000000009,-1.7053025658242404e-13,0.9999999999999993
15739,-73.99488067626955,40.765663146972656,-73.97901916503906,40.741127014160156,1012.91,2143,2143,-1.0,-1.0,-1,-1,0.0
15740,-73.95924377441406,40.774391174316406,-73.98902893066406,40.748512268066406,1128.19,2143,2143,2200.6800000000003,3328.8700000000003,57.68000000000029,0.0,1.0
15741,-74.0021743774414,40.7505989074707,-73.96866607666014,40.76004409790039,991.82,2143,2143,-1.0,-1.0,-1,-1,0.0
15742,-73.9972152709961,40.75044250488281,-73.98570251464844,40.739051818847656,519.25,2144,2144,2196.78,2748.37,52.7800000000002,32.33999999999969,1.0622821376986031
15743,-74.01126861572266,40.7154426574707,-74.00530242919923,40.74032211303711,609.69,2144,2144,-1.0,-1.0,-1,-1,0.0
15744,-74.00016021728516,40.72535705566406,-73.96441650390625,40.76761245727539,1314.93,2144,2144,2252.42,3567.3500000000004,108.42000000000007,2.2737367544323206e-13,1.0000000000000002
15745,-73.96617126464845,40.75812911987305,-73.97122192382812,40.74483871459961,403.88,2144,2144,-1.0,-1.0,-1,-1,0.0
15746,-73.9664535522461,40.76765060424805,-73.9883270263672,40.72016143798828,1161.98,2144,2144,-1.0,-1.0,-1,-1,0.0
15747,-73.94583129882812,40.77788925170898,-73.99039459228516,40.71725082397461,1180.95,2144,2144,2283.41,3464.360000000001,139.40999999999985,1.1368683772161603e-12,1.0000000000000009
15748,-73.98619079589844,40.74324035644531,-73.99154663085938,40.74993133544922,395.03,2144,2144,-1.0,-1.0,-1,-1,0.0
15749,-73.95978546142578,40.77399444580078,-73.96205139160156,40.767913818359375,239.82,2144,2144,2164.34,2404.16,20.340000000000146,-2.8421709430404007e-13,0.9999999999999988
15750,-73.98031616210938,40.77061080932617,-74.01013946533203,40.71433639526367,1315.54,2144,2144,-1.0,-1.0,-1,-1,0.0
15751,-73.97076416015625,40.796287536621094,-73.92684936523438,40.8647575378418,880.55,2145,2145,2201.0,3081.5499999999997,56.0,-2.2737367544323206e-13,0.9999999999999998
15752,-73.97431182861328,40.76306915283203,-73.9776840209961,40.753719329833984,338.21,2145,2145,-1.0,-1.0,-1,-1,0.0
15753,-74.00051879882812,40.75790786743164,-73.98197174072266,40.76330184936523,635.62,2145,2145,-1.0,-1.0,-1,-1,0.0
15754,-73.95413208007811,40.766361236572266,-74.00769805908203,40.734230041503906,1315.7,2145,2145,2200.93,3516.6299999999997,55.929999999999836,-2.2737367544323206e-13,0.9999999999999998
15755,-73.98592376708984,40.74989700317383,-74.00286102294923,40.75046157836913,462.99,2145,2145,-1.0,-1.0,-1,-1,0.0
15756,-73.98201751708984,40.77370834350585,-73.98193359375,40.76108932495117,426.15,2145,2145,-1.0,-1.0,-1,-1,0.0
15757,-74.00836181640625,40.7215690612793,-74.00151824951173,40.74665832519531,506.87,2146,2146,-1.0,-1.0,-1,-1,0.0
15758,-73.9799270629883,40.74604034423828,-73.97914123535155,40.727928161621094,504.31,2146,2146,-1.0,-1.0,-1,-1,0.0
15759,-73.96756744384766,40.76618957519531,-74.00949859619139,40.7235107421875,1480.25,2146,2146,2182.29,3662.54,36.289999999999964,0.0,1.0
15760,-74.00657653808594,40.70547866821289,-73.98932647705078,40.77183151245117,1374.48,2146,2146,-1.0,-1.0,-1,-1,0.0
15761,-74.00607299804686,40.706298828125,-73.96602630615234,40.75392532348633,783.82,2146,2146,-1.0,-1.0,-1,-1,0.0
15762,-73.99178314208984,40.75029754638672,-73.99256896972656,40.7397689819336,310.15,2146,2146,2202.83,2512.98,56.82999999999993,1.1368683772161603e-13,1.0000000000000004
15763,-73.98119354248048,40.74958038330078,-73.9877395629883,40.744178771972656,203.25,2146,2146,-1.0,-1.0,-1,-1,0.0
15764,-73.96904754638672,40.75794982910156,-73.95401000976562,40.77898025512695,404.89,2146,2146,2178.41,2583.3,32.409999999999854,3.410605131648481e-13,1.0000000000000009
15765,-73.98483276367188,40.74274063110352,-73.98685455322266,40.75507736206055,518.35,2146,2146,-1.0,-1.0,-1,-1,0.0
15766,-73.99297332763672,40.753116607666016,-73.98523712158203,40.756752014160156,324.05,2147,2147,2215.12,2539.17,68.11999999999989,1.7053025658242404e-13,1.0000000000000004
15767,-73.98221588134766,40.76844787597656,-73.95474243164062,40.77801132202149,762.5,2147,2147,-1.0,-1.0,-1,-1,0.0
15768,-73.94777679443358,40.78348159790039,-73.96536254882812,40.77434158325195,488.46,2147,2147,2273.16,2761.62,126.15999999999985,5.684341886080802e-14,1.0000000000000002
15769,-73.96659851074219,40.77293395996094,-74.0003433227539,40.73775863647461,1102.02,2147,2147,-1.0,-1.0,-1,-1,0.0
15770,-74.00228881835938,40.73989868164063,-73.97836303710938,40.77790832519531,939.71,2147,2147,2344.9,3284.61,197.9000000000001,0.0,1.0
15771,-73.96382141113281,40.80279922485352,-73.9544906616211,40.775794982910156,807.46,2147,2147,2295.68,3103.14,148.67999999999984,0.0,1.0
15772,-74.00257110595702,40.73960494995117,-73.95413970947266,40.7784423828125,1410.55,2148,2148,2262.33,3672.88,114.32999999999993,2.2737367544323206e-13,1.0000000000000002
15773,-73.99932861328125,40.7388916015625,-74.00890350341797,40.73404312133789,294.88,2148,2148,2190.44,2485.32,42.440000000000055,1.1368683772161603e-13,1.0000000000000004
15774,-74.00535583496094,40.73386764526367,-74.00423431396483,40.74141311645508,301.37,2148,2148,2396.59,2697.96,248.59000000000015,-1.1368683772161603e-13,0.9999999999999997
15775,-74.00254821777344,40.75015258789063,-73.98765563964845,40.76620101928711,416.5,2148,2148,-1.0,-1.0,-1,-1,0.0
15776,-73.97931671142578,40.781700134277344,-73.96833038330078,40.79963684082031,346.56,2148,2148,2189.29,2577.5899999999997,41.289999999999964,41.739999999999725,1.1204409048938127
15777,-73.97691345214844,40.75900268554688,-74.00114440917969,40.746883392333984,709.59,2148,2148,-1.0,-1.0,-1,-1,0.0
15778,-73.96192932128906,40.75785446166992,-73.97795867919923,40.74996948242188,532.67,2149,2149,-1.0,-1.0,-1,-1,0.0
15779,-73.9629364013672,40.772457122802734,-73.95101928710938,40.77928161621094,327.03,2149,2149,-1.0,-1.0,-1,-1,0.0
15780,-73.98694610595702,40.776458740234375,-73.961181640625,40.79685592651367,608.59,2149,2149,-1.0,-1.0,-1,-1,0.0
15781,-73.98847961425781,40.734901428222656,-73.99878692626955,40.73466491699219,331.92,2149,2149,-1.0,-1.0,-1,-1,0.0
15782,-73.9743881225586,40.7560920715332,-73.97943878173827,40.74930953979492,284.62,2149,2149,-1.0,-1.0,-1,-1,0.0
15783,-74.00233459472656,40.71976089477539,-73.99485015869139,40.75024032592773,775.6,2149,2149,-1.0,-1.0,-1,-1,0.0
15784,-73.98233795166014,40.73172378540039,-73.9754867553711,40.73125076293945,220.32,2149,2149,2291.45,2511.77,142.44999999999982,1.7053025658242404e-13,1.0000000000000007
15785,-73.97532653808595,40.75151443481445,-73.97795104980467,40.74380874633789,255.0,2149,2149,-1.0,-1.0,-1,-1,0.0
15786,-73.98218536376955,40.772621154785156,-73.97316741943358,40.76429748535156,408.2,2149,2149,2162.31,2627.39,13.309999999999945,56.87999999999994,1.139343459088682
15787,-73.9554672241211,40.779163360595696,-73.94090270996094,40.793399810791016,321.87,2150,2150,2205.22,2527.09,55.2199999999998,3.410605131648481e-13,1.000000000000001
15788,-73.981689453125,40.74713897705078,-73.99332427978516,40.724342346191406,620.77,2150,2150,-1.0,-1.0,-1,-1,0.0
15789,-73.99382781982422,40.741512298583984,-73.97357940673827,40.76484680175781,731.76,2150,2150,2160.84,2892.6,10.840000000000146,-2.2737367544323206e-13,0.9999999999999997
15790,-73.99461364746094,40.76604843139648,-73.9785614013672,40.74594497680664,897.59,2150,2150,2176.96,3074.55,26.960000000000036,1.1368683772161603e-13,1.0000000000000002
15791,-73.9942855834961,40.750938415527344,-73.98597717285155,40.75004577636719,358.5,2150,2150,-1.0,-1.0,-1,-1,0.0
15792,-73.989501953125,40.71914291381836,-73.98927307128906,40.73670959472656,517.15,2150,2150,2317.25,2834.4,167.25,1.1368683772161603e-13,1.0000000000000002
15793,-73.96232604980467,40.795143127441406,-73.97423553466798,40.78832626342773,227.52,2150,2150,2483.27,2710.79,333.27,-2.842170943040401e-14,0.9999999999999999
15794,-73.9556655883789,40.77951049804688,-73.9742889404297,40.78826522827149,399.86,2150,2150,2186.25,2618.95,36.25,32.839999999999804,1.0821287450607708
15795,-73.96424102783203,40.79220962524415,-73.94954681396483,40.80721664428711,414.55,2150,2150,2195.93,2610.48,45.929999999999836,1.7053025658242404e-13,1.0000000000000004
15796,-73.97972869873048,40.76150131225585,-73.97245788574219,40.76403045654297,229.13,2150,2150,-1.0,-1.0,-1,-1,0.0
15797,-73.97808074951173,40.755069732666016,-73.96823120117188,40.75991821289063,342.34,2150,2150,-1.0,-1.0,-1,-1,0.0
15798,-73.97615814208984,40.76004028320313,-73.98753356933594,40.728511810302734,838.2,2150,2150,2164.04,3093.98,14.039999999999964,91.74000000000001,1.1094488188976377
15799,-73.96621704101562,40.78966522216797,-73.96784973144531,40.77129364013672,458.9,2150,2150,2175.7799999999997,2634.68,25.779999999999745,1.1368683772161603e-13,1.0000000000000002
15800,-73.98023986816406,40.748390197753906,-73.97291564941406,40.75868606567383,321.7,2151,2151,-1.0,-1.0,-1,-1,0.0
15801,-73.99824523925781,40.74546813964844,-73.99894714355469,40.72978973388672,475.93,2151,2151,2432.25,2908.1800000000003,281.25,2.8421709430404007e-13,1.0000000000000007
15802,-73.9666976928711,40.79449081420898,-73.95173645019531,40.77901840209961,615.31,2151,2151,2160.0,2775.31,9.0,0.0,1.0
15803,-73.9630355834961,40.77518844604492,-73.94699096679686,40.78054809570313,406.56,2151,2151,-1.0,-1.0,-1,-1,0.0
15804,-74.00292205810547,40.749671936035156,-73.97581481933594,40.75725936889648,795.17,2152,2152,2476.3,3271.47,324.3000000000002,-3.410605131648481e-13,0.9999999999999996
15805,-73.9622802734375,40.76333999633789,-73.97904205322266,40.74711608886719,570.8,2152,2152,2185.04,2755.97,33.039999999999964,0.12999999999988177,1.0002277505255779
15806,-73.9659423828125,40.75852584838867,-73.96367645263672,40.7636947631836,232.21,2152,2152,2160.0,2392.21,8.0,2.842170943040401e-14,1.0000000000000002
15807,-73.96376037597656,40.75688552856445,-73.9747543334961,40.793216705322266,1028.37,2152,2152,2168.7400000000002,3197.11,16.740000000000236,0.0,1.0
15808,-73.9583511352539,40.77291870117188,-73.98070526123048,40.78078079223633,546.22,2152,2152,-1.0,-1.0,-1,-1,0.0
15809,-73.98970794677734,40.76231002807617,-73.99195098876955,40.73846435546875,737.85,2152,2152,-1.0,-1.0,-1,-1,0.0
15810,-73.99645233154298,40.76350784301758,-73.97944641113281,40.76632690429688,447.61,2152,2152,-1.0,-1.0,-1,-1,0.0
15811,-73.96942901611328,40.74938583374024,-73.98200988769531,40.758125305175774,644.2,2152,2152,2299.7599999999998,2943.96,147.75999999999976,2.2737367544323206e-13,1.0000000000000004
15812,-73.96526336669923,40.76932144165039,-73.95311737060547,40.78673934936523,406.84,2152,2152,-1.0,-1.0,-1,-1,0.0
15813,-73.96262359619139,40.76993179321289,-73.99137878417969,40.75028991699219,1036.75,2153,2153,2164.08,3303.84,11.079999999999927,103.01000000000022,1.099358572462021
15814,-73.98220825195312,40.7693748474121,-73.97953033447266,40.75053024291992,774.11,2153,2153,-1.0,-1.0,-1,-1,0.0
15815,-74.001220703125,40.720252990722656,-73.97956085205078,40.74933242797852,1001.02,2153,2153,-1.0,-1.0,-1,-1,0.0
15816,-73.98985290527344,40.73548126220703,-73.9508056640625,40.77267837524415,1031.72,2153,2153,2190.12,3303.71,37.11999999999989,81.87000000000012,1.0793529252122671
15817,-74.00576782226562,40.75067138671875,-73.9888916015625,40.74462890625,510.99,2153,2153,2210.06,2721.05,57.059999999999945,2.2737367544323206e-13,1.0000000000000004
15818,-73.99920654296875,40.71754837036133,-74.00045776367188,40.73062515258789,487.05,2153,2153,2240.45,2727.5,87.44999999999982,1.7053025658242404e-13,1.0000000000000004
15819,-73.98534393310547,40.745201110839844,-73.98836517333984,40.73862075805664,209.0,2153,2153,-1.0,-1.0,-1,-1,0.0
15820,-73.9934844970703,40.74209213256836,-73.990966796875,40.734825134277344,274.33,2153,2153,-1.0,-1.0,-1,-1,0.0
15821,-73.95226287841797,40.766300201416016,-73.96890258789062,40.761390686035156,558.13,2153,2153,-1.0,-1.0,-1,-1,0.0
15822,-73.98551940917969,40.75894165039063,-73.94448852539062,40.8089714050293,1368.27,2153,2153,2171.0699999999997,3583.2600000000007,18.06999999999971,43.92000000000098,1.0320989278431896
15823,-73.98023223876955,40.77060317993164,-73.98739624023438,40.76559066772461,230.95,2153,2153,-1.0,-1.0,-1,-1,0.0
15824,-73.98416900634766,40.73748779296875,-74.01033020019531,40.718841552734375,905.23,2153,2153,2194.9,3100.13,41.90000000000009,0.0,1.0
15825,-73.97444915771484,40.75582885742188,-73.947509765625,40.78197860717773,755.29,2154,2154,-1.0,-1.0,-1,-1,0.0
15826,-73.98171997070312,40.768150329589844,-73.9610824584961,40.77495574951172,546.32,2154,2154,-1.0,-1.0,-1,-1,0.0
15827,-73.96627044677734,40.789649963378906,-73.97438049316406,40.79006958007813,225.67,2154,2154,2180.2,2405.87,26.199999999999818,8.526512829121202e-14,1.0000000000000004
15828,-73.97492218017578,40.78767776489258,-73.9470977783203,40.776023864746094,683.2,2154,2154,2190.17,2873.37,36.17000000000007,-2.2737367544323206e-13,0.9999999999999997
15829,-73.99127960205078,40.75518035888672,-73.98750305175781,40.768699645996094,393.42,2154,2154,-1.0,-1.0,-1,-1,0.0
15830,-73.97036743164062,40.7649803161621,-73.95494842529298,40.77859115600585,430.61,2154,2154,2200.77,2669.93,46.76999999999998,38.54999999999984,1.0895241633961121
15831,-74.00757598876955,40.74019241333008,-73.96409606933594,40.75924301147461,1346.98,2154,2154,2196.43,3611.74,42.429999999999836,68.32999999999993,1.05072829589155
15832,-73.99099731445312,40.75564956665039,-73.99012756347656,40.76155853271485,240.55,2155,2155,-1.0,-1.0,-1,-1,0.0
15833,-73.95613098144531,40.77199172973633,-73.96779632568358,40.75296020507813,575.73,2155,2155,2294.12,2869.85,139.1199999999999,0.0,1.0
15834,-73.99242401123048,40.74319839477539,-73.96666717529298,40.75739288330078,847.51,2155,2155,2192.45,3062.53,37.44999999999982,22.57000000000039,1.0266309542070304
15835,-73.97108459472656,40.76371383666992,-73.95094299316406,40.771766662597656,565.61,2155,2155,2202.9,2819.65,47.90000000000009,51.139999999999986,1.0904156574317994
15836,-73.97730255126955,40.75851821899415,-73.96932983398438,40.7611083984375,315.95,2155,2155,-1.0,-1.0,-1,-1,0.0
15837,-73.97725677490234,40.7769775390625,-74.00890350341797,40.706146240234375,1697.45,2155,2155,2164.9,3862.35,9.900000000000091,-2.2737367544323206e-13,0.9999999999999999
15838,-73.95947265625,40.77416610717773,-73.97866821289062,40.75003051757813,765.79,2155,2155,2190.3399999999997,3032.9199999999996,35.33999999999969,76.78999999999996,1.1002755324566786
15839,-73.98213195800781,40.74020767211913,-73.97161102294923,40.7484130859375,359.86,2156,2156,2173.02,2629.02,17.019999999999982,96.13999999999999,1.2671594508975712
15840,-73.99403381347656,40.741371154785156,-73.97930145263672,40.76538848876953,723.97,2156,2156,2180.53,2978.8,24.5300000000002,74.29999999999995,1.102628561956987
15841,-73.95427703857422,40.78404998779297,-73.96978759765625,40.799629211425774,587.13,2156,2156,-1.0,-1.0,-1,-1,0.0
15842,-73.97197723388672,40.75652313232422,-73.97293853759766,40.74768447875977,343.51,2156,2156,-1.0,-1.0,-1,-1,0.0
15843,-73.98948669433594,40.7589111328125,-74.0079345703125,40.74338150024415,657.49,2157,2157,2277.38,2934.8700000000003,120.38000000000011,2.2737367544323206e-13,1.0000000000000004
15844,-73.98136138916014,40.768379211425774,-73.96988677978516,40.7678108215332,281.07,2157,2157,-1.0,-1.0,-1,-1,0.0
15845,-73.97600555419923,40.76580810546875,-73.95407104492188,40.76719665527344,661.35,2157,2157,2161.29,2822.64,4.289999999999964,-1.1368683772161603e-13,0.9999999999999998
15846,-73.96260070800781,40.77804946899415,-73.9680404663086,40.7652587890625,387.45,2157,2157,-1.0,-1.0,-1,-1,0.0
15847,-74.0128402709961,40.70246887207031,-73.98780822753906,40.727943420410156,671.98,2157,2157,2214.41,2886.39,57.409999999999854,0.0,1.0
15848,-73.98163604736328,40.76116943359375,-73.95760345458984,40.77178955078125,829.67,2157,2157,-1.0,-1.0,-1,-1,0.0
15849,-73.96564483642578,40.75923538208008,-73.95362854003906,40.77119064331055,278.57,2158,2158,2160.1,2438.6699999999996,2.099999999999909,-2.8421709430404007e-13,0.999999999999999
15850,-73.9806900024414,40.74219131469727,-73.99165344238281,40.7490348815918,556.63,2158,2158,2160.0,2716.63,2.0,1.1368683772161603e-13,1.0000000000000002
15851,-73.97686004638672,40.75055313110352,-74.01651000976562,40.70996856689453,984.5,2158,2158,-1.0,-1.0,-1,-1,0.0
15852,-73.97869110107422,40.75014114379883,-73.98077392578125,40.72575378417969,715.51,2158,2158,2198.25,2952.26,40.25,38.50000000000023,1.053807773476262
15853,-73.98915100097656,40.76826858520508,-73.97151947021484,40.76206588745117,461.74,2158,2158,-1.0,-1.0,-1,-1,0.0
15854,-73.9530029296875,40.77228164672852,-73.9785614013672,40.72713088989258,871.24,2158,2158,2171.42,3042.66,13.420000000000073,-2.2737367544323206e-13,0.9999999999999998
15855,-73.9959716796875,40.75913619995117,-73.98149871826173,40.779876708984375,420.73,2158,2158,-1.0,-1.0,-1,-1,0.0
15856,-73.99606323242188,40.74354553222656,-74.00639343261719,40.733131408691406,290.24,2158,2158,2200.81,2491.05,42.809999999999945,2.2737367544323206e-13,1.0000000000000009
15857,-74.01715850830078,40.7052116394043,-73.9867172241211,40.74031066894531,1053.46,2159,2159,2171.0,3224.46,12.0,0.0,1.0
15858,-73.98458099365234,40.76451110839844,-73.98182678222656,40.77830123901367,355.97,2159,2159,2216.56,2603.1,57.559999999999945,30.569999999999936,1.0858780234289405
15859,-74.00425720214845,40.7219123840332,-73.98612976074219,40.726558685302734,641.84,2159,2159,2296.33,2938.1699999999996,137.32999999999993,-3.410605131648481e-13,0.9999999999999994
15860,-73.97149658203125,40.782310485839844,-73.96340942382812,40.774768829345696,286.62,2159,2159,2175.98,2554.14,16.980000000000018,91.53999999999985,1.3193775730932937
15861,-73.98470306396483,40.74274826049805,-73.96578979492188,40.75542068481445,515.51,2159,2159,2199.52,2735.01,40.51999999999998,19.980000000000246,1.0387577350584862
15862,-73.95502471923827,40.780216217041016,-73.94207000732422,40.79876708984375,362.21,2159,2159,-1.0,-1.0,-1,-1,0.0
15863,-73.97042846679686,40.759254455566406,-73.99131774902342,40.75056457519531,712.25,2159,2159,2189.4,2945.44,30.40000000000009,43.789999999999964,1.0614812214812215
15864,-73.97010803222656,40.7581901550293,-73.9818801879883,40.77804183959961,754.24,2160,2160,-1.0,-1.0,-1,-1,0.0
15865,-73.9720230102539,40.761024475097656,-73.9733123779297,40.78501510620117,691.37,2160,2160,-1.0,-1.0,-1,-1,0.0
15866,-73.99160766601562,40.74660110473633,-74.00689697265625,40.75372314453125,497.71,2160,2160,2167.96,2725.59,7.960000000000036,59.92000000000013,1.1203913925780076
15867,-73.97807312011719,40.7730598449707,-73.95221710205078,40.778053283691406,670.88,2160,2160,-1.0,-1.0,-1,-1,0.0
15868,-73.96268463134766,40.77238845825195,-73.97459411621094,40.76131057739258,495.47,2160,2160,2196.29,2691.76,36.289999999999964,2.2737367544323206e-13,1.0000000000000004
15869,-73.99790954589844,40.72060775756836,-73.9906234741211,40.74536895751953,664.34,2160,2160,-1.0,-1.0,-1,-1,0.0
15870,-73.999267578125,40.73434829711913,-73.97600555419923,40.74981689453125,712.3,2160,2160,2196.7599999999998,2909.06,36.75999999999976,2.2737367544323206e-13,1.0000000000000002
15871,-73.9892349243164,40.7398796081543,-73.99800872802734,40.71950912475585,661.98,2160,2160,2185.62,2893.93,25.61999999999989,46.32999999999993,1.0699870086709566
15872,-73.95162963867188,40.77804946899415,-73.94515228271484,40.7908592224121,228.95,2161,2161,-1.0,-1.0,-1,-1,0.0
15873,-73.98986053466798,40.775962829589844,-73.98320007324219,40.78144836425781,207.28,2161,2161,-1.0,-1.0,-1,-1,0.0
15874,-73.98763275146483,40.72871017456055,-73.99031829833984,40.714271545410156,540.42,2161,2161,2210.38,2774.08,49.38000000000011,23.27999999999986,1.043077606306206
15875,-73.9784927368164,40.7504768371582,-73.99090576171875,40.74380874633789,498.22,2161,2161,-1.0,-1.0,-1,-1,0.0
15876,-73.9822998046875,40.74605178833008,-73.99015045166014,40.74859619140625,328.5,2161,2161,-1.0,-1.0,-1,-1,0.0
15877,-73.98607635498048,40.772682189941406,-73.98067474365234,40.76586532592773,316.48,2161,2161,-1.0,-1.0,-1,-1,0.0
15878,-73.98410034179686,40.7345085144043,-73.98400115966798,40.725601196289055,389.62,2161,2161,2475.87,2865.49,314.8699999999999,-1.1368683772161603e-13,0.9999999999999997
15879,-73.96051788330078,40.78114318847656,-73.97904205322266,40.76347732543945,645.61,2161,2161,2232.47,2878.08,71.4699999999998,1.1368683772161603e-13,1.0000000000000002
15880,-73.99522399902342,40.727237701416016,-74.00847625732422,40.72124862670898,474.26,2161,2161,2404.82,2879.0800000000004,243.82000000000016,2.2737367544323206e-13,1.0000000000000004
15881,-73.95882415771484,40.78363037109375,-73.97242736816406,40.79384994506836,457.19,2162,2162,2190.0,2647.19,28.0,5.684341886080802e-14,1.0000000000000002
15882,-73.9613723754883,40.76504135131836,-73.97532653808595,40.752586364746094,530.8,2162,2162,-1.0,-1.0,-1,-1,0.0
15883,-73.98444366455078,40.74465942382813,-73.99805450439453,40.75,485.84,2162,2162,-1.0,-1.0,-1,-1,0.0
15884,-73.96804809570312,40.755348205566406,-73.97786712646483,40.725921630859375,641.76,2162,2162,2297.67,2939.43,135.67000000000007,-2.2737367544323206e-13,0.9999999999999997
15885,-73.9745864868164,40.76227188110352,-74.00055694580078,40.72108840942383,1107.61,2162,2162,-1.0,-1.0,-1,-1,0.0
15886,-73.97303009033203,40.76404190063477,-73.99475860595702,40.76068878173828,719.93,2162,2162,-1.0,-1.0,-1,-1,0.0
15887,-73.99295043945312,40.72808456420898,-74.00125122070312,40.741416931152344,525.67,2162,2162,-1.0,-1.0,-1,-1,0.0
15888,-73.96329498291014,40.76905059814453,-73.98063659667969,40.78095626831055,679.53,2162,2162,-1.0,-1.0,-1,-1,0.0
15889,-73.96856689453125,40.770362854003906,-73.96271514892578,40.76963424682617,245.71,2162,2162,-1.0,-1.0,-1,-1,0.0
15890,-73.97559356689453,40.755409240722656,-73.95398712158203,40.77484130859375,722.65,2162,2162,-1.0,-1.0,-1,-1,0.0
15891,-73.98406982421875,40.76508331298828,-73.96951293945312,40.79113388061523,616.91,2162,2162,-1.0,-1.0,-1,-1,0.0
15892,-74.00389862060547,40.73167419433594,-74.01242065429686,40.720081329345696,350.62,2163,2163,2215.62,2566.24,52.61999999999989,-1.1368683772161603e-13,0.9999999999999997
15893,-74.0157699584961,40.71173095703125,-73.98062133789062,40.74247360229492,956.38,2163,2163,2343.04,3299.42,180.03999999999996,1.1368683772161603e-13,1.0000000000000002
15894,-73.9703826904297,40.75255966186523,-73.98890686035155,40.71414184570313,835.63,2163,2163,-1.0,-1.0,-1,-1,0.0
15895,-73.99725341796875,40.721927642822266,-73.9737777709961,40.74357223510742,625.66,2163,2163,-1.0,-1.0,-1,-1,0.0
15896,-73.97784423828125,40.76384353637695,-73.97737884521484,40.78628540039063,624.62,2163,2163,-1.0,-1.0,-1,-1,0.0
15897,-73.98210906982422,40.76873397827149,-73.96556854248048,40.765907287597656,511.06,2163,2163,2303.13,2814.19,140.1300000000001,-5.684341886080802e-14,0.9999999999999999
15898,-73.97224426269531,40.75825881958008,-73.99118041992188,40.72096252441406,1107.83,2163,2163,2209.98,3317.8100000000004,46.98000000000002,4.547473508864641e-13,1.0000000000000004
15899,-73.9529571533203,40.78609085083008,-73.95645141601562,40.77634811401367,285.58,2164,2164,-1.0,-1.0,-1,-1,0.0
15900,-73.98062896728516,40.75497817993164,-73.98072052001955,40.74238967895508,433.42,2164,2164,2224.37,2657.79,60.36999999999989,5.684341886080802e-14,1.0000000000000002
15901,-74.01023864746094,40.72016143798828,-73.99638366699219,40.7445182800293,610.13,2164,2164,-1.0,-1.0,-1,-1,0.0
15902,-73.98088836669923,40.75965118408203,-73.95142364501955,40.77939224243164,873.36,2164,2164,-1.0,-1.0,-1,-1,0.0
15903,-73.9782943725586,40.74560928344727,-73.97522735595702,40.752235412597656,223.86,2164,2164,-1.0,-1.0,-1,-1,0.0
15904,-73.96842193603516,40.75918960571289,-73.94667053222656,40.77494812011719,527.55,2164,2164,2197.7599999999998,2755.02,33.75999999999976,29.710000000000264,1.056316936783244
15905,-74.0135269165039,40.70489883422852,-73.9822998046875,40.72077178955078,553.82,2164,2164,-1.0,-1.0,-1,-1,0.0
15906,-73.9904556274414,40.74043273925781,-73.98860931396483,40.74875259399415,268.79,2164,2164,-1.0,-1.0,-1,-1,0.0
15907,-73.96241760253906,40.77594375610352,-73.9682083129883,40.78730773925781,305.59,2165,2165,-1.0,-1.0,-1,-1,0.0
15908,-73.96752166748048,40.76050567626953,-73.9526138305664,40.78411102294922,450.25,2165,2165,2292.79,2743.04,127.78999999999996,0.0,1.0
15909,-74.00447845458984,40.72427749633789,-73.97930145263672,40.74626541137695,793.77,2165,2165,-1.0,-1.0,-1,-1,0.0
15910,-73.99881744384766,40.75441360473633,-73.97261047363281,40.74498748779297,871.39,2165,2165,-1.0,-1.0,-1,-1,0.0
15911,-73.99054718017578,40.74192810058594,-73.99237060546875,40.76382827758789,685.41,2165,2165,-1.0,-1.0,-1,-1,0.0
15912,-73.98790740966798,40.738014221191406,-73.98165130615234,40.749759674072266,359.39,2166,2166,2313.29,2672.68,147.28999999999996,-1.1368683772161603e-13,0.9999999999999997
15913,-73.98787689208984,40.74364471435547,-73.98722839355469,40.72227478027344,722.05,2166,2166,2213.21,2939.97,47.210000000000036,4.709999999999809,1.0065230939685614
15914,-74.0025634765625,40.72901153564453,-73.98709869384766,40.76617813110352,943.95,2166,2166,2224.03,3206.3300000000004,58.0300000000002,38.350000000000136,1.0406271518618573
15915,-73.9661865234375,40.77022933959961,-73.95709991455078,40.7706184387207,295.17,2166,2166,-1.0,-1.0,-1,-1,0.0
15916,-73.97684478759766,40.75064086914063,-74.00678253173827,40.70658874511719,973.59,2166,2166,-1.0,-1.0,-1,-1,0.0
15917,-73.96573638916014,40.79010009765625,-73.97592163085938,40.77624130249024,306.95,2166,2166,2687.46,2994.41,521.46,-1.7053025658242404e-13,0.9999999999999994
15918,-73.98988342285155,40.77243041992188,-73.98027038574219,40.78556442260742,301.59,2166,2166,2294.04,2595.63,128.03999999999996,1.7053025658242404e-13,1.0000000000000007
15919,-73.97222900390625,40.75419235229492,-73.98477935791014,40.76102828979492,579.49,2166,2166,-1.0,-1.0,-1,-1,0.0
15920,-74.00757598876955,40.74309921264648,-73.97945404052734,40.77290725708008,746.87,2167,2167,2321.68,3068.5499999999997,154.67999999999984,-1.1368683772161603e-13,0.9999999999999999
15921,-73.98043060302734,40.77566146850585,-73.99458312988281,40.76616668701172,388.38,2167,2167,2199.44,2661.06,32.440000000000055,73.2399999999999,1.1885781966115658
15922,-73.98660278320312,40.76668930053711,-73.9988784790039,40.76120376586913,312.05,2167,2167,2220.86,2532.91,53.86000000000013,-2.8421709430404007e-13,0.9999999999999991
15923,-73.97792053222656,40.75779342651367,-73.98786926269531,40.74392318725585,328.64,2167,2167,-1.0,-1.0,-1,-1,0.0
15924,-73.98201751708984,40.7431640625,-73.95146942138672,40.77004623413085,824.38,2167,2167,-1.0,-1.0,-1,-1,0.0
15925,-73.96346282958984,40.76594924926758,-73.95388793945312,40.775428771972656,249.19,2167,2167,-1.0,-1.0,-1,-1,0.0
15926,-73.97050476074219,40.753196716308594,-73.99732971191406,40.76629257202149,1063.74,2167,2167,-1.0,-1.0,-1,-1,0.0
15927,-73.99332427978516,40.73427200317383,-73.98819732666014,40.75551223754883,737.41,2167,2167,2302.04,3039.45,135.03999999999996,-1.1368683772161603e-13,0.9999999999999999
15928,-73.98478698730467,40.764251708984375,-73.95594787597656,40.78200149536133,787.77,2167,2167,-1.0,-1.0,-1,-1,0.0
15929,-73.97444915771484,40.75398635864258,-73.95272827148438,40.81918716430664,1546.06,2167,2167,2225.4,3807.66,58.40000000000009,36.19999999999982,1.0234143564932796
15930,-73.97480010986328,40.75725173950195,-74.0074920654297,40.74103164672852,1072.94,2168,2168,2221.06,3348.72,53.059999999999945,54.7199999999998,1.0510000559211137
15931,-73.9680404663086,40.75556564331055,-73.96360015869139,40.77696228027344,649.4,2168,2168,2197.77,2933.67,29.769999999999982,86.50000000000011,1.1331998768093627
15932,-74.0087661743164,40.73197555541992,-74.0079116821289,40.71707534790039,402.15,2168,2168,2269.08,2671.23,101.07999999999993,1.1368683772161603e-13,1.0000000000000002
15933,-73.99398040771484,40.76166915893555,-73.98039245605469,40.78230285644531,410.85,2168,2168,2271.22,2682.07,103.2199999999998,3.410605131648481e-13,1.0000000000000009
15934,-73.99015808105469,40.75788116455078,-73.98320770263672,40.78128051757813,613.54,2168,2168,2194.63,2867.93,26.63000000000011,59.75999999999976,1.0974019623822404
15935,-73.98075103759766,40.759422302246094,-73.98016357421875,40.76587677001953,235.84,2168,2168,-1.0,-1.0,-1,-1,0.0
15936,-73.97676849365234,40.75911331176758,-73.98013305664062,40.7391014099121,635.67,2168,2168,-1.0,-1.0,-1,-1,0.0
15937,-73.96622467041014,40.7644157409668,-73.94740295410156,40.773536682128906,512.66,2168,2168,-1.0,-1.0,-1,-1,0.0
15938,-73.99336242675781,40.727210998535156,-73.99221038818358,40.743858337402344,510.07,2168,2168,2573.0099999999998,3083.08,405.00999999999976,1.7053025658242404e-13,1.0000000000000004
15939,-73.96874237060547,40.7683982849121,-73.98303985595702,40.78007888793945,546.33,2168,2168,-1.0,-1.0,-1,-1,0.0
15940,-73.96792602539062,40.76264953613281,-74.00545501708984,40.727535247802734,1186.4,2168,2168,2199.05,3426.75,31.050000000000182,41.29999999999973,1.0348111935266349
15941,-74.00562286376955,40.75081634521485,-73.99510955810547,40.72491836547852,849.57,2169,2169,2228.7500000000005,3078.3200000000006,59.750000000000455,1.1368683772161603e-13,1.0000000000000002
15942,-73.9981918334961,40.7353630065918,-73.99017333984375,40.739295959472656,262.91,2169,2169,2190.58,2453.49,21.579999999999927,-1.7053025658242404e-13,0.9999999999999993
15943,-73.96680450439453,40.75753784179688,-73.97969818115234,40.73532104492188,507.71,2169,2169,-1.0,-1.0,-1,-1,0.0
15944,-73.98869323730467,40.74890518188477,-73.97913360595702,40.764896392822266,562.97,2169,2169,-1.0,-1.0,-1,-1,0.0
15945,-73.99060821533203,40.75612258911133,-73.97539520263672,40.74578475952149,685.05,2169,2169,2190.0,2875.0499999999997,21.0,-2.2737367544323206e-13,0.9999999999999997
15946,-73.97420501708984,40.76258087158203,-73.95900726318358,40.780628204345696,463.85,2169,2169,-1.0,-1.0,-1,-1,0.0
15947,-73.98201751708984,40.769039154052734,-73.9918670654297,40.72618865966797,1348.21,2169,2169,-1.0,-1.0,-1,-1,0.0
15948,-73.99284362792969,40.74825668334961,-73.97891998291014,40.75271606445313,489.05,2169,2169,2220.2599999999998,2709.31,51.25999999999976,1.7053025658242404e-13,1.0000000000000004
15949,-73.99491882324219,40.75008010864258,-73.9693374633789,40.76081466674805,888.01,2169,2169,-1.0,-1.0,-1,-1,0.0
15950,-73.9754638671875,40.75209045410156,-73.97599792480467,40.740760803222656,437.41,2169,2169,-1.0,-1.0,-1,-1,0.0
15951,-73.96411895751955,40.756690979003906,-73.97734069824219,40.7657585144043,630.87,2170,2170,2223.41,2854.28,53.409999999999854,3.410605131648481e-13,1.0000000000000004
15952,-73.96138000488281,40.77156448364258,-73.97640991210938,40.75958633422852,568.81,2170,2170,2204.54,2773.35,34.539999999999964,0.0,1.0
15953,-74.00325775146483,40.72695541381836,-74.0106430053711,40.717586517333984,342.03,2170,2170,2190.0,2532.03,20.0,2.2737367544323206e-13,1.0000000000000007
15954,-73.98719787597656,40.75777053833008,-74.00971221923827,40.71654891967773,982.64,2170,2170,-1.0,-1.0,-1,-1,0.0
15955,-74.0067138671875,40.74152755737305,-73.9871368408203,40.77094268798828,593.37,2170,2170,2260.25,2853.62,90.25,-1.1368683772161603e-13,0.9999999999999998
15956,-73.96979522705078,40.79485702514648,-73.93736267089844,40.79849624633789,764.42,2170,2170,2216.25,3014.4300000000003,46.25,33.76000000000033,1.044164202925094
15957,-73.9891357421875,40.73640441894531,-73.98077392578125,40.747535705566406,324.61,2170,2170,-1.0,-1.0,-1,-1,0.0
15958,-73.99227142333984,40.715248107910156,-73.98014068603516,40.74409866333008,687.03,2170,2170,2424.71,3111.74,254.71000000000004,-2.2737367544323206e-13,0.9999999999999997
15959,-73.98187255859375,40.755855560302734,-73.96453857421875,40.75932693481445,616.62,2171,2171,2198.33,2861.77,27.329999999999927,46.82000000000005,1.0759300703837047
15960,-73.98419189453125,40.729339599609375,-74.00090789794923,40.72130966186523,611.35,2171,2171,2246.54,2885.67,75.53999999999996,27.780000000000086,1.0454404187453996
15961,-73.99027252197266,40.751258850097656,-73.9732666015625,40.74812698364258,651.62,2171,2171,-1.0,-1.0,-1,-1,0.0
15962,-73.97354888916014,40.7636604309082,-73.96800994873048,40.752662658691406,497.34,2171,2171,-1.0,-1.0,-1,-1,0.0
15963,-73.97628784179686,40.762855529785156,-74.00751495361328,40.71010971069336,1587.6,2171,2171,-1.0,-1.0,-1,-1,0.0
15964,-74.00308227539062,40.72425842285156,-74.01569366455078,40.7152099609375,470.38,2171,2171,-1.0,-1.0,-1,-1,0.0
15965,-74.00559997558595,40.72578048706055,-73.97989654541014,40.76077651977539,874.29,2171,2171,-1.0,-1.0,-1,-1,0.0
15966,-73.98592376708984,40.76237869262695,-73.96122741699219,40.780181884765625,677.6,2172,2172,-1.0,-1.0,-1,-1,0.0
15967,-73.96379852294923,40.77103805541992,-73.97267150878906,40.7648811340332,324.72,2172,2172,-1.0,-1.0,-1,-1,0.0
15968,-73.9822998046875,40.76841735839844,-73.99272155761719,40.7568244934082,497.72,2172,2172,-1.0,-1.0,-1,-1,0.0
15969,-73.9747314453125,40.77793884277344,-73.99768829345702,40.730079650878906,1398.52,2172,2172,2212.62,3665.7599999999998,40.61999999999989,54.61999999999989,1.0390555730343505
15970,-73.9852294921875,40.76361846923828,-73.9791030883789,40.762840270996094,239.16,2172,2172,2195.04,2474.5,23.039999999999964,40.30000000000004,1.1685064392038804
15971,-73.97876739501955,40.74077224731445,-73.98876190185547,40.73383331298828,220.87,2173,2173,2202.59,2423.46,29.590000000000146,-1.1368683772161603e-13,0.9999999999999994
15972,-73.99141693115234,40.73166275024415,-73.99761199951173,40.736324310302734,240.16,2173,2173,-1.0,-1.0,-1,-1,0.0
15973,-73.99894714355469,40.7246322631836,-74.00486755371094,40.731353759765625,299.92,2173,2173,-1.0,-1.0,-1,-1,0.0
15974,-73.96831512451173,40.76557159423828,-73.97838592529298,40.781455993652344,599.7,2173,2173,-1.0,-1.0,-1,-1,0.0
15975,-73.99388885498048,40.74181747436523,-74.00287628173827,40.73763275146485,326.17,2173,2173,-1.0,-1.0,-1,-1,0.0
15976,-73.97219848632812,40.75656127929688,-73.98294830322266,40.77183151245117,762.6,2173,2173,-1.0,-1.0,-1,-1,0.0
15977,-74.0002670288086,40.742835998535156,-73.98477172851562,40.74242782592773,427.04,2173,2173,2212.08,2699.66,39.07999999999993,60.53999999999991,1.141766579243162
15978,-73.96867370605469,40.76338195800781,-73.9747085571289,40.79064559936523,776.17,2173,2173,-1.0,-1.0,-1,-1,0.0
15979,-73.98201751708984,40.779090881347656,-73.9856185913086,40.76802062988281,254.38,2174,2174,2216.46,2470.84,42.460000000000036,1.1368683772161603e-13,1.0000000000000004
15980,-73.99046325683594,40.74065017700195,-74.0086212158203,40.71889877319336,654.9,2174,2174,-1.0,-1.0,-1,-1,0.0
15981,-73.97405242919923,40.78913116455078,-73.95858001708984,40.81159973144531,371.04,2174,2174,-1.0,-1.0,-1,-1,0.0
15982,-73.9681167602539,40.762638092041016,-73.99219512939453,40.748779296875,843.03,2174,2174,2203.53,3046.56,29.5300000000002,-2.2737367544323206e-13,0.9999999999999998
15983,-74.0088348388672,40.710952758789055,-73.95486450195312,40.7683219909668,1230.0,2174,2174,2216.97,3446.97,42.9699999999998,0.0,1.0
15984,-73.99853515625,40.735130310058594,-73.97303771972656,40.75680541992188,879.48,2174,2174,2216.23,3141.48,42.23000000000002,45.76999999999998,1.0520421157956974
15985,-73.99232482910156,40.75905227661133,-73.9801025390625,40.7285270690918,1087.89,2174,2174,2209.94,3350.92,35.940000000000055,53.08999999999992,1.0488008897958432
15986,-73.9910430908203,40.75080871582031,-74.0033187866211,40.73174285888672,381.94,2174,2174,-1.0,-1.0,-1,-1,0.0
15987,-73.96817779541014,40.79201889038085,-73.98129272460938,40.77113342285156,517.75,2174,2174,2228.88,2746.63,54.88000000000011,0.0,1.0
15988,-73.9671859741211,40.76356887817383,-73.93997192382812,40.81315612792969,1059.47,2175,2175,-1.0,-1.0,-1,-1,0.0
15989,-73.9752197265625,40.754638671875,-73.9569091796875,40.768211364746094,546.9,2175,2175,2227.02,2773.92,52.01999999999998,1.1368683772161603e-13,1.0000000000000002
15990,-73.97830200195312,40.7664794921875,-73.97289276123048,40.75886917114258,417.4,2175,2175,2220.91,2638.31,45.909999999999854,1.1368683772161603e-13,1.0000000000000002
15991,-73.9786148071289,40.751121520996094,-73.96998596191406,40.75739288330078,322.88,2175,2175,2284.28,2607.16,109.2800000000002,-3.410605131648481e-13,0.9999999999999989
15992,-74.0083999633789,40.74525833129883,-73.98863983154298,40.77399063110352,634.54,2175,2175,-1.0,-1.0,-1,-1,0.0
15993,-73.9744415283203,40.75098037719727,-73.95348358154298,40.77449035644531,641.9,2175,2175,2209.67,2855.45,34.67000000000007,3.879999999999768,1.0060445552266704
15994,-73.97453308105469,40.74707412719727,-73.9911117553711,40.73313522338867,419.62,2175,2175,2213.79,2633.4100000000003,38.789999999999964,3.410605131648481e-13,1.0000000000000009
15995,-73.9636993408203,40.77402877807617,-73.9473114013672,40.78807067871094,385.77,2175,2175,2205.72,2647.48,30.7199999999998,55.99000000000024,1.1451382948388942
15996,-74.00243377685547,40.74490356445313,-73.96122741699219,40.77582931518555,1153.66,2175,2175,-1.0,-1.0,-1,-1,0.0
15997,-73.97500610351562,40.76130676269531,-73.99980926513672,40.73088455200195,771.01,2175,2175,-1.0,-1.0,-1,-1,0.0
15998,-73.97850799560547,40.74338150024415,-73.98198699951173,40.7706298828125,986.12,2175,2175,2208.95,3244.3,33.94999999999982,49.23000000000036,1.0499229302721782
15999,-73.97624206542969,40.75405883789063,-73.97332763671875,40.76258087158203,361.88,2176,2176,2197.02,2558.9,21.019999999999982,1.1368683772161603e-13,1.0000000000000002
16000,-73.97127532958984,40.7604866027832,-73.95533752441406,40.7650146484375,467.03,2176,2176,-1.0,-1.0,-1,-1,0.0
16001,-73.9874267578125,40.7537498474121,-73.99188232421875,40.76729965209961,553.09,2176,2176,-1.0,-1.0,-1,-1,0.0
16002,-73.95561218261719,40.77967071533203,-73.95709991455078,40.81583786010742,912.78,2176,2176,2207.66,3184.65,31.659999999999854,64.21000000000026,1.0703455378075772
16003,-73.96282958984375,40.77241897583008,-73.97138977050781,40.760250091552734,476.95,2176,2176,2226.92,2769.1200000000003,50.92000000000007,65.25000000000028,1.1368067931649026
16004,-74.00281524658203,40.733711242675774,-74.01448822021484,40.70332336425781,768.53,2176,2176,2203.33,2971.86,27.329999999999927,2.2737367544323206e-13,1.0000000000000002
16005,-73.98724365234375,40.753604888916016,-73.96519470214845,40.75465774536133,668.69,2177,2177,-1.0,-1.0,-1,-1,0.0
16006,-73.98851776123048,40.718128204345696,-73.98323822021484,40.71464920043945,211.12,2177,2177,2264.88,2476.0,87.88000000000011,-1.1368683772161603e-13,0.9999999999999994
16007,-73.98338317871094,40.76644134521485,-73.9639892578125,40.77655029296875,551.11,2177,2177,-1.0,-1.0,-1,-1,0.0
16008,-73.98999786376955,40.73286056518555,-74.00373077392578,40.75080871582031,664.78,2177,2177,-1.0,-1.0,-1,-1,0.0
16009,-74.0135726928711,40.70439910888672,-74.00627136230467,40.73440933227539,716.79,2177,2177,-1.0,-1.0,-1,-1,0.0
16010,-73.96115112304686,40.77172088623047,-73.96790313720702,40.765281677246094,256.2,2178,2178,2190.57,2446.77,12.570000000000164,-1.7053025658242404e-13,0.9999999999999993
16011,-73.98652648925781,40.76230239868164,-73.9754409790039,40.75275802612305,652.71,2178,2178,2212.7499999999995,2865.4599999999996,34.749999999999545,0.0,1.0
16012,-73.96376037597656,40.76827621459961,-73.99268341064453,40.75839614868164,871.39,2178,2178,2260.41,3131.8,82.40999999999985,3.410605131648481e-13,1.0000000000000004
16013,-73.96371459960938,40.77124786376953,-73.95751190185547,40.8042221069336,777.15,2178,2178,-1.0,-1.0,-1,-1,0.0
16014,-73.97888946533203,40.74580764770508,-73.9459228515625,40.78185653686523,788.37,2178,2178,-1.0,-1.0,-1,-1,0.0
16015,-73.98678588867188,40.74269485473633,-73.96553802490234,40.76608276367188,737.16,2179,2179,-1.0,-1.0,-1,-1,0.0
16016,-73.98690795898438,40.76646423339844,-73.98540496826173,40.73177337646485,1144.04,2179,2179,-1.0,-1.0,-1,-1,0.0
16017,-73.98685455322266,40.73922348022461,-74.00613403320312,40.74034118652344,543.63,2179,2179,-1.0,-1.0,-1,-1,0.0
16018,-73.97494506835938,40.75528335571289,-73.98062896728516,40.7732810974121,666.31,2179,2179,-1.0,-1.0,-1,-1,0.0
16019,-73.99128723144531,40.7320442199707,-73.99185180664062,40.72602844238281,221.0,2179,2179,2192.55,2511.21,13.550000000000182,97.65999999999985,1.4419004524886871
16020,-74.01129913330078,40.7028923034668,-73.99491119384766,40.733978271484375,945.8,2179,2179,2213.47,3237.93,34.4699999999998,78.66000000000008,1.0831676887291184
16021,-73.98158264160156,40.77452850341797,-73.98045349121094,40.76501846313477,340.73,2179,2179,2233.58,2634.77,54.57999999999993,60.460000000000036,1.1774425498195054
16022,-73.9717254638672,40.76345825195313,-74.00093078613281,40.736106872558594,1005.59,2179,2179,-1.0,-1.0,-1,-1,0.0
16023,-73.98541259765625,40.7683982849121,-73.9795913696289,40.74369812011719,1023.11,2179,2179,2216.23,3257.83,37.23000000000002,18.489999999999895,1.0180723480368679
16024,-73.99976348876955,40.72546768188477,-74.0052719116211,40.71739196777344,404.69,2180,2180,2374.5,2779.19,194.5,5.684341886080802e-14,1.0000000000000002
16025,-73.98488616943358,40.74538040161133,-73.98869323730467,40.7638053894043,732.08,2180,2180,-1.0,-1.0,-1,-1,0.0
16026,-73.98155975341797,40.73290252685547,-73.99102020263672,40.750267028808594,791.11,2180,2180,2234.55,3025.66,54.55000000000018,-3.410605131648481e-13,0.9999999999999996
16027,-73.97141265869139,40.75767135620117,-73.99878692626955,40.734230041503906,836.35,2180,2180,2237.54,3073.89,57.539999999999964,-1.1368683772161603e-13,0.9999999999999999
16028,-73.98287200927734,40.7227897644043,-73.97720336914062,40.75434875488281,858.08,2181,2181,2258.13,3116.2099999999996,77.13000000000011,-5.684341886080801e-13,0.9999999999999993
16029,-73.96882629394531,40.7913475036621,-73.96736907958984,40.800384521484375,222.81,2181,2181,2523.65,2746.46,342.6500000000001,-5.684341886080802e-14,0.9999999999999998
16030,-73.98341369628906,40.766300201416016,-73.97705078125,40.77674865722656,244.14,2181,2181,-1.0,-1.0,-1,-1,0.0
16031,-73.98088836669923,40.750450134277344,-74.01265716552734,40.71614074707031,1092.65,2181,2181,-1.0,-1.0,-1,-1,0.0
16032,-73.9781494140625,40.78633117675781,-73.92791748046875,40.86526107788085,929.21,2181,2181,-1.0,-1.0,-1,-1,0.0
16033,-73.97870635986328,40.750205993652344,-73.98198699951173,40.77154541015625,785.89,2181,2181,-1.0,-1.0,-1,-1,0.0
16034,-74.01319122314453,40.715179443359375,-74.00154876708984,40.76126098632813,694.68,2181,2181,2240.7,2935.38,59.69999999999982,3.410605131648481e-13,1.0000000000000004
16035,-74.0028305053711,40.760566711425774,-74.0022964477539,40.70688247680664,1119.39,2181,2181,-1.0,-1.0,-1,-1,0.0
16036,-73.99249267578125,40.74340057373047,-73.97962951660156,40.75246047973633,423.01,2181,2181,2230.61,2653.62,49.61000000000013,-2.2737367544323206e-13,0.9999999999999994
16037,-73.96597290039062,40.75416946411133,-73.98544311523438,40.74732971191406,667.87,2182,2182,2199.9,2912.3,17.90000000000009,44.530000000000086,1.066674652252684
16038,-73.983642578125,40.76553726196289,-73.98311614990234,40.78193664550781,462.42,2182,2182,2241.68,2757.22,59.679999999999836,53.11999999999995,1.1148739241382293
16039,-73.95375061035155,40.7751350402832,-73.99368286132812,40.71158218383789,1288.45,2182,2182,-1.0,-1.0,-1,-1,0.0
16040,-73.97614288330078,40.7861442565918,-73.95594787597656,40.80624008178711,512.99,2182,2182,2284.09,2797.08,102.09000000000015,-2.2737367544323206e-13,0.9999999999999996
16041,-74.01174163818358,40.70283889770508,-74.0076904296875,40.74068832397461,858.36,2182,2182,2480.83,3339.19,298.8299999999999,1.1368683772161603e-13,1.0000000000000002
16042,-74.0126953125,40.70208358764648,-74.00475311279298,40.71259689331055,578.95,2182,2182,-1.0,-1.0,-1,-1,0.0
16043,-73.98929595947266,40.73052215576172,-73.99468994140625,40.71885681152344,443.77,2182,2182,2264.25,2708.02,82.25,0.0,1.0
16044,-73.98453521728516,40.7542381286621,-73.96324157714845,40.75772476196289,637.78,2182,2182,-1.0,-1.0,-1,-1,0.0
16045,-73.9991226196289,40.74943161010742,-74.01104736328125,40.729679107666016,491.18,2183,2183,-1.0,-1.0,-1,-1,0.0
16046,-73.95108032226562,40.78575134277344,-73.95526123046875,40.77296829223633,325.29,2183,2183,-1.0,-1.0,-1,-1,0.0
16047,-74.00480651855469,40.7070198059082,-73.97486877441406,40.751220703125,824.54,2183,2183,2593.59,3418.1299999999997,410.59000000000015,-4.547473508864641e-13,0.9999999999999994
16048,-73.98709869384766,40.74242782592773,-73.9892349243164,40.75845336914063,636.12,2183,2183,-1.0,-1.0,-1,-1,0.0
16049,-73.97870635986328,40.74107360839844,-73.98863983154298,40.73705291748047,254.54,2183,2183,2228.44,2482.98,45.440000000000055,-2.842170943040401e-14,0.9999999999999999
16050,-73.99081420898438,40.73463439941406,-73.9666976928711,40.75343704223633,631.67,2183,2183,2210.94,2842.61,27.940000000000055,1.1368683772161603e-13,1.0000000000000002
16051,-73.98218536376955,40.77220153808594,-73.97293090820312,40.79307556152344,492.4,2183,2183,2224.48,2716.88,41.48000000000002,1.1368683772161603e-13,1.0000000000000002
16052,-73.9809036254883,40.76749038696289,-73.97384643554686,40.763648986816406,264.83,2184,2184,2209.6399999999994,2474.47,25.639999999999418,3.979039320256561e-13,1.0000000000000016
16053,-73.96849060058595,40.75064086914063,-73.98197174072266,40.756141662597656,594.34,2184,2184,-1.0,-1.0,-1,-1,0.0
16054,-73.9739532470703,40.76359939575195,-73.98268127441406,40.75561141967773,443.08,2184,2184,-1.0,-1.0,-1,-1,0.0
16055,-73.9998550415039,40.71814346313477,-73.98274993896483,40.72334289550781,592.86,2184,2184,-1.0,-1.0,-1,-1,0.0
16056,-73.9701156616211,40.76822280883789,-73.99386596679686,40.743263244628906,775.36,2184,2184,-1.0,-1.0,-1,-1,0.0
16057,-74.0162582397461,40.71009063720703,-74.00324249267578,40.73424911499024,606.4,2184,2184,2190.0,2892.7200000000003,6.0,96.32000000000028,1.1588390501319266
16058,-73.97843933105469,40.75307083129883,-73.98365783691406,40.72687911987305,866.75,2184,2184,-1.0,-1.0,-1,-1,0.0
16059,-73.98503875732422,40.76372909545898,-73.98135375976562,40.77119827270508,191.48,2184,2184,2204.86,2396.34,20.860000000000127,2.842170943040401e-14,1.0000000000000002
16060,-73.98905944824219,40.74842071533203,-73.99584197998048,40.75933837890625,433.82,2184,2184,-1.0,-1.0,-1,-1,0.0
16061,-74.00787353515625,40.717185974121094,-73.97894287109375,40.754554748535156,1063.68,2184,2184,-1.0,-1.0,-1,-1,0.0
16062,-73.98249053955078,40.76840591430664,-73.98579406738281,40.76134490966797,361.53,2184,2184,-1.0,-1.0,-1,-1,0.0
16063,-73.98728942871094,40.755226135253906,-74.00457763671875,40.748512268066406,471.92,2184,2184,2242.47,2714.39,58.4699999999998,5.684341886080802e-14,1.0000000000000002
16064,-73.96330261230467,40.7777214050293,-73.95307922363281,40.78611373901367,235.33,2184,2184,-1.0,-1.0,-1,-1,0.0
16065,-73.98792266845702,40.75015640258789,-73.97190856933594,40.74476623535156,590.05,2184,2184,-1.0,-1.0,-1,-1,0.0
16066,-73.98881530761719,40.77429580688477,-73.99250030517578,40.7588996887207,427.79,2184,2184,2216.29,2682.37,32.289999999999964,38.28999999999991,1.0895065335795597
16067,-73.99442291259766,40.74102020263672,-73.99342346191406,40.7548713684082,551.28,2185,2185,-1.0,-1.0,-1,-1,0.0
16068,-73.97441864013672,40.76121520996094,-73.98139190673827,40.78037643432617,646.27,2185,2185,-1.0,-1.0,-1,-1,0.0
16069,-73.97028350830078,40.76313781738281,-73.98126220703125,40.73763275146485,671.47,2185,2185,-1.0,-1.0,-1,-1,0.0
16070,-73.94638061523438,40.77294158935547,-74.00028228759766,40.727638244628906,1304.02,2185,2185,2228.92,3532.94,43.92000000000007,0.0,1.0
16071,-73.98074340820312,40.7515983581543,-73.96855926513672,40.76979064941406,531.26,2185,2185,-1.0,-1.0,-1,-1,0.0
16072,-73.99404907226562,40.75102996826172,-73.99101257324219,40.718528747558594,1291.55,2185,2185,-1.0,-1.0,-1,-1,0.0
16073,-73.96807861328125,40.75526809692383,-73.98401641845702,40.75459289550781,570.38,2185,2185,-1.0,-1.0,-1,-1,0.0
16074,-73.98214721679686,40.763031005859375,-73.99607849121094,40.75904846191406,535.09,2185,2185,2230.21,2765.3,45.210000000000036,1.1368683772161603e-13,1.0000000000000002
16075,-73.98634338378906,40.76648330688477,-73.98072052001955,40.74824142456055,800.03,2186,2186,-1.0,-1.0,-1,-1,0.0
16076,-73.97958374023438,40.73643112182617,-73.94298553466798,40.7939682006836,980.26,2186,2186,2213.91,3194.17,27.909999999999854,2.2737367544323206e-13,1.0000000000000002
16077,-73.99358367919923,40.747371673583984,-73.98739624023438,40.73860168457031,321.53,2186,2186,2227.61,2549.14,41.61000000000013,-2.2737367544323206e-13,0.9999999999999993
16078,-73.98162841796875,40.778411865234375,-73.98037719726562,40.785808563232415,200.15,2186,2186,2220.2,2420.35,34.19999999999982,8.526512829121202e-14,1.0000000000000004
16079,-73.98672485351562,40.75111389160156,-73.96792602539062,40.80470657348633,1201.73,2186,2186,-1.0,-1.0,-1,-1,0.0
16080,-73.98219299316406,40.756141662597656,-74.0008087158203,40.73648071289063,638.28,2187,2187,-1.0,-1.0,-1,-1,0.0
16081,-73.99853515625,40.745113372802734,-73.98074340820312,40.77992248535156,748.94,2187,2187,2229.2,2982.71,42.19999999999982,4.570000000000164,1.0061019574331724
16082,-74.0040512084961,40.71315002441406,-73.99130249023438,40.7233772277832,529.92,2187,2187,-1.0,-1.0,-1,-1,0.0
16083,-73.98558807373048,40.780906677246094,-73.95420837402342,40.784088134765625,757.96,2187,2187,-1.0,-1.0,-1,-1,0.0
16084,-73.9698715209961,40.76242065429688,-73.9900665283203,40.718021392822266,1252.33,2187,2187,-1.0,-1.0,-1,-1,0.0
16085,-73.9885482788086,40.77846908569336,-73.98197937011719,40.780460357666016,204.5,2187,2187,-1.0,-1.0,-1,-1,0.0
16086,-73.99810791015625,40.72134780883789,-74.006591796875,40.711204528808594,447.47,2187,2187,-1.0,-1.0,-1,-1,0.0
16087,-73.98284149169923,40.7420310974121,-73.99044036865234,40.719581604003906,657.6,2187,2187,2237.28,2894.88,50.2800000000002,-1.1368683772161603e-13,0.9999999999999998
16088,-73.99382781982422,40.741493225097656,-73.9953384399414,40.76223373413085,604.54,2187,2187,-1.0,-1.0,-1,-1,0.0
16089,-74.01512908935547,40.711334228515625,-73.9758071899414,40.751380920410156,986.54,2187,2187,-1.0,-1.0,-1,-1,0.0
16090,-73.94676971435547,40.776649475097656,-73.96507263183594,40.77531814575195,491.2,2187,2187,2231.37,2762.53,44.36999999999989,39.96000000000032,1.0813517915309452
16091,-73.98604583740234,40.74668502807617,-73.95271301269531,40.78080749511719,1058.05,2187,2187,-1.0,-1.0,-1,-1,0.0
16092,-73.94093322753906,40.81428527832031,-73.95900726318358,40.77582931518555,863.08,2187,2187,2383.71,3246.79,196.71000000000004,-1.1368683772161603e-13,0.9999999999999999
16093,-73.95079040527342,40.7828369140625,-73.9372787475586,40.80435562133789,322.06,2187,2187,2227.41,2549.47,40.409999999999854,-5.684341886080802e-14,0.9999999999999998
16094,-74.00749969482422,40.717788696289055,-74.00147247314453,40.730781555175774,293.45,2188,2188,2201.75,2495.2,13.75,-1.7053025658242404e-13,0.9999999999999994
16095,-73.97147369384766,40.79779052734375,-73.9888916015625,40.7447509765625,1365.08,2188,2188,2218.5,3583.5800000000004,30.5,4.547473508864641e-13,1.0000000000000004
16096,-73.99417877197266,40.725730895996094,-73.98920440673827,40.73046875,207.54,2188,2188,2236.52,2444.06,48.51999999999998,-2.842170943040401e-14,0.9999999999999999
16097,-73.9690170288086,40.76682662963867,-73.9541473388672,40.780609130859375,404.4,2188,2188,2193.12,2681.38,5.119999999999891,83.86000000000024,1.2073689416419393
16098,-73.9710922241211,40.79560089111328,-73.97064208984375,40.78874969482422,198.12,2188,2188,2247.12,2445.24,59.11999999999989,-1.1368683772161603e-13,0.9999999999999994
16099,-73.95589447021484,40.77608108520508,-73.951904296875,40.78633117675781,228.19,2188,2188,-1.0,-1.0,-1,-1,0.0
16100,-74.0024185180664,40.72005081176758,-73.99127197265625,40.75025177001953,816.04,2188,2188,-1.0,-1.0,-1,-1,0.0
16101,-73.97760009765625,40.74943161010742,-73.98555755615234,40.73553085327149,306.58,2188,2188,2218.81,2555.72,30.809999999999945,30.32999999999987,1.0989301324287295
16102,-73.95849609375,40.78145217895508,-73.97868347167969,40.76670455932617,684.59,2188,2188,2311.43,2996.02,123.42999999999984,1.1368683772161603e-13,1.0000000000000002
16103,-73.94989776611328,40.77215576171875,-73.95828247070312,40.778709411621094,368.95,2188,2188,2244.53,2640.31,56.5300000000002,26.829999999999757,1.0727198807426475
16104,-73.96775817871094,40.75606918334961,-73.98680877685547,40.74532699584961,618.49,2188,2188,2241.31,2859.8,53.309999999999945,2.2737367544323206e-13,1.0000000000000004
16105,-73.99382019042969,40.7516975402832,-73.98137664794923,40.77902221679688,661.69,2188,2188,-1.0,-1.0,-1,-1,0.0
16106,-73.96237182617188,40.776329040527344,-73.95532989501955,40.76714324951172,448.4,2189,2189,2279.17,2727.57,90.17000000000007,1.1368683772161603e-13,1.0000000000000002
16107,-73.9955825805664,40.74932861328125,-73.99565124511719,40.716835021972656,1060.76,2189,2189,2344.8,3405.5599999999995,155.80000000000018,-6.821210263296962e-13,0.9999999999999993
16108,-73.98609924316406,40.75259780883789,-73.98823547363281,40.72777557373047,695.36,2189,2189,-1.0,-1.0,-1,-1,0.0
16109,-73.9594497680664,40.78036117553711,-73.95443725585938,40.80048370361328,451.72,2189,2189,-1.0,-1.0,-1,-1,0.0
16110,-73.9654312133789,40.768836975097656,-73.94751739501955,40.7818603515625,441.6,2189,2189,2224.99,2720.14,35.98999999999978,53.55000000000007,1.121263586956522
16111,-73.98567962646483,40.74718856811523,-74.01338195800781,40.714031219482415,939.07,2189,2189,-1.0,-1.0,-1,-1,0.0
16112,-73.95745849609375,40.780052185058594,-73.96708679199219,40.76695251464844,345.96,2189,2189,-1.0,-1.0,-1,-1,0.0
16113,-73.95407104492188,40.78690719604492,-73.9553985595703,40.77774429321289,303.17,2190,2190,2241.83,2545.0,51.82999999999993,5.684341886080802e-14,1.0000000000000002
16114,-74.0118179321289,40.71039581298828,-73.98841094970702,40.75410842895508,1058.98,2190,2190,-1.0,-1.0,-1,-1,0.0
16115,-73.93788146972656,40.7928123474121,-73.9534912109375,40.77605056762695,345.37,2190,2190,-1.0,-1.0,-1,-1,0.0
16116,-73.97783660888672,40.78694915771485,-73.98216247558594,40.77558898925781,248.27,2190,2190,2200.96,2449.23,10.960000000000036,-2.842170943040401e-14,0.9999999999999999
16117,-74.0108871459961,40.709468841552734,-74.00373077392578,40.73691177368164,685.78,2190,2190,-1.0,-1.0,-1,-1,0.0
16118,-73.97367095947266,40.763343811035156,-73.9788360595703,40.76692581176758,225.83,2190,2190,2244.84,2470.67,54.840000000000146,-8.526512829121202e-14,0.9999999999999997
16119,-73.9979019165039,40.74037551879883,-73.98235321044923,40.7708854675293,836.56,2190,2190,2399.83,3236.39,209.82999999999993,0.0,1.0
16120,-74.01543426513672,40.71552658081055,-73.99525451660156,40.73934555053711,656.65,2190,2190,-1.0,-1.0,-1,-1,0.0
16121,-74.00155639648438,40.75075149536133,-73.99333953857422,40.74737548828125,237.58,2190,2190,-1.0,-1.0,-1,-1,0.0
16122,-73.97483825683594,40.74191665649415,-73.99130249023438,40.732421875,474.11,2190,2190,2662.93,3137.04,472.92999999999984,1.1368683772161603e-13,1.0000000000000002
16123,-73.99581146240234,40.76436996459961,-74.00279235839844,40.76057815551758,191.38,2190,2190,2228.25,2419.63,38.25,1.1368683772161603e-13,1.0000000000000007
16124,-73.97358703613281,40.76337814331055,-74.00218200683594,40.73482894897461,887.29,2190,2190,-1.0,-1.0,-1,-1,0.0
16125,-73.99188232421875,40.73518753051758,-73.99352264404298,40.74209976196289,269.26,2191,2191,-1.0,-1.0,-1,-1,0.0
16126,-73.94612884521484,40.77315902709961,-73.9652786254883,40.77230072021485,521.67,2191,2191,-1.0,-1.0,-1,-1,0.0
16127,-73.9919662475586,40.736183166503906,-73.95140838623048,40.78361892700195,1264.68,2191,2191,-1.0,-1.0,-1,-1,0.0
16128,-73.97380065917969,40.73830032348633,-73.99837493896483,40.7641487121582,1232.51,2191,2191,-1.0,-1.0,-1,-1,0.0
16129,-73.98823547363281,40.73183822631836,-73.97383880615234,40.76011657714844,828.28,2192,2192,2293.87,3122.15,101.86999999999989,2.2737367544323206e-13,1.0000000000000002
16130,-73.97531127929686,40.75516891479492,-73.96193695068358,40.7652702331543,534.36,2192,2192,-1.0,-1.0,-1,-1,0.0
16131,-73.98136138916014,40.781341552734375,-73.97103118896483,40.79837036132813,430.46,2192,2192,2232.79,2663.25,40.789999999999964,5.684341886080802e-14,1.0000000000000002
16132,-73.96012115478516,40.762222290039055,-73.98760986328125,40.72122192382813,833.3,2192,2192,2316.82,3150.12,124.82000000000016,-2.2737367544323206e-13,0.9999999999999998
16133,-73.97209930419923,40.76128768920898,-73.95106506347656,40.77569580078125,590.92,2192,2192,-1.0,-1.0,-1,-1,0.0
16134,-73.957275390625,40.77046203613281,-73.99020385742188,40.75660705566406,1142.2,2192,2192,2313.92,3456.12,121.92000000000007,-2.2737367544323206e-13,0.9999999999999998
16135,-73.9846954345703,40.7591209411621,-73.99444580078125,40.76613235473633,399.47,2192,2192,-1.0,-1.0,-1,-1,0.0
16136,-73.97273254394531,40.79335021972656,-73.9618911743164,40.80567169189453,238.13,2192,2192,-1.0,-1.0,-1,-1,0.0
16137,-74.0156021118164,40.711875915527344,-74.00566864013672,40.736572265625,494.34,2193,2193,2250.63,2744.9700000000003,57.63000000000011,1.7053025658242404e-13,1.0000000000000004
16138,-73.96495056152342,40.76168823242188,-73.9720001220703,40.756919860839844,305.16,2193,2193,-1.0,-1.0,-1,-1,0.0
16139,-73.97928619384766,40.76689910888672,-74.00128173828125,40.731048583984375,1027.06,2193,2193,-1.0,-1.0,-1,-1,0.0
16140,-74.00443267822266,40.73794174194336,-73.9710464477539,40.75925827026367,1053.81,2193,2193,2259.75,3362.93,66.75,49.36999999999989,1.0468490524857421
16141,-74.00657653808594,40.73175048828125,-73.98996734619139,40.756919860839844,620.18,2193,2193,2229.17,2849.3500000000004,36.17000000000007,3.410605131648481e-13,1.0000000000000004
16142,-73.98731994628906,40.74205017089844,-73.97884368896483,40.74087905883789,251.18,2193,2193,-1.0,-1.0,-1,-1,0.0
16143,-74.00051116943358,40.73731231689453,-73.99465179443358,40.725887298583984,451.75,2193,2193,2233.34,2685.0899999999997,40.340000000000146,-4.547473508864641e-13,0.999999999999999
16144,-73.9876480102539,40.73830032348633,-73.99859619140625,40.72973251342773,340.63,2194,2194,-1.0,-1.0,-1,-1,0.0
16145,-73.9747314453125,40.76176071166992,-73.97137451171875,40.74457550048828,737.64,2194,2194,2246.14,3048.4500000000003,52.13999999999987,64.67000000000041,1.0876714928691509
16146,-73.951904296875,40.76950454711913,-73.95549774169923,40.777061462402344,267.49,2194,2194,-1.0,-1.0,-1,-1,0.0
16147,-73.97227478027344,40.796688079833984,-73.96638488769531,40.80457305908203,190.0,2194,2194,2301.21,2491.21,107.21000000000004,0.0,1.0
16148,-73.97928619384766,40.747161865234375,-73.97042846679686,40.756324768066406,350.99,2194,2194,-1.0,-1.0,-1,-1,0.0
16149,-73.980712890625,40.76002883911133,-73.97881317138672,40.77735137939453,537.33,2194,2194,2239.4800000000005,2776.8100000000004,45.48000000000047,-1.1368683772161603e-13,0.9999999999999998
16150,-73.9774169921875,40.75512313842773,-73.9822006225586,40.74297332763672,387.04,2194,2194,-1.0,-1.0,-1,-1,0.0
16151,-73.990234375,40.74200439453125,-73.97784423828125,40.75485229492188,427.27,2194,2194,-1.0,-1.0,-1,-1,0.0
16152,-73.99571990966798,40.73876190185547,-73.99141693115234,40.755531311035156,533.96,2195,2195,-1.0,-1.0,-1,-1,0.0
16153,-73.97843170166014,40.76314926147461,-73.95879364013672,40.76720809936523,601.95,2195,2195,-1.0,-1.0,-1,-1,0.0
16154,-73.99634552001955,40.72585678100585,-74.00845336914062,40.74340438842773,515.16,2195,2195,2537.16,3052.3199999999997,342.15999999999985,-1.1368683772161603e-13,0.9999999999999998
16155,-73.97820281982422,40.77780151367188,-73.98298645019531,40.76816177368164,251.37,2195,2195,2232.12,2523.52,37.11999999999989,40.030000000000086,1.1592473246608588
16156,-73.97831726074219,40.7623176574707,-73.98151397705078,40.780174255371094,548.61,2195,2195,-1.0,-1.0,-1,-1,0.0
16157,-73.98899841308595,40.74812698364258,-74.0042266845703,40.74150085449219,447.15,2195,2195,-1.0,-1.0,-1,-1,0.0
16158,-73.9950180053711,40.72766494750977,-73.9817657470703,40.74377059936523,589.21,2195,2195,2249.66,2838.87,54.659999999999854,0.0,1.0
16159,-73.94762420654298,40.78359603881836,-73.96377563476562,40.76785659790039,488.89,2196,2196,2433.55,2922.44,237.55000000000018,-1.1368683772161603e-13,0.9999999999999998
16160,-73.99134826660156,40.7502555847168,-73.95840454101562,40.76219177246094,1087.75,2196,2196,-1.0,-1.0,-1,-1,0.0
16161,-73.97775268554686,40.75857925415039,-73.97682189941406,40.75429153442383,258.92,2196,2196,-1.0,-1.0,-1,-1,0.0
16162,-73.99512481689453,40.7397575378418,-73.99369812011719,40.73260498046875,264.38,2196,2196,-1.0,-1.0,-1,-1,0.0
16163,-73.95536804199219,40.78293991088867,-73.98006439208984,40.75586318969727,855.58,2196,2196,-1.0,-1.0,-1,-1,0.0
16164,-74.01654815673827,40.70950317382813,-73.99285888671875,40.740455627441406,789.82,2196,2196,-1.0,-1.0,-1,-1,0.0
16165,-73.99121856689453,40.7503318786621,-73.97721099853516,40.72639083862305,857.55,2196,2196,-1.0,-1.0,-1,-1,0.0
16166,-73.9929962158203,40.75516128540039,-73.97903442382812,40.75284194946289,375.18,2196,2196,-1.0,-1.0,-1,-1,0.0
16167,-73.95296478271484,40.776363372802734,-73.93255615234375,40.7965087890625,430.06,2197,2197,2234.54,2707.57,37.539999999999964,42.9700000000002,1.0999162907501283
16168,-73.97464752197266,40.76209259033203,-73.97710418701173,40.75682067871094,235.75,2197,2197,-1.0,-1.0,-1,-1,0.0
16169,-73.98992919921875,40.73909378051758,-73.98741912841797,40.720123291015625,744.04,2197,2197,-1.0,-1.0,-1,-1,0.0
16170,-73.9932632446289,40.74739837646485,-73.97810363769531,40.7534408569336,533.21,2197,2197,2231.68,2764.89,34.679999999999836,0.0,1.0
16171,-73.96465301513672,40.761512756347656,-74.00767517089844,40.751766204833984,1300.49,2197,2197,2242.92,3588.1,45.92000000000007,44.68999999999983,1.0343639705034255
16172,-73.95067596435547,40.77055358886719,-74.01014709472656,40.72132110595703,1302.72,2197,2197,2227.42,3530.14,30.420000000000073,-2.2737367544323206e-13,0.9999999999999998
16173,-73.9832305908203,40.7505111694336,-73.98724365234375,40.739105224609375,290.75,2197,2197,2246.46,2537.21,49.460000000000036,0.0,1.0
16174,-73.98291015625,40.7669334411621,-74.00548553466798,40.73942947387695,796.43,2197,2197,-1.0,-1.0,-1,-1,0.0
16175,-73.9902114868164,40.75695419311523,-73.99118041992188,40.75022506713867,331.2,2197,2197,-1.0,-1.0,-1,-1,0.0
16176,-73.99603271484375,40.75928497314453,-73.99530792236328,40.74970626831055,427.24,2197,2197,-1.0,-1.0,-1,-1,0.0
16177,-73.99635314941406,40.75328063964844,-73.98770904541014,40.76390075683594,424.37,2198,2198,-1.0,-1.0,-1,-1,0.0
16178,-73.98223876953125,40.77862930297852,-73.95101928710938,40.77175903320313,768.46,2198,2198,-1.0,-1.0,-1,-1,0.0
16179,-73.99445343017578,40.759254455566406,-73.9923095703125,40.724891662597656,1135.58,2198,2198,2220.0,3391.08,22.0,35.5,1.0312615579703763
16180,-73.98817443847656,40.760101318359375,-73.97648620605469,40.76575469970703,336.07,2198,2198,2229.2599999999998,2565.33,31.259999999999764,1.7053025658242404e-13,1.0000000000000004
16181,-73.95421600341797,40.76417922973633,-73.99998474121094,40.712440490722656,1092.2,2198,2198,-1.0,-1.0,-1,-1,0.0
16182,-73.99127960205078,40.74515914916992,-73.98310089111328,40.75672149658203,328.84,2198,2198,2241.84,2570.68,43.840000000000146,-2.8421709430404007e-13,0.9999999999999991
16183,-73.98432922363281,40.728946685791016,-73.97593688964845,40.73070526123047,241.2,2198,2198,2253.63,2494.83,55.63000000000011,-1.7053025658242404e-13,0.9999999999999993
16184,-73.97022247314453,40.7623291015625,-73.95316314697266,40.7766990661621,505.11,2198,2198,-1.0,-1.0,-1,-1,0.0
16185,-73.96405029296875,40.79262924194336,-73.98069763183594,40.761192321777344,874.29,2198,2198,2291.95,3186.9700000000003,93.94999999999982,20.730000000000473,1.0237106680849608
16186,-74.00228118896483,40.75667190551758,-73.98624420166014,40.7584114074707,522.76,2199,2199,-1.0,-1.0,-1,-1,0.0
16187,-73.96675872802734,40.764137268066406,-73.9521255493164,40.76617813110352,410.62,2199,2199,-1.0,-1.0,-1,-1,0.0
16188,-73.9637451171875,40.77130126953125,-73.98198699951173,40.77507019042969,495.7,2199,2199,2258.25,2753.95,59.25,-1.7053025658242404e-13,0.9999999999999997
16189,-74.00263214111328,40.74966812133789,-73.99549865722656,40.75928115844727,201.24,2199,2199,2239.79,2441.03,40.789999999999964,2.2737367544323206e-13,1.000000000000001
16190,-74.01571655273438,40.71496963500977,-74.001953125,40.74093627929688,552.18,2200,2200,-1.0,-1.0,-1,-1,0.0
16191,-74.00199127197266,40.74555206298828,-74.00556182861328,40.73454666137695,351.78,2200,2200,-1.0,-1.0,-1,-1,0.0
16192,-73.99075317382812,40.7410545349121,-73.9825439453125,40.76572036743164,870.22,2200,2200,-1.0,-1.0,-1,-1,0.0
16193,-73.97077178955078,40.76000213623047,-73.95986938476562,40.769508361816406,329.24,2200,2200,-1.0,-1.0,-1,-1,0.0
16194,-73.95536041259766,40.77928161621094,-73.9620132446289,40.76681137084961,366.07,2200,2200,2273.66,2639.73,73.65999999999985,1.7053025658242404e-13,1.0000000000000004
16195,-73.96559143066406,40.762996673583984,-73.9549102783203,40.77851867675781,279.22,2200,2200,-1.0,-1.0,-1,-1,0.0
16196,-74.00106048583984,40.73688888549805,-73.9794692993164,40.734806060791016,623.92,2200,2200,2231.6299999999997,2855.5499999999997,31.629999999999654,1.1368683772161603e-13,1.0000000000000002
16197,-73.97609710693358,40.74465942382813,-73.9835433959961,40.728248596191406,351.32,2200,2200,2234.0,2585.32,34.0,1.7053025658242404e-13,1.0000000000000004
16198,-73.97837829589844,40.7597770690918,-73.99297332763672,40.75788879394531,537.47,2201,2201,2244.1,2781.5699999999997,43.09999999999991,-2.2737367544323206e-13,0.9999999999999996
16199,-73.99906158447266,40.72638320922852,-73.986328125,40.75191116333008,620.92,2201,2201,-1.0,-1.0,-1,-1,0.0
16200,-73.98075103759766,40.780029296875,-73.95813751220702,40.80550003051758,591.84,2201,2201,-1.0,-1.0,-1,-1,0.0
16201,-73.97531127929686,40.7520866394043,-73.99183654785155,40.7409782409668,444.71,2201,2201,2237.3,2682.0099999999998,36.30000000000018,-3.979039320256561e-13,0.9999999999999991
16202,-73.97575378417969,40.75740051269531,-73.98716735839844,40.7713737487793,638.09,2201,2201,2251.46,2923.67,50.460000000000036,34.120000000000005,1.0534720807409612
16203,-73.97966003417969,40.75919723510742,-73.97895812988281,40.74282455444336,662.49,2202,2202,-1.0,-1.0,-1,-1,0.0
16204,-74.0047607421875,40.74161911010742,-73.9832992553711,40.73493576049805,690.62,2202,2202,-1.0,-1.0,-1,-1,0.0
16205,-73.97703552246094,40.76405334472656,-73.9781265258789,40.7887077331543,674.0,2202,2202,-1.0,-1.0,-1,-1,0.0
16206,-74.0076446533203,40.7408332824707,-73.98621368408203,40.76216125488281,691.0,2202,2202,2220.0,2911.0,18.0,0.0,1.0
16207,-74.00140380859375,40.73119735717773,-74.00526428222656,40.74079895019531,329.62,2202,2202,2430.87,2760.49,228.8699999999999,-1.1368683772161603e-13,0.9999999999999997
16208,-74.01541137695312,40.71445846557617,-73.9720230102539,40.76477432250977,1449.45,2202,2202,-1.0,-1.0,-1,-1,0.0
16209,-73.98371124267578,40.77349090576172,-73.9453582763672,40.77520751953125,960.27,2202,2202,-1.0,-1.0,-1,-1,0.0
16210,-73.96832275390625,40.7551155090332,-73.95335388183594,40.767444610595696,392.23,2202,2202,2250.71,2642.94,48.710000000000036,0.0,1.0
16211,-73.99163055419923,40.72669982910156,-73.99220275878906,40.749168395996094,781.62,2203,2203,2241.24,3073.03,38.23999999999978,50.170000000000414,1.0641872009416347
16212,-73.96304321289062,40.76580429077149,-73.9529800415039,40.769832611083984,308.21,2203,2203,-1.0,-1.0,-1,-1,0.0
16213,-73.98833465576173,40.7436637878418,-74.00117492675781,40.74003601074219,345.24,2203,2203,2236.06,2608.4,33.059999999999945,27.100000000000136,1.0784961186421045
16214,-73.98566436767578,40.75156784057617,-74.0027084350586,40.75618362426758,442.11,2203,2203,2240.53,2682.64,37.5300000000002,-3.410605131648481e-13,0.9999999999999992
16215,-73.95481872558594,40.78736877441406,-73.98135375976562,40.74496841430664,1137.87,2204,2204,2254.12,3391.99,50.11999999999989,0.0,1.0
16216,-73.97343444824219,40.78995132446289,-73.98737335205078,40.77046203613281,517.83,2204,2204,-1.0,-1.0,-1,-1,0.0
16217,-74.00279998779298,40.760566711425774,-74.0030746459961,40.749107360839844,305.53,2204,2204,2276.5,2582.03,72.5,2.2737367544323206e-13,1.0000000000000007
16218,-73.9921875,40.734596252441406,-73.98734283447266,40.726806640625,382.79,2204,2204,-1.0,-1.0,-1,-1,0.0
16219,-73.96714782714845,40.769004821777344,-73.94749450683594,40.771297454833984,509.18,2204,2204,-1.0,-1.0,-1,-1,0.0
16220,-73.97808837890625,40.74195861816406,-73.97669982910156,40.751258850097656,362.97,2205,2205,-1.0,-1.0,-1,-1,0.0
16221,-74.00978088378906,40.705848693847656,-74.00312805175781,40.73487091064453,867.84,2205,2205,2238.38,3106.22,33.38000000000011,-3.410605131648481e-13,0.9999999999999996
16222,-74.00440216064453,40.72459411621094,-73.98890686035155,40.72305679321289,498.79,2205,2205,-1.0,-1.0,-1,-1,0.0
16223,-73.95980072021484,40.77971267700195,-73.97454071044923,40.79352188110352,464.29,2205,2205,2377.88,2842.17,172.8800000000001,-5.684341886080802e-14,0.9999999999999999
16224,-73.99795532226562,40.73377227783203,-73.95304870605469,40.771881103515625,1091.9,2205,2205,-1.0,-1.0,-1,-1,0.0
16225,-73.97223663330078,40.78640747070313,-73.9808578491211,40.778297424316406,223.39,2205,2205,-1.0,-1.0,-1,-1,0.0
16226,-73.9608383178711,40.77999877929688,-73.96975708007811,40.79975891113281,577.13,2205,2205,2245.6,2822.73,40.59999999999991,1.1368683772161603e-13,1.0000000000000002
16227,-73.9742431640625,40.75069046020508,-73.98577880859375,40.75640106201172,495.0,2206,2206,-1.0,-1.0,-1,-1,0.0
16228,-73.9822998046875,40.7691535949707,-73.98889923095702,40.777732849121094,340.21,2206,2206,2333.13,2673.34,127.13000000000011,5.684341886080802e-14,1.0000000000000002
16229,-73.99143981933594,40.75001907348633,-74.00180053710938,40.75577163696289,407.58,2206,2206,-1.0,-1.0,-1,-1,0.0
16230,-73.9984817504883,40.72600555419922,-73.98509979248048,40.724388122558594,402.5,2206,2206,-1.0,-1.0,-1,-1,0.0
16231,-73.98870849609375,40.758731842041016,-73.99169921875,40.72464370727539,1127.82,2207,2207,-1.0,-1.0,-1,-1,0.0
16232,-73.9879379272461,40.73819351196289,-74.00496673583984,40.72976684570313,500.0,2207,2207,2247.58,2809.52,40.57999999999993,61.940000000000055,1.1238800000000002
16233,-73.96770477294923,40.76600646972656,-73.98478698730467,40.75908660888672,672.87,2207,2207,2266.02,2953.18,59.01999999999998,14.28999999999985,1.0212373861221333
16234,-73.95919036865234,40.759441375732415,-73.95623016357422,40.78223037719727,609.21,2207,2207,2335.71,2944.92,128.71000000000004,0.0,1.0
16235,-73.98055267333984,40.76557922363281,-73.98052215576173,40.737789154052734,901.63,2207,2207,2224.39,3138.31,17.389999999999873,12.290000000000077,1.0136308685380921
16236,-73.9796371459961,40.77606964111328,-73.95323944091797,40.77259826660156,690.19,2207,2207,2317.0,3007.19,110.0,0.0,1.0
16237,-73.99922180175781,40.727840423583984,-74.00157165527344,40.74103164672852,432.12,2207,2207,-1.0,-1.0,-1,-1,0.0
16238,-74.01614379882812,40.71487045288085,-73.97501373291014,40.72166061401367,822.99,2207,2207,-1.0,-1.0,-1,-1,0.0
16239,-73.950927734375,40.779056549072266,-73.95489501953125,40.76572036743164,355.41,2207,2207,-1.0,-1.0,-1,-1,0.0
16240,-73.98150634765625,40.7737693786621,-73.98082733154298,40.74229049682617,1112.38,2208,2208,2229.02,3390.88,21.019999999999982,49.48000000000002,1.0444812024667829
16241,-73.98431396484375,40.745960235595696,-73.98649597167969,40.72210693359375,786.3,2208,2208,-1.0,-1.0,-1,-1,0.0
16242,-73.99758911132812,40.72358322143555,-73.99367523193358,40.7575798034668,998.15,2208,2208,-1.0,-1.0,-1,-1,0.0
16243,-74.00949096679686,40.72642517089844,-73.9955825805664,40.74928665161133,529.3,2208,2208,2347.26,2876.56,139.26000000000022,-2.2737367544323206e-13,0.9999999999999996
16244,-73.9563980102539,40.783851623535156,-73.96875762939453,40.80152893066406,541.79,2208,2208,2237.09,2778.88,29.090000000000146,0.0,1.0
16245,-73.97491455078125,40.76500701904297,-74.00235748291014,40.72536849975585,1120.35,2208,2208,-1.0,-1.0,-1,-1,0.0
16246,-73.97850799560547,40.75843048095703,-73.9823226928711,40.771080017089844,517.54,2209,2209,-1.0,-1.0,-1,-1,0.0
16247,-73.97577667236328,40.74917984008789,-73.95460510253906,40.773197174072266,645.21,2209,2209,-1.0,-1.0,-1,-1,0.0
16248,-73.99642181396483,40.753265380859375,-73.99803924560547,40.736141204833984,496.5,2209,2209,-1.0,-1.0,-1,-1,0.0
16249,-73.98830413818358,40.76911163330078,-73.9815444946289,40.78007125854492,236.44,2209,2209,2229.21,2465.65,20.210000000000036,5.684341886080802e-14,1.0000000000000002
16250,-73.98564147949219,40.74675369262695,-73.99488830566406,40.72612380981445,527.8,2209,2209,-1.0,-1.0,-1,-1,0.0
16251,-73.94944763183594,40.79658126831055,-73.9596176147461,40.76763916015625,745.44,2209,2209,2414.13,3159.57,205.1300000000001,0.0,1.0
16252,-73.97956085205078,40.75518035888672,-74.01027679443358,40.71942138671875,1017.49,2209,2209,2250.2799999999997,3267.77,41.279999999999745,2.2737367544323206e-13,1.0000000000000002
16253,-73.97911834716798,40.764442443847656,-73.98284912109375,40.771766662597656,340.23,2209,2209,-1.0,-1.0,-1,-1,0.0
16254,-73.98728942871094,40.76591873168945,-73.97335815429686,40.740394592285156,1174.4,2209,2209,2220.0,3458.74,11.0,64.33999999999969,1.054785422343324
16255,-73.97078704833984,40.78837203979492,-73.9590301513672,40.78047561645508,299.49,2209,2209,-1.0,-1.0,-1,-1,0.0
16256,-73.98505401611328,40.7321662902832,-73.98450469970702,40.724769592285156,237.28,2209,2209,2367.21,2604.4900000000002,158.21000000000004,1.9895196601282805e-13,1.0000000000000009
16257,-74.00444030761719,40.70698547363281,-73.92704772949219,40.86535263061523,2181.2,2209,2209,-1.0,-1.0,-1,-1,0.0
16258,-73.9637222290039,40.76160049438477,-73.9933090209961,40.744941711425774,953.18,2210,2210,2249.29,3218.43,39.289999999999964,15.959999999999923,1.0167439518244192
16259,-73.98470306396483,40.757530212402344,-74.00122833251955,40.742469787597656,528.61,2210,2210,-1.0,-1.0,-1,-1,0.0
16260,-73.989013671875,40.7536506652832,-73.97273254394531,40.76419448852539,554.23,2210,2210,-1.0,-1.0,-1,-1,0.0
16261,-73.99040985107422,40.740482330322266,-73.99930572509766,40.72225570678711,536.26,2210,2210,2231.41,2767.67,21.409999999999854,2.2737367544323206e-13,1.0000000000000004
16262,-73.97212219238281,40.7628288269043,-73.9615478515625,40.77941513061523,392.9,2210,2210,-1.0,-1.0,-1,-1,0.0
16263,-73.98580932617188,40.74335861206055,-73.9913330078125,40.75022888183594,373.41,2210,2210,-1.0,-1.0,-1,-1,0.0
16264,-73.94995880126955,40.77714920043945,-73.95803070068358,40.76116561889648,405.35,2210,2210,-1.0,-1.0,-1,-1,0.0
16265,-73.98717498779298,40.74490356445313,-74.00963592529298,40.716400146484375,753.85,2210,2210,-1.0,-1.0,-1,-1,0.0
16266,-73.97722625732422,40.753578186035156,-73.98313903808595,40.75706100463867,248.09,2210,2210,-1.0,-1.0,-1,-1,0.0
16267,-74.01195526123048,40.70238876342773,-73.98604583740234,40.72685623168945,584.23,2210,2210,2224.66,2808.89,14.659999999999854,0.0,1.0
16268,-73.99661254882812,40.76335906982422,-73.99649810791014,40.74790954589844,453.18,2210,2210,2255.5,2708.6800000000003,45.5,2.8421709430404007e-13,1.0000000000000007
16269,-73.98855590820312,40.74296569824219,-73.98588562011719,40.72262573242188,662.51,2211,2211,2225.96,2888.47,14.960000000000036,-2.2737367544323206e-13,0.9999999999999997
16270,-74.00448608398438,40.73053359985352,-74.00159454345702,40.723716735839844,238.79,2211,2211,2279.09,2517.88,68.09000000000015,-2.842170943040401e-14,0.9999999999999999
16271,-73.94792175292969,40.7708396911621,-73.95256042480467,40.7835807800293,408.95,2211,2211,-1.0,-1.0,-1,-1,0.0
16272,-73.94615173339844,40.80708312988281,-73.95263671875,40.77996063232422,684.91,2211,2211,2596.9900000000002,3281.8999999999996,385.99000000000024,-5.684341886080801e-13,0.9999999999999992
16273,-73.96044921875,40.77893447875977,-73.9813003540039,40.72923278808594,1240.12,2211,2211,2264.17,3504.29,53.17000000000007,0.0,1.0
16274,-73.9703826904297,40.76203918457031,-73.97724914550781,40.79201126098633,914.54,2211,2211,-1.0,-1.0,-1,-1,0.0
16275,-73.94420623779298,40.79507827758789,-73.93470001220702,40.79684829711913,238.5,2211,2211,2234.96,2473.46,23.960000000000036,0.0,1.0
16276,-73.97534942626955,40.75910949707031,-74.00562286376955,40.73757934570313,1027.52,2211,2211,2251.54,3338.9599999999996,40.539999999999964,59.899999999999636,1.0582957022734347
16277,-73.96292877197266,40.7665901184082,-73.95394134521484,40.77885818481445,214.56,2211,2211,2229.0,2443.56,18.0,-5.684341886080802e-14,0.9999999999999998
16278,-73.998779296875,40.74551010131836,-74.00804138183594,40.745361328125,297.46,2212,2212,2231.33,2528.79,19.329999999999927,5.684341886080802e-14,1.0000000000000002
16279,-73.99481964111328,40.740394592285156,-73.9832534790039,40.76620864868164,744.19,2212,2212,-1.0,-1.0,-1,-1,0.0
16280,-73.9825210571289,40.74244689941406,-73.98990631103516,40.7254638671875,414.1,2212,2212,2227.2400000000002,2641.34,15.240000000000236,-1.1368683772161603e-13,0.9999999999999998
16281,-73.994873046875,40.725990295410156,-74.01580047607422,40.715309143066406,778.77,2212,2212,2455.46,3234.23,243.46000000000004,0.0,1.0
16282,-73.97128295898438,40.75542831420898,-73.95764923095702,40.7746467590332,415.15,2212,2212,2250.98,2666.13,38.98000000000002,1.1368683772161603e-13,1.0000000000000002
16283,-73.97284698486328,40.75759887695313,-73.9530029296875,40.78322982788085,663.45,2212,2212,-1.0,-1.0,-1,-1,0.0
16284,-73.98951721191406,40.739349365234375,-73.99052429199219,40.75017547607422,488.0,2212,2212,-1.0,-1.0,-1,-1,0.0
16285,-73.98529052734375,40.74752426147461,-73.9713363647461,40.762657165527344,515.93,2213,2213,-1.0,-1.0,-1,-1,0.0
16286,-73.97657012939453,40.761009216308594,-73.95600891113281,40.78477096557617,577.97,2213,2213,-1.0,-1.0,-1,-1,0.0
16287,-73.95366668701173,40.78615951538085,-73.99244689941406,40.749603271484375,1321.05,2213,2213,2248.41,3600.74,35.409999999999854,31.279999999999973,1.0236781348170017
16288,-74.00533294677734,40.70893096923828,-73.98480224609375,40.73970413208008,888.89,2213,2213,-1.0,-1.0,-1,-1,0.0
16289,-73.99421691894531,40.75100326538085,-73.95572662353516,40.77944564819336,1156.33,2213,2213,-1.0,-1.0,-1,-1,0.0
16290,-73.96613311767578,40.75820541381836,-73.98047637939453,40.75592041015625,544.74,2213,2213,2227.69,2772.43,14.690000000000055,-2.2737367544323206e-13,0.9999999999999996
16291,-73.97838592529298,40.78585433959961,-73.96952056884766,40.791221618652344,241.66,2213,2213,-1.0,-1.0,-1,-1,0.0
16292,-73.9547348022461,40.76732635498047,-73.94970703125,40.7779426574707,216.3,2214,2214,2244.34,2460.64,30.340000000000146,-2.8421709430404007e-13,0.9999999999999987
16293,-73.99354553222656,40.75559616088867,-73.97257995605469,40.74988555908203,685.99,2214,2214,-1.0,-1.0,-1,-1,0.0
16294,-73.96308135986328,40.76921844482422,-73.95088958740234,40.777610778808594,293.23,2214,2214,-1.0,-1.0,-1,-1,0.0
16295,-73.9879379272461,40.75958633422852,-73.98211669921875,40.77819442749024,452.04,2214,2214,2265.12,2719.64,51.11999999999989,2.4799999999999613,1.0054862401557383
16296,-73.98744201660156,40.76049041748047,-73.98748016357422,40.768699645996094,267.3,2214,2214,2256.1,2523.4,42.09999999999991,1.7053025658242404e-13,1.0000000000000007
16297,-73.98355102539062,40.73737335205078,-73.99115753173827,40.74916458129883,572.07,2215,2215,-1.0,-1.0,-1,-1,0.0
16298,-74.01604461669923,40.71506881713867,-74.00729370117188,40.70378112792969,348.29,2215,2215,-1.0,-1.0,-1,-1,0.0
16299,-73.99124908447266,40.750221252441406,-73.96798706054686,40.7524528503418,810.32,2215,2215,2241.61,3061.3399999999997,26.610000000000127,9.409999999999513,1.0116126962187773
16300,-73.9781951904297,40.76653289794922,-73.98634338378906,40.7304801940918,1087.45,2215,2215,2220.91,3373.8999999999996,5.9099999999998545,65.53999999999974,1.0602694376752952
16301,-73.97821807861328,40.745689392089844,-73.98583221435547,40.755958557128906,542.5,2215,2215,-1.0,-1.0,-1,-1,0.0
16302,-73.97618103027344,40.76573181152344,-73.98152160644531,40.78010940551758,450.19,2215,2215,2234.85,2685.04,19.84999999999991,5.684341886080802e-14,1.0000000000000002
16303,-73.97257232666014,40.75322723388672,-73.97951507568358,40.77526092529297,826.37,2216,2216,-1.0,-1.0,-1,-1,0.0
16304,-73.95194244384766,40.78176879882813,-73.98088073730467,40.780860900878906,707.59,2216,2216,2237.52,3018.59,21.519999999999982,73.48000000000013,1.1038454472222616
16305,-73.9729995727539,40.792884826660156,-73.93817901611328,40.8485107421875,756.7,2216,2216,-1.0,-1.0,-1,-1,0.0
16306,-74.00061798095702,40.73226165771485,-73.99173736572266,40.731781005859375,255.0,2216,2216,-1.0,-1.0,-1,-1,0.0
16307,-73.98725891113281,40.75627899169922,-73.9517822265625,40.78179931640625,1041.15,2217,2217,2234.5,3347.2400000000002,17.5,71.59000000000015,1.0687605052105846
16308,-73.97462463378906,40.74718475341797,-73.98319244384766,40.75751876831055,655.94,2217,2217,-1.0,-1.0,-1,-1,0.0
16309,-73.95230865478516,40.811279296875,-73.94954681396483,40.80516815185547,198.52,2217,2217,2312.92,2511.44,95.92000000000007,-2.842170943040401e-14,0.9999999999999999
16310,-73.98075866699219,40.78506851196289,-73.95346069335938,40.78522109985352,617.46,2217,2217,2255.98,2947.3799999999997,38.98000000000002,73.9399999999996,1.1197486476856795
16311,-73.99417114257811,40.74132537841797,-74.00349426269531,40.74916076660156,356.34,2218,2218,-1.0,-1.0,-1,-1,0.0
16312,-74.00733184814453,40.70988845825195,-74.01165008544923,40.72198867797852,423.4,2218,2218,-1.0,-1.0,-1,-1,0.0
16313,-73.98841094970702,40.749019622802734,-73.97956085205078,40.75997543334961,297.01,2218,2218,2272.5,2569.5099999999998,54.5,-2.2737367544323206e-13,0.9999999999999992
16314,-73.98175048828125,40.74627685546875,-74.01234436035155,40.71892547607422,1015.11,2218,2218,-1.0,-1.0,-1,-1,0.0
16315,-74.0006332397461,40.74238204956055,-73.99520111083984,40.76021957397461,427.94,2218,2218,2238.92,2666.86,20.920000000000073,5.684341886080802e-14,1.0000000000000002
16316,-73.97284698486328,40.7540397644043,-74.00511932373048,40.74138259887695,984.04,2218,2218,-1.0,-1.0,-1,-1,0.0
16317,-73.99425506591797,40.75094223022461,-73.98193359375,40.76536178588867,455.85,2218,2218,-1.0,-1.0,-1,-1,0.0
16318,-73.95206451416014,40.803123474121094,-73.9519271850586,40.81057357788085,183.42,2219,2219,2287.04,2470.46,68.03999999999996,8.526512829121202e-14,1.0000000000000004
16319,-73.99851989746094,40.76057815551758,-73.99555969238281,40.74492645263672,452.44,2219,2219,2248.41,2700.85,29.409999999999854,5.684341886080802e-14,1.0000000000000002
16320,-73.97855377197266,40.73678970336913,-73.96720886230467,40.75212860107422,277.72,2219,2219,2223.83,2501.55,4.829999999999927,2.2737367544323206e-13,1.0000000000000009
16321,-73.97100067138672,40.788028717041016,-73.96262359619139,40.794960021972656,232.87,2219,2219,-1.0,-1.0,-1,-1,0.0
16322,-73.98233032226562,40.75675964355469,-73.99147033691406,40.7501106262207,369.79,2219,2219,-1.0,-1.0,-1,-1,0.0
16323,-73.97567749023438,40.7654685974121,-73.9971923828125,40.74074935913085,821.94,2219,2219,2265.8599999999997,3087.7999999999997,46.85999999999967,0.0,1.0
16324,-73.98583984375,40.75270080566406,-73.9931640625,40.74404525756836,364.42,2220,2220,-1.0,-1.0,-1,-1,0.0
16325,-73.96430969238281,40.77630615234375,-73.97756195068358,40.75828552246094,527.97,2220,2220,-1.0,-1.0,-1,-1,0.0
16326,-73.99767303466798,40.72312927246094,-73.98787689208984,40.75938034057617,1128.04,2220,2220,-1.0,-1.0,-1,-1,0.0
16327,-73.98110961914062,40.760009765625,-73.98290252685547,40.77180099487305,413.12,2220,2220,-1.0,-1.0,-1,-1,0.0
16328,-73.9642333984375,40.77330017089844,-73.97315216064453,40.78438949584961,331.83,2220,2220,2305.08,2636.91,85.07999999999993,-5.684341886080802e-14,0.9999999999999998
16329,-73.95384979248048,40.77860641479492,-73.97023010253906,40.78409957885742,364.91,2220,2220,2230.92,2595.83,10.920000000000073,-1.7053025658242404e-13,0.9999999999999996
16330,-73.99407196044923,40.75132751464844,-74.0179672241211,40.70942687988281,990.99,2220,2220,-1.0,-1.0,-1,-1,0.0
16331,-73.9918441772461,40.73862075805664,-74.0091323852539,40.738197326660156,495.38,2221,2221,-1.0,-1.0,-1,-1,0.0
16332,-73.98100280761719,40.744388580322266,-74.00740814208984,40.74116516113281,769.26,2221,2221,2250.21,3019.4700000000003,29.210000000000036,2.2737367544323206e-13,1.0000000000000002
16333,-73.96192932128906,40.76388549804688,-73.99459838867188,40.74376678466797,1037.21,2221,2221,-1.0,-1.0,-1,-1,0.0
16334,-73.98703002929686,40.74055099487305,-73.98905181884766,40.722969055175774,550.93,2222,2222,2271.77,2875.4,49.76999999999998,52.70000000000016,1.095656435481822
16335,-73.94567108154298,40.77379989624024,-73.96231079101562,40.77936935424805,486.99,2222,2222,2300.33,2787.32,78.32999999999993,2.2737367544323206e-13,1.0000000000000004
16336,-73.9701614379883,40.79963302612305,-73.98052215576173,40.78145980834961,381.06,2222,2222,2260.75,2641.81,38.75,-5.684341886080802e-14,0.9999999999999999
16337,-73.9905014038086,40.75649642944336,-73.97787475585938,40.75381851196289,456.33,2222,2222,2404.72,2861.05,182.7199999999998,3.979039320256561e-13,1.0000000000000009
16338,-73.95515441894531,40.78004837036133,-73.9349365234375,40.79831314086913,467.75,2222,2222,2269.02,2736.77,47.01999999999998,0.0,1.0
16339,-73.97042083740234,40.7594108581543,-74.0169219970703,40.70497131347656,1183.83,2223,2223,-1.0,-1.0,-1,-1,0.0
16340,-73.98312377929686,40.75457000732422,-73.97675323486328,40.76490020751953,283.26,2223,2223,-1.0,-1.0,-1,-1,0.0
16341,-73.96575164794923,40.768741607666016,-73.97640228271484,40.790870666503906,700.0,2223,2223,-1.0,-1.0,-1,-1,0.0
16342,-74.0030517578125,40.7441635131836,-73.98028564453125,40.78562545776367,848.65,2224,2224,-1.0,-1.0,-1,-1,0.0
16343,-74.00260162353516,40.7501335144043,-73.96831512451173,40.76553726196289,931.95,2224,2224,2250.54,3236.5299999999997,26.539999999999964,54.039999999999736,1.0579859434519017
16344,-73.99620819091797,40.74037551879883,-73.9994125366211,40.73100662231445,345.5,2224,2224,-1.0,-1.0,-1,-1,0.0
16345,-73.97586059570312,40.74894714355469,-73.94609069824219,40.78146362304688,727.66,2224,2224,-1.0,-1.0,-1,-1,0.0
16346,-73.99143981933594,40.744895935058594,-73.98770904541014,40.75059509277344,186.41,2224,2224,2296.46,2482.87,72.46000000000004,-1.4210854715202004e-13,0.9999999999999992
16347,-73.98279571533203,40.76180648803711,-73.98733520507811,40.77092742919922,364.12,2224,2224,-1.0,-1.0,-1,-1,0.0
16348,-74.0056381225586,40.75088119506836,-73.98351287841797,40.72835159301758,891.01,2224,2224,2323.17,3214.18,99.17000000000007,-2.2737367544323206e-13,0.9999999999999998
16349,-73.95520782470702,40.78882598876953,-73.9796142578125,40.78364562988281,519.29,2225,2225,2299.79,2819.08,74.78999999999996,0.0,1.0
16350,-73.98193359375,40.77837371826172,-73.96340179443358,40.79440689086913,402.21,2225,2225,2356.0,2758.21,131.0,5.684341886080802e-14,1.0000000000000002
16351,-74.00695037841797,40.728702545166016,-74.0038833618164,40.74288940429688,323.62,2225,2225,-1.0,-1.0,-1,-1,0.0
16352,-73.99723815917969,40.746978759765625,-73.98108673095702,40.733978271484375,623.6,2225,2225,-1.0,-1.0,-1,-1,0.0
16353,-74.0069351196289,40.71186065673828,-73.99933624267578,40.72005081176758,498.86,2225,2225,2410.53,2909.39,185.5300000000002,-3.410605131648481e-13,0.9999999999999993
16354,-73.999267578125,40.733978271484375,-73.97071075439453,40.78921127319336,1279.46,2225,2225,2284.42,3563.88,59.42000000000007,0.0,1.0
16355,-73.99736785888672,40.72896194458008,-74.00750732421875,40.74093627929688,555.2,2226,2226,-1.0,-1.0,-1,-1,0.0
16356,-73.9944076538086,40.75061798095703,-74.00532531738281,40.72321319580078,794.08,2226,2226,-1.0,-1.0,-1,-1,0.0
16357,-73.9851303100586,40.74224090576172,-73.97891235351562,40.750652313232415,248.33,2226,2226,-1.0,-1.0,-1,-1,0.0
16358,-74.0012969970703,40.72416687011719,-73.97402954101562,40.75561141967773,1040.86,2226,2226,-1.0,-1.0,-1,-1,0.0
16359,-74.00326538085938,40.73297119140625,-73.99761199951173,40.72593307495117,323.13,2226,2226,2258.29,2581.42,32.289999999999964,1.1368683772161603e-13,1.0000000000000004
16360,-73.95616149902342,40.775550842285156,-73.97557830810547,40.760345458984375,694.71,2226,2226,2269.4,2964.11,43.40000000000009,0.0,1.0
16361,-73.98731231689453,40.739013671875,-73.96173095703125,40.7768783569336,968.48,2227,2227,-1.0,-1.0,-1,-1,0.0
16362,-73.9950942993164,40.75518035888672,-73.99143981933594,40.76123809814453,360.67,2227,2227,-1.0,-1.0,-1,-1,0.0
16363,-73.98878479003906,40.74858856201172,-73.97667694091797,40.7513427734375,422.75,2227,2227,2267.64,2690.39,40.63999999999987,0.0,1.0
16364,-73.99337768554686,40.73637008666992,-73.99894714355469,40.74974060058594,497.5,2227,2227,-1.0,-1.0,-1,-1,0.0
16365,-73.97254180908203,40.7563591003418,-73.98973846435547,40.73907852172852,602.7,2227,2227,-1.0,-1.0,-1,-1,0.0
16366,-74.00701141357422,40.74334716796875,-74.00711059570312,40.717567443847656,641.32,2228,2228,2418.43,3059.75,190.42999999999984,1.1368683772161603e-13,1.0000000000000002
16367,-73.9983139038086,40.74547576904297,-73.94441986083984,40.838775634765625,1385.91,2228,2228,-1.0,-1.0,-1,-1,0.0
16368,-73.98705291748048,40.75104904174805,-73.97124481201173,40.76409912109375,527.14,2228,2228,2269.42,2829.43,41.42000000000007,32.86999999999978,1.06235535151952
16369,-74.00371551513672,40.74746322631836,-73.99195861816406,40.72585678100585,829.38,2228,2228,2435.28,3264.66,207.2800000000002,-3.410605131648481e-13,0.9999999999999996
16370,-73.9905548095703,40.73986053466797,-74.00650787353516,40.719825744628906,592.4,2228,2228,2264.68,2874.4700000000003,36.679999999999836,17.39000000000044,1.0293551654287652
16371,-73.98783111572266,40.75428009033203,-73.99528503417969,40.72155380249024,1014.96,2229,2229,2258.11,3298.1,29.110000000000127,25.029999999999745,1.02466107038701
16372,-73.98444366455078,40.769630432128906,-73.99105072021484,40.756019592285156,474.69,2229,2229,2323.91,2798.6,94.90999999999985,5.684341886080802e-14,1.0000000000000002
16373,-73.9814453125,40.7503318786621,-73.96663665771484,40.76011276245117,469.33,2229,2229,2274.65,2769.53,45.65000000000009,25.550000000000125,1.054439307097352
16374,-73.99413299560547,40.75115585327149,-74.00003814697266,40.75852584838867,251.7,2229,2229,-1.0,-1.0,-1,-1,0.0
16375,-73.96965026855469,40.797645568847656,-73.94390869140625,40.80127334594727,636.05,2229,2229,2274.63,2910.6799999999994,45.63000000000011,-6.821210263296962e-13,0.9999999999999989
16376,-73.9817123413086,40.76729202270508,-73.97648620605469,40.75970458984375,358.16,2229,2229,-1.0,-1.0,-1,-1,0.0
16377,-73.97938537597656,40.764556884765625,-73.96542358398438,40.76683044433594,575.29,2229,2229,-1.0,-1.0,-1,-1,0.0
16378,-73.98384857177734,40.74375915527344,-74.00138854980467,40.71979904174805,627.1,2230,2230,-1.0,-1.0,-1,-1,0.0
16379,-73.96109008789062,40.75680541992188,-73.971435546875,40.7446174621582,359.72,2230,2230,-1.0,-1.0,-1,-1,0.0
16380,-73.99840545654298,40.7459831237793,-73.98258972167969,40.73053359985352,671.27,2230,2230,-1.0,-1.0,-1,-1,0.0
16381,-73.98699951171875,40.73926162719727,-73.9546890258789,40.7739486694336,943.48,2230,2230,-1.0,-1.0,-1,-1,0.0
16382,-73.95487213134766,40.77346420288085,-73.96914672851562,40.75754928588867,568.39,2230,2230,2335.08,2903.47,105.07999999999993,-1.1368683772161603e-13,0.9999999999999998
16383,-73.9838638305664,40.76524353027344,-73.99469757080078,40.76573181152344,292.0,2230,2230,-1.0,-1.0,-1,-1,0.0
16384,-73.98001861572266,40.746578216552734,-74.0064926147461,40.74389266967773,741.99,2230,2230,2277.03,3063.45,47.0300000000002,44.42999999999961,1.059879513200986
16385,-74.00589752197266,40.70630645751953,-73.98390960693358,40.73101806640625,538.95,2230,2230,-1.0,-1.0,-1,-1,0.0
16386,-73.97171020507811,40.7607421875,-73.95001220703125,40.78424835205078,616.33,2230,2230,-1.0,-1.0,-1,-1,0.0
16387,-73.9914779663086,40.76450729370117,-73.98146057128906,40.75946807861328,428.78,2231,2231,-1.0,-1.0,-1,-1,0.0
16388,-73.9876480102539,40.770545959472656,-73.97876739501955,40.782562255859375,233.99,2231,2231,2258.83,2492.82,27.829999999999927,2.2737367544323206e-13,1.0000000000000009
16389,-73.94622802734375,40.78554153442383,-73.96764373779298,40.792877197265625,503.92,2231,2231,2386.66,2890.58,155.65999999999985,5.684341886080802e-14,1.0000000000000002
16390,-73.9806900024414,40.73405838012695,-73.97383880615234,40.761436462402344,766.67,2231,2231,2440.12,3206.79,209.1199999999999,1.1368683772161603e-13,1.0000000000000002
16391,-73.98155975341797,40.76774978637695,-73.99094390869139,40.75048828125,593.48,2231,2231,2275.75,2869.23,44.75,0.0,1.0
16392,-73.98782348632812,40.738105773925774,-74.00071716308595,40.72611618041992,420.47,2231,2231,2352.0,2772.47,121.0,-2.2737367544323206e-13,0.9999999999999994
16393,-73.9850311279297,40.7451400756836,-73.9527587890625,40.77214813232422,868.11,2231,2231,2278.8700000000003,3150.85,47.870000000000346,3.86999999999955,1.0044579603967234
16394,-73.95402526855469,40.784446716308594,-73.96072387695312,40.77560043334961,198.29,2231,2231,2276.95,2475.24,45.94999999999982,-2.842170943040401e-14,0.9999999999999999
16395,-73.97470092773438,40.74211502075195,-74.00819396972656,40.73723983764648,973.15,2231,2231,2535.52,3508.6699999999996,304.52,-3.410605131648481e-13,0.9999999999999997
16396,-73.99313354492188,40.73659896850585,-73.9866714477539,40.72652816772461,430.33,2231,2231,2263.89,2694.22,32.88999999999987,-5.684341886080802e-14,0.9999999999999999
16397,-73.9544448852539,40.766395568847656,-73.9867630004883,40.726654052734375,861.94,2231,2231,-1.0,-1.0,-1,-1,0.0
16398,-73.97581481933594,40.75574111938477,-73.9865493774414,40.75046157836913,394.42,2231,2231,-1.0,-1.0,-1,-1,0.0
16399,-73.98986053466798,40.746986389160156,-73.98087310791014,40.750396728515625,300.29,2231,2231,2270.33,2570.62,39.32999999999993,-5.684341886080802e-14,0.9999999999999998
16400,-74.0066680908203,40.73149871826172,-73.97872161865234,40.7532615661621,863.53,2232,2232,-1.0,-1.0,-1,-1,0.0
16401,-73.98749542236328,40.72173309326172,-73.99662780761719,40.73310089111328,565.99,2232,2232,2250.0,2815.99,18.0,-2.2737367544323206e-13,0.9999999999999996
16402,-73.97518920898438,40.75252151489258,-73.97377014160156,40.78302383422852,940.7,2232,2232,-1.0,-1.0,-1,-1,0.0
16403,-73.97351837158203,40.75938415527344,-73.98359680175781,40.73818588256836,655.58,2232,2232,-1.0,-1.0,-1,-1,0.0
16404,-73.9498291015625,40.768550872802734,-73.95127868652342,40.7734489440918,224.96,2232,2232,2264.72,2489.68,32.7199999999998,2.842170943040401e-14,1.0000000000000002
16405,-73.99665069580078,40.76345443725585,-73.99183654785155,40.74977111816406,559.03,2232,2232,2284.0099999999998,2843.04,52.00999999999976,2.2737367544323206e-13,1.0000000000000004
16406,-73.98075866699219,40.76495742797852,-73.96867370605469,40.7585334777832,478.54,2233,2233,-1.0,-1.0,-1,-1,0.0
16407,-74.00318145751955,40.70616912841797,-73.9856719970703,40.72700119018555,471.24,2233,2233,-1.0,-1.0,-1,-1,0.0
16408,-74.00090789794923,40.731849670410156,-74.0064926147461,40.737319946289055,361.15,2233,2233,2331.34,2692.49,98.34000000000015,-3.410605131648481e-13,0.999999999999999
16409,-73.97042846679686,40.7620506286621,-73.9842529296875,40.74014663696289,575.34,2233,2233,-1.0,-1.0,-1,-1,0.0
16410,-73.96125030517578,40.76079177856445,-73.94979858398438,40.77873992919922,353.94,2233,2233,2277.39,2631.33,44.38999999999987,5.684341886080802e-14,1.0000000000000002
16411,-73.95677947998048,40.77148818969727,-73.96475219726562,40.760231018066406,354.51,2233,2233,2313.75,2668.2599999999998,80.75,-2.2737367544323206e-13,0.9999999999999993
16412,-73.95564270019531,40.77972412109375,-73.98356628417969,40.74406814575195,982.08,2233,2233,2357.86,3339.94,124.86000000000013,-1.1368683772161603e-13,0.9999999999999999
16413,-74.00428771972656,40.719947814941406,-73.98906707763672,40.74831771850585,663.04,2233,2233,-1.0,-1.0,-1,-1,0.0
16414,-73.98014831542969,40.75217056274415,-73.96517181396483,40.75521087646485,443.6,2233,2233,-1.0,-1.0,-1,-1,0.0
16415,-73.99385070800781,40.73205184936523,-73.98757934570312,40.744930267333984,533.71,2234,2234,-1.0,-1.0,-1,-1,0.0
16416,-73.95508575439453,40.77315902709961,-73.97673797607422,40.7752685546875,550.21,2234,2234,2384.12,2934.33,150.1199999999999,0.0,1.0
16417,-73.96701049804686,40.76665878295898,-73.96717834472656,40.7881088256836,566.47,2234,2234,-1.0,-1.0,-1,-1,0.0
16418,-73.9912109375,40.74966049194336,-74.00900268554686,40.71105194091797,892.83,2234,2234,2293.28,3186.11,59.2800000000002,-1.1368683772161603e-13,0.9999999999999999
16419,-73.97480773925781,40.75712203979492,-73.96681213378906,40.77239608764648,463.31,2234,2234,-1.0,-1.0,-1,-1,0.0
16420,-73.98114776611328,40.76909255981445,-73.9803009033203,40.766029357910156,260.23,2234,2234,-1.0,-1.0,-1,-1,0.0
16421,-73.95641326904298,40.76744842529297,-73.98023986816406,40.754486083984375,891.84,2234,2234,2254.72,3225.7000000000003,20.7199999999998,79.14000000000044,1.0887378902045215
16422,-74.00996398925781,40.712715148925774,-73.99665069580078,40.73769760131836,469.57,2234,2234,2290.46,2760.03,56.460000000000036,1.7053025658242404e-13,1.0000000000000004
16423,-73.99388885498048,40.741371154785156,-74.00739288330078,40.70537567138672,1040.31,2234,2234,2255.66,3332.84,21.659999999999854,36.870000000000346,1.035441358825735
16424,-74.01625061035155,40.71505355834961,-73.99034881591797,40.77180099487305,1006.39,2234,2234,-1.0,-1.0,-1,-1,0.0
16425,-73.99881744384766,40.72820281982422,-73.98148345947266,40.76280212402344,1035.09,2234,2234,-1.0,-1.0,-1,-1,0.0
16426,-74.00322723388672,40.733001708984375,-73.97940063476562,40.74134063720703,756.74,2234,2234,2299.38,3056.12,65.38000000000011,-2.2737367544323206e-13,0.9999999999999997
16427,-74.0003204345703,40.717639923095696,-73.98657989501955,40.7158432006836,530.87,2235,2235,-1.0,-1.0,-1,-1,0.0
16428,-73.98062133789062,40.7701301574707,-73.97501373291014,40.79022216796875,473.71,2235,2235,2286.55,2760.26,51.55000000000018,5.684341886080802e-14,1.0000000000000002
16429,-73.98650360107422,40.729591369628906,-73.99806976318358,40.735450744628906,389.13,2235,2235,2369.75,2758.88,134.75,1.1368683772161603e-13,1.0000000000000002
16430,-73.99755859375,40.76527404785156,-73.9878921508789,40.75633239746094,540.47,2235,2235,-1.0,-1.0,-1,-1,0.0
16431,-74.00711059570312,40.7296142578125,-73.98543548583984,40.75738143920898,807.35,2235,2235,-1.0,-1.0,-1,-1,0.0
16432,-73.97611236572266,40.75058364868164,-73.9625244140625,40.75912857055664,387.65,2235,2235,2288.48,2676.13,53.48000000000002,1.1368683772161603e-13,1.0000000000000002
16433,-73.96009826660156,40.76861572265625,-73.98747253417969,40.76863098144531,760.61,2235,2235,-1.0,-1.0,-1,-1,0.0
16434,-73.97799682617188,40.74580764770508,-73.97039794921875,40.753997802734375,299.62,2235,2235,-1.0,-1.0,-1,-1,0.0
16435,-73.97280883789062,40.75606155395508,-73.9945755004883,40.75018310546875,785.07,2235,2235,2276.9900000000002,3105.85,41.99000000000024,43.78999999999962,1.0557784656145308
16436,-74.01310729980467,40.70646286010742,-73.99102783203125,40.726070404052734,735.32,2235,2235,-1.0,-1.0,-1,-1,0.0
16437,-73.9726333618164,40.7586784362793,-73.95700073242188,40.78189086914063,581.28,2235,2235,2273.48,2892.59,38.48000000000002,37.830000000000155,1.0650805119735758
16438,-73.98621368408203,40.74657440185547,-73.98601531982422,40.73476028442383,382.55,2235,2235,-1.0,-1.0,-1,-1,0.0
16439,-73.96649932861328,40.77337646484375,-73.98939514160156,40.75286865234375,856.11,2235,2235,2268.2799999999997,3172.54,33.279999999999745,48.150000000000205,1.056242772540912
16440,-73.97380065917969,40.7945671081543,-73.96585845947266,40.795570373535156,217.17,2236,2236,2566.02,2783.19,330.02,8.526512829121202e-14,1.0000000000000004
16441,-73.97852325439453,40.7451057434082,-73.9732666015625,40.76093292236328,544.17,2236,2236,-1.0,-1.0,-1,-1,0.0
16442,-73.98158264160156,40.74682235717773,-73.98338317871094,40.73009872436523,486.86,2236,2236,-1.0,-1.0,-1,-1,0.0
16443,-73.97728729248048,40.772499084472656,-73.9745864868164,40.76504898071289,330.45,2236,2236,-1.0,-1.0,-1,-1,0.0
16444,-74.0054702758789,40.73938369750977,-74.0025405883789,40.73420715332031,222.63,2236,2236,-1.0,-1.0,-1,-1,0.0
16445,-73.96029663085938,40.7705192565918,-73.97638702392578,40.75875854492188,621.11,2236,2236,-1.0,-1.0,-1,-1,0.0
16446,-73.96559143066406,40.76203918457031,-73.97998046875,40.780757904052734,722.74,2236,2236,-1.0,-1.0,-1,-1,0.0
16447,-73.98043060302734,40.74586868286133,-73.98245239257811,40.761810302734375,665.92,2236,2236,-1.0,-1.0,-1,-1,0.0
16448,-73.97191619873048,40.76285171508789,-73.98246002197266,40.77452850341797,464.38,2236,2236,-1.0,-1.0,-1,-1,0.0
16449,-73.99054718017578,40.740318298339844,-73.96681976318358,40.76153564453125,856.16,2236,2236,-1.0,-1.0,-1,-1,0.0
16450,-73.97350311279298,40.7549934387207,-73.98756408691406,40.75457763671875,529.18,2237,2237,2250.0,2779.18,13.0,-1.1368683772161603e-13,0.9999999999999998
16451,-73.97779083251955,40.750991821289055,-74.01455688476562,40.71767044067383,1190.5,2237,2237,-1.0,-1.0,-1,-1,0.0
16452,-73.98036193847656,40.770179748535156,-73.96900177001955,40.76472091674805,427.61,2237,2237,-1.0,-1.0,-1,-1,0.0
16453,-73.9559097290039,40.784934997558594,-73.95630645751955,40.80574035644531,510.47,2237,2237,-1.0,-1.0,-1,-1,0.0
16454,-74.00714111328125,40.743839263916016,-73.99880981445312,40.761077880859375,370.74,2237,2237,2273.13,2643.87,36.13000000000011,-2.2737367544323206e-13,0.9999999999999993
16455,-73.97978973388672,40.75973129272461,-74.00308990478516,40.70769500732422,1419.34,2237,2237,-1.0,-1.0,-1,-1,0.0
16456,-73.99752807617188,40.72581100463867,-73.99212646484375,40.755619049072266,830.44,2237,2237,-1.0,-1.0,-1,-1,0.0
16457,-73.99423217773438,40.77005386352539,-73.95136260986328,40.77867889404297,966.4,2237,2237,2363.0,3329.3999999999996,126.0,-3.410605131648481e-13,0.9999999999999997
16458,-73.95533752441406,40.77772521972656,-74.00182342529298,40.73615646362305,1510.53,2237,2237,2287.05,3801.8599999999997,50.05000000000018,4.279999999999518,1.002833442566516
16459,-73.98681640625,40.729881286621094,-73.99365234375,40.72261428833008,331.63,2237,2237,2529.24,2860.87,292.2399999999998,1.1368683772161603e-13,1.0000000000000004
16460,-73.9984130859375,40.74045181274415,-74.0016098022461,40.72616958618164,427.67,2237,2237,-1.0,-1.0,-1,-1,0.0
16461,-73.9517822265625,40.78208923339844,-73.93875885009766,40.79738998413085,250.05,2237,2237,2257.92,2507.9700000000003,20.920000000000073,1.7053025658242404e-13,1.0000000000000007
16462,-73.98235321044923,40.76790237426758,-73.96837615966798,40.7906608581543,560.5,2237,2237,2291.87,2852.37,54.86999999999989,0.0,1.0
16463,-73.9903793334961,40.73460006713867,-73.99237060546875,40.749488830566406,582.3,2237,2237,-1.0,-1.0,-1,-1,0.0
16464,-73.97907257080078,40.78958511352539,-74.01322174072266,40.71749877929688,1270.96,2237,2237,-1.0,-1.0,-1,-1,0.0
16465,-73.98626708984375,40.742713928222656,-73.97795104980467,40.75385284423828,300.86,2238,2238,-1.0,-1.0,-1,-1,0.0
16466,-73.95381164550781,40.7666130065918,-73.96430969238281,40.773521423339844,383.59,2238,2238,2317.88,2711.4,79.88000000000011,9.930000000000007,1.0258870147814072
16467,-73.9783477783203,40.76298141479492,-74.0049819946289,40.746448516845696,892.13,2238,2238,-1.0,-1.0,-1,-1,0.0
16468,-73.98302459716798,40.74196243286133,-73.98049163818358,40.73409652709961,257.66,2238,2238,2283.2800000000007,2540.9400000000005,45.280000000000655,-1.7053025658242404e-13,0.9999999999999993
16469,-73.97318267822266,40.76414489746094,-73.99821472167969,40.72015380859375,1257.23,2239,2239,2260.9700000000003,3518.2000000000007,21.970000000000255,4.547473508864641e-13,1.0000000000000004
16470,-73.9737319946289,40.76298904418945,-74.00274658203125,40.76052856445313,774.13,2239,2239,2265.13,3113.56,26.13000000000011,74.29999999999984,1.0959787115859092
16471,-73.98234558105469,40.76843643188477,-73.9786148071289,40.75428009033203,624.19,2239,2239,2275.08,2899.27,36.07999999999993,0.0,1.0
16472,-73.9538803100586,40.78213882446289,-73.95967102050781,40.77385711669922,191.2,2239,2239,2252.42,2443.62,13.420000000000073,-1.7053025658242404e-13,0.9999999999999991
16473,-73.98893737792969,40.75942993164063,-73.97596740722656,40.748268127441406,635.39,2239,2239,2265.57,2900.96,26.570000000000164,-1.1368683772161603e-13,0.9999999999999998
16474,-73.98223114013672,40.76306915283203,-73.97933959960938,40.73633575439453,995.38,2239,2239,-1.0,-1.0,-1,-1,0.0
16475,-74.00498962402342,40.72275161743164,-74.007568359375,40.740821838378906,503.44,2240,2240,-1.0,-1.0,-1,-1,0.0
16476,-73.99340057373048,40.727256774902344,-74.00614929199219,40.73474502563477,448.4,2240,2240,2341.75,2790.15,101.75,1.1368683772161603e-13,1.0000000000000002
16477,-73.99175262451173,40.75012969970703,-73.982177734375,40.7515983581543,404.05,2240,2240,-1.0,-1.0,-1,-1,0.0
16478,-73.98215484619139,40.77815628051758,-73.96784973144531,40.7879638671875,337.58,2240,2240,2280.21,2617.79,40.210000000000036,-5.684341886080802e-14,0.9999999999999998
16479,-73.95327758789062,40.78581619262695,-73.9452133178711,40.77333450317383,478.94,2240,2240,2250.0,2728.94,10.0,5.684341886080802e-14,1.0000000000000002
16480,-73.96958923339844,40.7632064819336,-73.97600555419923,40.74985122680664,441.97,2240,2240,2265.99,2707.96,25.98999999999978,2.2737367544323206e-13,1.0000000000000004
16481,-73.97905731201173,40.771839141845696,-73.97600555419923,40.78139114379883,310.22,2241,2241,2299.09,2663.17,58.090000000000146,53.8599999999999,1.1736187221971501
16482,-73.9812774658203,40.76446914672852,-73.980712890625,40.78266143798828,571.06,2241,2241,2257.29,2828.35,16.289999999999964,0.0,1.0
16483,-74.00450134277344,40.72420883178711,-74.00262451171875,40.73954391479492,356.04,2241,2241,-1.0,-1.0,-1,-1,0.0
16484,-73.9838638305664,40.74635314941406,-73.98269653320312,40.754219055175774,305.68,2241,2241,-1.0,-1.0,-1,-1,0.0
16485,-73.96685791015625,40.78884506225585,-73.98244476318358,40.77253341674805,396.43,2241,2241,-1.0,-1.0,-1,-1,0.0
16486,-73.96472930908203,40.77565002441406,-73.98684692382812,40.745384216308594,821.57,2242,2242,-1.0,-1.0,-1,-1,0.0
16487,-73.96435546875,40.76070022583008,-73.97584533691406,40.73457717895508,541.8,2242,2242,-1.0,-1.0,-1,-1,0.0
16488,-73.98931121826173,40.75377655029297,-73.95834350585938,40.76630401611328,863.6,2242,2242,-1.0,-1.0,-1,-1,0.0
16489,-73.99008178710938,40.71438598632813,-74.00031280517578,40.71834182739258,504.08,2242,2242,-1.0,-1.0,-1,-1,0.0
16490,-73.97245025634766,40.75364685058594,-73.97866821289062,40.75758361816406,390.08,2242,2242,-1.0,-1.0,-1,-1,0.0
16491,-74.00636291503906,40.706321716308594,-74.00875854492188,40.70278930664063,628.1,2242,2242,-1.0,-1.0,-1,-1,0.0
16492,-74.0042724609375,40.742488861083984,-74.01043701171875,40.71413040161133,684.82,2242,2242,2257.44,2942.26,15.440000000000055,1.1368683772161603e-13,1.0000000000000002
16493,-73.962158203125,40.76768112182617,-73.97789001464844,40.7735710144043,487.25,2242,2242,-1.0,-1.0,-1,-1,0.0
16494,-73.96267700195312,40.76311111450195,-73.97189331054686,40.76013946533203,353.07,2242,2242,-1.0,-1.0,-1,-1,0.0
16495,-74.01313781738281,40.70416641235352,-73.9935531616211,40.72140884399415,568.79,2242,2242,-1.0,-1.0,-1,-1,0.0
16496,-73.98646545410156,40.762203216552734,-73.98624420166014,40.753814697265625,405.74,2243,2243,2347.17,2752.91,104.17000000000007,-2.2737367544323206e-13,0.9999999999999994
16497,-73.97148132324219,40.794429779052734,-73.9558868408203,40.77954864501953,558.61,2243,2243,2280.5,2873.4900000000002,37.5,34.38000000000022,1.0615456221693136
16498,-73.96412658691406,40.756851196289055,-73.95074462890625,40.77838516235352,407.32,2243,2243,-1.0,-1.0,-1,-1,0.0
16499,-73.96761322021484,40.756023406982415,-74.0048828125,40.70679473876953,988.0,2243,2243,2297.46,3285.46,54.460000000000036,0.0,1.0
16500,-73.97335815429686,40.74421310424805,-73.96898651123048,40.76829147338867,646.91,2243,2243,2288.15,2993.37,45.15000000000009,58.30999999999983,1.090136185868204
16501,-73.9920883178711,40.76414489746094,-73.9888687133789,40.7739372253418,235.83,2243,2243,-1.0,-1.0,-1,-1,0.0
16502,-73.97413635253906,40.74713897705078,-73.982421875,40.72076034545898,541.38,2243,2243,-1.0,-1.0,-1,-1,0.0
16503,-74.0068130493164,40.731040954589844,-73.99546813964845,40.72154235839844,588.44,2243,2243,-1.0,-1.0,-1,-1,0.0
16504,-74.00794982910156,40.745601654052734,-73.9916000366211,40.73514175415039,584.33,2243,2243,2328.59,2912.92,85.59000000000015,-1.1368683772161603e-13,0.9999999999999998
16505,-73.98500061035155,40.76018524169922,-73.99674987792969,40.7447395324707,455.47,2244,2244,2342.91,2798.38,98.90999999999985,2.2737367544323206e-13,1.0000000000000004
16506,-73.9664764404297,40.77334976196289,-73.96947479248048,40.76510620117188,250.01,2244,2244,-1.0,-1.0,-1,-1,0.0
16507,-74.00370025634766,40.74835586547852,-73.99466705322266,40.75034713745117,234.84,2244,2244,2281.88,2516.72,37.88000000000011,-3.126388037344441e-13,0.9999999999999987
16508,-74.01178741455078,40.70790100097656,-73.97509002685547,40.734458923339844,628.13,2244,2244,-1.0,-1.0,-1,-1,0.0
16509,-74.0121536254883,40.7149772644043,-74.00755310058594,40.740943908691406,562.22,2244,2244,-1.0,-1.0,-1,-1,0.0
16510,-73.99404907226562,40.745918273925774,-73.99925994873048,40.72375869750977,595.15,2244,2244,2279.9700000000003,2875.12,35.970000000000255,-3.410605131648481e-13,0.9999999999999994
16511,-73.9825210571289,40.7667236328125,-73.98145294189453,40.78051376342773,371.22,2244,2244,-1.0,-1.0,-1,-1,0.0
16512,-73.98907470703125,40.74832534790039,-73.98002624511719,40.72239685058594,902.48,2244,2244,2256.33,3266.18,12.329999999999927,107.36999999999989,1.118972165588157
16513,-73.97417449951173,40.78377914428711,-73.98238372802734,40.77264404296875,243.05,2245,2245,2259.63,2502.68,14.63000000000011,-2.8421709430404007e-13,0.9999999999999988
16514,-73.97951507568358,40.77785110473633,-73.97430419921875,40.78883743286133,240.58,2245,2245,2346.86,2587.44,101.86000000000013,-8.526512829121202e-14,0.9999999999999997
16515,-73.99302673339844,40.738380432128906,-73.98233032226562,40.768367767333984,948.05,2245,2245,2272.38,3230.02,27.38000000000011,9.589999999999918,1.0101155002373292
16516,-73.98233032226562,40.779029846191406,-73.9885025024414,40.778541564941406,202.8,2245,2245,2298.25,2558.54,53.25,57.48999999999995,1.2834812623274159
16517,-73.96626281738281,40.789710998535156,-73.95604705810547,40.77212142944336,584.66,2245,2245,2312.2,2896.86,67.19999999999982,3.410605131648481e-13,1.0000000000000007
16518,-74.01334381103516,40.70589447021485,-73.97543334960938,40.79045486450195,1519.38,2245,2245,-1.0,-1.0,-1,-1,0.0
16519,-73.9736099243164,40.78472518920898,-73.9822006225586,40.77496719360352,261.5,2245,2245,2258.8,2520.3,13.800000000000182,0.0,1.0
16520,-73.95996856689453,40.76252746582031,-73.94583892822266,40.77771377563477,305.87,2246,2246,2274.5099999999998,2580.38,28.509999999999764,3.410605131648481e-13,1.000000000000001
16521,-73.95659637451173,40.77134323120117,-73.96216583251955,40.75889205932617,421.47,2246,2246,-1.0,-1.0,-1,-1,0.0
16522,-74.00413513183594,40.7241096496582,-73.99787139892578,40.74338150024415,476.28,2246,2246,-1.0,-1.0,-1,-1,0.0
16523,-73.95673370361328,40.77080535888672,-73.99162292480467,40.74908828735352,1248.32,2246,2246,-1.0,-1.0,-1,-1,0.0
16524,-74.00395965576173,40.73171615600585,-74.01515197753906,40.71432113647461,509.88,2246,2246,-1.0,-1.0,-1,-1,0.0
16525,-73.9949493408203,40.73418426513672,-73.9695053100586,40.76350784301758,1053.61,2246,2246,-1.0,-1.0,-1,-1,0.0
16526,-73.96720123291014,40.7609748840332,-73.95133209228516,40.772682189941406,376.83,2246,2246,2251.64,2684.35,5.639999999999873,55.88000000000005,1.148289679696415
16527,-73.98992156982422,40.76730346679688,-73.98165130615234,40.77975845336913,246.06,2246,2246,2274.29,2520.35,28.289999999999964,-5.684341886080802e-14,0.9999999999999998
16528,-73.9837875366211,40.75647735595703,-73.99596405029298,40.763954162597656,525.65,2246,2246,2275.33,2817.67,29.329999999999927,16.69000000000017,1.0317511652240088
16529,-73.97473907470702,40.76231002807617,-73.98412322998048,40.743030548095696,595.34,2246,2246,-1.0,-1.0,-1,-1,0.0
16530,-73.998779296875,40.72340774536133,-74.0115509033203,40.70820236206055,485.77,2247,2247,2304.36,2790.13,57.36000000000013,0.0,1.0
16531,-74.00718688964845,40.70530700683594,-73.97431945800781,40.75707626342773,1139.44,2247,2247,2275.77,3415.21,28.769999999999982,0.0,1.0
16532,-73.9466552734375,40.772285461425774,-73.96768188476562,40.79463577270508,801.67,2247,2247,2272.24,3073.91,25.23999999999978,1.1368683772161603e-13,1.0000000000000002
16533,-73.97464752197266,40.75653839111328,-73.98539733886719,40.74129867553711,472.58,2247,2247,-1.0,-1.0,-1,-1,0.0
16534,-73.9749984741211,40.79276657104492,-73.95314788818358,40.78865432739258,624.2,2248,2248,2299.4999999999995,2923.7,51.499999999999545,2.2737367544323206e-13,1.0000000000000004
16535,-74.00836944580078,40.73548889160156,-73.98750305175781,40.74150085449219,595.78,2248,2248,-1.0,-1.0,-1,-1,0.0
16536,-73.9685821533203,40.786529541015625,-73.96280670166014,40.77655029296875,299.44,2248,2248,-1.0,-1.0,-1,-1,0.0
16537,-73.9788589477539,40.76472091674805,-73.98326873779298,40.731536865234375,1087.96,2248,2248,2253.71,3380.5,5.710000000000036,38.82999999999993,1.0356906503915584
16538,-73.97447967529298,40.78333282470703,-73.98954010009766,40.77129364013672,423.08,2248,2248,2301.62,2724.7,53.61999999999989,-5.684341886080802e-14,0.9999999999999999
16539,-73.97145080566406,40.79523086547852,-73.9391098022461,40.7941780090332,766.74,2248,2248,-1.0,-1.0,-1,-1,0.0
16540,-73.9759063720703,40.74884033203125,-73.96613311767578,40.76304244995117,375.54,2248,2248,-1.0,-1.0,-1,-1,0.0
16541,-73.9627227783203,40.773109436035156,-73.96829223632812,40.78736114501953,400.21,2248,2248,2360.83,2765.45,112.82999999999993,4.409999999999911,1.0110192149121708
16542,-73.96412658691406,40.76623916625977,-73.9582748413086,40.77869033813477,345.27,2248,2248,2300.74,2646.01,52.73999999999978,4.547473508864641e-13,1.0000000000000013
16543,-73.97904968261719,40.78527069091797,-73.99005889892578,40.77547073364258,278.66,2248,2248,2305.32,2643.47,57.320000000000164,59.48999999999961,1.2134859685638397
16544,-73.96772003173827,40.75603103637695,-73.97081756591797,40.7489013671875,189.67,2249,2249,2257.6,2447.27,8.599999999999909,8.526512829121202e-14,1.0000000000000004
16545,-74.00432586669923,40.73810195922852,-74.0025863647461,40.75011825561523,317.32,2249,2249,-1.0,-1.0,-1,-1,0.0
16546,-73.98732757568358,40.758975982666016,-73.97412872314453,40.78316879272461,568.24,2249,2249,2252.98,2920.2500000000005,3.980000000000018,99.03000000000043,1.1742749542446862
16547,-73.98068237304686,40.7535285949707,-73.9913101196289,40.75040054321289,327.46,2249,2249,2281.04,2634.0,32.039999999999964,25.500000000000057,1.0778721065168266
16548,-73.9803009033203,40.763465881347656,-73.95236206054686,40.804851531982415,1109.96,2249,2249,2301.63,3411.5899999999997,52.63000000000011,-4.547473508864641e-13,0.9999999999999996
16549,-73.99626159667969,40.75342178344727,-73.99976348876955,40.72677230834961,747.66,2249,2249,2264.04,3011.7,15.039999999999964,-1.1368683772161603e-13,0.9999999999999999
16550,-73.9698257446289,40.7848014831543,-73.9724884033203,40.79384994506836,273.44,2250,2250,2280.06,2553.5,30.059999999999945,5.684341886080802e-14,1.0000000000000002
16551,-74.00031280517578,40.717674255371094,-73.9826431274414,40.72322463989258,611.61,2250,2250,-1.0,-1.0,-1,-1,0.0
16552,-73.98233032226562,40.76300048828125,-74.00588989257811,40.745201110839844,761.92,2250,2250,-1.0,-1.0,-1,-1,0.0
16553,-73.98367309570312,40.74409866333008,-73.97966766357422,40.79108810424805,1328.43,2250,2250,2255.18,3654.41,5.179999999999836,70.79999999999995,1.0532959960253834
16554,-73.95745849609375,40.77951049804688,-73.96935272216798,40.76371383666992,455.7,2250,2250,2293.98,2749.68,43.98000000000002,-1.7053025658242404e-13,0.9999999999999997
16555,-73.9554443359375,40.7827262878418,-73.97705078125,40.76292419433594,779.07,2250,2250,-1.0,-1.0,-1,-1,0.0
16556,-73.98191833496094,40.761478424072266,-73.99503326416014,40.72140121459961,1294.33,2250,2250,-1.0,-1.0,-1,-1,0.0
16557,-73.98199462890625,40.77731704711913,-73.97063446044923,40.79867935180664,444.16,2251,2251,2295.11,2810.0699999999997,44.11000000000013,70.79999999999956,1.1594020172910653
16558,-73.9774169921875,40.777042388916016,-73.96910858154298,40.76747131347656,443.83,2251,2251,2303.49,2749.37,52.48999999999978,2.050000000000125,1.0046188856093552
16559,-73.9913330078125,40.73908615112305,-73.99114990234375,40.751861572265625,443.71,2251,2251,-1.0,-1.0,-1,-1,0.0
16560,-73.99027252197266,40.73472213745117,-73.98075866699219,40.75965118408203,782.8,2252,2252,2297.58,3128.88,45.57999999999993,48.50000000000023,1.061957077158917
16561,-73.97342681884766,40.75273895263672,-73.96100616455078,40.76936721801758,384.29,2252,2252,-1.0,-1.0,-1,-1,0.0
16562,-73.99108123779298,40.74618911743164,-73.95391845703125,40.77494812011719,1156.01,2252,2252,2292.78,3519.85,40.7800000000002,71.05999999999972,1.0614700564874004
16563,-73.99602508544923,40.759037017822266,-73.9815444946289,40.768718719482415,375.78,2252,2252,2444.0099999999998,2819.79,192.00999999999976,2.2737367544323206e-13,1.0000000000000007
16564,-74.00534057617188,40.73221969604492,-74.00161743164062,40.74419403076172,358.62,2252,2252,2378.54,2737.16,126.53999999999996,-1.1368683772161603e-13,0.9999999999999997
16565,-73.9785614013672,40.7831916809082,-73.96967315673827,40.75452041625977,1076.63,2252,2252,2283.31,3368.96,31.309999999999945,9.019999999999982,1.0083779942970195
16566,-73.95226287841797,40.78114700317383,-73.99114990234375,40.76039123535156,1091.75,2252,2252,2358.99,3450.7399999999993,106.98999999999978,-4.547473508864641e-13,0.9999999999999996
16567,-73.9857406616211,40.73841857910156,-73.9797592163086,40.76123428344727,826.25,2253,2253,2387.34,3213.59,134.34000000000015,0.0,1.0
16568,-73.99263763427734,40.74285888671875,-74.00399017333984,40.74769973754883,286.0,2253,2253,2306.61,2592.61,53.61000000000013,0.0,1.0
16569,-73.9796371459961,40.78429794311523,-73.98416900634766,40.76515579223633,520.46,2253,2253,2385.54,2906.0,132.53999999999996,0.0,1.0
16570,-73.9535903930664,40.766761779785156,-73.97520446777344,40.787899017333984,741.21,2253,2253,2334.0,3075.21,81.0,0.0,1.0
16571,-73.97300720214845,40.76451110839844,-74.00932312011719,40.74708938598633,1026.94,2253,2253,-1.0,-1.0,-1,-1,0.0
16572,-73.97722625732422,40.75688171386719,-73.9734649658203,40.79130554199219,883.86,2253,2253,-1.0,-1.0,-1,-1,0.0
16573,-73.9613265991211,40.768798828125,-73.9781723022461,40.76472091674805,586.84,2254,2254,-1.0,-1.0,-1,-1,0.0
16574,-73.99156188964845,40.72718811035156,-74.0109634399414,40.7236442565918,678.72,2254,2254,-1.0,-1.0,-1,-1,0.0
16575,-73.97694396972656,40.76469802856445,-73.97940826416014,40.7845458984375,558.02,2254,2254,-1.0,-1.0,-1,-1,0.0
16576,-73.98210906982422,40.7651252746582,-74.00357055664062,40.72376251220703,1177.89,2254,2254,-1.0,-1.0,-1,-1,0.0
16577,-73.99565887451173,40.74666213989258,-73.98652648925781,40.75189208984375,291.37,2254,2254,-1.0,-1.0,-1,-1,0.0
16578,-73.99747467041014,40.75700759887695,-73.99642181396483,40.76256942749024,215.59,2254,2254,-1.0,-1.0,-1,-1,0.0
16579,-73.99823760986328,40.73786163330078,-74.00212860107422,40.71912002563477,560.9,2254,2254,-1.0,-1.0,-1,-1,0.0
16580,-73.9770278930664,40.7507209777832,-73.97157287597656,40.78445053100585,975.03,2254,2254,2303.9900000000002,3279.02,49.99000000000024,-2.2737367544323206e-13,0.9999999999999998
16581,-73.94068908691406,40.78995895385742,-73.94996643066406,40.790340423583984,284.47,2254,2254,2986.86,3271.33,732.8600000000001,-2.2737367544323206e-13,0.9999999999999992
16582,-73.98209381103516,40.77398681640625,-73.97715759277344,40.78484344482422,237.12,2254,2254,2349.71,2586.83,95.71000000000004,-1.1368683772161603e-13,0.9999999999999996
16583,-74.00760650634766,40.7515983581543,-73.9813232421875,40.768943786621094,694.34,2255,2255,2303.17,3037.35,48.17000000000007,39.839999999999804,1.0573782296857444
16584,-74.00392913818358,40.738784790039055,-73.98336029052734,40.730411529541016,679.41,2255,2255,-1.0,-1.0,-1,-1,0.0
16585,-73.997314453125,40.72160339355469,-73.99767303466798,40.74026489257813,565.64,2255,2255,2288.39,2932.4,33.38999999999987,78.37000000000023,1.1385510218513546
16586,-73.95851898193358,40.78412628173828,-73.9505386352539,40.78362274169922,253.87,2255,2255,2336.25,2590.12,81.25,-1.1368683772161603e-13,0.9999999999999996
16587,-73.97413635253906,40.75676345825195,-73.989013671875,40.759437561035156,576.78,2255,2255,-1.0,-1.0,-1,-1,0.0
16588,-74.00788116455078,40.75152206420898,-73.9825439453125,40.78488159179688,541.57,2255,2255,2286.71,2828.2799999999997,31.710000000000036,-3.410605131648481e-13,0.9999999999999993
16589,-73.97975158691406,40.74974822998047,-73.98014068603516,40.74328994750977,216.99,2255,2255,-1.0,-1.0,-1,-1,0.0
16590,-73.98993682861328,40.73340606689453,-73.97588348388672,40.74056243896485,418.93,2256,2256,2312.42,2731.35,56.42000000000007,-1.7053025658242404e-13,0.9999999999999996
16591,-73.96914672851562,40.78570938110352,-73.9832763671875,40.76218795776367,677.88,2256,2256,2462.3,3140.18,206.30000000000018,-3.410605131648481e-13,0.9999999999999994
16592,-73.98804473876955,40.749595642089844,-73.98255157470702,40.742488861083984,381.09,2257,2257,-1.0,-1.0,-1,-1,0.0
16593,-73.9797592163086,40.7349739074707,-73.98324584960938,40.72238540649415,411.46,2257,2257,2400.17,2811.63,143.17000000000007,5.684341886080802e-14,1.0000000000000002
16594,-73.96985626220702,40.76049423217773,-73.9861602783203,40.72653198242188,794.82,2257,2257,-1.0,-1.0,-1,-1,0.0
16595,-73.98867797851562,40.76403427124024,-73.98299407958984,40.7564811706543,457.16,2257,2257,2446.83,2903.99,189.82999999999993,-1.7053025658242404e-13,0.9999999999999997
16596,-74.01033020019531,40.72003173828125,-74.00018310546875,40.72364044189453,408.13,2257,2257,2296.28,2704.41,39.2800000000002,-3.410605131648481e-13,0.9999999999999991
16597,-73.9651107788086,40.77513122558594,-73.9561004638672,40.77880859375,312.84,2257,2257,-1.0,-1.0,-1,-1,0.0
16598,-73.9852523803711,40.763973236083984,-73.98131561279298,40.780628204345696,450.13,2257,2257,-1.0,-1.0,-1,-1,0.0
16599,-73.990966796875,40.75004577636719,-73.97136688232422,40.76124954223633,765.17,2257,2257,-1.0,-1.0,-1,-1,0.0
16600,-73.9737319946289,40.75482177734375,-73.99070739746094,40.75543975830078,626.31,2257,2257,-1.0,-1.0,-1,-1,0.0
16601,-73.95855712890625,40.78147888183594,-73.95914459228516,40.775146484375,240.29,2257,2257,-1.0,-1.0,-1,-1,0.0
16602,-73.96183776855469,40.77685546875,-73.97162628173827,40.76597213745117,384.21,2257,2257,-1.0,-1.0,-1,-1,0.0
16603,-73.96170043945312,40.75796127319336,-73.97740936279298,40.76454162597656,581.79,2257,2257,2304.35,2886.14,47.34999999999991,0.0,1.0
16604,-73.98198699951173,40.76847839355469,-73.97442626953125,40.78335189819336,420.28,2257,2257,-1.0,-1.0,-1,-1,0.0
16605,-74.00247192382812,40.7186393737793,-74.00917053222656,40.710899353027344,255.77,2257,2257,-1.0,-1.0,-1,-1,0.0
16606,-73.98670196533203,40.73992919921875,-73.97248077392578,40.75827407836913,512.49,2258,2258,2300.74,2813.23,42.73999999999978,2.2737367544323206e-13,1.0000000000000004
16607,-73.96021270751955,40.76637268066406,-73.96634674072266,40.76791763305664,188.03,2258,2258,2297.86,2485.89,39.86000000000013,-2.5579538487363607e-13,0.9999999999999987
16608,-73.97271728515625,40.7552604675293,-73.98174285888672,40.746490478515625,291.0,2258,2258,2293.91,2584.91,35.909999999999854,0.0,1.0
16609,-73.97201538085938,40.75965881347656,-73.97592163085938,40.76279067993164,213.28,2258,2258,-1.0,-1.0,-1,-1,0.0
16610,-73.98177337646483,40.75495529174805,-73.96528625488281,40.76655197143555,582.8,2258,2258,-1.0,-1.0,-1,-1,0.0
16611,-73.9725341796875,40.761810302734375,-73.95890045166014,40.76226043701172,388.83,2258,2258,-1.0,-1.0,-1,-1,0.0
16612,-73.9916000366211,40.75984573364258,-73.9914779663086,40.72736740112305,1029.91,2259,2259,2347.49,3377.3999999999996,88.48999999999978,-2.2737367544323206e-13,0.9999999999999998
16613,-73.99268341064453,40.73762130737305,-73.9994888305664,40.7275390625,369.67,2259,2259,-1.0,-1.0,-1,-1,0.0
16614,-73.97235870361328,40.786399841308594,-73.98206329345702,40.77325820922852,277.14,2259,2259,2304.04,2581.18,45.039999999999964,-1.1368683772161603e-13,0.9999999999999996
16615,-73.97945404052734,40.771263122558594,-73.9865951538086,40.75849914550781,528.56,2259,2259,-1.0,-1.0,-1,-1,0.0
16616,-73.95999145507811,40.773521423339844,-73.94728851318358,40.772560119628906,398.49,2259,2259,2388.2,2786.69,129.19999999999982,2.2737367544323206e-13,1.0000000000000007
16617,-73.9781494140625,40.754859924316406,-73.98173522949219,40.73745346069336,571.37,2259,2259,-1.0,-1.0,-1,-1,0.0
16618,-73.9891586303711,40.741065979003906,-73.98000335693358,40.72661972045898,545.31,2259,2259,2280.07,2864.63,21.070000000000164,39.25,1.07197740734628
16619,-73.9747314453125,40.76197052001953,-73.9876251220703,40.749122619628906,580.55,2259,2259,-1.0,-1.0,-1,-1,0.0
16620,-73.97503662109375,40.74164962768555,-73.95858001708984,40.77262878417969,608.62,2259,2259,2302.47,2977.06,43.4699999999998,65.97000000000014,1.108392757385561
16621,-74.00733184814453,40.74279022216797,-73.98867797851562,40.74531173706055,501.34,2260,2260,2405.13,2906.47,145.1300000000001,-2.8421709430404007e-13,0.9999999999999994
16622,-73.94727325439453,40.808570861816406,-73.9587631225586,40.816368103027344,316.53,2260,2260,2416.34,2732.87,156.34000000000015,-2.2737367544323206e-13,0.9999999999999993
16623,-73.98875427246094,40.7369270324707,-73.99229431152342,40.74926376342773,536.3,2260,2260,2338.25,2874.55,78.25,2.2737367544323206e-13,1.0000000000000004
16624,-73.97219848632812,40.763008117675774,-73.9547576904297,40.76567840576172,525.89,2260,2260,-1.0,-1.0,-1,-1,0.0
16625,-73.97372436523438,40.792236328125,-73.98490142822266,40.76852035522461,502.46,2260,2260,-1.0,-1.0,-1,-1,0.0
16626,-73.95459747314453,40.821048736572266,-73.95135498046875,40.81018447875977,325.6,2260,2260,2673.81,2999.41,413.80999999999995,-1.1368683772161603e-13,0.9999999999999997
16627,-73.9588623046875,40.77465057373047,-73.9607925415039,40.78091049194336,205.97,2260,2260,2311.87,2517.84,51.86999999999989,2.5579538487363607e-13,1.0000000000000013
16628,-74.00285339355469,40.749305725097656,-73.96864318847656,40.75239562988281,947.41,2260,2260,-1.0,-1.0,-1,-1,0.0
16629,-73.97164916992188,40.74650955200195,-73.96013641357422,40.76221084594727,274.05,2260,2260,2315.33,2589.38,55.32999999999993,1.7053025658242404e-13,1.0000000000000007
16630,-74.0023880004883,40.73992538452149,-73.99025726318358,40.766822814941406,604.49,2260,2260,2298.63,2956.2599999999998,38.63000000000011,53.139999999999645,1.0879088156958752
16631,-73.96730804443358,40.77214050292969,-73.9850082397461,40.747013092041016,710.44,2260,2260,2424.29,3134.73,164.28999999999996,0.0,1.0
16632,-73.99771118164062,40.74139022827149,-73.9933853149414,40.72432327270508,598.89,2260,2260,-1.0,-1.0,-1,-1,0.0
16633,-74.00539398193358,40.719810485839844,-73.99674224853516,40.74261093139648,497.41,2261,2261,2310.7,2808.11,49.69999999999982,2.8421709430404007e-13,1.0000000000000007
16634,-73.98223876953125,40.77511596679688,-73.9579086303711,40.78223037719727,642.32,2261,2261,2280.0,2934.64,19.0,12.319999999999823,1.0191804707933738
16635,-73.97354125976562,40.76330184936523,-73.99205017089844,40.74101257324219,573.93,2261,2261,-1.0,-1.0,-1,-1,0.0
16636,-73.9809341430664,40.759929656982415,-73.98472595214844,40.76847839355469,449.78,2261,2261,-1.0,-1.0,-1,-1,0.0
16637,-73.96212768554686,40.767921447753906,-73.96530151367188,40.77217483520508,189.62,2261,2261,-1.0,-1.0,-1,-1,0.0
16638,-73.98625183105469,40.75910949707031,-74.00006866455078,40.73786926269531,735.85,2261,2261,-1.0,-1.0,-1,-1,0.0
16639,-73.97915649414062,40.74429321289063,-73.98320007324219,40.74626159667969,261.19,2261,2261,2310.9700000000003,2572.16,49.970000000000255,-3.979039320256561e-13,0.9999999999999984
16640,-73.96253204345702,40.77650833129883,-73.95127868652342,40.77592468261719,302.79,2262,2262,2292.91,2656.58,30.909999999999854,60.88000000000005,1.2010634433105454
16641,-73.99054718017578,40.74185180664063,-73.99981689453125,40.74225616455078,308.66,2262,2262,2319.95,2628.61,57.94999999999982,2.8421709430404007e-13,1.0000000000000009
16642,-73.99319458007811,40.73682022094727,-74.00138854980467,40.74673843383789,400.03,2262,2262,-1.0,-1.0,-1,-1,0.0
16643,-73.95293426513672,40.76813888549805,-73.96662139892578,40.764347076416016,448.72,2262,2262,2421.33,2870.05,159.32999999999993,2.2737367544323206e-13,1.0000000000000004
16644,-73.98761749267578,40.71958541870117,-73.98457336425781,40.72804641723633,222.12,2262,2262,2343.58,2565.7,81.57999999999993,-1.1368683772161603e-13,0.9999999999999994
16645,-73.97205352783203,40.75738906860352,-73.9822998046875,40.75720977783203,480.63,2262,2262,-1.0,-1.0,-1,-1,0.0
16646,-73.99095916748048,40.739540100097656,-74.009033203125,40.719993591308594,615.98,2262,2262,2366.83,2982.81,104.82999999999993,0.0,1.0
16647,-73.95461273193358,40.77402877807617,-73.97467803955078,40.76033020019531,752.38,2262,2262,2332.5,3084.88,70.5,1.1368683772161603e-13,1.0000000000000002
16648,-73.97676086425781,40.75170135498047,-74.00528717041014,40.73249435424805,832.94,2263,2263,-1.0,-1.0,-1,-1,0.0
16649,-73.99256896972656,40.75920867919922,-73.97259521484375,40.793418884277344,696.37,2263,2263,-1.0,-1.0,-1,-1,0.0
16650,-73.98165893554686,40.75270080566406,-74.00904846191406,40.70706176757813,1166.21,2263,2263,-1.0,-1.0,-1,-1,0.0
16651,-73.9720230102539,40.759780883789055,-73.99568176269531,40.74433898925781,824.3,2263,2263,-1.0,-1.0,-1,-1,0.0
16652,-73.99826049804686,40.73530197143555,-74.00740814208984,40.75240707397461,569.03,2263,2263,-1.0,-1.0,-1,-1,0.0
16653,-73.96111297607422,40.76506042480469,-73.95736694335938,40.777019500732415,336.39,2263,2263,-1.0,-1.0,-1,-1,0.0
16654,-73.9770278930664,40.7543830871582,-73.97120666503906,40.74811172485352,410.46,2263,2263,-1.0,-1.0,-1,-1,0.0
16655,-73.98223114013672,40.75986862182617,-73.97669219970702,40.78160858154297,686.34,2263,2263,-1.0,-1.0,-1,-1,0.0
16656,-74.00463104248048,40.74231719970703,-74.01094055175781,40.703208923339844,936.88,2263,2263,-1.0,-1.0,-1,-1,0.0
16657,-73.97366333007811,40.789466857910156,-73.9593505859375,40.77073287963867,688.17,2264,2264,-1.0,-1.0,-1,-1,0.0
16658,-73.9508514404297,40.78313064575195,-73.95077514648438,40.80668258666992,549.98,2264,2264,-1.0,-1.0,-1,-1,0.0
16659,-73.9964141845703,40.723731994628906,-73.99237060546875,40.74372100830078,535.05,2264,2264,-1.0,-1.0,-1,-1,0.0
16660,-73.98497772216798,40.77922058105469,-73.9947509765625,40.75606155395508,543.76,2264,2264,2321.18,2864.94,57.179999999999836,2.2737367544323206e-13,1.0000000000000004
16661,-73.99335479736328,40.75554656982422,-73.99644470214845,40.73883438110352,496.74,2264,2264,2348.21,2844.95,84.21000000000004,-2.2737367544323206e-13,0.9999999999999996
16662,-73.94550323486328,40.77835083007813,-73.956787109375,40.77067947387695,302.46,2264,2264,2299.03,2601.49,35.0300000000002,-3.979039320256561e-13,0.9999999999999987
16663,-73.96939086914062,40.75394821166992,-73.9524688720703,40.76880645751953,444.35,2264,2264,-1.0,-1.0,-1,-1,0.0
16664,-73.99685668945312,40.73710250854492,-74.00029754638672,40.72649383544922,422.83,2265,2265,-1.0,-1.0,-1,-1,0.0
16665,-73.99952697753906,40.743858337402344,-73.97854614257811,40.75227355957031,621.73,2265,2265,-1.0,-1.0,-1,-1,0.0
16666,-73.96957397460938,40.76449966430664,-73.97762298583984,40.76136016845703,401.5,2265,2265,-1.0,-1.0,-1,-1,0.0
16667,-74.00637054443358,40.740478515625,-73.98387145996094,40.77351379394531,730.17,2265,2265,2280.0,3010.17,15.0,1.1368683772161603e-13,1.0000000000000002
16668,-73.97090911865234,40.76453399658203,-74.0029296875,40.72341918945313,1247.18,2266,2266,-1.0,-1.0,-1,-1,0.0
16669,-73.95059204101562,40.783287048339844,-73.99238586425781,40.73805236816406,1339.82,2266,2266,2280.0,3619.82,14.0,2.2737367544323206e-13,1.0000000000000002
16670,-73.9848403930664,40.724281311035156,-73.9783935546875,40.72618865966797,200.51,2266,2266,2301.61,2502.12,35.61000000000013,-2.2737367544323206e-13,0.9999999999999989
16671,-73.98110961914062,40.741310119628906,-73.98795318603516,40.74970626831055,433.73,2266,2266,-1.0,-1.0,-1,-1,0.0
16672,-73.99752807617188,40.7292366027832,-73.99771881103516,40.722511291503906,320.75,2266,2266,-1.0,-1.0,-1,-1,0.0
16673,-73.97371673583984,40.78295135498047,-73.98448944091797,40.7807846069336,254.93,2266,2266,2294.27,2549.2000000000003,28.269999999999982,2.8421709430404007e-13,1.000000000000001
16674,-73.94792938232422,40.78303909301758,-73.9576187133789,40.78298568725585,300.54,2266,2266,2874.25,3174.79,608.25,-5.684341886080802e-14,0.9999999999999998
16675,-73.9973907470703,40.7364616394043,-73.98763275146483,40.75669479370117,596.59,2266,2266,-1.0,-1.0,-1,-1,0.0
16676,-73.97823333740234,40.74589920043945,-73.99079132080078,40.75109100341797,425.03,2267,2267,-1.0,-1.0,-1,-1,0.0
16677,-73.97269439697266,40.755874633789055,-73.97467041015625,40.76186752319336,350.29,2267,2267,-1.0,-1.0,-1,-1,0.0
16678,-73.96240997314453,40.799991607666016,-73.95166015625,40.78445816040039,561.45,2267,2267,2407.56,2969.01,140.55999999999995,2.2737367544323206e-13,1.0000000000000004
16679,-73.9823226928711,40.74586868286133,-73.97522735595702,40.73308563232422,487.71,2267,2267,2322.5100000000007,2810.2200000000003,55.51000000000067,-3.979039320256561e-13,0.9999999999999992
16680,-73.98580932617188,40.7610740661621,-74.00927734375,40.747871398925774,590.66,2267,2267,2385.85,2976.51,118.84999999999991,3.410605131648481e-13,1.0000000000000007
16681,-73.96672821044923,40.78886032104492,-73.98258972167969,40.772369384765625,420.8,2268,2268,2318.8,2763.14,50.80000000000018,23.53999999999968,1.0559410646387826
16682,-73.96546936035155,40.76192092895508,-73.94650268554686,40.77262878417969,490.58,2268,2268,2283.47,2842.43,15.4699999999998,68.38000000000005,1.1393860328590648
16683,-73.97807312011719,40.72956085205078,-73.99187469482422,40.74425888061523,609.76,2268,2268,2408.87,3018.63,140.8699999999999,2.2737367544323206e-13,1.0000000000000004
16684,-73.95569610595702,40.78521347045898,-73.97283172607422,40.784194946289055,360.01,2268,2268,-1.0,-1.0,-1,-1,0.0
16685,-73.97868347167969,40.7541618347168,-73.98873138427734,40.77402114868164,829.34,2268,2268,-1.0,-1.0,-1,-1,0.0
16686,-73.98966979980467,40.76766586303711,-73.98396301269531,40.780586242675774,292.08,2269,2269,2281.6,2637.3,12.599999999999909,63.62000000000029,1.2178170364283767
16687,-73.97572326660156,40.7548942565918,-73.9814453125,40.78010177612305,883.17,2269,2269,-1.0,-1.0,-1,-1,0.0
16688,-73.95057678222656,40.77122116088867,-73.9830093383789,40.77085876464844,823.54,2269,2269,2280.0,3103.54,11.0,0.0,1.0
16689,-73.99650573730467,40.7530403137207,-74.00908660888672,40.726238250732415,678.74,2269,2269,2312.25,2990.99,43.25,-2.2737367544323206e-13,0.9999999999999997
16690,-73.98135375976562,40.77190017700195,-73.99247741699219,40.75973129272461,383.8,2269,2269,2293.05,2676.85,24.050000000000182,-2.8421709430404007e-13,0.9999999999999992
16691,-73.95711517333984,40.78418350219727,-73.9739990234375,40.787410736083984,365.88,2269,2269,2306.12,2672.0,37.11999999999989,1.1368683772161603e-13,1.0000000000000002
16692,-73.96477508544923,40.76740646362305,-73.95297241210938,40.78337097167969,435.97,2269,2269,-1.0,-1.0,-1,-1,0.0
16693,-73.97822570800781,40.7542839050293,-73.98798370361328,40.725582122802734,882.42,2269,2269,2323.07,3220.25,54.070000000000164,14.759999999999877,1.0167267287686135
16694,-74.00203704833984,40.71921920776367,-74.00272369384766,40.73337173461913,458.79,2270,2270,2286.05,2744.84,16.050000000000182,-5.684341886080802e-14,0.9999999999999999
16695,-73.97203826904298,40.79692077636719,-73.98258209228516,40.77220916748047,538.63,2270,2270,2309.91,2901.2,39.909999999999854,52.65999999999997,1.0977665558917995
16696,-73.98729705810547,40.75360870361328,-73.9858169555664,40.76292419433594,323.81,2270,2270,2282.75,2606.56,12.75,-5.684341886080802e-14,0.9999999999999998
16697,-73.9724884033203,40.75930786132813,-73.98798370361328,40.74379348754883,560.78,2270,2270,-1.0,-1.0,-1,-1,0.0
16698,-73.98095703125,40.76471328735352,-73.98336029052734,40.74418640136719,779.54,2270,2270,2327.77,3137.1,57.76999999999998,29.789999999999964,1.0382148446519741
16699,-73.99468994140625,40.74624633789063,-74.0028305053711,40.73088836669922,316.53,2270,2270,2313.13,2629.66,43.13000000000011,-2.2737367544323206e-13,0.9999999999999993
16700,-73.9814224243164,40.78081893920898,-73.95841979980467,40.76433944702149,833.7,2270,2270,2292.79,3126.4900000000002,22.789999999999964,2.2737367544323206e-13,1.0000000000000002
16701,-73.97850036621094,40.7366600036621,-73.99165344238281,40.7144889831543,700.29,2270,2270,2447.07,3147.3599999999997,177.07000000000016,-4.547473508864641e-13,0.9999999999999993
16702,-73.98086547851562,40.741947174072266,-73.97509765625,40.75178909301758,308.35,2271,2271,2285.86,2594.21,14.860000000000127,-1.1368683772161603e-13,0.9999999999999997
16703,-73.96112060546875,40.76911544799805,-73.98124694824219,40.74205017089844,828.84,2271,2271,-1.0,-1.0,-1,-1,0.0
16704,-73.9941864013672,40.7510986328125,-73.98133087158203,40.768890380859375,487.55,2271,2271,2295.97,2783.52,24.9699999999998,1.7053025658242404e-13,1.0000000000000004
16705,-74.01124572753906,40.72858428955078,-73.98514556884766,40.714542388916016,953.81,2271,2271,-1.0,-1.0,-1,-1,0.0
16706,-73.95374298095702,40.766944885253906,-73.97694396972656,40.76112747192383,736.05,2271,2271,2310.47,3124.94,39.4699999999998,78.4200000000003,1.106541675157938
16707,-73.99933624267578,40.73868179321289,-73.99726104736328,40.72235870361328,590.03,2271,2271,2280.0,2870.03,9.0,2.2737367544323206e-13,1.0000000000000004
16708,-74.00892639160156,40.72653198242188,-73.98934936523438,40.73072052001953,606.86,2272,2272,-1.0,-1.0,-1,-1,0.0
16709,-73.97566223144531,40.7519416809082,-73.94274139404298,40.78725051879883,816.1,2272,2272,-1.0,-1.0,-1,-1,0.0
16710,-73.97142791748048,40.757488250732415,-73.983642578125,40.7409782409668,384.26,2272,2272,2306.44,2690.7,34.440000000000055,-2.2737367544323206e-13,0.9999999999999994
16711,-73.98949432373048,40.73582458496094,-73.98033142089844,40.75121688842773,482.05,2272,2272,2411.21,2893.2599999999998,139.21000000000004,-2.8421709430404007e-13,0.9999999999999994
16712,-74.00441741943358,40.75231170654297,-73.98226928710938,40.74563980102539,709.94,2272,2272,-1.0,-1.0,-1,-1,0.0
16713,-73.97474670410156,40.75933074951172,-73.98712158203125,40.7222785949707,1121.45,2272,2272,-1.0,-1.0,-1,-1,0.0
16714,-73.99444580078125,40.736595153808594,-73.96700286865234,40.80517959594727,1484.82,2272,2272,2371.96,3856.7799999999997,99.96000000000004,-2.2737367544323206e-13,0.9999999999999999
16715,-73.98529815673827,40.74457550048828,-73.99150085449219,40.74907302856445,365.13,2272,2272,-1.0,-1.0,-1,-1,0.0
16716,-73.99337768554686,40.736141204833984,-74.00858306884766,40.70790100097656,968.69,2273,2273,-1.0,-1.0,-1,-1,0.0
16717,-73.95450592041014,40.76568222045898,-73.97283935546875,40.74848175048828,496.12,2273,2273,2385.54,2881.66,112.53999999999996,-1.1368683772161603e-13,0.9999999999999998
16718,-73.9846954345703,40.75354385375977,-73.93917083740234,40.84294509887695,1458.94,2273,2273,2319.53,3844.1300000000006,46.5300000000002,65.66000000000031,1.0450052778044336
16719,-73.9560317993164,40.77973937988281,-73.96578216552734,40.79003143310547,387.92,2273,2273,2316.8,2752.01,43.80000000000018,47.29000000000002,1.1219065786760156
16720,-73.97798919677734,40.74557113647461,-73.97269439697266,40.73734664916992,373.13,2274,2274,-1.0,-1.0,-1,-1,0.0
16721,-73.968505859375,40.75491333007813,-73.97145080566406,40.74452209472656,328.71,2275,2275,2325.17,2653.88,50.17000000000007,5.684341886080802e-14,1.0000000000000002
16722,-73.95996856689453,40.77363967895508,-73.95236206054686,40.76956176757813,313.58,2275,2275,2294.2599999999998,2650.67,19.259999999999764,42.830000000000325,1.1365839658141474
16723,-73.97938537597656,40.78477096557617,-73.98934173583984,40.77307891845703,305.94,2275,2275,2282.82,2588.76,7.820000000000164,5.684341886080802e-14,1.0000000000000002
16724,-73.99279022216798,40.724388122558594,-74.00540924072266,40.72752380371094,340.51,2275,2275,2402.83,2743.34,127.82999999999993,2.2737367544323206e-13,1.0000000000000007
16725,-73.97090148925781,40.755760192871094,-73.9618911743164,40.76448059082031,297.29,2275,2275,2302.57,2599.86,27.570000000000164,-5.684341886080802e-14,0.9999999999999998
16726,-73.98942565917969,40.720867156982415,-73.96888732910156,40.75254440307617,651.71,2275,2275,2404.58,3056.29,129.57999999999993,0.0,1.0
16727,-74.01345825195312,40.715599060058594,-73.9963607788086,40.73786163330078,598.24,2275,2275,2317.16,2915.4,42.159999999999854,2.2737367544323206e-13,1.0000000000000004
16728,-73.9598388671875,40.77363967895508,-73.98338317871094,40.73847579956055,914.37,2275,2275,2307.5299999999997,3221.9,32.529999999999745,3.410605131648481e-13,1.0000000000000004
16729,-74.00074768066406,40.747337341308594,-73.99123382568358,40.75574111938477,346.18,2276,2276,-1.0,-1.0,-1,-1,0.0
16730,-74.0018310546875,40.750770568847656,-73.98291015625,40.7768783569336,481.74,2276,2276,2318.33,2800.07,42.32999999999993,2.2737367544323206e-13,1.0000000000000004
16731,-73.98995208740234,40.73381805419922,-73.98851013183594,40.74676132202149,536.54,2276,2276,2312.42,2848.96,36.42000000000007,0.0,1.0
16732,-73.9588394165039,40.77819061279297,-73.9720687866211,40.758018493652344,609.03,2276,2276,2331.43,2968.55,55.429999999999836,28.090000000000373,1.046122522700032
16733,-73.96797943115234,40.76263427734375,-73.95601654052734,40.7737693786621,391.14,2276,2276,2286.45,2733.13,10.449999999999818,55.540000000000305,1.1419951935368418
16734,-73.97557067871094,40.762786865234375,-73.99201202392578,40.769432067871094,575.62,2277,2277,-1.0,-1.0,-1,-1,0.0
16735,-73.99700927734375,40.73727798461913,-74.00461578369139,40.74199676513672,286.92,2277,2277,-1.0,-1.0,-1,-1,0.0
16736,-74.00708770751955,40.70526123046875,-73.98085021972656,40.72134780883789,508.53,2277,2277,-1.0,-1.0,-1,-1,0.0
16737,-74.00621032714845,40.717300415039055,-74.00537109375,40.711181640625,333.72,2277,2277,-1.0,-1.0,-1,-1,0.0
16738,-73.947509765625,40.77143859863281,-73.98268127441406,40.77178955078125,873.37,2277,2277,2396.79,3270.16,119.78999999999996,-1.1368683772161603e-13,0.9999999999999999
16739,-73.96343231201173,40.76853942871094,-73.95829010009766,40.80091094970703,824.58,2277,2277,2296.37,3211.83,19.36999999999989,90.88,1.1102136845424337
16740,-73.95945739746094,40.78121948242188,-73.97476959228516,40.76187133789063,561.45,2277,2277,-1.0,-1.0,-1,-1,0.0
16741,-73.9739532470703,40.75746154785156,-74.00370025634766,40.74323654174805,907.26,2277,2277,-1.0,-1.0,-1,-1,0.0
16742,-73.97711944580078,40.787498474121094,-73.99344635009766,40.7677001953125,428.94,2277,2277,2304.67,2733.61,27.670000000000073,5.684341886080802e-14,1.0000000000000002
16743,-73.97889709472656,40.75025939941406,-73.97783660888672,40.75545120239258,202.97,2278,2278,2287.96,2490.93,9.960000000000036,-1.9895196601282805e-13,0.999999999999999
16744,-73.9820327758789,40.769962310791016,-73.97421264648438,40.79136276245117,485.79,2278,2278,2315.92,2801.71,37.92000000000007,-5.684341886080802e-14,0.9999999999999999
16745,-73.95217132568358,40.7928581237793,-73.97061157226562,40.759178161621094,884.11,2278,2278,2695.65,3579.7599999999998,417.6500000000001,-3.410605131648481e-13,0.9999999999999997
16746,-73.98571014404298,40.7467155456543,-73.97663879394531,40.75675582885742,381.43,2278,2278,-1.0,-1.0,-1,-1,0.0
16747,-73.96417236328125,40.7763557434082,-73.97537231445312,40.76126480102539,429.88,2278,2278,2313.67,2743.55,35.67000000000007,1.1368683772161603e-13,1.0000000000000002
16748,-74.00382995605469,40.73813247680664,-74.00385284423827,40.75085067749024,396.9,2278,2278,-1.0,-1.0,-1,-1,0.0
16749,-73.99533081054686,40.739036560058594,-73.9867935180664,40.762306213378906,694.36,2278,2278,2282.55,2976.91,4.550000000000182,-3.410605131648481e-13,0.9999999999999996
16750,-73.9709243774414,40.7617073059082,-73.98240661621094,40.745452880859375,541.65,2279,2279,2311.82,2894.49,32.820000000000164,41.01999999999964,1.0757315609711062
16751,-73.99092102050781,40.75588989257813,-73.97769165039062,40.75395965576172,475.83,2279,2279,2320.34,2861.55,41.340000000000146,65.38000000000005,1.1374020133240865
16752,-74.00370025634766,40.738502502441406,-73.99527740478516,40.74968338012695,261.63,2279,2279,2311.9,2573.53,32.90000000000009,1.1368683772161603e-13,1.0000000000000004
16753,-73.9929428100586,40.742759704589844,-73.98253631591797,40.74945068359375,355.22,2279,2279,2308.65,2663.87,29.65000000000009,-2.2737367544323206e-13,0.9999999999999993
16754,-73.99742126464844,40.74681091308594,-73.9903564453125,40.75648880004883,304.06,2279,2279,-1.0,-1.0,-1,-1,0.0
16755,-73.99728393554686,40.7194709777832,-73.94813537597656,40.77864456176758,1324.7,2279,2279,-1.0,-1.0,-1,-1,0.0
16756,-73.9919662475586,40.72598648071289,-73.99639129638672,40.76495361328125,1206.55,2280,2280,2310.6,3544.7599999999998,30.59999999999991,27.6099999999999,1.0228834279557415
16757,-73.9957733154297,40.76427841186523,-73.98573303222656,40.76900863647461,270.33,2280,2280,2328.15,2598.48,48.15000000000009,-5.684341886080802e-14,0.9999999999999998
16758,-73.97470092773438,40.783016204833984,-73.97733306884766,40.77253723144531,265.46,2280,2280,2339.92,2628.43,59.92000000000007,23.049999999999784,1.0868304075943638
16759,-73.94413757324219,40.77574157714844,-74.00348663330078,40.736141204833984,1391.25,2280,2280,2425.03,3816.28,145.0300000000002,0.0,1.0
16760,-73.97107696533203,40.76232528686523,-73.9696044921875,40.75852584838867,196.92,2280,2280,-1.0,-1.0,-1,-1,0.0
16761,-73.98379516601562,40.74979019165039,-73.97222137451173,40.75375747680664,391.91,2280,2280,-1.0,-1.0,-1,-1,0.0
16762,-73.99237823486328,40.715030670166016,-73.9908218383789,40.7242546081543,264.44,2280,2280,2427.03,2691.47,147.0300000000002,-3.979039320256561e-13,0.9999999999999984
16763,-73.9860076904297,40.75291061401367,-74.00852203369139,40.750221252441406,611.39,2280,2280,2311.48,2986.14,31.480000000000018,63.26999999999987,1.1034855002535204
16764,-73.99462127685547,40.72774887084961,-73.97708892822266,40.714149475097656,693.44,2280,2280,2290.46,2987.21,10.460000000000036,3.3099999999999454,1.0047733041070603
16765,-73.98139190673827,40.75181198120117,-73.98482513427734,40.73674011230469,449.8,2280,2280,-1.0,-1.0,-1,-1,0.0
16766,-73.99087524414062,40.744453430175774,-73.97440338134766,40.75250625610352,631.96,2280,2280,-1.0,-1.0,-1,-1,0.0
16767,-73.98033905029298,40.76277160644531,-73.99890899658203,40.74469757080078,670.85,2280,2280,-1.0,-1.0,-1,-1,0.0
16768,-73.98621368408203,40.76253128051758,-73.98860931396483,40.77508163452149,409.67,2280,2280,-1.0,-1.0,-1,-1,0.0
16769,-73.98080444335938,40.76477432250977,-73.99231719970702,40.75891494750977,457.61,2281,2281,-1.0,-1.0,-1,-1,0.0
16770,-73.99137878417969,40.744773864746094,-73.98265838623048,40.73535537719727,417.23,2281,2281,-1.0,-1.0,-1,-1,0.0
16771,-73.97770690917969,40.753883361816406,-73.98866271972656,40.76899719238281,717.35,2281,2281,-1.0,-1.0,-1,-1,0.0
16772,-73.95611572265625,40.77565002441406,-73.94808959960938,40.795745849609375,411.52,2281,2281,2318.31,2729.8300000000004,37.309999999999945,4.547473508864641e-13,1.000000000000001
16773,-74.00186920166014,40.75076293945313,-73.99835205078125,40.74211883544922,307.42,2281,2281,-1.0,-1.0,-1,-1,0.0
16774,-73.97886657714845,40.73673629760742,-73.95756530761719,40.76579284667969,483.48,2281,2281,-1.0,-1.0,-1,-1,0.0
16775,-73.97824859619139,40.76473617553711,-73.98596954345702,40.72678756713867,1089.89,2281,2281,-1.0,-1.0,-1,-1,0.0
16776,-73.96776580810547,40.7630271911621,-73.98511505126955,40.77900695800781,741.24,2282,2282,-1.0,-1.0,-1,-1,0.0
16777,-73.97713470458984,40.7642822265625,-73.94692993164062,40.77631759643555,812.01,2282,2282,-1.0,-1.0,-1,-1,0.0
16778,-73.98080444335938,40.74225234985352,-73.97193908691406,40.78223037719727,1081.63,2282,2282,2353.0,3434.63,71.0,0.0,1.0
16779,-74.0043716430664,40.7422103881836,-74.00895690917969,40.73102188110352,308.51,2282,2282,-1.0,-1.0,-1,-1,0.0
16780,-73.96329498291014,40.7734603881836,-73.94586181640625,40.773601531982415,480.91,2282,2282,2427.04,2907.95,145.03999999999996,-1.7053025658242404e-13,0.9999999999999997
16781,-73.9771957397461,40.78972244262695,-73.95708465576173,40.77831268310547,523.7,2282,2282,-1.0,-1.0,-1,-1,0.0
16782,-73.99485778808595,40.72600173950195,-74.00438690185547,40.72283172607422,406.75,2282,2282,-1.0,-1.0,-1,-1,0.0
16783,-73.9934310913086,40.747291564941406,-73.97845458984375,40.73426818847656,610.11,2282,2282,-1.0,-1.0,-1,-1,0.0
16784,-73.99652099609375,40.719051361083984,-73.99404907226562,40.73249816894531,557.16,2282,2282,-1.0,-1.0,-1,-1,0.0
16785,-73.98921203613281,40.7430419921875,-73.98551177978516,40.72050094604492,785.42,2283,2283,-1.0,-1.0,-1,-1,0.0
16786,-73.98552703857422,40.7269401550293,-73.99159240722656,40.7505111694336,869.26,2283,2283,2688.94,3558.2,405.94000000000005,-2.2737367544323206e-13,0.9999999999999998
16787,-73.98374938964845,40.73763275146485,-74.00756072998048,40.7443733215332,756.12,2283,2283,-1.0,-1.0,-1,-1,0.0
16788,-73.99937438964845,40.7249870300293,-74.00839233398438,40.72333908081055,418.24,2283,2283,-1.0,-1.0,-1,-1,0.0
16789,-73.97689819335938,40.76611709594727,-73.98905181884766,40.76328659057617,382.63,2283,2283,-1.0,-1.0,-1,-1,0.0
16790,-73.98834228515625,40.74606323242188,-73.98934936523438,40.71414566040039,1053.2,2283,2283,2310.0,3368.0299999999997,27.0,4.8299999999997,1.004586023547284
16791,-73.95532989501955,40.78847122192383,-73.9572525024414,40.77510070800781,369.79,2283,2283,2389.62,2759.41,106.61999999999989,-5.684341886080802e-14,0.9999999999999999
16792,-73.97648620605469,40.739837646484375,-73.99172973632812,40.74940490722656,681.84,2283,2283,2385.29,3067.13,102.28999999999996,1.1368683772161603e-13,1.0000000000000002
16793,-73.93289184570312,40.79552459716797,-73.99015045166014,40.71381378173828,1623.37,2284,2284,2471.77,4095.14,187.76999999999998,0.0,1.0
16794,-73.98726654052734,40.76865768432617,-74.00382232666014,40.737098693847656,861.05,2284,2284,2361.2,3222.25,77.19999999999982,2.2737367544323206e-13,1.0000000000000002
16795,-73.98523712158203,40.732582092285156,-73.98541259765625,40.74812316894531,573.34,2284,2284,-1.0,-1.0,-1,-1,0.0
16796,-73.98046875,40.765586853027344,-73.9848098754883,40.78593063354492,613.21,2284,2284,-1.0,-1.0,-1,-1,0.0
16797,-73.97999572753906,40.742435455322266,-73.9932632446289,40.72257614135742,586.91,2284,2284,-1.0,-1.0,-1,-1,0.0
16798,-73.95054626464845,40.78654861450195,-74.00023651123048,40.735107421875,1605.09,2284,2284,2600.0,4205.090000000001,316.0,1.1368683772161603e-12,1.0000000000000007
16799,-73.96341705322266,40.75770950317383,-73.9504623413086,40.77565002441406,290.87,2284,2284,2334.17,2625.04,50.17000000000007,-1.1368683772161603e-13,0.9999999999999996
16800,-73.98660278320312,40.76174545288085,-73.98237609863281,40.7733154296875,332.47,2284,2284,-1.0,-1.0,-1,-1,0.0
16801,-73.9676055908203,40.75592041015625,-73.99231719970702,40.74929809570313,815.52,2284,2284,2318.89,3181.7200000000003,34.88999999999987,47.3100000000004,1.0580120659211305
16802,-73.97337341308594,40.76382064819336,-73.955078125,40.76922225952149,535.27,2285,2285,-1.0,-1.0,-1,-1,0.0
16803,-73.96663665771484,40.75987243652344,-73.97835540771484,40.76478958129883,365.0,2285,2285,-1.0,-1.0,-1,-1,0.0
16804,-73.9916000366211,40.75014877319336,-73.9936294555664,40.77009963989258,730.26,2285,2285,-1.0,-1.0,-1,-1,0.0
16805,-73.9768829345703,40.76441192626953,-73.98278045654298,40.7714729309082,284.66,2285,2285,-1.0,-1.0,-1,-1,0.0
16806,-73.97895812988281,40.75630187988281,-74.00738525390625,40.71576690673828,1083.07,2285,2285,2326.06,3409.13,41.059999999999945,2.2737367544323206e-13,1.0000000000000002
16807,-73.99424743652342,40.735260009765625,-73.99231719970702,40.74953842163085,475.75,2285,2285,-1.0,-1.0,-1,-1,0.0
16808,-73.98343658447266,40.76546096801758,-74.00328063964845,40.74720001220703,669.53,2285,2285,2324.41,2993.94,39.409999999999854,2.2737367544323206e-13,1.0000000000000004
16809,-74.0043411254883,40.70745086669922,-74.00812530517578,40.71480941772461,331.96,2285,2285,2393.24,2725.2,108.23999999999978,5.684341886080802e-14,1.0000000000000002
16810,-73.97867584228516,40.787273406982415,-73.9830093383789,40.77341842651367,337.27,2285,2285,2437.41,2774.68,152.40999999999985,0.0,1.0
16811,-73.97499084472656,40.76226806640625,-74.00833892822266,40.71211242675781,1398.71,2285,2285,-1.0,-1.0,-1,-1,0.0
16812,-73.99829864501955,40.75568008422852,-73.99246215820312,40.73217010498047,833.42,2285,2285,-1.0,-1.0,-1,-1,0.0
16813,-73.9921875,40.7642707824707,-73.97376251220702,40.76469039916992,485.1,2286,2286,-1.0,-1.0,-1,-1,0.0
16814,-74.00633239746094,40.75134658813477,-74.00543212890625,40.72718811035156,556.77,2286,2286,-1.0,-1.0,-1,-1,0.0
16815,-74.00177001953125,40.71961975097656,-74.01250457763672,40.7070541381836,390.31,2286,2286,2342.58,2732.89,56.57999999999993,-5.684341886080802e-14,0.9999999999999999
16816,-73.9910430908203,40.73899841308594,-73.99689483642578,40.71915054321289,697.48,2286,2286,-1.0,-1.0,-1,-1,0.0
16817,-74.0072021484375,40.72816467285156,-74.00830078125,40.73411178588867,190.3,2286,2286,-1.0,-1.0,-1,-1,0.0
16818,-73.98161315917969,40.77849960327149,-73.93952941894531,40.847969055175774,885.68,2286,2286,-1.0,-1.0,-1,-1,0.0
16819,-73.99874877929686,40.7611083984375,-73.99559783935547,40.72702026367188,980.44,2286,2286,2418.17,3398.6099999999997,132.17000000000007,-4.547473508864641e-13,0.9999999999999996
16820,-73.99131774902342,40.729976654052734,-73.98695373535155,40.73931503295898,264.69,2286,2286,2401.75,2666.44,115.75,5.684341886080802e-14,1.0000000000000002
16821,-74.00821685791014,40.74578857421875,-73.97918701171875,40.72993087768555,886.22,2286,2286,2377.8,3264.02,91.80000000000018,-2.2737367544323206e-13,0.9999999999999998
16822,-73.95365142822266,40.766956329345696,-73.98604583740234,40.751075744628906,983.27,2286,2286,-1.0,-1.0,-1,-1,0.0
16823,-73.96173858642578,40.77434158325195,-73.96903991699219,40.7658805847168,316.45,2287,2287,2314.79,2631.24,27.789999999999964,-1.7053025658242404e-13,0.9999999999999994
16824,-73.99356842041014,40.751991271972656,-74.00293731689453,40.74422073364258,263.68,2287,2287,2374.5,2638.18,87.5,-1.7053025658242404e-13,0.9999999999999993
16825,-73.96829223632812,40.767105102539055,-73.9483642578125,40.77640151977539,487.47,2287,2287,2310.41,2856.82,23.409999999999854,58.94000000000028,1.1209100047182396
16826,-73.95378875732422,40.78197860717773,-73.9577865600586,40.771949768066406,286.62,2287,2287,2343.8,2669.46,56.80000000000018,39.03999999999985,1.1362082199427808
16827,-73.95487976074219,40.76550674438477,-73.97809600830078,40.744850158691406,569.09,2287,2287,-1.0,-1.0,-1,-1,0.0
16828,-74.01701354980467,40.70840835571289,-73.96266174316406,40.76721954345703,1215.76,2287,2287,2401.17,3616.93,114.17000000000007,-2.2737367544323206e-13,0.9999999999999998
16829,-73.99919891357422,40.72454452514648,-73.96826171875,40.76460647583008,1204.65,2287,2287,-1.0,-1.0,-1,-1,0.0
16830,-73.98636627197266,40.7305793762207,-73.9961395263672,40.72505187988281,328.03,2287,2287,2331.0,2659.0299999999997,44.0,-2.2737367544323206e-13,0.9999999999999993
16831,-73.98165893554686,40.77872848510742,-73.9676742553711,40.792644500732415,313.7,2288,2288,-1.0,-1.0,-1,-1,0.0
16832,-73.99049377441406,40.75139617919922,-73.9915542602539,40.73515701293945,470.15,2288,2288,-1.0,-1.0,-1,-1,0.0
16833,-73.98309326171875,40.75566864013672,-73.99266052246094,40.74769973754883,428.28,2288,2288,-1.0,-1.0,-1,-1,0.0
16834,-73.96168518066406,40.77117538452149,-74.00859832763672,40.723426818847656,1568.6,2288,2288,-1.0,-1.0,-1,-1,0.0
16835,-74.00064849853516,40.73904800415039,-74.00891876220702,40.71588897705078,430.24,2288,2288,-1.0,-1.0,-1,-1,0.0
16836,-73.98792266845702,40.76485061645508,-73.98562622070312,40.752288818359375,541.69,2288,2288,2353.13,2894.82,65.13000000000011,0.0,1.0
16837,-73.98065948486328,40.7647705078125,-73.99291229248048,40.75812149047852,479.79,2288,2288,-1.0,-1.0,-1,-1,0.0
16838,-73.97966003417969,40.74929809570313,-73.96988677978516,40.75376892089844,335.04,2288,2288,2336.47,2671.5099999999998,48.4699999999998,-5.684341886080802e-14,0.9999999999999998
16839,-74.01234436035155,40.71361541748047,-74.00245666503906,40.7606315612793,725.72,2288,2288,-1.0,-1.0,-1,-1,0.0
16840,-74.00434875488281,40.72488021850585,-73.99116516113281,40.76044464111328,943.77,2289,2289,-1.0,-1.0,-1,-1,0.0
16841,-73.98053741455078,40.76015090942383,-73.96309661865234,40.758460998535156,595.82,2289,2289,-1.0,-1.0,-1,-1,0.0
16842,-73.99152374267578,40.72746276855469,-73.99872589111328,40.732330322265625,352.19,2289,2289,2633.5,2985.69,344.5,5.684341886080802e-14,1.0000000000000002
16843,-74.00299072265625,40.73978042602539,-74.00354766845702,40.72386932373047,487.46,2289,2289,-1.0,-1.0,-1,-1,0.0
16844,-73.94771575927734,40.77087020874024,-73.98294830322266,40.711368560791016,937.88,2289,2289,-1.0,-1.0,-1,-1,0.0
16845,-73.99044036865234,40.7563705444336,-73.95558929443358,40.78497695922852,944.16,2289,2289,-1.0,-1.0,-1,-1,0.0
16846,-73.97944641113281,40.734729766845696,-73.9834976196289,40.72220993041992,411.46,2289,2289,-1.0,-1.0,-1,-1,0.0
16847,-73.9506301879883,40.77997589111328,-73.93699645996094,40.793853759765625,277.69,2290,2290,2499.61,2777.2999999999997,209.61000000000013,-3.979039320256561e-13,0.9999999999999986
16848,-73.95124053955078,40.77870559692383,-73.95816040039062,40.77288818359375,227.51,2290,2290,2425.16,2652.67,135.15999999999985,2.2737367544323206e-13,1.000000000000001
16849,-73.96967315673827,40.757339477539055,-73.95073699951173,40.785888671875,574.08,2290,2290,-1.0,-1.0,-1,-1,0.0
16850,-73.98808288574219,40.77478790283203,-73.97421264648438,40.794193267822266,417.28,2291,2291,-1.0,-1.0,-1,-1,0.0
16851,-73.958740234375,40.76842880249024,-73.98780059814453,40.72386932373047,1026.59,2291,2291,-1.0,-1.0,-1,-1,0.0
16852,-74.01631164550781,40.71483612060547,-74.00010681152342,40.73508834838867,612.4,2291,2291,-1.0,-1.0,-1,-1,0.0
16853,-73.99708557128906,40.76305389404297,-73.9961929321289,40.748435974121094,415.8,2291,2291,2399.21,2815.0099999999998,108.21000000000004,-2.8421709430404007e-13,0.9999999999999993
16854,-73.94808959960938,40.78289413452149,-73.98457336425781,40.75474166870117,1198.06,2291,2291,-1.0,-1.0,-1,-1,0.0
16855,-73.96110534667969,40.77494812011719,-73.95500183105469,40.77079772949219,298.29,2291,2291,2334.4100000000003,2632.7,43.41000000000031,-5.115907697472721e-13,0.9999999999999983
16856,-74.00540924072266,40.71382522583008,-73.98809051513672,40.72064971923828,644.91,2291,2291,2403.67,3048.58,112.67000000000007,-1.1368683772161603e-13,0.9999999999999998
16857,-73.97216033935547,40.76359939575195,-73.9568634033203,40.78346633911133,396.48,2291,2291,2349.33,2745.81,58.32999999999993,0.0,1.0
16858,-73.99542999267578,40.76031112670898,-73.98336791992188,40.77350997924805,335.87,2292,2292,2325.0,2660.87,33.0,-1.1368683772161603e-13,0.9999999999999997
16859,-73.98130798339844,40.768470764160156,-73.96299743652342,40.80400848388672,676.66,2292,2292,-1.0,-1.0,-1,-1,0.0
16860,-73.96878051757811,40.76176071166992,-73.98922729492188,40.73743057250977,646.34,2292,2292,-1.0,-1.0,-1,-1,0.0
16861,-73.98007202148438,40.77793884277344,-73.95599365234375,40.779609680175774,575.38,2292,2292,2326.24,2969.67,34.23999999999978,68.0500000000003,1.118269665264695
16862,-73.96585083007811,40.76210021972656,-73.94673156738281,40.77634811401367,473.12,2292,2292,2349.49,2869.7799999999997,57.48999999999978,47.16999999999996,1.0996998647277645
16863,-74.01022338867188,40.70323944091797,-73.9778823852539,40.74477005004883,765.56,2292,2292,-1.0,-1.0,-1,-1,0.0
16864,-73.96242523193358,40.77907180786133,-73.97339630126955,40.79804992675781,633.61,2293,2293,2437.83,3071.44,144.82999999999993,1.1368683772161603e-13,1.0000000000000002
16865,-74.00103759765625,40.73155975341797,-73.99181365966798,40.73004913330078,292.79,2293,2293,2398.97,2691.76,105.9699999999998,3.979039320256561e-13,1.0000000000000013
16866,-73.96542358398438,40.76308822631836,-73.96925354003906,40.796146392822266,843.64,2293,2293,-1.0,-1.0,-1,-1,0.0
16867,-73.98542022705078,40.74197006225585,-73.99250030517578,40.749229431152344,438.55,2293,2293,-1.0,-1.0,-1,-1,0.0
16868,-73.99152374267578,40.75975036621094,-73.96826171875,40.79076766967773,739.61,2293,2293,-1.0,-1.0,-1,-1,0.0
16869,-73.95659637451173,40.771308898925774,-73.95303344726562,40.780269622802734,228.32,2293,2293,2373.75,2602.0699999999997,80.75,-2.8421709430404007e-13,0.9999999999999988
16870,-73.95417022705078,40.77893447875977,-73.96050262451173,40.76382827758789,412.26,2293,2293,2345.74,2803.04,52.73999999999978,45.04000000000019,1.1092514432639602
16871,-73.9803695678711,40.74866104125977,-74.00098419189453,40.73087692260742,671.41,2293,2293,-1.0,-1.0,-1,-1,0.0
16872,-73.99520874023438,40.74970626831055,-73.97254180908203,40.75600814819336,858.98,2294,2294,2335.78,3194.7599999999998,41.7800000000002,-4.547473508864641e-13,0.9999999999999994
16873,-74.00093078613281,40.731529235839844,-74.00713348388672,40.74178695678711,390.99,2294,2294,2369.59,2760.58,75.59000000000015,-2.2737367544323206e-13,0.9999999999999994
16874,-73.9891128540039,40.74826049804688,-73.96330261230467,40.75802230834961,764.31,2294,2294,2340.99,3172.56,46.98999999999978,67.26000000000022,1.0880009420261416
16875,-73.99473571777342,40.7404670715332,-74.00460052490234,40.73466110229492,302.12,2294,2294,2339.58,2641.7,45.57999999999993,-1.1368683772161603e-13,0.9999999999999997
16876,-73.97791290283203,40.73791122436523,-73.91641998291014,40.87200927734375,1813.44,2294,2294,2328.65,4226.68,34.65000000000009,84.59000000000015,1.046646153167461
16877,-73.97498321533203,40.74626541137695,-74.01258850097656,40.70432662963867,863.48,2294,2294,-1.0,-1.0,-1,-1,0.0
16878,-74.00623321533203,40.739688873291016,-73.9885025024414,40.739479064941406,556.11,2294,2294,2310.0,2866.11,16.0,1.1368683772161603e-13,1.0000000000000002
16879,-73.99717712402342,40.7225341796875,-73.97345733642578,40.74972534179688,739.27,2294,2294,-1.0,-1.0,-1,-1,0.0
16880,-74.00453186035155,40.737892150878906,-74.00971221923827,40.72166061401367,526.59,2294,2294,-1.0,-1.0,-1,-1,0.0
16881,-73.95377349853516,40.76733016967773,-73.97142791748048,40.75112915039063,506.86,2295,2295,2348.55,2855.41,53.55000000000018,-3.410605131648481e-13,0.9999999999999993
16882,-73.98162841796875,40.77901840209961,-73.9752655029297,40.793556213378906,327.39,2295,2295,2350.57,2706.07,55.570000000000164,28.110000000000014,1.0858608998442225
16883,-73.95519256591797,40.780181884765625,-73.9774169921875,40.742988586425774,979.66,2295,2295,2335.52,3325.72,40.51999999999998,10.53999999999985,1.010758834697752
16884,-73.96916198730467,40.79086685180664,-73.97586059570312,40.7855224609375,182.87,2295,2295,2641.18,2824.0499999999997,346.17999999999984,-1.1368683772161603e-13,0.9999999999999993
16885,-74.01001739501955,40.712417602539055,-74.01153564453125,40.72173309326172,245.74,2295,2295,-1.0,-1.0,-1,-1,0.0
16886,-74.00425720214845,40.721923828125,-73.99159240722656,40.723445892333984,487.85,2295,2295,-1.0,-1.0,-1,-1,0.0
16887,-74.00663757324219,40.74422073364258,-74.0084457397461,40.72334289550781,523.16,2295,2295,-1.0,-1.0,-1,-1,0.0
16888,-73.9913101196289,40.75027847290039,-74.00028991699219,40.71992111206055,914.73,2295,2295,2331.06,3326.3900000000003,36.059999999999945,80.60000000000036,1.0881134323789536
16889,-73.96099090576173,40.77836990356445,-73.9523696899414,40.77706909179688,275.29,2295,2295,2454.47,2729.76,159.4699999999998,3.979039320256561e-13,1.0000000000000016
16890,-73.95404052734375,40.7788314819336,-73.98272705078125,40.77887344360352,621.63,2296,2296,2336.19,2957.82,40.190000000000055,1.1368683772161603e-13,1.0000000000000002
16891,-73.97019958496094,40.79713439941406,-73.98063659667969,40.760215759277344,1016.88,2296,2296,2537.03,3553.91,241.0300000000002,-3.410605131648481e-13,0.9999999999999997
16892,-74.00790405273438,40.75147247314453,-74.00410461425781,40.74757766723633,185.28,2296,2296,2341.2,2526.48,45.19999999999982,1.9895196601282805e-13,1.000000000000001
16893,-73.98348236083984,40.72614288330078,-73.98699951171875,40.733192443847656,250.5,2296,2296,2333.67,2584.17,37.67000000000007,0.0,1.0
16894,-73.98724365234375,40.73891830444336,-73.98980712890625,40.75624084472656,722.87,2296,2296,2315.85,3133.1299999999997,19.84999999999991,94.40999999999974,1.1306043963644912
16895,-73.9806900024414,40.77821350097656,-73.95735931396483,40.77996826171875,546.83,2296,2296,-1.0,-1.0,-1,-1,0.0
16896,-73.9542236328125,40.76438903808594,-73.9871826171875,40.73912048339844,817.63,2296,2296,-1.0,-1.0,-1,-1,0.0
16897,-73.96568298339844,40.76183319091797,-73.94580841064453,40.77771759033203,487.7,2296,2296,2355.46,2883.13,59.460000000000036,39.970000000000084,1.0819561205659218
16898,-73.97850036621094,40.782981872558594,-73.9652099609375,40.79177856445313,266.88,2296,2296,2343.0699999999997,2609.95,47.06999999999971,1.1368683772161603e-13,1.0000000000000004
16899,-73.96955108642578,40.763145446777344,-73.97879028320312,40.73717880249024,722.88,2296,2296,-1.0,-1.0,-1,-1,0.0
16900,-74.01276397705078,40.71725463867188,-73.99208068847656,40.74578475952149,741.49,2296,2296,2344.58,3086.07,48.57999999999993,2.2737367544323206e-13,1.0000000000000002
16901,-73.95230865478516,40.78127670288085,-73.97081756591797,40.760833740234375,747.61,2296,2296,2328.54,3132.9,32.539999999999964,56.750000000000114,1.0759085619507498
16902,-73.98516082763672,40.736488342285156,-73.9801254272461,40.75164031982422,504.23,2296,2296,-1.0,-1.0,-1,-1,0.0
16903,-73.97309875488281,40.75851821899415,-73.96036529541014,40.778633117675774,505.13,2296,2296,-1.0,-1.0,-1,-1,0.0
16904,-73.97593688964845,40.7488670349121,-74.00675964355469,40.744083404541016,891.74,2296,2296,-1.0,-1.0,-1,-1,0.0
16905,-74.00039672851562,40.75808715820313,-73.98147583007811,40.76365280151367,585.03,2296,2296,-1.0,-1.0,-1,-1,0.0
16906,-74.00725555419923,40.7037239074707,-73.9837188720703,40.73184585571289,650.08,2296,2296,2350.57,3034.31,54.570000000000164,33.65999999999974,1.051778242677824
16907,-74.00618743896483,40.71680068969727,-73.99478149414062,40.72132110595703,518.8,2297,2297,-1.0,-1.0,-1,-1,0.0
16908,-73.96776580810547,40.768714904785156,-73.94992828369139,40.77219009399415,462.27,2297,2297,2320.4500000000003,2833.86,23.450000000000273,51.13999999999987,1.1106279879723968
16909,-74.0031509399414,40.749244689941406,-73.99388122558594,40.762001037597656,263.87,2297,2297,-1.0,-1.0,-1,-1,0.0
16910,-74.00679779052734,40.74932861328125,-73.99981689453125,40.723628997802734,752.32,2297,2297,-1.0,-1.0,-1,-1,0.0
16911,-73.98262786865234,40.759033203125,-73.98059844970702,40.73528289794922,821.42,2297,2297,2356.41,3182.66,59.409999999999854,4.830000000000041,1.0058800613571621
16912,-73.96395111083984,40.77370071411133,-73.94769287109375,40.78113174438477,434.48,2297,2297,2336.35,2849.53,39.34999999999991,78.70000000000027,1.1811360707052114
16913,-73.96208953857422,40.767890930175774,-73.95154571533203,40.78235626220703,239.06,2297,2297,-1.0,-1.0,-1,-1,0.0
16914,-74.01624298095702,40.71482849121094,-74.00013732910156,40.72043991088867,544.64,2297,2297,-1.0,-1.0,-1,-1,0.0
16915,-73.9547119140625,40.780670166015625,-73.9822006225586,40.756511688232415,1003.28,2298,2298,2349.71,3352.9900000000002,51.710000000000036,2.2737367544323206e-13,1.0000000000000002
16916,-73.98281860351562,40.7509994506836,-73.99462890625,40.72123718261719,852.81,2298,2298,-1.0,-1.0,-1,-1,0.0
16917,-73.99650573730467,40.723777770996094,-73.98992156982422,40.73283004760742,215.09,2298,2298,2350.68,2565.77,52.679999999999836,1.4210854715202004e-13,1.0000000000000007
16918,-73.97709655761719,40.74980163574219,-73.9660415649414,40.7583122253418,405.55,2298,2298,2344.74,2750.29,46.73999999999978,1.7053025658242404e-13,1.0000000000000004
16919,-73.98253631591797,40.73142623901367,-73.9903564453125,40.71950149536133,482.4,2298,2298,2498.75,2981.1499999999996,200.75,-3.410605131648481e-13,0.9999999999999993
16920,-73.9817886352539,40.74068832397461,-73.98675537109375,40.72148513793945,585.84,2298,2298,-1.0,-1.0,-1,-1,0.0
16921,-73.98686981201173,40.77600479125977,-73.96395111083984,40.77384567260742,601.0,2298,2298,-1.0,-1.0,-1,-1,0.0
16922,-74.01194763183594,40.710670471191406,-74.00164031982422,40.72860336303711,438.32,2299,2299,-1.0,-1.0,-1,-1,0.0
16923,-73.9913330078125,40.75001907348633,-73.96041107177734,40.78179168701172,1138.19,2299,2299,2338.22,3476.41,39.2199999999998,0.0,1.0
16924,-73.99221801757811,40.7542381286621,-73.94528198242188,40.773841857910156,1265.76,2299,2299,-1.0,-1.0,-1,-1,0.0
16925,-73.97566223144531,40.73310852050781,-73.98689270019531,40.747650146484375,735.1,2299,2299,-1.0,-1.0,-1,-1,0.0
16926,-73.96309661865234,40.75820541381836,-73.95892333984375,40.77847290039063,496.15,2299,2299,2352.35,2848.5,53.34999999999991,1.1368683772161603e-13,1.0000000000000002
16927,-73.99629974365234,40.73810195922852,-73.99226379394531,40.76748275756836,802.27,2299,2299,-1.0,-1.0,-1,-1,0.0
16928,-73.98631286621094,40.73445129394531,-73.99298858642578,40.74254989624024,406.02,2299,2299,2333.080000000001,2739.100000000001,34.08000000000084,0.0,1.0
16929,-73.99472045898438,40.74604797363281,-74.00887298583984,40.71610641479492,567.19,2300,2300,2350.21,2917.4,50.210000000000036,0.0,1.0
16930,-73.97718811035155,40.76419448852539,-73.98237609863281,40.773826599121094,322.7,2300,2300,2330.0,2697.95,30.0,45.24999999999983,1.1402231174465443
16931,-73.9720230102539,40.75948715209961,-73.98941040039062,40.7398796081543,710.29,2300,2300,2329.2400000000002,3039.53,29.240000000000236,0.0,1.0
16932,-73.99459838867188,40.745338439941406,-73.98774719238281,40.777828216552734,814.73,2300,2300,-1.0,-1.0,-1,-1,0.0
16933,-73.97367858886719,40.76336669921875,-73.9814453125,40.72996139526367,986.04,2300,2300,-1.0,-1.0,-1,-1,0.0
16934,-73.96697998046875,40.77239608764648,-73.98133850097656,40.74699783325195,804.73,2300,2300,-1.0,-1.0,-1,-1,0.0
16935,-73.99081420898438,40.75575637817383,-73.98416900634766,40.76482391357422,221.43,2301,2301,-1.0,-1.0,-1,-1,0.0
16936,-73.97834014892578,40.74562454223633,-73.98914337158203,40.7558708190918,614.91,2301,2301,2355.86,2970.77,54.86000000000013,-1.1368683772161603e-13,0.9999999999999998
16937,-73.97832489013672,40.74543762207031,-73.97100830078125,40.78601455688477,1111.77,2301,2301,2312.81,3444.37,11.809999999999945,19.789999999999964,1.0178004443365085
16938,-73.9971923828125,40.74710083007813,-73.98564910888672,40.73746109008789,475.77,2301,2301,-1.0,-1.0,-1,-1,0.0
16939,-73.97417449951173,40.743019104003906,-73.99109649658203,40.75133895874024,576.98,2301,2301,-1.0,-1.0,-1,-1,0.0
16940,-73.99099731445312,40.75064086914063,-74.00611114501955,40.74307632446289,489.1,2301,2301,2323.95,2813.05,22.949999999999818,3.410605131648481e-13,1.0000000000000007
16941,-73.97596740722656,40.758060455322266,-73.96944427490234,40.76242446899415,209.37,2301,2301,-1.0,-1.0,-1,-1,0.0
16942,-73.97648620605469,40.76554489135742,-73.96693420410156,40.76568603515625,311.84,2302,2302,-1.0,-1.0,-1,-1,0.0
16943,-73.9930191040039,40.73581314086913,-73.9612045288086,40.796836853027344,1482.06,2302,2302,-1.0,-1.0,-1,-1,0.0
16944,-73.97534942626955,40.749656677246094,-73.9988555908203,40.76359176635742,897.87,2302,2302,2348.3300000000004,3246.2000000000003,46.33000000000038,-1.1368683772161603e-13,0.9999999999999999
16945,-73.95846557617188,40.76877975463867,-73.96988677978516,40.759986877441406,420.0,2302,2302,2346.25,2766.25,44.25,0.0,1.0
16946,-73.96228790283203,40.77896499633789,-73.98812103271484,40.76067733764648,884.39,2302,2302,-1.0,-1.0,-1,-1,0.0
16947,-73.97144317626955,40.76108169555664,-73.99116516113281,40.75061416625977,739.38,2302,2302,-1.0,-1.0,-1,-1,0.0
16948,-73.98777770996094,40.743465423583984,-73.98262786865234,40.73557662963867,307.57,2302,2302,2408.3,2716.29,106.30000000000018,0.41999999999978854,1.0013655428032635
16949,-73.96492767333984,40.76028060913085,-73.98433685302734,40.73030853271485,661.49,2302,2302,-1.0,-1.0,-1,-1,0.0
16950,-74.00653839111328,40.70642852783203,-73.99115753173827,40.727630615234375,617.12,2303,2303,-1.0,-1.0,-1,-1,0.0
16951,-74.0105209350586,40.718055725097656,-74.0160140991211,40.71501159667969,260.93,2303,2303,2360.38,2621.31,57.38000000000011,-1.7053025658242404e-13,0.9999999999999993
16952,-74.01067352294923,40.71631622314453,-73.99620056152342,40.7566032409668,844.72,2303,2303,-1.0,-1.0,-1,-1,0.0
16953,-73.9781494140625,40.78329086303711,-73.97086334228516,40.79757308959961,305.87,2303,2303,2343.55,2695.47,40.55000000000018,46.04999999999961,1.1505541569948003
16954,-73.97075653076173,40.78352737426758,-73.97248077392578,40.755104064941406,894.38,2304,2304,2341.17,3235.5499999999997,37.17000000000007,-3.410605131648481e-13,0.9999999999999997
16955,-73.96807098388672,40.765403747558594,-73.96166229248048,40.75944519042969,378.37,2304,2304,-1.0,-1.0,-1,-1,0.0
16956,-73.93732452392578,40.80452728271485,-73.9951171875,40.749866485595696,1714.82,2304,2304,2366.58,4081.3999999999996,62.57999999999993,-2.2737367544323206e-13,0.9999999999999999
16957,-73.97677612304686,40.76492691040039,-73.96349334716798,40.77465438842773,402.93,2304,2304,-1.0,-1.0,-1,-1,0.0
16958,-73.98100280761719,40.76449966430664,-74.00580596923827,40.72294616699219,995.14,2304,2304,2333.46,3328.6,29.460000000000036,-1.1368683772161603e-13,0.9999999999999999
16959,-73.97013854980467,40.76180648803711,-73.9886703491211,40.77832794189453,688.66,2304,2304,-1.0,-1.0,-1,-1,0.0
16960,-73.97555541992188,40.74383163452149,-73.991455078125,40.7496452331543,615.06,2304,2304,2524.38,3139.44,220.3800000000001,0.0,1.0
16961,-73.99591827392578,40.72641372680664,-73.99078369140625,40.75601577758789,900.69,2305,2305,2327.93,3320.25,22.929999999999836,91.63000000000011,1.1017331157223906
16962,-73.98829650878906,40.73785018920898,-73.98699951171875,40.7510986328125,499.5,2305,2305,-1.0,-1.0,-1,-1,0.0
16963,-74.01190948486328,40.70298385620117,-74.01547241210938,40.71188735961913,283.98,2305,2305,2354.72,2638.7,49.7199999999998,0.0,1.0
16964,-73.96672058105469,40.7672004699707,-73.97064208984375,40.78918838500977,619.68,2305,2305,2349.55,2969.23,44.55000000000018,-1.1368683772161603e-13,0.9999999999999998
16965,-73.96675872802734,40.7726936340332,-73.9665756225586,40.765403747558594,284.25,2305,2305,2345.2,2629.45,40.19999999999982,0.0,1.0
16966,-74.00513458251955,40.74101257324219,-73.98648834228516,40.722145080566406,899.82,2306,2306,-1.0,-1.0,-1,-1,0.0
16967,-73.97612762451173,40.77590942382813,-73.97241973876955,40.75632858276367,767.8,2306,2306,2340.91,3108.71,34.909999999999854,2.2737367544323206e-13,1.0000000000000002
16968,-73.97640228271484,40.7807502746582,-73.9783935546875,40.76482009887695,514.61,2306,2306,2319.33,2833.94,13.329999999999927,1.1368683772161603e-13,1.0000000000000002
16969,-74.00330352783203,40.7386474609375,-74.00555419921875,40.72625732421875,329.25,2306,2306,-1.0,-1.0,-1,-1,0.0
16970,-74.00161743164062,40.7306022644043,-74.00296020507811,40.736305236816406,232.0,2306,2306,2321.67,2553.67,15.670000000000073,0.0,1.0
16971,-73.96222686767578,40.77920913696289,-73.97042083740234,40.76554870605469,383.92,2306,2306,2345.65,2729.57,39.65000000000009,5.684341886080802e-14,1.0000000000000002
16972,-73.99068450927734,40.7711067199707,-73.98767852783203,40.75159072875977,678.09,2306,2306,2488.58,3166.67,182.57999999999993,1.1368683772161603e-13,1.0000000000000002
16973,-74.00838470458984,40.70469665527344,-73.9935531616211,40.74320983886719,965.9,2307,2307,-1.0,-1.0,-1,-1,0.0
16974,-73.98954010009766,40.72999954223633,-73.97682189941406,40.75193405151367,594.73,2307,2307,2458.46,3053.19,151.46000000000004,0.0,1.0
16975,-73.98652648925781,40.74010467529297,-74.00637817382812,40.733482360839844,577.32,2307,2307,2355.08,2969.53,48.07999999999993,37.13000000000022,1.0643144183468445
16976,-73.96939849853516,40.76110076904297,-73.95205688476562,40.77698516845703,476.46,2307,2307,2358.99,2835.45,51.98999999999978,5.684341886080802e-14,1.0000000000000002
16977,-73.99510192871094,40.72517395019531,-74.00554656982422,40.711238861083984,608.07,2307,2307,2333.36,2988.35,26.360000000000127,46.91999999999973,1.077162168829246
16978,-73.95417022705078,40.76617050170898,-73.95037841796875,40.783790588378906,409.67,2307,2307,-1.0,-1.0,-1,-1,0.0
16979,-73.96100616455078,40.76097106933594,-73.92693328857422,40.85984420776367,1265.05,2308,2308,2319.21,3586.52,11.210000000000036,2.259999999999991,1.0017864906525433
16980,-73.9988021850586,40.72304916381836,-73.97744750976562,40.75041961669922,878.07,2308,2308,-1.0,-1.0,-1,-1,0.0
16981,-73.96958923339844,40.7662239074707,-73.97926330566406,40.775066375732415,383.79,2308,2308,-1.0,-1.0,-1,-1,0.0
16982,-74.00101470947266,40.75732421875,-73.99334716796875,40.74281692504883,457.03,2308,2308,2317.16,2774.19,9.159999999999854,2.2737367544323206e-13,1.0000000000000004
16983,-73.96398162841797,40.77453994750977,-74.0043716430664,40.7477912902832,1184.77,2308,2308,2332.79,3609.81,24.789999999999964,92.25,1.0778632139571394
16984,-73.97222137451173,40.75632858276367,-73.98847198486328,40.72286987304688,871.36,2309,2309,2339.53,3215.09,30.5300000000002,4.199999999999932,1.0048200514138816
16985,-73.95720672607422,40.80191040039063,-73.94799041748048,40.782901763916016,602.38,2309,2309,2553.3,3155.6800000000003,244.30000000000018,1.1368683772161603e-13,1.0000000000000002
16986,-73.96434020996094,40.75466918945313,-73.99470520019531,40.725040435791016,924.95,2309,2309,2392.92,3317.87,83.92000000000007,-2.2737367544323206e-13,0.9999999999999998
16987,-73.95503997802734,40.783241271972656,-73.95722961425781,40.77500915527344,245.58,2309,2309,2357.48,2603.06,48.48000000000002,-8.526512829121202e-14,0.9999999999999997
16988,-73.98224639892578,40.77539443969727,-74.00978088378906,40.710357666015625,1486.39,2309,2309,2463.5,3949.89,154.5,-2.2737367544323206e-13,0.9999999999999999
16989,-73.98624420166014,40.75297927856445,-73.97864532470702,40.762222290039055,252.01,2309,2309,2323.01,2575.02,14.010000000000218,-2.2737367544323206e-13,0.9999999999999991
16990,-74.0071792602539,40.728187561035156,-74.01765441894531,40.70829772949219,514.67,2309,2309,-1.0,-1.0,-1,-1,0.0
16991,-73.97733306884766,40.7895622253418,-73.97933197021484,40.77684020996094,333.35,2310,2310,2353.42,2686.77,43.42000000000007,-1.1368683772161603e-13,0.9999999999999997
16992,-73.94444274902342,40.77913284301758,-73.96121978759766,40.75908279418945,584.31,2310,2310,2376.96,2961.27,66.96000000000004,0.0,1.0
16993,-74.00599670410156,40.73571014404297,-73.95108795166014,40.77508163452149,1349.84,2310,2310,2408.17,3758.0099999999998,98.17000000000007,-2.2737367544323206e-13,0.9999999999999998
16994,-74.0066909790039,40.73149490356445,-74.00473022460938,40.74626922607422,340.62,2310,2310,2345.5,2686.12,35.5,-1.1368683772161603e-13,0.9999999999999997
16995,-73.98302459716798,40.76166534423828,-73.97438049316406,40.757530212402344,395.87,2310,2310,-1.0,-1.0,-1,-1,0.0
16996,-73.9796142578125,40.72677230834961,-73.9894027709961,40.73334503173828,345.37,2310,2310,2357.05,2702.4200000000005,47.05000000000018,3.410605131648481e-13,1.0000000000000009
16997,-73.9881362915039,40.73790740966797,-73.98340606689453,40.755802154541016,620.89,2310,2310,-1.0,-1.0,-1,-1,0.0
16998,-73.96717071533203,40.75677490234375,-73.98284149169923,40.731388092041016,539.79,2310,2310,2329.17,2868.96,19.170000000000073,0.0,1.0
16999,-74.00281524658203,40.76052856445313,-73.94654846191406,40.77674865722656,1280.04,2310,2310,2345.58,3625.6199999999994,35.57999999999993,-4.547473508864641e-13,0.9999999999999997
17000,-73.98760223388672,40.738040924072266,-73.99075317382812,40.72844314575195,296.25,2310,2310,2315.72,2611.97,5.7199999999998,0.0,1.0
17001,-73.97771453857422,40.74624633789063,-73.98541259765625,40.75170135498047,420.32,2310,2310,-1.0,-1.0,-1,-1,0.0
17002,-73.9498748779297,40.768798828125,-73.95685577392578,40.76307678222656,246.99,2310,2310,-1.0,-1.0,-1,-1,0.0
17003,-73.9563980102539,40.78129196166992,-73.95635223388672,40.76417922973633,576.1,2310,2310,-1.0,-1.0,-1,-1,0.0
17004,-73.9900894165039,40.7257194519043,-73.98310852050781,40.75590133666992,972.71,2311,2311,2542.25,3514.9599999999996,231.25,-4.547473508864641e-13,0.9999999999999996
17005,-73.97030639648438,40.76538848876953,-73.97106170654298,40.795711517333984,763.32,2311,2311,2438.79,3202.11,127.78999999999996,1.1368683772161603e-13,1.0000000000000002
17006,-73.95657348632812,40.78401184082031,-73.97015380859375,40.79946517944336,532.18,2311,2311,2562.33,3094.5099999999998,251.32999999999993,-1.1368683772161603e-13,0.9999999999999998
17007,-73.98224639892578,40.76843643188477,-73.99048614501955,40.75123977661133,603.02,2311,2311,-1.0,-1.0,-1,-1,0.0
17008,-73.95299530029298,40.77808380126953,-73.95304107666014,40.78504180908203,227.62,2311,2311,2383.58,2611.2,72.57999999999993,-1.1368683772161603e-13,0.9999999999999996
17009,-73.99681854248048,40.75284194946289,-73.98291015625,40.74591064453125,647.74,2311,2311,2341.1,3050.85,30.09999999999991,62.00999999999999,1.0957328557754655
17010,-73.98143768310547,40.76778793334961,-73.95198822021484,40.77788543701172,778.8,2311,2311,2364.57,3188.41,53.570000000000164,45.039999999999736,1.0578325629173084
17011,-73.95618438720702,40.77579879760742,-73.94375610351562,40.777870178222656,317.48,2311,2311,2350.71,2668.19,39.710000000000036,0.0,1.0
17012,-73.96826171875,40.76168441772461,-73.98049163818358,40.73776245117188,575.47,2311,2311,-1.0,-1.0,-1,-1,0.0
17013,-73.98104095458984,40.759925842285156,-73.97382354736328,40.77917098999024,547.21,2311,2311,-1.0,-1.0,-1,-1,0.0
17014,-73.961181640625,40.7708854675293,-73.96815490722656,40.76248168945313,265.25,2312,2312,2367.6099999999997,2632.86,55.60999999999967,4.547473508864641e-13,1.0000000000000018
17015,-73.96724700927734,40.76034927368164,-73.9879608154297,40.754600524902344,756.31,2312,2312,-1.0,-1.0,-1,-1,0.0
17016,-73.98059844970702,40.7823371887207,-73.98626708984375,40.77141952514648,354.69,2312,2312,2400.46,2755.15,88.46000000000004,5.684341886080802e-14,1.0000000000000002
17017,-73.97112274169923,40.74941635131836,-73.99674224853516,40.72048568725585,874.85,2312,2312,-1.0,-1.0,-1,-1,0.0
17018,-73.96208953857422,40.77590942382813,-73.972412109375,40.76520156860352,354.55,2312,2312,2340.0,2694.55,28.0,1.7053025658242404e-13,1.0000000000000004
17019,-73.95340728759766,40.782569885253906,-73.95104217529298,40.77173614501953,379.37,2312,2312,2542.89,2922.2599999999998,230.88999999999987,-1.1368683772161603e-13,0.9999999999999997
17020,-74.01235961914062,40.70934295654297,-73.99240112304686,40.72395324707031,711.38,2312,2312,2379.21,3090.59,67.21000000000004,1.1368683772161603e-13,1.0000000000000002
17021,-74.00267028808594,40.739421844482415,-73.99603271484375,40.74882125854492,228.05,2312,2312,2352.96,2581.01,40.960000000000036,1.7053025658242404e-13,1.0000000000000007
17022,-73.97247314453125,40.75933074951172,-73.95510101318358,40.785152435302734,583.38,2312,2312,-1.0,-1.0,-1,-1,0.0
17023,-73.98626708984375,40.75534057617188,-73.9929962158203,40.763160705566406,314.77,2312,2312,-1.0,-1.0,-1,-1,0.0
17024,-73.99224853515625,40.72890090942383,-74.01335906982422,40.70589065551758,892.18,2312,2312,-1.0,-1.0,-1,-1,0.0
17025,-74.00537109375,40.72563171386719,-73.97347259521484,40.74897003173828,1008.68,2313,2313,-1.0,-1.0,-1,-1,0.0
17026,-74.00762176513672,40.70545959472656,-73.97496032714845,40.750801086425774,826.17,2313,2313,2394.55,3220.72,81.55000000000018,-3.410605131648481e-13,0.9999999999999996
17027,-73.94745635986328,40.77117919921875,-73.98522186279298,40.75904846191406,1209.67,2313,2313,-1.0,-1.0,-1,-1,0.0
17028,-73.99420928955078,40.75636672973633,-73.98928833007811,40.73794555664063,607.28,2313,2313,2340.37,2947.65,27.36999999999989,2.2737367544323206e-13,1.0000000000000004
17029,-73.96884155273438,40.757511138916016,-73.95652770996094,40.78076934814453,526.19,2313,2313,-1.0,-1.0,-1,-1,0.0
17030,-74.00211334228516,40.750938415527344,-73.98139190673827,40.779109954833984,550.23,2313,2313,-1.0,-1.0,-1,-1,0.0
17031,-74.00553131103516,40.73943710327149,-74.00267791748048,40.73061752319336,290.72,2313,2313,-1.0,-1.0,-1,-1,0.0
17032,-73.96492004394531,40.76657104492188,-73.97714233398438,40.77680969238281,460.21,2313,2313,-1.0,-1.0,-1,-1,0.0
17033,-74.00070953369139,40.72750854492188,-73.98764038085938,40.71989440917969,507.92,2313,2313,2345.91,2853.83,32.909999999999854,5.684341886080802e-14,1.0000000000000002
17034,-73.9822006225586,40.76835632324219,-73.98979949951173,40.75661087036133,557.48,2313,2313,-1.0,-1.0,-1,-1,0.0
17035,-73.9758529663086,40.74895095825195,-73.9888916015625,40.72428894042969,657.77,2314,2314,-1.0,-1.0,-1,-1,0.0
17036,-73.9500274658203,40.77191925048828,-73.95375061035155,40.77880859375,249.53,2314,2314,2370.88,2620.41,56.88000000000011,-2.5579538487363607e-13,0.999999999999999
17037,-73.96778869628906,40.76845169067383,-73.95587158203125,40.78187942504883,337.6,2314,2314,-1.0,-1.0,-1,-1,0.0
17038,-74.00163269042969,40.72804641723633,-73.98849487304686,40.74013137817383,446.91,2314,2314,-1.0,-1.0,-1,-1,0.0
17039,-73.9717788696289,40.76324844360352,-73.95540618896483,40.76726150512695,452.64,2314,2314,-1.0,-1.0,-1,-1,0.0
17040,-73.97085571289062,40.76726531982422,-73.98882293701173,40.76012802124024,719.17,2315,2315,2361.93,3081.1,46.929999999999836,1.1368683772161603e-13,1.0000000000000002
17041,-74.006103515625,40.704383850097656,-74.00830841064453,40.74647903442383,837.37,2315,2315,-1.0,-1.0,-1,-1,0.0
17042,-73.98764038085938,40.72119903564453,-73.96296691894531,40.75849914550781,750.57,2315,2315,2340.0,3090.57,25.0,1.1368683772161603e-13,1.0000000000000002
17043,-73.98827362060547,40.743202209472656,-74.00002288818358,40.73481369018555,342.58,2315,2315,2350.6,2693.18,35.59999999999991,-5.684341886080802e-14,0.9999999999999999
17044,-73.99413299560547,40.75157165527344,-74.00116729736328,40.73521041870117,543.33,2315,2315,-1.0,-1.0,-1,-1,0.0
17045,-74.00550079345702,40.74604415893555,-73.99029541015625,40.74591064453125,362.01,2315,2315,-1.0,-1.0,-1,-1,0.0
17046,-73.98117828369139,40.77410888671875,-73.98968505859375,40.766277313232415,299.2,2315,2315,-1.0,-1.0,-1,-1,0.0
17047,-73.9947280883789,40.747840881347656,-74.00106811523438,40.72024154663085,732.24,2315,2315,-1.0,-1.0,-1,-1,0.0
17048,-74.00548553466798,40.74589920043945,-73.99121856689453,40.75559616088867,380.79,2315,2315,-1.0,-1.0,-1,-1,0.0
17049,-73.9924545288086,40.75892639160156,-73.97697448730467,40.74734878540039,672.43,2315,2315,-1.0,-1.0,-1,-1,0.0
17050,-73.97128295898438,40.760459899902344,-73.99407958984375,40.72825622558594,877.72,2315,2315,-1.0,-1.0,-1,-1,0.0
17051,-73.99010467529298,40.73283004760742,-73.98198699951173,40.772132873535156,1192.94,2316,2316,-1.0,-1.0,-1,-1,0.0
17052,-74.0147705078125,40.714115142822266,-74.00534057617188,40.726875305175774,385.57,2316,2316,2414.5,2800.07,98.5,1.7053025658242404e-13,1.0000000000000004
17053,-74.00946044921875,40.710391998291016,-73.98603057861328,40.72230529785156,618.66,2316,2316,-1.0,-1.0,-1,-1,0.0
17054,-73.99215698242188,40.738189697265625,-74.01016235351562,40.70927810668945,915.28,2316,2316,-1.0,-1.0,-1,-1,0.0
17055,-73.98007202148438,40.7805290222168,-73.9886474609375,40.77503967285156,292.14,2316,2316,2449.17,2741.31,133.17000000000007,-1.1368683772161603e-13,0.9999999999999996
17056,-73.98861694335938,40.74890899658203,-73.95194244384766,40.80894088745117,1450.99,2316,2316,-1.0,-1.0,-1,-1,0.0
17057,-73.93907165527342,40.80223083496094,-73.93254852294923,40.79597854614258,298.71,2317,2317,2483.3,2782.01,166.30000000000018,5.684341886080802e-14,1.0000000000000002
17058,-73.9930648803711,40.73005676269531,-74.0113754272461,40.70807647705078,690.23,2317,2317,-1.0,-1.0,-1,-1,0.0
17059,-73.9520492553711,40.76918029785156,-73.95758819580078,40.765960693359375,192.45,2317,2317,-1.0,-1.0,-1,-1,0.0
17060,-73.95109558105469,40.77510070800781,-73.96037292480467,40.77056884765625,294.05,2317,2317,2371.27,2688.37,54.26999999999998,23.049999999999898,1.0783880292467265
17061,-74.0037612915039,40.73218536376953,-73.99102020263672,40.756023406982415,652.68,2317,2317,2369.36,3022.04,52.36000000000013,-1.1368683772161603e-13,0.9999999999999998
17062,-73.98372650146483,40.752891540527344,-73.98526763916014,40.73854064941406,478.39,2317,2317,-1.0,-1.0,-1,-1,0.0
17063,-73.99386596679686,40.75022506713867,-74.00324249267578,40.724082946777344,868.71,2317,2317,2340.0,3234.59,23.0,25.88000000000011,1.0297912997432976
17064,-73.97350311279298,40.76371383666992,-74.00943756103516,40.724285125732415,1241.41,2317,2317,-1.0,-1.0,-1,-1,0.0
17065,-73.9980926513672,40.7224235534668,-74.0053482055664,40.73214340209961,433.73,2317,2317,-1.0,-1.0,-1,-1,0.0
17066,-73.98226928710938,40.74554443359375,-74.00527954101562,40.736087799072266,641.01,2318,2318,-1.0,-1.0,-1,-1,0.0
17067,-73.9729995727539,40.75582885742188,-73.98043823242188,40.74584197998047,242.63,2318,2318,2346.4900000000002,2589.12,28.490000000000236,-3.410605131648481e-13,0.9999999999999986
17068,-73.98599243164062,40.75997924804688,-73.99407196044923,40.756511688232415,368.99,2318,2318,-1.0,-1.0,-1,-1,0.0
17069,-73.96592712402342,40.79519271850585,-73.97274780273438,40.78252410888672,253.62,2318,2318,2573.64,2827.26,255.63999999999987,3.410605131648481e-13,1.0000000000000013
17070,-73.9724349975586,40.758872985839844,-73.9846954345703,40.75941848754883,475.3,2318,2318,-1.0,-1.0,-1,-1,0.0
17071,-73.96974182128906,40.7973747253418,-73.93495178222656,40.79846954345703,863.63,2318,2318,2788.19,3651.8199999999997,470.19000000000005,-3.410605131648481e-13,0.9999999999999996
17072,-73.94560241699219,40.77382278442383,-73.95586395263672,40.77965545654297,301.84,2318,2318,-1.0,-1.0,-1,-1,0.0
17073,-73.98009490966798,40.78097915649415,-73.97257995605469,40.79259872436523,226.14,2319,2319,2340.0,2566.14,21.0,-1.1368683772161603e-13,0.9999999999999994
17074,-73.97782135009766,40.746315002441406,-73.96483612060547,40.75564575195313,370.65,2319,2319,-1.0,-1.0,-1,-1,0.0
17075,-73.96022033691406,40.7696418762207,-73.96421813964844,40.76456832885742,259.71,2320,2320,2340.0,2599.71,20.0,5.684341886080802e-14,1.0000000000000002
17076,-73.98533630371094,40.781246185302734,-73.97178649902342,40.79736709594727,367.34,2320,2320,-1.0,-1.0,-1,-1,0.0
17077,-73.95194244384766,40.76927947998047,-73.95115661621094,40.7777099609375,223.49,2320,2320,2360.14,2583.63,40.13999999999987,2.2737367544323206e-13,1.000000000000001
17078,-73.98125457763672,40.75023651123047,-73.96812438964845,40.75939559936523,452.87,2320,2320,-1.0,-1.0,-1,-1,0.0
17079,-73.97130584716798,40.766510009765625,-73.9791030883789,40.76671981811523,266.51,2320,2320,-1.0,-1.0,-1,-1,0.0
17080,-73.97572326660156,40.76544570922852,-73.98291015625,40.76357650756836,259.92,2320,2320,2359.21,2678.37,39.210000000000036,59.23999999999984,1.2279162819329017
17081,-73.96415710449219,40.75626754760742,-74.00254821777344,40.74370574951172,1139.99,2320,2320,-1.0,-1.0,-1,-1,0.0
17082,-74.01143646240234,40.72308349609375,-74.00469207763672,40.72139358520508,250.57,2320,2320,2443.33,2693.9,123.32999999999993,1.7053025658242404e-13,1.0000000000000007
17083,-73.98738098144531,40.76033401489258,-73.98265075683594,40.77153778076172,274.98,2320,2320,-1.0,-1.0,-1,-1,0.0
17084,-73.99565887451173,40.73296356201172,-73.9944839477539,40.74075698852539,218.41,2320,2320,2435.3,2653.71,115.30000000000018,-1.4210854715202004e-13,0.9999999999999993
17085,-73.95938873291014,40.75900268554688,-73.97773742675781,40.72936630249024,559.14,2320,2320,2358.54,2917.6799999999994,38.539999999999964,-5.684341886080801e-13,0.999999999999999
17086,-74.00843811035155,40.72076797485352,-74.0033187866211,40.74885559082031,478.04,2321,2321,2351.88,2829.92,30.88000000000011,-5.684341886080802e-14,0.9999999999999999
17087,-73.99755096435547,40.729942321777344,-74.01719665527344,40.705238342285156,836.09,2321,2321,2340.0,3176.0899999999997,19.0,-3.410605131648481e-13,0.9999999999999996
17088,-73.97225952148438,40.76560974121094,-73.9683609008789,40.78673934936523,652.74,2321,2321,2366.34,3019.08,45.340000000000146,-2.2737367544323206e-13,0.9999999999999997
17089,-73.99798583984375,40.73796844482422,-74.00483703613281,40.74083709716797,229.13,2321,2321,-1.0,-1.0,-1,-1,0.0
17090,-73.99234008789062,40.74932098388672,-73.9875259399414,40.76037216186523,442.35,2321,2321,2340.0,2782.35,19.0,-1.1368683772161603e-13,0.9999999999999998
17091,-73.9959716796875,40.732818603515625,-73.982666015625,40.77094268798828,1082.47,2321,2321,2380.88,3463.3500000000004,59.88000000000011,2.2737367544323206e-13,1.0000000000000002
17092,-73.99867248535155,40.72792434692383,-73.99076843261719,40.730262756347656,271.38,2321,2321,2340.0,2611.38,19.0,1.1368683772161603e-13,1.0000000000000004
17093,-74.01701354980467,40.70546340942383,-74.00662231445312,40.74313735961913,636.65,2322,2322,2440.21,3076.86,118.21000000000004,1.1368683772161603e-13,1.0000000000000002
17094,-74.0019989013672,40.73512268066406,-74.00015258789062,40.744384765625,320.63,2322,2322,2364.22,2713.34,42.2199999999998,28.49000000000035,1.0888563141315546
17095,-73.96003723144531,40.76236343383789,-73.9530258178711,40.77849960327149,335.25,2322,2322,2363.0299999999997,2698.2799999999997,41.029999999999745,0.0,1.0
17096,-73.98985290527344,40.74710083007813,-73.99890899658203,40.72941970825195,571.7,2322,2322,2349.75,2981.97,27.75,60.519999999999754,1.105859716634598
17097,-74.01426696777344,40.71527862548828,-74.00779724121094,40.71868133544922,244.37,2322,2322,-1.0,-1.0,-1,-1,0.0
17098,-73.95594787597656,40.7680549621582,-73.9385757446289,40.791542053222656,335.85,2322,2322,2340.91,2676.76,18.909999999999854,3.410605131648481e-13,1.000000000000001
17099,-73.99713897705078,40.72213363647461,-73.9900665283203,40.71697235107422,432.87,2322,2322,2557.12,2989.9900000000002,235.1199999999999,3.410605131648481e-13,1.0000000000000009
17100,-73.98516845703125,40.74297332763672,-74.00508117675781,40.75161361694336,620.74,2322,2322,-1.0,-1.0,-1,-1,0.0
17101,-73.95791625976562,40.7763786315918,-73.94477844238281,40.77921676635742,331.27,2322,2322,2380.21,2711.48,58.210000000000036,0.0,1.0
17102,-73.98603820800781,40.74086380004883,-73.98023986816406,40.748680114746094,207.24,2323,2323,-1.0,-1.0,-1,-1,0.0
17103,-73.97433471679686,40.74687576293945,-73.9961929321289,40.71611022949219,735.04,2323,2323,-1.0,-1.0,-1,-1,0.0
17104,-73.9729232788086,40.78553009033203,-73.9825668334961,40.77225112915039,289.26,2323,2323,2375.98,2665.2400000000002,52.98000000000002,2.2737367544323206e-13,1.0000000000000009
17105,-73.96623992919923,40.78960037231445,-73.97695922851562,40.74836730957031,1222.78,2323,2323,-1.0,-1.0,-1,-1,0.0
17106,-73.97441864013672,40.75339126586913,-73.97039031982422,40.764949798583984,409.34,2323,2323,-1.0,-1.0,-1,-1,0.0
17107,-73.98812103271484,40.73199462890625,-73.98382568359375,40.72698211669922,219.92,2323,2323,2365.5299999999997,2585.45,42.529999999999745,8.526512829121202e-14,1.0000000000000004
17108,-73.9786605834961,40.76411056518555,-73.98370361328125,40.74237823486328,719.29,2323,2323,-1.0,-1.0,-1,-1,0.0
17109,-74.00617218017578,40.70606231689453,-73.99380493164062,40.75727844238281,1168.26,2323,2323,-1.0,-1.0,-1,-1,0.0
17110,-73.96588897705078,40.76258850097656,-73.94203186035155,40.790489196777344,513.76,2323,2323,-1.0,-1.0,-1,-1,0.0
17111,-73.97090148925781,40.7585563659668,-73.9608154296875,40.77806091308594,535.63,2324,2324,-1.0,-1.0,-1,-1,0.0
17112,-73.98184967041014,40.7283592224121,-73.97689819335938,40.75210952758789,620.67,2324,2324,2381.21,3001.88,57.210000000000036,1.1368683772161603e-13,1.0000000000000002
17113,-74.00515747070312,40.718563079833984,-73.99466705322266,40.72575378417969,415.51,2324,2324,2435.45,2850.96,111.44999999999982,2.2737367544323206e-13,1.0000000000000004
17114,-73.9520492553711,40.76931381225585,-73.9612045288086,40.76411819458008,309.96,2324,2324,-1.0,-1.0,-1,-1,0.0
17115,-73.97954559326173,40.7353744506836,-73.95806121826173,40.76499938964844,495.89,2324,2324,2375.76,2871.65,51.76000000000022,-1.1368683772161603e-13,0.9999999999999998
17116,-74.01018524169923,40.72104263305664,-73.95829772949219,40.78165054321289,1537.76,2324,2324,-1.0,-1.0,-1,-1,0.0
17117,-73.96175384521484,40.7558479309082,-73.95586395263672,40.78501510620117,703.7,2325,2325,-1.0,-1.0,-1,-1,0.0
17118,-73.98108673095702,40.74762725830078,-73.99094390869139,40.740013122558594,300.79,2325,2325,-1.0,-1.0,-1,-1,0.0
17119,-73.9683837890625,40.76235961914063,-73.97917938232422,40.7471809387207,398.76,2325,2325,2351.5400000000004,2750.3,26.54000000000042,-2.2737367544323206e-13,0.9999999999999994
17120,-73.95591735839844,40.76411056518555,-73.95298767089844,40.78019714355469,391.7,2326,2326,2342.71,2836.7400000000002,16.710000000000036,102.33000000000021,1.2612458514169012
17121,-74.00181579589844,40.74608612060547,-73.99073791503906,40.73963165283203,320.99,2326,2326,2377.82,2698.81,51.820000000000164,-2.2737367544323206e-13,0.9999999999999993
17122,-74.00007629394531,40.72697448730469,-73.99152374267578,40.72692108154297,274.93,2326,2326,2424.62,2699.55,98.61999999999989,2.8421709430404007e-13,1.000000000000001
17123,-73.9735336303711,40.76340866088867,-73.980712890625,40.74789810180664,569.46,2326,2326,-1.0,-1.0,-1,-1,0.0
17124,-73.98157501220702,40.76308822631836,-74.00305938720702,40.750503540039055,735.49,2326,2326,-1.0,-1.0,-1,-1,0.0
17125,-73.98200225830078,40.76321029663085,-74.0037612915039,40.75093078613281,679.47,2326,2326,2382.56,3062.03,56.559999999999945,2.2737367544323206e-13,1.0000000000000004
17126,-73.96365356445312,40.756999969482415,-73.97073364257811,40.75836181640625,275.42,2326,2326,-1.0,-1.0,-1,-1,0.0
17127,-73.97223663330078,40.759239196777344,-73.95642852783203,40.76778793334961,455.49,2326,2326,-1.0,-1.0,-1,-1,0.0
17128,-73.97013854980467,40.79391098022461,-73.95476531982422,40.806724548339844,409.13,2326,2326,2369.72,2778.85,43.7199999999998,1.1368683772161603e-13,1.0000000000000002
17129,-73.96464538574219,40.77475357055664,-73.9700698852539,40.76388931274415,380.62,2327,2327,2365.81,2746.43,38.809999999999945,-1.1368683772161603e-13,0.9999999999999997
17130,-74.00281524658203,40.72317504882813,-73.98973846435547,40.74727249145508,547.78,2327,2327,2411.79,2959.57,84.78999999999996,2.2737367544323206e-13,1.0000000000000004
17131,-73.99852752685547,40.73514175415039,-73.9846420288086,40.740230560302734,430.57,2327,2327,-1.0,-1.0,-1,-1,0.0
17132,-74.0131301879883,40.70246887207031,-73.97766876220702,40.77391052246094,1458.45,2327,2327,2386.55,3866.749999999999,59.55000000000018,21.749999999998863,1.0149130926668717
17133,-73.99403381347656,40.75121688842773,-73.97970581054686,40.771011352539055,532.29,2327,2327,-1.0,-1.0,-1,-1,0.0
17134,-73.99283599853516,40.736900329589844,-74.00685882568358,40.74133682250977,379.59,2327,2327,2365.3900000000003,2784.61,38.39000000000033,39.629999999999825,1.1044021180747645
17135,-73.9859619140625,40.761394500732415,-74.00093078613281,40.76264572143555,402.6,2327,2327,-1.0,-1.0,-1,-1,0.0
17136,-73.97836303710938,40.75222778320313,-73.98466491699219,40.734771728515625,539.17,2328,2328,2382.14,2936.39,54.13999999999987,15.080000000000041,1.0279689151844502
17137,-73.98627471923827,40.75202178955078,-73.9662857055664,40.75375747680664,586.08,2328,2328,-1.0,-1.0,-1,-1,0.0
17138,-73.9498748779297,40.76858139038085,-73.96473693847656,40.756004333496094,493.74,2328,2328,-1.0,-1.0,-1,-1,0.0
17139,-74.00312042236328,40.7387809753418,-73.99185180664062,40.73012924194336,482.21,2328,2328,2478.13,2960.34,150.1300000000001,5.684341886080802e-14,1.0000000000000002
17140,-73.97025299072266,40.76166534423828,-73.98413848876955,40.74027633666992,541.17,2328,2328,-1.0,-1.0,-1,-1,0.0
17141,-73.98995971679686,40.735366821289055,-73.99114990234375,40.75527572631836,740.9,2328,2328,2399.12,3140.02,71.11999999999989,1.1368683772161603e-13,1.0000000000000002
17142,-73.96437835693358,40.75583267211913,-73.99519348144531,40.72259521484375,913.86,2329,2329,2441.21,3355.07,112.21000000000004,1.1368683772161603e-13,1.0000000000000002
17143,-73.95677947998048,40.77072143554688,-73.98346710205078,40.726051330566406,971.57,2329,2329,2384.38,3415.03,55.38000000000011,59.08000000000004,1.0608087940138127
17144,-73.97325897216798,40.75809860229492,-73.96295928955078,40.77212142944336,395.16,2329,2329,-1.0,-1.0,-1,-1,0.0
17145,-74.00390625,40.73189163208008,-73.99065399169923,40.75608825683594,654.93,2329,2329,2351.54,3022.98,22.539999999999964,16.510000000000105,1.0252088009405587
17146,-73.99561309814453,40.74925231933594,-73.99900817871094,40.75455093383789,203.87,2329,2329,-1.0,-1.0,-1,-1,0.0
17147,-73.9742431640625,40.77838897705078,-73.96724700927734,40.7879295349121,202.85,2329,2329,2372.67,2575.52,43.67000000000007,-8.526512829121202e-14,0.9999999999999996
17148,-73.96607971191406,40.752830505371094,-73.97132873535155,40.7661018371582,609.47,2330,2330,-1.0,-1.0,-1,-1,0.0
17149,-73.98706817626955,40.76123809814453,-73.98731231689453,40.72243118286133,1344.06,2330,2330,-1.0,-1.0,-1,-1,0.0
17150,-74.00431060791014,40.7475814819336,-74.01023864746094,40.720550537109375,566.47,2330,2330,-1.0,-1.0,-1,-1,0.0
17151,-73.97782135009766,40.74628829956055,-74.00187683105469,40.72467041015625,778.62,2330,2330,2386.97,3222.8,56.9699999999998,57.21000000000038,1.0734761501117367
17152,-73.96588134765625,40.79002380371094,-73.95623016357422,40.78479385375977,359.45,2330,2330,-1.0,-1.0,-1,-1,0.0
17153,-73.96897888183594,40.75738906860352,-73.95133209228516,40.77933883666992,495.26,2330,2330,-1.0,-1.0,-1,-1,0.0
17154,-73.99673461914062,40.7425537109375,-74.00055694580078,40.72886657714844,367.74,2330,2330,2371.0,2738.7400000000002,41.0,2.2737367544323206e-13,1.0000000000000007
17155,-73.94605255126955,40.78181076049805,-73.95574188232422,40.78733825683594,297.04,2330,2330,2343.4,2675.6,13.400000000000091,35.1599999999998,1.1183678965795845
17156,-74.00560760498048,40.70611953735352,-74.00678253173827,40.73088073730469,713.86,2330,2330,-1.0,-1.0,-1,-1,0.0
17157,-73.98733520507811,40.76586151123047,-73.98624420166014,40.7588996887207,325.04,2330,2330,2356.63,2757.92,26.63000000000011,76.24999999999994,1.2345865124292392
17158,-73.98973846435547,40.746925354003906,-73.9811248779297,40.75029754638672,284.75,2331,2331,2366.43,2651.18,35.429999999999836,0.0,1.0
17159,-73.99417877197266,40.75658416748047,-74.00767517089844,40.74087524414063,467.61,2331,2331,-1.0,-1.0,-1,-1,0.0
17160,-73.98179626464844,40.740623474121094,-73.98359680175781,40.76723861694336,955.72,2331,2331,2348.57,3392.1,17.570000000000164,87.80999999999972,1.0918783744192857
17161,-73.9634780883789,40.77183151245117,-73.99080657958984,40.73736953735352,1061.22,2331,2331,2378.37,3502.58,47.36999999999989,62.99000000000001,1.0593562126608997
17162,-73.99491119384766,40.74018478393555,-73.97261810302734,40.74510192871094,603.12,2331,2331,-1.0,-1.0,-1,-1,0.0
17163,-73.97557067871094,40.75202941894531,-74.00900268554686,40.70608139038085,1042.67,2331,2331,-1.0,-1.0,-1,-1,0.0
17164,-73.96852111816406,40.75900650024415,-73.98091888427734,40.781028747558594,834.65,2331,2331,-1.0,-1.0,-1,-1,0.0
17165,-73.96701049804686,40.79372024536133,-73.9506607055664,40.80990982055664,446.0,2331,2331,2639.82,3085.8199999999997,308.82000000000016,-4.547473508864641e-13,0.999999999999999
17166,-73.9801025390625,40.7812614440918,-73.98223876953125,40.76789855957031,393.95,2332,2332,2375.2599999999998,2769.21,43.25999999999976,2.8421709430404007e-13,1.0000000000000007
17167,-73.96749877929686,40.80308532714844,-73.97183227539062,40.79486083984375,216.15,2332,2332,2378.96,2647.4500000000003,46.960000000000036,52.34000000000023,1.242146657413834
17168,-73.99507904052734,40.7340087890625,-73.99176788330078,40.74914932250977,493.0,2332,2332,2385.76,2878.76,53.76000000000022,0.0,1.0
17169,-73.96248626708984,40.76324844360352,-73.95719146728516,40.78316116333008,531.18,2332,2332,-1.0,-1.0,-1,-1,0.0
17170,-74.00588226318358,40.74294662475585,-73.97435760498048,40.72300720214844,1093.08,2332,2332,-1.0,-1.0,-1,-1,0.0
17171,-73.9684066772461,40.76187515258789,-73.94674682617188,40.777488708496094,562.61,2332,2332,-1.0,-1.0,-1,-1,0.0
17172,-73.98533630371094,40.7422103881836,-73.9600067138672,40.77045822143555,813.1,2332,2332,2376.03,3211.09,44.0300000000002,21.959999999999923,1.027007748124462
17173,-73.98970794677734,40.74706268310547,-73.94996643066406,40.77204513549805,1094.64,2332,2332,2441.0,3535.64,109.0,-2.2737367544323206e-13,0.9999999999999998
17174,-73.98881530761719,40.74259948730469,-73.99529266357422,40.72726058959961,410.96,2333,2333,2369.36,2780.32,36.36000000000013,5.684341886080802e-14,1.0000000000000002
17175,-73.98899841308595,40.77421569824219,-74.00382995605469,40.71556091308594,1247.94,2333,2333,2383.83,3631.77,50.82999999999993,0.0,1.0
17176,-73.95464324951173,40.78378677368164,-73.95869445800781,40.77235412597656,365.62,2333,2333,2383.47,2807.6800000000003,50.4699999999998,58.59000000000049,1.160248345276518
17177,-73.97582244873048,40.760719299316406,-73.9896926879883,40.762428283691406,486.0,2333,2333,-1.0,-1.0,-1,-1,0.0
17178,-73.99422454833984,40.74616622924805,-73.99356079101562,40.72029495239258,864.51,2333,2333,-1.0,-1.0,-1,-1,0.0
17179,-73.98242950439453,40.74573516845703,-74.00267028808594,40.7236328125,687.89,2333,2333,2368.25,3056.14,35.25,-1.1368683772161603e-13,0.9999999999999999
17180,-73.97351837158203,40.789710998535156,-73.95677185058595,40.77656555175781,510.19,2333,2333,2356.95,2954.95,23.949999999999818,87.81,1.1721123503008684
17181,-73.9745864868164,40.75090789794922,-74.00750732421875,40.706356048583984,925.33,2333,2333,-1.0,-1.0,-1,-1,0.0
17182,-73.99466705322266,40.739013671875,-74.00724792480467,40.70379257202149,1022.41,2333,2333,-1.0,-1.0,-1,-1,0.0
17183,-73.98787689208984,40.75517654418945,-73.96612548828125,40.75917434692383,746.08,2333,2333,-1.0,-1.0,-1,-1,0.0
17184,-73.9954833984375,40.72529220581055,-74.01336669921875,40.71739959716797,584.68,2333,2333,2371.88,2956.56,38.88000000000011,-1.1368683772161603e-13,0.9999999999999998
17185,-73.9661865234375,40.789714813232415,-73.95850372314453,40.781497955322266,308.91,2333,2333,2361.64,2694.3,28.639999999999873,23.750000000000284,1.076883234599075
17186,-73.99318695068358,40.74243927001953,-73.98680877685547,40.7265853881836,591.45,2333,2333,2372.13,2963.58,39.13000000000011,-2.2737367544323206e-13,0.9999999999999997
17187,-73.97994995117188,40.770843505859375,-73.99200439453125,40.74491500854492,944.31,2333,2333,2383.1,3388.94,50.09999999999991,61.5300000000002,1.065158687295486
17188,-73.9864501953125,40.751930236816406,-73.9713363647461,40.75613403320313,509.17,2334,2334,2362.84,2897.82,28.840000000000146,25.810000000000002,1.0506903391794489
17189,-74.00517272949219,40.746337890625,-74.01187133789062,40.71388626098633,734.43,2334,2334,2349.04,3083.47,15.039999999999964,-1.1368683772161603e-13,0.9999999999999999
17190,-73.98468780517578,40.73215103149415,-73.9990234375,40.7383918762207,374.51,2334,2334,2343.54,2718.05,9.539999999999964,2.2737367544323206e-13,1.0000000000000007
17191,-73.98512268066406,40.73248672485352,-73.98596954345702,40.76173782348633,1034.25,2334,2334,2383.27,3417.52,49.26999999999998,0.0,1.0
17192,-73.9911880493164,40.75005340576172,-73.9789505004883,40.74073028564453,588.45,2334,2334,2454.57,3043.02,120.57000000000016,-2.2737367544323206e-13,0.9999999999999997
17193,-73.99660491943358,40.76263427734375,-73.98260498046875,40.765846252441406,404.45,2334,2334,-1.0,-1.0,-1,-1,0.0
17194,-73.98313140869139,40.7448616027832,-73.9583511352539,40.76295852661133,671.05,2335,2335,-1.0,-1.0,-1,-1,0.0
17195,-73.96002197265625,40.76662826538085,-73.99424743652342,40.732322692871094,1058.67,2335,2335,2394.39,3453.06,59.38999999999987,0.0,1.0
17196,-73.96179962158203,40.7710189819336,-73.94425201416014,40.778099060058594,403.45,2335,2335,2354.34,2847.95,19.340000000000146,90.15999999999968,1.2234725492626093
17197,-73.99430847167969,40.7559814453125,-74.01424407958984,40.71708679199219,842.99,2335,2335,2346.97,3277.34,11.9699999999998,87.38000000000034,1.1036548476257135
17198,-73.97138977050781,40.75468826293945,-74.00148010253906,40.73949813842773,903.13,2335,2335,2370.6400000000003,3320.28,35.64000000000033,46.50999999999988,1.0514986768239345
17199,-73.98020172119139,40.78352737426758,-73.96138763427734,40.81205749511719,521.59,2335,2335,2356.02,2958.53,21.019999999999982,80.92000000000019,1.1551410111390177
17200,-73.94558715820312,40.77382278442383,-73.96821594238281,40.755462646484375,592.5,2335,2335,2389.18,2981.68,54.179999999999836,0.0,1.0
17201,-74.00409698486328,40.74824905395508,-73.99458312988281,40.75065994262695,234.84,2335,2335,-1.0,-1.0,-1,-1,0.0
17202,-73.98617553710938,40.726577758789055,-73.9846954345703,40.73479080200195,235.0,2335,2335,2462.53,2697.53,127.5300000000002,0.0,1.0
17203,-73.986572265625,40.739845275878906,-73.97831726074219,40.75129318237305,325.03,2335,2335,2358.44,2683.47,23.440000000000055,-2.2737367544323206e-13,0.9999999999999993
17204,-73.99789428710938,40.73587036132813,-74.00592041015625,40.745338439941406,352.66,2336,2336,-1.0,-1.0,-1,-1,0.0
17205,-73.96891784667969,40.7542839050293,-73.98322296142578,40.74174880981445,413.67,2336,2336,-1.0,-1.0,-1,-1,0.0
17206,-74.0076904296875,40.72312927246094,-73.99468231201173,40.75042343139648,531.21,2336,2336,2354.04,2885.25,18.039999999999964,0.0,1.0
17207,-73.99746704101562,40.75643539428711,-73.98650360107422,40.74769592285156,509.97,2336,2336,2342.42,2937.51,6.420000000000073,85.12000000000012,1.1669117791242625
17208,-74.00533294677734,40.745941162109375,-73.98097991943358,40.75051879882813,674.07,2336,2336,2365.91,3044.08,29.909999999999854,4.100000000000023,1.0060824543445044
17209,-74.00923919677734,40.7261848449707,-73.99027252197266,40.75830078125,796.43,2336,2336,-1.0,-1.0,-1,-1,0.0
17210,-73.98104858398438,40.75455093383789,-73.9820785522461,40.77058792114258,562.5,2336,2336,2382.4500000000003,2944.9500000000003,46.45000000000027,0.0,1.0
17211,-73.97727203369139,40.784427642822266,-73.97445678710938,40.793418884277344,218.81,2336,2336,2367.09,2585.9,31.090000000000146,-5.684341886080802e-14,0.9999999999999998
17212,-73.97818756103516,40.75767135620117,-73.99986267089844,40.76138305664063,667.13,2336,2336,-1.0,-1.0,-1,-1,0.0
17213,-73.98197937011719,40.77170944213867,-73.98887634277344,40.74493789672852,926.66,2337,2337,2396.34,3323.0,59.340000000000146,-1.1368683772161603e-13,0.9999999999999999
17214,-73.9869842529297,40.73941040039063,-74.00930023193358,40.7260627746582,731.1,2337,2337,-1.0,-1.0,-1,-1,0.0
17215,-73.97059631347656,40.75844955444336,-73.98635101318358,40.73046112060547,651.13,2337,2337,2372.58,3027.91,35.57999999999993,4.199999999999932,1.0064503248199284
17216,-74.0140151977539,40.70441055297852,-73.9937973022461,40.720741271972656,621.18,2337,2337,-1.0,-1.0,-1,-1,0.0
17217,-73.95656585693358,40.77130508422852,-73.97454833984375,40.791160583496094,708.13,2337,2337,-1.0,-1.0,-1,-1,0.0
17218,-74.00556182861328,40.726661682128906,-74.00598907470702,40.70861053466797,597.96,2338,2338,2347.27,2945.23,9.269999999999982,0.0,1.0
17219,-73.94617462158203,40.7817268371582,-73.9561004638672,40.778770446777344,244.65,2338,2338,-1.0,-1.0,-1,-1,0.0
17220,-73.98381042480467,40.73913955688477,-73.99311828613281,40.746360778808594,457.53,2338,2338,-1.0,-1.0,-1,-1,0.0
17221,-73.970703125,40.75870132446289,-73.9556884765625,40.78213119506836,595.9,2338,2338,-1.0,-1.0,-1,-1,0.0
17222,-73.95547485351562,40.779640197753906,-73.96910095214845,40.761207580566406,501.66,2338,2338,-1.0,-1.0,-1,-1,0.0
17223,-74.00242614746094,40.73985290527344,-73.96945953369139,40.76129531860352,1062.1,2338,2338,-1.0,-1.0,-1,-1,0.0
17224,-73.9898681640625,40.7141227722168,-73.97574615478516,40.74398040771485,728.11,2338,2338,-1.0,-1.0,-1,-1,0.0
17225,-73.9928207397461,40.7581443786621,-74.00189208984375,40.74119567871094,473.81,2339,2339,-1.0,-1.0,-1,-1,0.0
17226,-73.97643280029298,40.75149154663085,-73.96446228027344,40.75622940063477,322.4,2339,2339,-1.0,-1.0,-1,-1,0.0
17227,-73.98198699951173,40.76842880249024,-73.98153686523438,40.75940322875977,447.41,2339,2339,2397.77,2845.18,58.76999999999998,-1.7053025658242404e-13,0.9999999999999997
17228,-73.9724349975586,40.76521682739258,-74.00541687011719,40.7266845703125,1092.0,2339,2339,-1.0,-1.0,-1,-1,0.0
17229,-74.01571655273438,40.71516036987305,-73.97998809814453,40.74882888793945,1178.22,2339,2339,-1.0,-1.0,-1,-1,0.0
17230,-73.97154235839844,40.78757095336913,-73.97966003417969,40.776145935058594,211.6,2340,2340,2368.77,2580.37,28.769999999999982,-8.526512829121202e-14,0.9999999999999996
17231,-73.96027374267578,40.76211166381836,-73.99945068359375,40.726829528808594,1115.31,2340,2340,-1.0,-1.0,-1,-1,0.0
17232,-73.95854949951173,40.76435470581055,-73.98214721679686,40.75657653808594,925.14,2340,2340,-1.0,-1.0,-1,-1,0.0
17233,-73.97344970703125,40.76328659057617,-73.9903335571289,40.72334671020508,1110.94,2340,2340,-1.0,-1.0,-1,-1,0.0
17234,-74.00341796875,40.74336624145508,-73.99671936035155,40.74777221679688,209.25,2341,2341,-1.0,-1.0,-1,-1,0.0
17235,-73.98826599121094,40.76150131225585,-74.00738525390625,40.74103164672852,768.27,2341,2341,-1.0,-1.0,-1,-1,0.0
17236,-73.96473693847656,40.77009963989258,-73.96884155273438,40.76445007324219,181.03,2341,2341,2418.0,2599.03,77.0,1.9895196601282805e-13,1.000000000000001
17237,-73.9271011352539,40.86566162109375,-73.98789978027342,40.75812149047852,1431.25,2341,2341,2529.95,3961.2000000000003,188.94999999999982,4.547473508864641e-13,1.0000000000000002
17238,-73.97746276855469,40.78749084472656,-73.98220825195312,40.77547836303711,261.81,2341,2341,2428.05,2689.86,87.05000000000018,-5.684341886080802e-14,0.9999999999999998
17239,-73.96452331542969,40.76737976074219,-73.95826721191406,40.77281188964844,231.82,2341,2341,-1.0,-1.0,-1,-1,0.0
17240,-73.99747467041014,40.72554397583008,-73.9892578125,40.71879577636719,453.96,2341,2341,2422.21,2876.17,81.21000000000004,5.684341886080802e-14,1.0000000000000002
17241,-73.95169067382812,40.769718170166016,-73.97412872314453,40.7830924987793,606.2,2341,2341,2478.29,3084.49,137.28999999999996,-2.2737367544323206e-13,0.9999999999999997
17242,-73.96790313720702,40.76573181152344,-73.98213195800781,40.771888732910156,452.33,2341,2341,2390.79,2908.37,49.789999999999964,65.24999999999994,1.1442530895585081
17243,-73.98726654052734,40.7711181640625,-73.95574188232422,40.7766990661621,766.66,2342,2342,-1.0,-1.0,-1,-1,0.0
17244,-73.97076416015625,40.767333984375,-73.99127960205078,40.750465393066406,759.76,2342,2342,2399.54,3212.92,57.539999999999964,53.62000000000012,1.0705749183952828
17245,-73.94985961914062,40.77594757080078,-73.94515228271484,40.80814743041992,667.64,2342,2342,2393.6200000000003,3061.26,51.620000000000346,-1.1368683772161603e-13,0.9999999999999998
17246,-73.99181365966798,40.76635360717773,-73.98823547363281,40.74409103393555,859.95,2342,2342,-1.0,-1.0,-1,-1,0.0
17247,-73.99723815917969,40.74231719970703,-74.00392150878906,40.72229766845703,460.25,2342,2342,-1.0,-1.0,-1,-1,0.0
17248,-73.99668884277344,40.74197387695313,-73.98479461669923,40.74263381958008,366.7,2342,2342,-1.0,-1.0,-1,-1,0.0
17249,-73.99999237060547,40.74311065673828,-73.97823333740234,40.75284957885742,635.11,2342,2342,2384.45,3019.56,42.44999999999982,1.1368683772161603e-13,1.0000000000000002
17250,-73.97111511230467,40.761497497558594,-73.96937561035155,40.7494010925293,479.98,2343,2343,-1.0,-1.0,-1,-1,0.0
17251,-73.95587158203125,40.7849998474121,-73.96723937988281,40.78799819946289,342.27,2343,2343,2450.54,2792.81,107.53999999999996,0.0,1.0
17252,-73.9879608154297,40.75489044189453,-74.00235748291014,40.728065490722656,676.64,2343,2343,-1.0,-1.0,-1,-1,0.0
17253,-73.99300384521484,40.75132369995117,-73.97409057617188,40.7915267944336,889.58,2343,2343,-1.0,-1.0,-1,-1,0.0
17254,-73.99165344238281,40.74968338012695,-73.98808288574219,40.73498153686523,553.66,2343,2343,-1.0,-1.0,-1,-1,0.0
17255,-73.96003723144531,40.77916717529297,-73.9759063720703,40.787952423095696,336.7,2344,2344,2515.54,2852.2400000000002,171.53999999999996,2.8421709430404007e-13,1.0000000000000009
17256,-73.96783447265625,40.76002883911133,-73.95669555664062,40.766914367675774,296.94,2344,2344,-1.0,-1.0,-1,-1,0.0
17257,-73.98433685302734,40.74588394165039,-73.97889709472656,40.75835800170898,375.84,2344,2344,-1.0,-1.0,-1,-1,0.0
17258,-73.98596954345702,40.74103164672852,-73.97233581542969,40.74331283569336,373.14,2344,2344,-1.0,-1.0,-1,-1,0.0
17259,-73.99000549316406,40.73512649536133,-73.98639678955078,40.7432975769043,291.83,2344,2344,-1.0,-1.0,-1,-1,0.0
17260,-74.01531219482422,40.71215057373047,-73.95245361328125,40.76974868774415,1220.7,2344,2344,-1.0,-1.0,-1,-1,0.0
17261,-73.98810577392578,40.74978637695313,-73.9823989868164,40.76823425292969,581.89,2344,2344,2370.0,2951.89,26.0,-1.1368683772161603e-13,0.9999999999999998
17262,-74.00543975830078,40.751628875732415,-73.9884262084961,40.76504898071289,502.29,2345,2345,2470.62,2972.91,125.61999999999989,-5.684341886080802e-14,0.9999999999999999
17263,-73.96704864501955,40.772560119628906,-73.96151733398438,40.7717399597168,197.38,2345,2345,-1.0,-1.0,-1,-1,0.0
17264,-74.00299835205078,40.73360061645508,-74.00869750976562,40.73249816894531,192.54,2345,2345,2472.08,2664.62,127.07999999999993,-2.842170943040401e-14,0.9999999999999999
17265,-74.00425720214845,40.74846649169922,-74.00397491455078,40.740318298339844,327.4,2345,2345,-1.0,-1.0,-1,-1,0.0
17266,-73.98428344726562,40.77006530761719,-73.97171020507811,40.79515075683594,546.44,2346,2346,2461.12,3007.56,115.11999999999989,0.0,1.0
17267,-73.95997619628906,40.7735710144043,-73.94632720947266,40.78286361694336,398.69,2346,2346,-1.0,-1.0,-1,-1,0.0
17268,-73.97686767578125,40.76414489746094,-73.97913360595702,40.78730010986328,655.33,2346,2346,-1.0,-1.0,-1,-1,0.0
17269,-73.96611022949219,40.76211929321289,-73.956298828125,40.77563095092773,250.23,2346,2346,-1.0,-1.0,-1,-1,0.0
17270,-73.99259185791014,40.749378204345696,-73.9573974609375,40.78293228149415,1136.65,2346,2346,-1.0,-1.0,-1,-1,0.0
17271,-73.95824432373048,40.77287673950195,-73.98258972167969,40.77235412597656,646.41,2346,2346,2375.93,3095.21,29.929999999999836,72.87000000000023,1.1127303104840585
17272,-73.99410247802734,40.751121520996094,-73.97383117675781,40.73785400390625,982.15,2346,2346,-1.0,-1.0,-1,-1,0.0
17273,-73.95989227294923,40.77354431152344,-73.95147705078125,40.769134521484375,313.58,2346,2346,-1.0,-1.0,-1,-1,0.0
17274,-73.98123168945312,40.75293350219727,-73.99700927734375,40.7202262878418,958.94,2346,2346,-1.0,-1.0,-1,-1,0.0
17275,-73.98417663574219,40.77002334594727,-73.98704528808595,40.75930786132813,328.07,2347,2347,2376.4,2704.47,29.40000000000009,-2.8421709430404007e-13,0.9999999999999991
17276,-73.97316741943358,40.76401901245117,-73.96204376220702,40.77859878540039,453.31,2347,2347,-1.0,-1.0,-1,-1,0.0
17277,-73.97735595703125,40.73396682739258,-74.00091552734375,40.73704147338867,648.57,2347,2347,2376.2700000000004,3098.75,29.270000000000437,73.90999999999951,1.1139584007894283
17278,-73.9872055053711,40.75607299804688,-73.98767852783203,40.722572326660156,1095.28,2347,2347,-1.0,-1.0,-1,-1,0.0
17279,-74.00266265869139,40.73394012451172,-73.98384857177734,40.7269401550293,526.71,2347,2347,-1.0,-1.0,-1,-1,0.0
17280,-73.9915542602539,40.7503662109375,-74.00926971435547,40.726070404052734,621.35,2348,2348,-1.0,-1.0,-1,-1,0.0
17281,-73.97698974609375,40.76425552368164,-73.97441864013672,40.79374313354492,762.7,2348,2348,-1.0,-1.0,-1,-1,0.0
17282,-74.0061798095703,40.717185974121094,-73.99535369873048,40.73849105834961,396.91,2348,2348,2394.25,2791.1600000000003,46.25,2.8421709430404007e-13,1.0000000000000007
17283,-73.96926879882812,40.768314361572266,-73.9627227783203,40.759056091308594,496.3,2348,2348,2459.96,2956.26,111.96000000000004,1.7053025658242404e-13,1.0000000000000004
17284,-73.98399353027342,40.72171401977539,-73.99295806884766,40.76316452026367,1271.42,2348,2348,2391.13,3722.84,43.13000000000011,60.289999999999964,1.047419420805084
17285,-73.95291900634766,40.783058166503906,-73.97221374511719,40.79083633422852,519.13,2348,2348,2564.3,3083.43,216.30000000000018,-3.410605131648481e-13,0.9999999999999993
17286,-73.96965789794923,40.76894760131836,-73.98133850097656,40.77353286743164,231.96,2348,2348,2474.25,2706.21,126.25,2.842170943040401e-14,1.0000000000000002
17287,-74.00774383544923,40.71272659301758,-74.00619506835938,40.73459243774415,523.54,2348,2348,-1.0,-1.0,-1,-1,0.0
17288,-74.00346374511719,40.72688674926758,-74.0026092529297,40.73952102661133,306.42,2349,2349,2395.41,2701.83,46.409999999999854,5.684341886080802e-14,1.0000000000000002
17289,-73.98509216308595,40.76020812988281,-74.01622009277344,40.709320068359375,1291.21,2349,2349,-1.0,-1.0,-1,-1,0.0
17290,-74.00595092773438,40.74016189575195,-74.00115203857422,40.76179885864258,534.51,2349,2349,2480.87,3015.38,131.8699999999999,2.2737367544323206e-13,1.0000000000000004
17291,-73.9747085571289,40.76341247558594,-73.97848510742188,40.77639389038085,534.52,2349,2349,-1.0,-1.0,-1,-1,0.0
17292,-73.99122619628906,40.74971389770508,-73.99031829833984,40.73147201538085,565.12,2349,2349,-1.0,-1.0,-1,-1,0.0
17293,-73.970947265625,40.79861831665039,-73.9700469970703,40.78535842895508,358.74,2349,2349,2370.36,2729.1,21.360000000000127,-2.2737367544323206e-13,0.9999999999999993
17294,-73.9948959350586,40.75014114379883,-73.96307373046875,40.76911163330078,1002.24,2349,2349,-1.0,-1.0,-1,-1,0.0
17295,-74.00432586669923,40.74233627319336,-74.00349426269531,40.725341796875,517.07,2349,2349,-1.0,-1.0,-1,-1,0.0
17296,-73.99122619628906,40.75291061401367,-73.99238586425781,40.730506896972656,771.81,2349,2349,2370.0,3141.8099999999995,21.0,-4.547473508864641e-13,0.9999999999999994
17297,-73.95773315429686,40.77382278442383,-73.98308563232422,40.77181243896485,641.2,2350,2350,-1.0,-1.0,-1,-1,0.0
17298,-73.978759765625,40.76665878295898,-73.95632934570312,40.77471160888672,651.83,2350,2350,2370.0,3021.83,20.0,-1.1368683772161603e-13,0.9999999999999998
17299,-73.9851303100586,40.73719787597656,-74.00363922119139,40.72253799438477,687.67,2350,2350,-1.0,-1.0,-1,-1,0.0
17300,-73.95227813720702,40.78406524658203,-73.96669006347656,40.76736450195313,457.42,2350,2350,2386.16,2900.33,36.159999999999854,56.75000000000006,1.1240654103449785
17301,-73.99002838134766,40.76074981689453,-73.97372436523438,40.76442337036133,497.53,2350,2350,-1.0,-1.0,-1,-1,0.0
17302,-73.97508239746094,40.76082229614258,-73.95311737060547,40.786956787109375,653.01,2350,2350,-1.0,-1.0,-1,-1,0.0
17303,-73.96617126464845,40.76516342163085,-73.9617462158203,40.759498596191406,316.04,2350,2350,-1.0,-1.0,-1,-1,0.0
17304,-73.96640014648438,40.76789855957031,-73.9717788696289,40.75622177124024,382.79,2350,2350,-1.0,-1.0,-1,-1,0.0
17305,-73.97401428222656,40.75153350830078,-73.99549865722656,40.74408721923828,653.79,2351,2351,-1.0,-1.0,-1,-1,0.0
17306,-73.97279357910156,40.759780883789055,-73.97254943847656,40.751289367675774,345.51,2351,2351,-1.0,-1.0,-1,-1,0.0
17307,-73.98271942138672,40.72336196899415,-73.9615707397461,40.76030349731445,729.61,2351,2351,2427.04,3156.78,76.03999999999996,0.13000000000022283,1.0001781773824374
17308,-73.98731231689453,40.765663146972656,-73.98716735839844,40.73637771606445,995.68,2351,2351,-1.0,-1.0,-1,-1,0.0
17309,-73.97461700439453,40.75098037719727,-73.94680786132812,40.7763786315918,674.68,2351,2351,-1.0,-1.0,-1,-1,0.0
17310,-73.99040222167969,40.761531829833984,-74.00575256347656,40.75013732910156,427.41,2351,2351,-1.0,-1.0,-1,-1,0.0
17311,-73.9571304321289,40.76409530639648,-73.95314025878906,40.78681182861328,546.99,2352,2352,-1.0,-1.0,-1,-1,0.0
17312,-74.00584411621094,40.73645782470703,-73.97325897216798,40.79787063598633,1142.69,2352,2352,2371.0099999999998,3527.4900000000002,19.009999999999764,13.790000000000418,1.0120680149471863
17313,-73.98172760009766,40.763431549072266,-73.96672821044923,40.803810119628906,978.11,2352,2352,-1.0,-1.0,-1,-1,0.0
17314,-74.00257110595702,40.70885848999024,-74.014892578125,40.71382141113281,431.87,2352,2352,-1.0,-1.0,-1,-1,0.0
17315,-73.97190856933594,40.781925201416016,-73.98011779785155,40.770713806152344,288.25,2352,2352,2506.39,2794.64,154.38999999999987,0.0,1.0
17316,-73.97976684570312,40.76607131958008,-73.95105743408203,40.77928924560547,818.57,2352,2352,-1.0,-1.0,-1,-1,0.0
17317,-73.97791290283203,40.73802185058594,-73.95668029785155,40.7753791809082,691.14,2352,2352,-1.0,-1.0,-1,-1,0.0
17318,-73.96871185302734,40.78641128540039,-73.97610473632812,40.77619552612305,235.91,2352,2352,2411.27,2647.18,59.26999999999998,-1.4210854715202004e-13,0.9999999999999994
17319,-73.9818115234375,40.7664794921875,-73.96316528320312,40.75853729248047,602.82,2352,2352,2395.49,3023.45,43.48999999999978,25.139999999999986,1.0417039912411665
17320,-73.98587799072266,40.74395751953125,-73.95308685302734,40.776851654052734,1011.26,2352,2352,-1.0,-1.0,-1,-1,0.0
17321,-73.98207092285155,40.76945114135742,-73.98400115966798,40.76152038574219,330.2,2352,2352,2388.12,2796.86,36.11999999999989,78.54000000000025,1.23785584494246
17322,-73.98312377929686,40.75558471679688,-73.97752380371094,40.77952194213867,696.04,2353,2353,2388.9900000000002,3115.69,35.99000000000024,30.659999999999854,1.0440491925751392
17323,-73.97271728515625,40.79350662231445,-73.98387145996094,40.780460357666016,357.07,2353,2353,-1.0,-1.0,-1,-1,0.0
17324,-73.99658203125,40.763431549072266,-74.0086669921875,40.73204040527344,655.11,2353,2353,2409.5,3064.61,56.5,1.1368683772161603e-13,1.0000000000000002
17325,-73.97356414794923,40.76318740844727,-74.00511169433594,40.74651718139648,948.06,2353,2353,-1.0,-1.0,-1,-1,0.0
17326,-73.98812866210938,40.74597930908203,-73.98764038085938,40.72449111938477,740.68,2353,2353,2423.83,3164.51,70.82999999999993,3.410605131648481e-13,1.0000000000000004
17327,-73.99082946777342,40.73472213745117,-74.00554656982422,40.72637176513672,467.23,2353,2353,2395.7000000000003,2862.9300000000003,42.70000000000027,0.0,1.0
17328,-73.9999008178711,40.7613525390625,-73.99465179443358,40.74271011352539,639.78,2354,2354,2401.52,3057.43,47.51999999999998,16.12999999999988,1.0252117915533463
17329,-73.9719009399414,40.79446029663085,-73.95895385742188,40.81977844238281,425.38,2354,2354,2371.05,2796.43,17.050000000000182,-3.410605131648481e-13,0.9999999999999992
17330,-73.9828109741211,40.771583557128906,-73.99481201171875,40.72601318359375,1358.26,2354,2354,2388.8599999999997,3824.15,34.85999999999967,77.03000000000043,1.0567122642203999
17331,-74.00396728515625,40.74299240112305,-73.99614715576173,40.72593688964844,647.59,2354,2354,-1.0,-1.0,-1,-1,0.0
17332,-73.97154998779298,40.75699234008789,-73.98298645019531,40.77182388305664,702.4,2354,2354,-1.0,-1.0,-1,-1,0.0
17333,-73.97904968261719,40.787376403808594,-73.98363494873048,40.76193237304688,677.8,2354,2354,2383.64,3095.12,29.639999999999873,33.680000000000064,1.0496901740926528
17334,-73.95671081542969,40.77525329589844,-73.95378875732422,40.81957626342773,1073.44,2354,2354,2382.39,3455.8299999999995,28.389999999999873,-4.547473508864641e-13,0.9999999999999996
17335,-73.99447631835938,40.750755310058594,-73.97691345214844,40.73252868652344,954.83,2354,2354,-1.0,-1.0,-1,-1,0.0
17336,-74.0057601928711,40.74010848999024,-73.98213958740234,40.74032211303711,697.28,2355,2355,2508.42,3205.7000000000003,153.42000000000007,2.2737367544323206e-13,1.0000000000000002
17337,-73.98924255371094,40.72321701049805,-74.00524139404298,40.72678756713867,484.35,2355,2355,2410.92,2895.27,55.92000000000007,-1.1368683772161603e-13,0.9999999999999998
17338,-73.98414611816406,40.75819396972656,-73.97418975830078,40.75594711303711,411.95,2355,2355,-1.0,-1.0,-1,-1,0.0
17339,-73.95904541015625,40.7678337097168,-73.9740219116211,40.74736404418945,561.6,2355,2355,2408.33,2969.93,53.32999999999993,-1.1368683772161603e-13,0.9999999999999998
17340,-73.99115753173827,40.74209213256836,-74.00578308105469,40.73306274414063,438.94,2355,2355,-1.0,-1.0,-1,-1,0.0
17341,-74.0019302368164,40.74045944213867,-73.97557830810547,40.73305892944336,759.67,2355,2355,-1.0,-1.0,-1,-1,0.0
17342,-73.95381164550781,40.80628967285156,-73.96561431884766,40.795555114746094,311.35,2355,2355,2609.77,2921.12,254.76999999999998,-1.1368683772161603e-13,0.9999999999999997
17343,-73.96180725097656,40.77111053466797,-73.95472717285155,40.80335235595703,785.4,2355,2355,2406.28,3191.68,51.2800000000002,-3.410605131648481e-13,0.9999999999999996
17344,-74.00707244873048,40.7161521911621,-73.9822769165039,40.73756790161133,846.52,2355,2355,-1.0,-1.0,-1,-1,0.0
17345,-74.00263214111328,40.739570617675774,-73.98417663574219,40.72523880004883,673.66,2356,2356,2373.62,3148.58,17.61999999999989,101.30000000000007,1.1503725915150076
17346,-73.95690155029298,40.780586242675774,-73.96450805664062,40.76734161376953,373.23,2356,2356,2509.41,2882.64,153.40999999999985,0.0,1.0
17347,-73.99094390869139,40.75063705444336,-73.99256896972656,40.75355529785156,217.04,2356,2356,-1.0,-1.0,-1,-1,0.0
17348,-74.00890350341797,40.70412826538085,-73.97235107421875,40.756553649902344,1024.63,2356,2356,-1.0,-1.0,-1,-1,0.0
17349,-73.98291015625,40.735260009765625,-73.98410034179686,40.725379943847656,270.65,2356,2356,2382.37,2725.58,26.36999999999989,72.56000000000006,1.2680953260668764
17350,-73.97804260253906,40.745643615722656,-73.9424285888672,40.78620529174805,846.55,2356,2356,-1.0,-1.0,-1,-1,0.0
17351,-73.97830200195312,40.72918319702149,-74.00914001464844,40.70608901977539,748.92,2356,2356,2388.62,3137.54,32.61999999999989,1.1368683772161603e-13,1.0000000000000002
17352,-73.9954605102539,40.734130859375,-73.980224609375,40.76537704467773,929.34,2357,2357,-1.0,-1.0,-1,-1,0.0
17353,-73.95571899414062,40.78516006469727,-73.98275756835938,40.7823600769043,583.54,2357,2357,2412.3199999999997,3052.74,55.31999999999971,56.88000000000011,1.097474037769476
17354,-73.9847183227539,40.74306869506836,-73.97916412353516,40.749473571777344,192.74,2357,2357,-1.0,-1.0,-1,-1,0.0
17355,-73.96534729003906,40.76623916625977,-73.97139739990234,40.76541137695313,257.54,2357,2357,-1.0,-1.0,-1,-1,0.0
17356,-73.99712371826173,40.73734664916992,-74.00702667236328,40.73814392089844,309.22,2357,2357,-1.0,-1.0,-1,-1,0.0
17357,-73.95196533203125,40.76623916625977,-73.96878051757811,40.764514923095696,544.38,2358,2358,2412.65,2957.03,54.65000000000009,1.1368683772161603e-13,1.0000000000000002
17358,-73.97116088867188,40.75788116455078,-73.98114776611328,40.75027084350585,416.65,2358,2358,2396.4,2813.0499999999997,38.40000000000009,-3.410605131648481e-13,0.9999999999999992
17359,-73.9822006225586,40.76380920410156,-73.96389770507811,40.757415771484375,691.57,2358,2358,-1.0,-1.0,-1,-1,0.0
17360,-74.00343322753906,40.74871063232422,-74.0100326538086,40.72042846679688,585.26,2358,2358,-1.0,-1.0,-1,-1,0.0
17361,-73.9894027709961,40.74241256713867,-73.99986267089844,40.73458862304688,319.62,2358,2358,2373.56,2693.18,15.559999999999945,-1.1368683772161603e-13,0.9999999999999997
17362,-73.98269653320312,40.762786865234375,-73.97169494628906,40.755027770996094,627.99,2358,2358,-1.0,-1.0,-1,-1,0.0
17363,-73.99016571044923,40.72566223144531,-74.0041732788086,40.74245834350585,761.95,2358,2358,2572.25,3334.2,214.25,-2.2737367544323206e-13,0.9999999999999997
17364,-73.97866821289062,40.73673629760742,-74.0030288696289,40.73328018188477,666.11,2359,2359,2509.96,3176.07,150.96000000000004,1.1368683772161603e-13,1.0000000000000002
17365,-73.98097991943358,40.7643928527832,-73.97412872314453,40.75856399536133,421.46,2359,2359,-1.0,-1.0,-1,-1,0.0
17366,-73.97248077392578,40.78093719482422,-73.97727203369139,40.76643753051758,470.7,2359,2359,2506.39,2977.09,147.38999999999987,2.8421709430404007e-13,1.0000000000000007
17367,-74.00679779052734,40.73025894165039,-74.00798034667969,40.73814010620117,243.03,2359,2359,2378.39,2621.42,19.389999999999873,1.9895196601282805e-13,1.0000000000000009
17368,-73.97075653076173,40.76128387451172,-73.97900390625,40.75103378295898,396.25,2359,2359,-1.0,-1.0,-1,-1,0.0
17369,-73.99420166015625,40.728530883789055,-73.99161529541014,40.74095916748047,520.9,2359,2359,-1.0,-1.0,-1,-1,0.0
17370,-73.95457458496094,40.76409149169922,-73.97759246826173,40.75474166870117,800.86,2359,2359,-1.0,-1.0,-1,-1,0.0
17371,-73.96880340576173,40.76985931396485,-73.95692443847656,40.7807846069336,370.1,2359,2359,2418.59,2788.69,59.590000000000146,-1.1368683772161603e-13,0.9999999999999997
17372,-73.9893569946289,40.737388610839844,-73.98600006103516,40.74509048461913,325.37,2359,2359,-1.0,-1.0,-1,-1,0.0
17373,-73.99415588378906,40.74619674682617,-73.97779846191406,40.777042388916016,861.38,2359,2359,2411.49,3272.8700000000003,52.48999999999978,5.684341886080801e-13,1.0000000000000007
17374,-73.97589874267578,40.75014877319336,-74.0043411254883,40.74788665771485,865.16,2360,2360,-1.0,-1.0,-1,-1,0.0
17375,-73.98228454589844,40.776573181152344,-73.98091125488281,40.76433181762695,381.97,2360,2360,-1.0,-1.0,-1,-1,0.0
17376,-73.96258544921875,40.79961013793945,-73.97391510009766,40.78809356689453,244.73,2360,2360,-1.0,-1.0,-1,-1,0.0
17377,-73.98170471191406,40.74666976928711,-73.9922332763672,40.723915100097656,667.56,2360,2360,-1.0,-1.0,-1,-1,0.0
17378,-73.95256805419923,40.76859664916992,-73.97012329101562,40.76313781738281,585.88,2360,2360,-1.0,-1.0,-1,-1,0.0
17379,-73.97712707519531,40.76373672485352,-73.95799255371094,40.7755126953125,585.08,2360,2360,-1.0,-1.0,-1,-1,0.0
17380,-73.96757507324219,40.7846908569336,-73.96913146972656,40.792686462402344,199.77,2360,2360,2401.92,2601.69,41.92000000000007,-2.842170943040401e-14,0.9999999999999999
17381,-73.97667694091797,40.74370956420898,-74.00598907470702,40.73522186279297,771.73,2360,2360,2401.31,3221.58,41.309999999999945,48.539999999999964,1.0628976455496093
17382,-73.98424530029298,40.76460266113281,-73.98722076416014,40.71605682373047,1538.83,2360,2360,-1.0,-1.0,-1,-1,0.0
17383,-74.0091323852539,40.71353530883789,-73.99532318115234,40.72504806518555,509.46,2360,2360,-1.0,-1.0,-1,-1,0.0
17384,-73.97444915771484,40.76214599609375,-73.9473876953125,40.76442337036133,847.2,2360,2360,-1.0,-1.0,-1,-1,0.0
17385,-73.97171783447266,40.746177673339844,-73.9728012084961,40.7959213256836,1231.53,2361,2361,2398.0499999999997,3656.38,37.04999999999973,26.80000000000041,1.0217615486427456
17386,-73.9613265991211,40.768798828125,-73.95526123046875,40.782936096191406,318.74,2361,2361,-1.0,-1.0,-1,-1,0.0
17387,-73.96715545654298,40.772476196289055,-73.98866271972656,40.75848388671875,823.1,2361,2361,2414.22,3295.8500000000004,53.2199999999998,58.53000000000054,1.0711092212367883
17388,-73.97123718261719,40.75824737548828,-73.97712707519531,40.71404266357422,802.89,2361,2361,-1.0,-1.0,-1,-1,0.0
17389,-73.96589660644531,40.76806640625,-73.95490264892578,40.786476135253906,392.38,2361,2361,-1.0,-1.0,-1,-1,0.0
17390,-73.98560333251955,40.71805191040039,-73.981201171875,40.73321533203125,408.98,2361,2361,2568.46,2977.44,207.46000000000004,0.0,1.0
17391,-74.0059585571289,40.73585891723633,-73.9990005493164,40.73070907592773,336.02,2361,2361,2417.62,2753.64,56.61999999999989,0.0,1.0
17392,-73.97808074951173,40.74193954467773,-73.99182891845702,40.74760818481445,566.33,2362,2362,2381.510000000001,2947.840000000001,19.510000000001128,-1.1368683772161603e-13,0.9999999999999998
17393,-73.9552001953125,40.779388427734375,-73.94732666015625,40.799720764160156,427.09,2362,2362,2400.07,2827.16,38.070000000000164,-2.8421709430404007e-13,0.9999999999999993
17394,-73.99552917480467,40.74394989013672,-73.95436096191406,40.77563095092773,1164.43,2362,2362,2370.89,3570.6899999999996,8.889999999999873,35.36999999999966,1.0303753767937958
17395,-73.98626708984375,40.766868591308594,-74.00743865966798,40.742691040039055,745.34,2362,2362,2401.92,3147.2599999999998,39.92000000000007,-3.410605131648481e-13,0.9999999999999996
17396,-74.00296020507811,40.74949264526367,-73.98209381103516,40.74608612060547,638.16,2363,2363,-1.0,-1.0,-1,-1,0.0
17397,-73.9983673095703,40.74504470825195,-73.98260498046875,40.71459579467773,954.98,2363,2363,-1.0,-1.0,-1,-1,0.0
17398,-73.96262359619139,40.79919815063477,-73.96389007568358,40.807861328125,225.76,2363,2363,2586.42,2812.18,223.42000000000007,-2.2737367544323206e-13,0.999999999999999
17399,-73.98734283447266,40.75537109375,-73.97417449951173,40.76235580444336,516.17,2363,2363,-1.0,-1.0,-1,-1,0.0
17400,-73.9920883178711,40.740970611572266,-73.97767639160156,40.78194046020508,1081.75,2363,2363,-1.0,-1.0,-1,-1,0.0
17401,-74.0056381225586,40.727821350097656,-73.98924255371094,40.7183723449707,687.3,2363,2363,2382.71,3070.01,19.710000000000036,2.2737367544323206e-13,1.0000000000000002
17402,-73.95060729980467,40.78361129760742,-73.93473052978516,40.798255920410156,329.34,2363,2363,2388.79,2718.13,25.789999999999964,1.7053025658242404e-13,1.0000000000000004
17403,-73.98136138916014,40.76441955566406,-73.98236846923827,40.7735481262207,359.65,2363,2363,-1.0,-1.0,-1,-1,0.0
17404,-73.99185180664062,40.73819351196289,-74.0159454345703,40.71490859985352,837.62,2363,2363,2388.16,3233.7,25.159999999999854,7.919999999999959,1.0094553616198276
17405,-73.98770141601562,40.71855163574219,-74.01229858398438,40.71392059326172,832.76,2363,2363,2494.79,3327.55,131.78999999999996,2.2737367544323206e-13,1.0000000000000002
17406,-73.98760223388672,40.76525115966797,-73.98216247558594,40.76824951171875,245.49,2363,2363,-1.0,-1.0,-1,-1,0.0
17407,-73.9993667602539,40.73379135131836,-74.0072021484375,40.71803283691406,396.66,2364,2364,-1.0,-1.0,-1,-1,0.0
17408,-73.9762191772461,40.74834060668945,-73.9540786743164,40.80393981933594,1255.02,2364,2364,-1.0,-1.0,-1,-1,0.0
17409,-73.99571990966798,40.72664260864258,-74.0037612915039,40.74502182006836,644.51,2364,2364,-1.0,-1.0,-1,-1,0.0
17410,-74.00850677490234,40.73326873779297,-73.98778533935547,40.7325439453125,660.12,2364,2364,2511.33,3171.4500000000003,147.32999999999993,3.410605131648481e-13,1.0000000000000004
17411,-73.97724914550781,40.74934387207031,-73.97513580322266,40.75448226928711,212.79,2364,2364,-1.0,-1.0,-1,-1,0.0
17412,-73.98172760009766,40.76665878295898,-74.00247955322266,40.76071548461913,571.97,2364,2364,-1.0,-1.0,-1,-1,0.0
17413,-73.98004150390625,40.78567123413085,-73.9581527709961,40.770320892333984,740.72,2364,2364,2422.95,3163.67,58.94999999999982,2.2737367544323206e-13,1.0000000000000002
17414,-73.99560546875,40.76472473144531,-73.98503875732422,40.72806167602539,1162.97,2364,2364,2373.84,3536.81,9.840000000000146,-2.2737367544323206e-13,0.9999999999999998
17415,-74.0031509399414,40.74980926513672,-73.9937973022461,40.74736785888672,258.91,2365,2365,2385.93,2644.84,20.929999999999836,2.8421709430404007e-13,1.000000000000001
17416,-73.99519348144531,40.731693267822266,-73.97794342041014,40.74609375,523.14,2365,2365,2370.0,2893.14,5.0,-1.1368683772161603e-13,0.9999999999999998
17417,-73.96253204345702,40.759037017822266,-73.95276641845702,40.772647857666016,216.74,2365,2365,2388.37,2605.11,23.36999999999989,2.2737367544323206e-13,1.000000000000001
17418,-73.9454574584961,40.775257110595696,-73.9578628540039,40.77278137207031,366.51,2365,2365,2375.7599999999998,2766.29,10.759999999999764,24.02000000000021,1.065537093121607
17419,-73.99163818359375,40.75894165039063,-73.99147033691406,40.72745132446289,1009.7,2365,2365,2390.88,3469.67,25.88000000000011,69.08999999999992,1.0684262652272951
17420,-73.99781799316406,40.75639343261719,-73.98810577392578,40.77494812011719,410.21,2365,2365,-1.0,-1.0,-1,-1,0.0
17421,-73.96722412109375,40.77194213867188,-73.974853515625,40.76213455200195,304.8,2365,2365,2406.13,2710.93,41.13000000000011,-2.8421709430404007e-13,0.9999999999999991
17422,-73.95438385009766,40.78419876098633,-73.9555130004883,40.77252960205078,346.71,2365,2365,-1.0,-1.0,-1,-1,0.0
17423,-73.97249603271484,40.75927734375,-73.96167755126955,40.76495361328125,415.2,2365,2365,-1.0,-1.0,-1,-1,0.0
17424,-73.99311828613281,40.72259521484375,-73.97872924804686,40.741119384765625,536.61,2365,2365,2464.0,3000.61,99.0,1.1368683772161603e-13,1.0000000000000002
17425,-74.00048828125,40.7314338684082,-73.9998321533203,40.719520568847656,578.5,2366,2366,2439.59,3018.0899999999997,73.59000000000015,-4.547473508864641e-13,0.9999999999999992
17426,-73.95597076416014,40.76591873168945,-73.93958282470702,40.80408096313477,698.85,2366,2366,2380.85,3079.7000000000003,14.849999999999909,3.410605131648481e-13,1.0000000000000004
17427,-73.945556640625,40.77818298339844,-73.97650909423827,40.7481803894043,862.03,2366,2366,2706.11,3568.14,340.1100000000001,-2.2737367544323206e-13,0.9999999999999998
17428,-73.96582794189453,40.764793395996094,-73.99844360351562,40.729740142822266,1059.09,2366,2366,-1.0,-1.0,-1,-1,0.0
17429,-73.95191955566406,40.76934814453125,-73.94496154785155,40.779212951660156,222.07,2366,2366,2387.82,2609.89,21.820000000000164,-2.8421709430404007e-13,0.9999999999999987
17430,-73.98670196533203,40.73971176147461,-74.00190734863281,40.73376083374024,432.09,2366,2366,2371.41,2803.5,5.4099999999998545,1.7053025658242404e-13,1.0000000000000004
17431,-74.0047607421875,40.74235916137695,-73.98123931884766,40.76471328735352,886.03,2366,2366,-1.0,-1.0,-1,-1,0.0
17432,-74.0086441040039,40.72203826904297,-74.00763702392578,40.74282836914063,496.91,2366,2366,-1.0,-1.0,-1,-1,0.0
17433,-73.97704315185547,40.73894882202149,-73.96199798583984,40.75944900512695,345.48,2367,2367,2394.58,2740.06,27.579999999999927,0.0,1.0
17434,-73.97958374023438,40.726783752441406,-73.97576904296875,40.75128555297852,640.79,2367,2367,2403.38,3044.17,36.38000000000011,0.0,1.0
17435,-73.99244689941406,40.74872970581055,-73.99852752685547,40.72295379638672,677.57,2367,2367,2382.84,3107.64,15.840000000000146,47.22999999999968,1.0697049751317202
17436,-73.99694061279298,40.72561264038085,-74.00410461425781,40.72561264038085,288.04,2367,2367,2426.75,2714.79,59.75,-5.684341886080802e-14,0.9999999999999998
17437,-73.96569061279298,40.76531219482422,-73.95632934570312,40.76809692382813,282.62,2367,2367,2426.19,2712.48,59.190000000000055,3.669999999999959,1.0129856344207768
17438,-73.96288299560547,40.8107795715332,-73.96149444580078,40.79864501953125,340.8,2367,2367,2538.54,2879.34,171.53999999999996,1.7053025658242404e-13,1.0000000000000004
17439,-73.98187255859375,40.75881958007813,-73.9704818725586,40.745765686035156,684.67,2367,2367,2425.26,3109.93,58.26000000000022,-3.410605131648481e-13,0.9999999999999996
17440,-73.97330474853516,40.7440299987793,-73.98233795166014,40.763450622558594,905.21,2367,2367,2398.51,3361.59,31.51000000000022,57.86999999999989,1.0639299168148826
17441,-74.00067901611328,40.73202133178711,-73.9895782470703,40.75839614868164,730.13,2367,2367,2508.38,3238.5099999999998,141.3800000000001,-3.410605131648481e-13,0.9999999999999996
17442,-73.97792053222656,40.7570915222168,-73.9855728149414,40.74715042114258,252.51,2367,2367,2382.63,2635.14,15.63000000000011,-2.2737367544323206e-13,0.9999999999999991
17443,-73.97512817382812,40.76067352294922,-73.98521423339844,40.74730682373047,370.39,2367,2367,-1.0,-1.0,-1,-1,0.0
17444,-73.9602279663086,40.77881622314453,-73.94788360595702,40.78696823120117,296.58,2367,2367,2372.6,2714.01,5.599999999999909,44.830000000000325,1.151156517634366
17445,-73.96649932861328,40.76187133789063,-73.96002197265625,40.777168273925774,367.23,2367,2367,2370.63,2802.91,3.630000000000109,65.04999999999973,1.1771369441494424
17446,-73.98719787597656,40.73902130126953,-73.99715423583984,40.724891662597656,326.01,2368,2368,2414.78,2740.79,46.7800000000002,-2.2737367544323206e-13,0.9999999999999993
17447,-73.98313140869139,40.7470588684082,-73.9727554321289,40.75155258178711,339.32,2368,2368,2373.14,2744.2400000000002,5.139999999999873,31.78000000000037,1.093657904043382
17448,-73.95365905761719,40.77521133422852,-73.98100280761719,40.77967834472656,640.01,2368,2368,2467.55,3107.5600000000004,99.55000000000018,2.2737367544323206e-13,1.0000000000000004
17449,-73.97309875488281,40.75916290283203,-73.95420837402342,40.78423309326172,635.19,2368,2368,-1.0,-1.0,-1,-1,0.0
17450,-73.99178314208984,40.72969436645508,-73.99491882324219,40.72135925292969,403.71,2368,2368,-1.0,-1.0,-1,-1,0.0
17451,-73.9822998046875,40.77470779418945,-73.97216033935547,40.79131317138672,339.98,2368,2368,2404.84,2744.82,36.840000000000146,0.0,1.0
17452,-73.97410583496094,40.783851623535156,-73.99195861816406,40.759483337402344,590.89,2368,2368,2418.25,3009.14,50.25,-1.1368683772161603e-13,0.9999999999999998
17453,-73.99063873291014,40.745429992675774,-74.00601196289062,40.75018310546875,400.12,2368,2368,-1.0,-1.0,-1,-1,0.0
17454,-73.99858856201173,40.745201110839844,-73.9672317504883,40.79029083251953,1064.19,2368,2368,-1.0,-1.0,-1,-1,0.0
17455,-73.9979476928711,40.73198318481445,-74.00304412841797,40.749229431152344,514.61,2368,2368,-1.0,-1.0,-1,-1,0.0
17456,-73.9888916015625,40.76279830932617,-73.96810150146483,40.78805160522461,665.19,2368,2368,-1.0,-1.0,-1,-1,0.0
17457,-73.9993438720703,40.72489547729492,-73.9522705078125,40.77315902709961,1188.85,2369,2369,-1.0,-1.0,-1,-1,0.0
17458,-73.95638275146483,40.771568298339844,-73.94580841064453,40.77363586425781,280.21,2369,2369,-1.0,-1.0,-1,-1,0.0
17459,-73.9816665649414,40.759361267089844,-73.99555969238281,40.76475143432617,452.12,2369,2369,-1.0,-1.0,-1,-1,0.0
17460,-73.9856948852539,40.77851867675781,-73.98021697998048,40.77048110961913,300.11,2369,2369,2427.8900000000003,2728.0,58.89000000000033,-3.410605131648481e-13,0.9999999999999989
17461,-73.9948959350586,40.74530029296875,-73.99150085449219,40.757904052734375,464.89,2369,2369,-1.0,-1.0,-1,-1,0.0
17462,-73.98382568359375,40.76751327514648,-73.95116424560547,40.77427673339844,810.36,2369,2369,2391.68,3265.2400000000002,22.679999999999836,63.20000000000039,1.0779900291228595
17463,-73.98457336425781,40.77981185913085,-73.9627227783203,40.77397155761719,619.18,2370,2370,2561.2,3180.38,191.19999999999982,3.410605131648481e-13,1.0000000000000004
17464,-73.96810150146483,40.76215362548828,-73.9859848022461,40.77880859375,801.38,2370,2370,2371.71,3264.95,1.7100000000000364,91.85999999999979,1.114627267962764
17465,-73.9953384399414,40.73965072631836,-73.99175262451173,40.73001480102539,378.8,2370,2370,-1.0,-1.0,-1,-1,0.0
17466,-73.9856948852539,40.74677658081055,-73.9865493774414,40.76494598388672,749.78,2370,2370,2466.96,3216.74,96.96000000000004,-2.2737367544323206e-13,0.9999999999999997
17467,-73.9821014404297,40.777019500732415,-73.98117828369139,40.76374053955078,470.13,2370,2370,-1.0,-1.0,-1,-1,0.0
17468,-73.9918670654297,40.74895477294922,-74.00249481201173,40.74490737915039,270.71,2370,2370,2414.23,2684.94,44.23000000000002,5.684341886080802e-14,1.0000000000000002
17469,-73.9876480102539,40.732669830322266,-73.99185180664062,40.76961135864258,1123.0,2370,2370,-1.0,-1.0,-1,-1,0.0
17470,-73.99790954589844,40.7359733581543,-73.99105072021484,40.75037002563477,436.04,2370,2370,-1.0,-1.0,-1,-1,0.0
17471,-73.9870834350586,40.7561912536621,-73.99370574951173,40.746971130371094,259.07,2370,2370,2421.16,2680.23,51.159999999999854,1.7053025658242404e-13,1.0000000000000007
17472,-73.98165893554686,40.76179885864258,-73.96697235107422,40.769718170166016,560.84,2370,2370,-1.0,-1.0,-1,-1,0.0
17473,-73.99295043945312,40.75282287597656,-73.9801254272461,40.7807731628418,688.44,2371,2371,2455.12,3143.56,84.11999999999989,0.0,1.0
17474,-73.97845458984375,40.72964096069336,-74.00328826904298,40.72327041625977,694.13,2371,2371,-1.0,-1.0,-1,-1,0.0
17475,-73.98477935791014,40.76183700561523,-73.97903442382812,40.75274658203125,447.53,2371,2371,-1.0,-1.0,-1,-1,0.0
17476,-73.99503326416014,40.726234436035156,-73.99246215820312,40.75352096557617,895.71,2371,2371,-1.0,-1.0,-1,-1,0.0
17477,-73.97763061523438,40.75889205932617,-73.99349975585938,40.736515045166016,488.01,2371,2371,2418.42,2906.43,47.42000000000007,-2.2737367544323206e-13,0.9999999999999996
17478,-73.9664077758789,40.78929901123047,-73.95999908447266,40.77351379394531,480.57,2371,2371,2410.4,2890.9700000000003,39.40000000000009,1.7053025658242404e-13,1.0000000000000004
17479,-73.99385833740234,40.75102996826172,-74.00514221191406,40.70604705810547,1255.16,2371,2371,-1.0,-1.0,-1,-1,0.0
17480,-73.97799682617188,40.76436996459961,-73.98216247558594,40.7494010925293,528.33,2371,2371,-1.0,-1.0,-1,-1,0.0
17481,-73.99571228027342,40.748931884765625,-73.97663879394531,40.78078079223633,822.57,2371,2371,-1.0,-1.0,-1,-1,0.0
17482,-73.9961929321289,40.75368881225585,-73.9959259033203,40.74034881591797,417.58,2371,2371,2403.92,2873.0299999999997,32.92000000000007,51.52999999999969,1.1234015039034428
17483,-73.99413299560547,40.751060485839844,-74.00385284423827,40.755767822265625,300.91,2372,2372,-1.0,-1.0,-1,-1,0.0
17484,-73.99152374267578,40.74468612670898,-73.97657012939453,40.74816513061523,487.16,2372,2372,2418.0,2957.76,46.0,52.60000000000019,1.1079727399622306
17485,-73.98146057128906,40.76848220825195,-73.9721450805664,40.78155517578125,295.83,2372,2372,-1.0,-1.0,-1,-1,0.0
17486,-73.97463226318358,40.729827880859375,-73.97868347167969,40.737003326416016,233.41,2372,2372,2690.04,2923.45,318.03999999999996,-1.4210854715202004e-13,0.9999999999999994
17487,-73.9832763671875,40.730281829833984,-73.98963165283203,40.73350143432617,205.17,2372,2372,2518.62,2723.79,146.6199999999999,8.526512829121202e-14,1.0000000000000004
17488,-73.96270751953125,40.77241134643555,-73.98162841796875,40.78463745117188,559.48,2372,2372,-1.0,-1.0,-1,-1,0.0
17489,-74.00971984863281,40.70591354370117,-74.00069427490234,40.727214813232415,692.29,2372,2372,-1.0,-1.0,-1,-1,0.0
17490,-73.9718246459961,40.76086044311523,-73.97731018066406,40.78625869750977,787.18,2372,2372,-1.0,-1.0,-1,-1,0.0
17491,-73.95304870605469,40.78590774536133,-73.95600128173827,40.777793884277344,197.96,2373,2373,2837.68,3035.64,464.67999999999984,2.842170943040401e-14,1.0000000000000002
17492,-73.98876953125,40.76005172729492,-73.98983764648438,40.75642013549805,276.67,2373,2373,-1.0,-1.0,-1,-1,0.0
17493,-73.98716735839844,40.77611541748047,-73.99139404296875,40.75133895874024,731.96,2373,2373,2427.12,3159.08,54.11999999999989,0.0,1.0
17494,-73.9701919555664,40.76533889770508,-73.95893859863281,40.7806396484375,301.47,2373,2373,2424.9700000000003,2726.44,51.970000000000255,-2.2737367544323206e-13,0.9999999999999992
17495,-73.97389221191406,40.76324844360352,-73.9875717163086,40.74441146850585,491.64,2373,2373,-1.0,-1.0,-1,-1,0.0
17496,-73.94124603271484,40.81891632080078,-73.94934844970702,40.82297134399415,208.41,2373,2373,2722.5299999999997,2930.94,349.52999999999975,3.126388037344441e-13,1.0000000000000016
17497,-73.99760437011719,40.721622467041016,-74.00164031982422,40.73072052001953,329.93,2373,2373,2581.45,2911.38,208.44999999999982,2.8421709430404007e-13,1.0000000000000009
17498,-73.95350646972656,40.77965545654297,-73.95339965820312,40.78840637207031,264.82,2374,2374,2418.65,2683.47,44.65000000000009,-2.8421709430404007e-13,0.9999999999999989
17499,-73.97605895996094,40.76560592651367,-73.98275756835938,40.75117111206055,489.63,2374,2374,-1.0,-1.0,-1,-1,0.0
17500,-73.98145294189453,40.77037811279297,-73.98235321044923,40.76409149169922,213.2,2374,2374,-1.0,-1.0,-1,-1,0.0
17501,-73.98029327392578,40.75471115112305,-73.97145080566406,40.76520919799805,399.8,2374,2374,-1.0,-1.0,-1,-1,0.0
17502,-73.9830551147461,40.76276397705078,-73.99271392822266,40.72543716430664,1193.23,2374,2374,-1.0,-1.0,-1,-1,0.0
17503,-74.0160903930664,40.7150993347168,-73.99102020263672,40.72998046875,777.87,2374,2374,-1.0,-1.0,-1,-1,0.0
17504,-73.94876861572266,40.797550201416016,-73.97311401367188,40.76035690307617,910.03,2374,2374,2662.9900000000002,3573.02,288.99000000000024,-2.2737367544323206e-13,0.9999999999999998
17505,-73.9928207397461,40.72587966918945,-73.99977111816406,40.734458923339844,458.74,2375,2375,2588.88,3047.62,213.8800000000001,-2.2737367544323206e-13,0.9999999999999996
17506,-73.99137115478516,40.738807678222656,-74.00738525390625,40.71597290039063,663.53,2375,2375,-1.0,-1.0,-1,-1,0.0
17507,-73.99301147460938,40.74261474609375,-73.97555541992188,40.73284530639648,544.03,2375,2375,2408.5,3005.71,33.5,53.180000000000064,1.0977519622079666
17508,-73.96367645263672,40.77370071411133,-73.95726013183594,40.774600982666016,192.75,2375,2375,-1.0,-1.0,-1,-1,0.0
17509,-73.97496032714845,40.7530403137207,-73.9865493774414,40.745513916015625,374.95,2375,2375,-1.0,-1.0,-1,-1,0.0
17510,-73.9779052734375,40.7867317199707,-73.98178100585938,40.77692794799805,222.91,2375,2375,2473.17,2696.08,98.17000000000007,-1.4210854715202004e-13,0.9999999999999993
17511,-73.97881317138672,40.76086044311523,-73.97968292236328,40.73479843139648,912.75,2375,2375,-1.0,-1.0,-1,-1,0.0
17512,-73.9930648803711,40.74158096313477,-73.96086883544923,40.76109313964844,828.01,2375,2375,-1.0,-1.0,-1,-1,0.0
17513,-73.98896789550781,40.73684310913085,-73.99406433105469,40.75003433227539,560.79,2375,2375,2459.04,3019.83,84.03999999999996,0.0,1.0
17514,-73.97008514404298,40.75881958007813,-73.99819946289062,40.76106262207031,897.02,2376,2376,-1.0,-1.0,-1,-1,0.0
17515,-73.99248504638672,40.74882125854492,-73.97474670410156,40.75635147094727,676.24,2376,2376,-1.0,-1.0,-1,-1,0.0
17516,-73.97669982910156,40.7480354309082,-73.96908569335938,40.76409530639648,523.99,2376,2376,-1.0,-1.0,-1,-1,0.0
17517,-73.97121429443358,40.76054000854492,-73.97295379638672,40.74354934692383,567.46,2376,2376,-1.0,-1.0,-1,-1,0.0
17518,-73.98497772216798,40.74209976196289,-74.00598907470702,40.73619842529297,582.96,2376,2376,-1.0,-1.0,-1,-1,0.0
17519,-74.0028076171875,40.760459899902344,-74.01472473144531,40.71552658081055,740.43,2376,2376,2419.63,3160.06,43.63000000000011,-1.1368683772161603e-13,0.9999999999999999
17520,-73.96694946289062,40.764102935791016,-73.97757720947266,40.78691864013672,758.88,2376,2376,-1.0,-1.0,-1,-1,0.0
17521,-73.9661407470703,40.76263046264648,-73.9600830078125,40.772178649902344,244.03,2376,2376,-1.0,-1.0,-1,-1,0.0
17522,-73.98453521728516,40.72475814819336,-74.00261688232422,40.71855926513672,618.02,2377,2377,-1.0,-1.0,-1,-1,0.0
17523,-73.99517059326173,40.73975372314453,-73.98844909667969,40.75774002075195,576.13,2377,2377,-1.0,-1.0,-1,-1,0.0
17524,-73.98846435546875,40.72321319580078,-73.98868560791014,40.73396301269531,298.04,2377,2377,-1.0,-1.0,-1,-1,0.0
17525,-73.94651794433594,40.77267074584961,-73.96196746826173,40.76411056518555,463.37,2377,2377,2416.15,2879.52,39.15000000000009,-1.1368683772161603e-13,0.9999999999999998
17526,-73.98091888427734,40.76757049560547,-73.9541473388672,40.77299880981445,703.02,2377,2377,2416.25,3175.37,39.25,56.09999999999991,1.0797985832550994
17527,-73.98173522949219,40.7784538269043,-73.97528076171875,40.78437042236328,183.91,2377,2377,2400.11,2584.02,23.110000000000127,-1.4210854715202004e-13,0.9999999999999992
17528,-73.97766876220702,40.74225616455078,-73.96282958984375,40.7695541381836,712.42,2377,2377,-1.0,-1.0,-1,-1,0.0
17529,-73.99871063232422,40.73411178588867,-73.99061584472656,40.724433898925774,486.82,2378,2378,-1.0,-1.0,-1,-1,0.0
17530,-73.96646118164062,40.76488876342773,-73.9452133178711,40.77339172363281,601.54,2378,2378,-1.0,-1.0,-1,-1,0.0
17531,-73.95097351074219,40.78255081176758,-73.96143341064453,40.76346206665039,502.05,2378,2378,2409.46,2911.5099999999998,31.460000000000036,-2.8421709430404007e-13,0.9999999999999994
17532,-73.99409484863281,40.75117111206055,-73.97273254394531,40.753196716308594,724.0,2378,2378,-1.0,-1.0,-1,-1,0.0
17533,-73.95363616943358,40.77936553955078,-73.94618225097656,40.79137802124024,187.32,2378,2378,2425.28,2612.6,47.2800000000002,-2.8421709430404007e-13,0.9999999999999984
17534,-73.994140625,40.751220703125,-74.00379943847656,40.75334167480469,245.66,2378,2378,-1.0,-1.0,-1,-1,0.0
17535,-73.9804458618164,40.764896392822266,-73.98738861083984,40.76870346069336,311.88,2378,2378,-1.0,-1.0,-1,-1,0.0
17536,-73.98589324951173,40.778419494628906,-73.9698715209961,40.78562927246094,400.47,2378,2378,2523.16,2923.63,145.15999999999985,2.2737367544323206e-13,1.0000000000000007
17537,-73.97993469238281,40.75984573364258,-73.97769165039062,40.7491455078125,477.12,2378,2378,2415.4599999999996,2955.4599999999996,37.45999999999958,62.879999999999995,1.1317907444668007
17538,-73.97629547119139,40.79100799560547,-74.00577545166014,40.729469299316406,1240.03,2378,2378,-1.0,-1.0,-1,-1,0.0
17539,-73.96896362304686,40.760555267333984,-73.98323822021484,40.725189208984375,867.82,2378,2378,-1.0,-1.0,-1,-1,0.0
17540,-73.97599792480467,40.74890899658203,-73.95401763916014,40.77080154418945,559.96,2378,2378,-1.0,-1.0,-1,-1,0.0
17541,-74.0160903930664,40.71123123168945,-74.00441741943358,40.72966003417969,523.27,2379,2379,-1.0,-1.0,-1,-1,0.0
17542,-73.98928833007811,40.74790954589844,-73.9781265258789,40.752384185791016,343.54,2379,2379,-1.0,-1.0,-1,-1,0.0
17543,-73.97679901123048,40.750770568847656,-73.99122619628906,40.75556945800781,533.2,2379,2379,-1.0,-1.0,-1,-1,0.0
17544,-73.95877075195312,40.77486038208008,-73.98053741455078,40.78332138061523,507.57,2379,2379,2415.45,2971.04,36.44999999999982,48.02000000000015,1.0946076403254728
17545,-73.95977783203125,40.77378845214844,-73.93926239013672,40.82575988769531,1160.47,2379,2379,-1.0,-1.0,-1,-1,0.0
17546,-73.95089721679686,40.7823600769043,-73.97296142578125,40.74781036376953,889.81,2379,2379,2400.0,3289.8100000000004,21.0,4.547473508864641e-13,1.0000000000000004
17547,-73.99423217773438,40.75119018554688,-73.9781723022461,40.75149154663085,533.26,2379,2379,-1.0,-1.0,-1,-1,0.0
17548,-73.98296356201173,40.74489974975585,-73.93501281738281,40.797527313232415,1139.98,2379,2379,-1.0,-1.0,-1,-1,0.0
17549,-73.99421691894531,40.75115203857422,-74.00283813476562,40.7495231628418,276.79,2379,2379,-1.0,-1.0,-1,-1,0.0
17550,-73.99560546875,40.76478576660156,-73.97425079345702,40.791404724121094,549.02,2379,2379,2400.0,2949.02,21.0,0.0,1.0
17551,-74.0049819946289,40.70676040649415,-73.97789001464844,40.773529052734375,1562.96,2380,2380,-1.0,-1.0,-1,-1,0.0
17552,-73.96427917480467,40.7736701965332,-73.94747161865234,40.77975463867188,416.19,2380,2380,2434.75,2895.23,54.75,44.29000000000002,1.1064177418967298
17553,-73.9740219116211,40.74751663208008,-73.98845672607422,40.72171020507813,770.43,2381,2381,2463.04,3233.47,82.03999999999996,-1.1368683772161603e-13,0.9999999999999999
17554,-73.97145080566406,40.759857177734375,-73.99769592285155,40.72103118896485,1237.18,2381,2381,-1.0,-1.0,-1,-1,0.0
17555,-73.97969818115234,40.7396354675293,-74.00364685058594,40.74841690063477,699.16,2381,2381,2423.52,3188.33,42.51999999999998,65.64999999999998,1.0938983923565422
17556,-73.98856353759766,40.75891876220703,-73.99482727050781,40.74016189575195,634.99,2381,2381,2483.8,3118.79,102.80000000000018,-2.2737367544323206e-13,0.9999999999999997
17557,-73.9768829345703,40.76261520385742,-73.99049377441406,40.74465942382813,726.77,2381,2381,-1.0,-1.0,-1,-1,0.0
17558,-73.9805679321289,40.7421989440918,-73.96952819824219,40.76337814331055,659.85,2381,2381,2425.8,3102.9,44.80000000000018,17.249999999999886,1.0261423050693337
17559,-73.99552917480467,40.739219665527344,-73.97148895263672,40.76350021362305,819.19,2381,2381,-1.0,-1.0,-1,-1,0.0
17560,-73.95494842529298,40.78899002075195,-73.97184753417969,40.79494857788085,369.33,2381,2381,2845.96,3215.2900000000004,464.96000000000004,3.979039320256561e-13,1.000000000000001
17561,-73.99304962158203,40.73387908935547,-73.99165344238281,40.72726058959961,274.37,2382,2382,-1.0,-1.0,-1,-1,0.0
17562,-73.95193481445312,40.76939010620117,-73.974609375,40.78001403808594,605.87,2382,2382,-1.0,-1.0,-1,-1,0.0
17563,-73.98074340820312,40.768470764160156,-73.97386169433594,40.75251007080078,795.16,2382,2382,-1.0,-1.0,-1,-1,0.0
17564,-73.95335388183594,40.7857551574707,-73.95790100097656,40.775333404541016,252.42,2382,2382,2721.67,2974.09,339.6700000000001,8.526512829121202e-14,1.0000000000000004
17565,-73.9674530029297,40.754898071289055,-73.9515609741211,40.78144836425781,582.31,2382,2382,2564.09,3146.4,182.09000000000015,0.0,1.0
17566,-73.9993667602539,40.74406433105469,-73.99791717529298,40.75408554077149,306.22,2382,2382,2420.67,2726.89,38.67000000000007,-2.2737367544323206e-13,0.9999999999999992
17567,-73.9898681640625,40.733665466308594,-73.95175170898438,40.77353286743164,957.11,2382,2382,-1.0,-1.0,-1,-1,0.0
17568,-73.9714584350586,40.76049041748047,-73.98222351074219,40.76654052734375,402.7,2382,2382,-1.0,-1.0,-1,-1,0.0
17569,-73.97122955322266,40.78300857543945,-73.9735336303711,40.75347900390625,973.05,2382,2382,-1.0,-1.0,-1,-1,0.0
17570,-73.98201751708984,40.77842712402344,-73.97795867919923,40.786598205566406,181.84,2382,2382,2406.82,2588.66,24.820000000000164,-3.126388037344441e-13,0.9999999999999983
17571,-73.96017456054686,40.76641845703125,-73.97262573242188,40.74907302856445,453.68,2382,2382,2414.39,2868.07,32.38999999999987,2.8421709430404007e-13,1.0000000000000007
17572,-73.95645904541014,40.781158447265625,-73.9542236328125,40.76395034790039,605.31,2382,2382,2426.67,3031.98,44.67000000000007,0.0,1.0
17573,-73.99681854248048,40.72385025024415,-74.00507354736328,40.7192611694336,340.92,2382,2382,2525.87,2866.79,143.8699999999999,5.684341886080802e-14,1.0000000000000002
17574,-73.96671295166014,40.753196716308594,-73.96106719970702,40.77375793457031,548.31,2383,2383,2438.69,2987.0,55.690000000000055,0.0,1.0
17575,-73.98150634765625,40.77355575561523,-73.96867370605469,40.76760864257813,347.04,2383,2383,2437.46,2784.5,54.460000000000036,-5.684341886080802e-14,0.9999999999999999
17576,-73.98169708251955,40.77865982055664,-73.95256805419923,40.82387161254883,785.62,2383,2383,2412.41,3198.03,29.409999999999854,3.410605131648481e-13,1.0000000000000004
17577,-73.97187042236328,40.783836364746094,-73.98297119140625,40.77692794799805,331.21,2383,2383,-1.0,-1.0,-1,-1,0.0
17578,-73.96113586425781,40.76079177856445,-73.94668579101562,40.78157043457031,319.15,2383,2383,-1.0,-1.0,-1,-1,0.0
17579,-73.98200988769531,40.75181198120117,-73.98932647705078,40.74230194091797,186.01,2383,2383,2442.94,2628.95,59.940000000000055,-2.2737367544323206e-13,0.9999999999999988
17580,-73.96958923339844,40.76079559326172,-74.0060043334961,40.723915100097656,1181.03,2383,2383,2405.1,3622.25,22.09999999999991,36.12000000000012,1.0305834737474917
17581,-73.9690170288086,40.75427627563477,-73.9754638671875,40.75221633911133,216.42,2383,2383,2432.99,2649.41,49.98999999999978,8.526512829121202e-14,1.0000000000000004
17582,-73.96871185302734,40.75491333007813,-73.96826934814453,40.76037216186523,216.17,2384,2384,2590.35,2806.52,206.3499999999999,8.526512829121202e-14,1.0000000000000004
17583,-73.97652435302734,40.77518844604492,-73.95309448242188,40.78616333007813,552.38,2384,2384,2428.96,2981.34,44.960000000000036,1.1368683772161603e-13,1.0000000000000002
17584,-73.98249816894531,40.76267623901367,-73.9857177734375,40.75239944458008,387.17,2384,2384,2412.39,2799.56,28.389999999999873,5.684341886080802e-14,1.0000000000000002
17585,-73.95257568359375,40.776947021484375,-73.9605712890625,40.77433395385742,278.63,2384,2384,2441.17,2719.8,57.17000000000007,1.1368683772161603e-13,1.0000000000000004
17586,-73.98342895507811,40.755470275878906,-73.97792053222656,40.77717971801758,652.83,2384,2384,-1.0,-1.0,-1,-1,0.0
17587,-73.95289611816406,40.76991271972656,-73.98076629638672,40.78484344482422,814.19,2384,2384,-1.0,-1.0,-1,-1,0.0
17588,-74.00236511230467,40.72918319702149,-73.97875213623048,40.75442504882813,768.52,2384,2384,2467.95,3240.4100000000003,83.94999999999982,3.9400000000005093,1.0051267371050858
17589,-74.00135040283203,40.74699020385742,-73.99996948242188,40.73457336425781,350.83,2384,2384,2400.0,2750.83,16.0,-5.684341886080802e-14,0.9999999999999999
17590,-73.97621154785155,40.75985336303711,-73.96109771728516,40.80184555053711,1076.35,2384,2384,-1.0,-1.0,-1,-1,0.0
17591,-73.98058319091797,40.75092315673828,-73.958740234375,40.76861953735352,698.65,2385,2385,2433.25,3158.13,48.25,26.230000000000132,1.037543834538038
17592,-74.00889587402342,40.718650817871094,-73.99718475341797,40.72504806518555,465.84,2385,2385,2438.46,2904.3,53.460000000000036,1.7053025658242404e-13,1.0000000000000004
17593,-73.98404693603516,40.74319839477539,-73.98980712890625,40.72970581054688,371.92,2385,2385,-1.0,-1.0,-1,-1,0.0
17594,-73.9780044555664,40.73355102539063,-73.99663543701173,40.72884368896485,672.16,2385,2385,-1.0,-1.0,-1,-1,0.0
17595,-74.00737762451173,40.72734832763672,-73.97815704345702,40.75135040283203,898.98,2385,2385,2468.91,3367.89,83.90999999999985,0.0,1.0
17596,-73.99134826660156,40.77039337158203,-73.95333862304686,40.78097152709961,911.98,2385,2385,-1.0,-1.0,-1,-1,0.0
17597,-73.98726654052734,40.733306884765625,-73.98611450195312,40.73860549926758,187.12,2385,2385,-1.0,-1.0,-1,-1,0.0
17598,-73.99002075195312,40.734458923339844,-73.9846420288086,40.74288940429688,252.95,2386,2386,-1.0,-1.0,-1,-1,0.0
17599,-73.99329376220702,40.75777816772461,-73.99471282958984,40.73463439941406,660.61,2386,2386,2431.3,3091.91,45.30000000000018,-3.410605131648481e-13,0.9999999999999994
17600,-73.98617553710938,40.72235870361328,-73.99813079833984,40.74045944213867,704.01,2386,2386,2419.41,3123.42,33.409999999999854,2.2737367544323206e-13,1.0000000000000002
17601,-73.98189544677734,40.75385284423828,-73.97863006591797,40.78802108764648,1004.84,2386,2386,2430.14,3493.74,44.13999999999987,58.75999999999988,1.0584769714581426
17602,-73.99966430664062,40.73345947265625,-73.99481201171875,40.72338104248047,439.71,2386,2386,-1.0,-1.0,-1,-1,0.0
17603,-73.994873046875,40.72293090820313,-74.00066375732422,40.72869873046875,295.0,2386,2386,-1.0,-1.0,-1,-1,0.0
17604,-73.97496032714845,40.75074768066406,-74.0151138305664,40.715675354003906,1080.61,2387,2387,-1.0,-1.0,-1,-1,0.0
17605,-73.98414611816406,40.72928237915039,-73.98688507080078,40.73951721191406,367.45,2387,2387,2438.38,2836.66,51.38000000000011,30.829999999999757,1.0839025717784727
17606,-73.9814224243164,40.76501083374024,-73.98490142822266,40.74821853637695,648.63,2387,2387,-1.0,-1.0,-1,-1,0.0
17607,-73.99085235595702,40.745548248291016,-73.99746704101562,40.7564582824707,448.32,2387,2387,-1.0,-1.0,-1,-1,0.0
17608,-73.99082946777342,40.73472595214844,-73.99051666259766,40.72884368896485,194.87,2387,2387,-1.0,-1.0,-1,-1,0.0
17609,-73.99626922607422,40.74426651000977,-73.97047424316406,40.76205825805664,831.7,2387,2387,2441.47,3273.17,54.4699999999998,2.2737367544323206e-13,1.0000000000000002
17610,-74.00737762451173,40.71614074707031,-74.01570129394531,40.71443176269531,316.96,2387,2387,2585.3,2902.26,198.30000000000018,5.684341886080802e-14,1.0000000000000002
17611,-73.98912811279298,40.75678253173828,-74.0022964477539,40.76109313964844,314.12,2388,2388,2424.13,2738.25,36.13000000000011,-1.1368683772161603e-13,0.9999999999999997
17612,-73.9715118408203,40.760440826416016,-73.98735809326173,40.744983673095696,589.68,2388,2388,-1.0,-1.0,-1,-1,0.0
17613,-73.97769927978516,40.761245727539055,-73.98300170898438,40.77168655395508,362.45,2388,2388,-1.0,-1.0,-1,-1,0.0
17614,-73.98135375976562,40.76409912109375,-73.98596954345702,40.757488250732415,241.87,2388,2388,2411.38,2653.25,23.38000000000011,-1.1368683772161603e-13,0.9999999999999996
17615,-73.96192169189453,40.76598739624024,-73.9798126220703,40.76538848876953,600.7,2388,2388,-1.0,-1.0,-1,-1,0.0
17616,-74.00550079345702,40.74068069458008,-74.00563049316406,40.72565841674805,415.68,2388,2388,2517.66,2933.34,129.65999999999985,2.8421709430404007e-13,1.0000000000000007
17617,-73.99207305908203,40.75389862060547,-74.00516510009766,40.74005126953125,451.27,2389,2389,2448.1200000000003,2899.3900000000003,59.120000000000346,0.0,1.0
17618,-73.98983764648438,40.74703979492188,-73.98097991943358,40.75045776367188,284.75,2389,2389,2429.0,2713.75,40.0,0.0,1.0
17619,-73.96501159667969,40.77154922485352,-73.97147369384766,40.76456832885742,345.41,2389,2389,-1.0,-1.0,-1,-1,0.0
17620,-73.98815155029298,40.73928833007813,-73.98120880126955,40.7530517578125,490.13,2389,2389,-1.0,-1.0,-1,-1,0.0
17621,-73.98538970947266,40.778633117675774,-73.91728210449219,40.87245178222656,1077.82,2389,2389,-1.0,-1.0,-1,-1,0.0
17622,-73.98095703125,40.7822380065918,-73.9368896484375,40.85506820678711,919.96,2389,2389,2442.36,3362.32,53.36000000000013,0.0,1.0
17623,-73.96401977539062,40.76525497436523,-73.97940063476562,40.72759246826172,815.19,2389,2389,2402.52,3305.79,13.519999999999982,88.07999999999993,1.1080484304272622
17624,-73.99140930175781,40.750038146972656,-73.98323822021484,40.7616081237793,586.72,2389,2389,-1.0,-1.0,-1,-1,0.0
17625,-73.98703765869139,40.76121139526367,-73.97344970703125,40.75744247436523,521.25,2389,2389,-1.0,-1.0,-1,-1,0.0
17626,-73.98963165283203,40.73838806152344,-74.00907897949219,40.714691162109375,717.07,2389,2389,-1.0,-1.0,-1,-1,0.0
17627,-73.995849609375,40.76430892944336,-73.99083709716798,40.75085067749024,516.37,2389,2389,2431.38,3018.78,42.38000000000011,71.03000000000009,1.1375564033541843
17628,-73.99502563476562,40.739845275878906,-73.9891357421875,40.75579071044922,526.34,2389,2389,2405.88,3023.63,16.88000000000011,91.40999999999997,1.1736710111334878
17629,-73.9827423095703,40.767574310302734,-73.9788818359375,40.762657165527344,249.28,2390,2390,2410.05,2750.48,20.050000000000182,91.14999999999984,1.3656530808729133
17630,-73.97722625732422,40.750389099121094,-73.96903991699219,40.802730560302734,1433.99,2390,2390,2423.44,3875.96,33.440000000000055,18.529999999999973,1.0129219869036743
17631,-74.01573181152342,40.715370178222656,-74.00325775146483,40.724082946777344,467.24,2390,2390,2677.73,3144.97,287.73,-2.2737367544323206e-13,0.9999999999999996
17632,-73.97789764404298,40.7522087097168,-73.96540069580078,40.7667121887207,567.2,2390,2390,-1.0,-1.0,-1,-1,0.0
17633,-73.95636749267578,40.7747802734375,-73.97588348388672,40.76047134399415,705.42,2390,2390,-1.0,-1.0,-1,-1,0.0
17634,-73.94776153564453,40.780418395996094,-73.96421813964844,40.77617645263672,458.39,2390,2390,2478.08,2936.47,88.07999999999993,-1.1368683772161603e-13,0.9999999999999998
17635,-73.98921966552734,40.769439697265625,-74.0042266845703,40.74238967895508,652.33,2390,2390,2447.1,3099.43,57.09999999999991,-1.1368683772161603e-13,0.9999999999999998
17636,-73.9798583984375,40.73989868164063,-73.98686218261719,40.73878860473633,230.12,2390,2390,2422.25,2652.37,32.25,-1.1368683772161603e-13,0.9999999999999996
17637,-73.9648208618164,40.75986099243164,-73.98293304443358,40.73144912719727,622.25,2390,2390,-1.0,-1.0,-1,-1,0.0
17638,-74.00810241699219,40.73786163330078,-73.99160766601562,40.75028610229492,685.68,2390,2390,2400.0,3085.68,10.0,-1.1368683772161603e-13,0.9999999999999999
17639,-73.96199035644531,40.80055236816406,-73.96539306640625,40.76588439941406,863.97,2390,2390,2569.34,3433.31,179.34000000000015,-2.2737367544323206e-13,0.9999999999999998
17640,-73.97512054443358,40.76078414916992,-73.97822570800781,40.752872467041016,291.01,2390,2390,-1.0,-1.0,-1,-1,0.0
17641,-73.9789810180664,40.76115036010742,-73.9593734741211,40.771522521972656,627.79,2390,2390,2440.71,3068.5,50.710000000000036,0.0,1.0
17642,-73.99170684814453,40.731269836425774,-74.01212310791014,40.70772171020508,738.32,2390,2390,-1.0,-1.0,-1,-1,0.0
17643,-73.9490737915039,40.78099060058594,-73.97871398925781,40.77759552001953,652.83,2391,2391,2477.66,3130.4900000000002,86.65999999999985,3.410605131648481e-13,1.0000000000000004
17644,-73.95760345458984,40.76998519897461,-73.9801254272461,40.77796173095703,624.18,2391,2391,-1.0,-1.0,-1,-1,0.0
17645,-73.98086547851562,40.76077270507813,-73.98011779785155,40.78068542480469,588.66,2391,2391,2415.22,3062.28,24.2199999999998,58.40000000000043,1.0992083715557375
17646,-73.97364044189453,40.76337814331055,-73.99738311767578,40.76287078857422,638.71,2391,2391,2501.13,3139.84,110.13000000000011,0.0,1.0
17647,-73.95048522949219,40.7713279724121,-73.96419525146483,40.75529098510742,446.48,2391,2391,2417.37,2957.4300000000003,26.36999999999989,93.58000000000038,1.2095950546497052
17648,-73.99942779541014,40.7188606262207,-73.98778533935547,40.72257614135742,421.73,2391,2391,2575.0,2996.73,184.0,0.0,1.0
17649,-73.97127532958984,40.75539016723633,-73.9918441772461,40.77440643310547,1000.26,2391,2391,-1.0,-1.0,-1,-1,0.0
17650,-73.99127197265625,40.74527359008789,-73.97937774658203,40.76175308227539,444.76,2391,2391,2419.7799999999997,2864.54,28.779999999999745,2.2737367544323206e-13,1.0000000000000004
17651,-74.0091552734375,40.70400619506836,-73.98509216308595,40.73634719848633,798.19,2391,2391,-1.0,-1.0,-1,-1,0.0
17652,-73.97437286376955,40.753730773925774,-73.98809814453125,40.7390251159668,390.12,2391,2391,2438.06,2828.1800000000003,47.059999999999945,3.410605131648481e-13,1.0000000000000009
17653,-73.98577880859375,40.73535537719727,-73.97586822509766,40.74900817871094,322.18,2391,2391,-1.0,-1.0,-1,-1,0.0
17654,-73.97382354736328,40.75199890136719,-73.95562744140625,40.768379211425774,465.94,2391,2391,-1.0,-1.0,-1,-1,0.0
17655,-73.99881744384766,40.7198600769043,-74.01104736328125,40.71593856811523,544.84,2392,2392,2437.25,2999.4700000000003,45.25,17.380000000000223,1.0318992731811178
17656,-74.01175689697266,40.70189666748047,-73.97286224365234,40.75279235839844,796.72,2392,2392,-1.0,-1.0,-1,-1,0.0
17657,-73.9737777709961,40.779121398925774,-73.95543670654298,40.77424621582031,470.09,2392,2392,2483.29,2953.38,91.28999999999996,1.7053025658242404e-13,1.0000000000000004
17658,-73.9767074584961,40.76441192626953,-73.96366882324219,40.75774383544922,467.75,2392,2392,2424.41,2948.15,32.409999999999854,55.99000000000024,1.1197006948156072
17659,-73.97537994384766,40.780269622802734,-73.97453308105469,40.79333114624024,344.27,2392,2392,-1.0,-1.0,-1,-1,0.0
17660,-73.97701263427734,40.753814697265625,-73.96331024169923,40.771728515625,552.98,2392,2392,-1.0,-1.0,-1,-1,0.0
17661,-73.96810150146483,40.80118942260742,-73.9820327758789,40.76934051513672,714.05,2392,2392,2475.23,3189.28,83.23000000000002,2.2737367544323206e-13,1.0000000000000002
17662,-73.95903778076173,40.77209854125977,-73.95458221435547,40.78088760375977,210.23,2393,2393,-1.0,-1.0,-1,-1,0.0
17663,-73.96135711669923,40.774726867675774,-74.00552368164062,40.74747085571289,1316.32,2393,2393,-1.0,-1.0,-1,-1,0.0
17664,-74.00553894042969,40.74059677124024,-74.00527954101562,40.72076034545898,575.34,2393,2393,2490.29,3065.63,97.28999999999996,1.1368683772161603e-13,1.0000000000000002
17665,-73.99085998535155,40.755802154541016,-73.97857666015625,40.75408172607422,453.95,2393,2393,-1.0,-1.0,-1,-1,0.0
17666,-73.99665069580078,40.74776077270508,-73.97049713134766,40.76136016845703,887.5,2393,2393,2403.91,3361.23,10.909999999999854,69.82000000000016,1.0786704225352115
17667,-73.97716522216798,40.749778747558594,-73.99122619628906,40.75041580200195,458.78,2393,2393,2422.54,2881.32,29.539999999999964,2.2737367544323206e-13,1.0000000000000004
17668,-73.97557067871094,40.79204177856445,-74.0097427368164,40.72254180908203,1240.75,2393,2393,2495.71,3736.46,102.71000000000004,0.0,1.0
17669,-73.99208068847656,40.74402618408203,-74.00435638427734,40.75107192993164,388.07,2393,2393,2435.91,2887.31,42.909999999999854,63.3300000000001,1.1631922075914143
17670,-73.97216796875,40.75944519042969,-73.93191528320312,40.79689407348633,951.31,2394,2394,-1.0,-1.0,-1,-1,0.0
17671,-73.9721145629883,40.76239776611328,-73.95265197753906,40.780574798583984,536.15,2394,2394,-1.0,-1.0,-1,-1,0.0
17672,-73.99041748046875,40.740909576416016,-73.98512268066406,40.751869201660156,394.49,2394,2394,-1.0,-1.0,-1,-1,0.0
17673,-73.97935485839844,40.75320434570313,-73.94680786132812,40.780357360839844,848.93,2394,2394,2418.64,3314.95,24.639999999999873,47.379999999999995,1.0558114332159307
17674,-73.97344970703125,40.782630920410156,-73.95381164550781,40.78498840332031,603.71,2394,2394,-1.0,-1.0,-1,-1,0.0
17675,-73.97991180419923,40.73487091064453,-73.98854064941406,40.73749923706055,292.62,2394,2394,2444.94,2737.5600000000004,50.940000000000055,3.410605131648481e-13,1.000000000000001
17676,-73.9862060546875,40.72062301635742,-73.9940414428711,40.72032165527344,329.74,2394,2394,2456.16,2785.9,62.159999999999854,2.2737367544323206e-13,1.0000000000000007
17677,-73.9737777709961,40.754558563232415,-73.99059295654298,40.75593566894531,626.31,2395,2395,-1.0,-1.0,-1,-1,0.0
17678,-73.95733642578125,40.76198959350585,-73.98887634277344,40.73649978637695,713.31,2395,2395,-1.0,-1.0,-1,-1,0.0
17679,-73.98242950439453,40.76441955566406,-73.99289703369139,40.76269912719727,403.95,2395,2395,-1.0,-1.0,-1,-1,0.0
17680,-73.99021911621094,40.76715087890625,-73.9941177368164,40.71554946899415,1609.18,2395,2395,2428.06,4114.569999999999,33.059999999999945,77.32999999999879,1.0480555313886568
17681,-73.9527816772461,40.783287048339844,-73.97233581542969,40.79070281982422,519.13,2395,2395,2430.13,3029.95,35.13000000000011,80.68999999999971,1.1554331285034571
17682,-73.97808074951173,40.75136184692383,-73.97644805908203,40.74391555786133,294.25,2395,2395,2454.85,2749.1,59.84999999999991,0.0,1.0
17683,-73.9821014404297,40.774940490722656,-73.94738006591797,40.79943084716797,918.17,2395,2395,-1.0,-1.0,-1,-1,0.0
17684,-74.00716400146483,40.7275619506836,-74.00334167480467,40.73870086669922,185.83,2395,2395,2427.87,2613.7,32.86999999999989,-8.526512829121202e-14,0.9999999999999996
17685,-74.00029754638672,40.73249816894531,-73.99410247802734,40.74095916748047,186.99,2395,2395,2431.59,2618.58,36.590000000000146,-2.2737367544323206e-13,0.9999999999999988
17686,-73.98902130126955,40.743080139160156,-73.95922088623048,40.77260971069336,1008.43,2396,2396,-1.0,-1.0,-1,-1,0.0
17687,-73.97811889648438,40.757530212402344,-74.00267791748048,40.76068878173828,704.96,2396,2396,-1.0,-1.0,-1,-1,0.0
17688,-73.9826889038086,40.76382827758789,-73.98741912841797,40.72209167480469,1423.52,2396,2396,2408.21,3937.7200000000003,12.210000000000036,105.99000000000024,1.0744562773968755
17689,-73.98861694335938,40.7786521911621,-73.97762298583984,40.76345443725585,600.91,2396,2396,2432.96,3033.87,36.960000000000036,-1.1368683772161603e-13,0.9999999999999998
17690,-73.98088836669923,40.73377990722656,-73.96450805664062,40.75626754760742,375.95,2396,2396,-1.0,-1.0,-1,-1,0.0
17691,-73.98198699951173,40.74613952636719,-73.96131896972656,40.776039123535156,780.9,2396,2396,-1.0,-1.0,-1,-1,0.0
17692,-73.97742462158203,40.754642486572266,-73.97879028320312,40.76483917236328,474.3,2396,2396,-1.0,-1.0,-1,-1,0.0
17693,-73.9510726928711,40.77056121826172,-73.95133972167969,40.78246688842773,310.78,2397,2397,2454.42,2765.2,57.42000000000007,-2.2737367544323206e-13,0.9999999999999992
17694,-73.96919250488281,40.75408554077149,-73.97706604003906,40.74943161010742,278.83,2397,2397,2426.34,2705.3,29.340000000000146,0.1300000000000523,1.0004662339059645
17695,-74.0170669555664,40.704837799072266,-74.0121078491211,40.720123291015625,264.78,2397,2397,-1.0,-1.0,-1,-1,0.0
17696,-73.97093963623048,40.75851821899415,-73.96027374267578,40.76784896850585,413.57,2397,2397,2449.1400000000003,2862.7100000000005,52.14000000000033,1.7053025658242404e-13,1.0000000000000004
17697,-73.97842407226562,40.76496887207031,-74.00515747070312,40.7407112121582,982.64,2397,2397,-1.0,-1.0,-1,-1,0.0
17698,-73.99752807617188,40.73651885986328,-73.9822540283203,40.73198318481445,472.75,2397,2397,-1.0,-1.0,-1,-1,0.0
17699,-73.95481109619139,40.76940536499024,-73.97950744628906,40.781551361083984,672.26,2397,2397,-1.0,-1.0,-1,-1,0.0
17700,-73.97087097167969,40.78802490234375,-73.9789505004883,40.77397155761719,335.39,2398,2398,2438.65,2841.34,40.65000000000009,67.30000000000007,1.2006619159784133
17701,-73.98229217529298,40.748741149902344,-73.97162628173827,40.7654685974121,487.35,2398,2398,-1.0,-1.0,-1,-1,0.0
17702,-73.97845458984375,40.7526741027832,-74.00936889648438,40.7064208984375,1119.97,2398,2398,2400.0,3519.97,2.0,-2.2737367544323206e-13,0.9999999999999998
17703,-73.97689819335938,40.78840255737305,-73.98418426513672,40.78040313720703,200.11,2398,2398,2438.79,2638.9,40.789999999999964,1.1368683772161603e-13,1.0000000000000007
17704,-73.9545669555664,40.76728057861328,-73.9776611328125,40.749359130859375,668.4,2398,2398,2400.0,3068.4,2.0,1.1368683772161603e-13,1.0000000000000002
17705,-73.99530029296875,40.73949813842773,-73.9910888671875,40.755714416503906,520.34,2398,2398,2431.07,2962.9,33.070000000000164,11.489999999999895,1.0220817158012068
17706,-73.99018096923827,40.734031677246094,-73.98053741455078,40.74808120727539,456.19,2399,2399,-1.0,-1.0,-1,-1,0.0
17707,-73.96990203857422,40.752708435058594,-73.97773742675781,40.74800109863281,275.54,2399,2399,2428.26,2703.8,29.26000000000022,-5.684341886080802e-14,0.9999999999999998
17708,-73.97071838378906,40.75558090209961,-73.95198822021484,40.77713394165039,542.34,2399,2399,2400.83,3016.25,1.8299999999999272,73.08000000000004,1.134749419183538
17709,-73.98050689697266,40.74517822265625,-73.97832489013672,40.73089599609375,437.94,2399,2399,-1.0,-1.0,-1,-1,0.0
17710,-73.99102020263672,40.75041198730469,-73.98904418945312,40.735206604003906,477.19,2399,2399,-1.0,-1.0,-1,-1,0.0
17711,-73.96663665771484,40.80437469482422,-73.97540283203125,40.78987503051758,323.16,2399,2399,2402.25,2758.75,3.25,33.339999999999975,1.1031687089986384
17712,-73.98146820068358,40.7691650390625,-73.98023223876955,40.76563262939453,260.23,2399,2399,-1.0,-1.0,-1,-1,0.0
17713,-73.99667358398438,40.73487091064453,-73.98488616943358,40.73841857910156,414.62,2400,2400,-1.0,-1.0,-1,-1,0.0
17714,-73.97513580322266,40.76176452636719,-73.99136352539062,40.75020980834961,575.92,2400,2400,2429.71,3005.63,29.710000000000036,1.1368683772161603e-13,1.0000000000000002
17715,-73.95955657958984,40.76748275756836,-73.98318481445312,40.750354766845696,893.4,2400,2400,-1.0,-1.0,-1,-1,0.0
17716,-73.9994888305664,40.74382019042969,-73.98052215576173,40.7425193786621,499.46,2400,2400,-1.0,-1.0,-1,-1,0.0
17717,-73.97401428222656,40.784046173095696,-73.94461059570312,40.80881118774415,801.74,2400,2400,-1.0,-1.0,-1,-1,0.0
17718,-73.96063232421875,40.7757225036621,-73.95552825927734,40.78255081176758,213.24,2401,2401,-1.0,-1.0,-1,-1,0.0
17719,-73.98780059814453,40.76483154296875,-73.98224639892578,40.776065826416016,329.1,2401,2401,2593.83,2922.93,192.82999999999993,-1.1368683772161603e-13,0.9999999999999997
17720,-73.98152923583984,40.74700927734375,-73.95561218261719,40.76850891113281,691.92,2401,2401,2468.12,3176.9700000000003,67.11999999999989,16.930000000000405,1.0244681466065446
17721,-73.9912567138672,40.739051818847656,-74.00162506103516,40.72858047485352,296.25,2401,2401,-1.0,-1.0,-1,-1,0.0
17722,-73.9538803100586,40.78480911254883,-73.95951080322266,40.77437973022461,276.37,2401,2401,-1.0,-1.0,-1,-1,0.0
17723,-73.95822143554686,40.78091430664063,-73.97573852539062,40.78845596313477,335.33,2401,2401,-1.0,-1.0,-1,-1,0.0
17724,-74.00560760498048,40.71479415893555,-73.99308776855469,40.72798538208008,585.76,2401,2401,2654.2200000000003,3239.98,253.22000000000025,-2.2737367544323206e-13,0.9999999999999997
17725,-73.95902252197266,40.7778205871582,-73.9393310546875,40.80511093139648,555.62,2401,2401,2454.02,3021.03,53.01999999999998,11.390000000000214,1.0204996220438434
17726,-73.9789505004883,40.763050079345696,-73.99140930175781,40.75030899047852,558.78,2401,2401,-1.0,-1.0,-1,-1,0.0
17727,-73.98262786865234,40.74540710449219,-73.97232818603516,40.75100326538085,397.7,2402,2402,-1.0,-1.0,-1,-1,0.0
17728,-73.98284149169923,40.76177597045898,-74.0043716430664,40.71795654296875,1064.5,2402,2402,-1.0,-1.0,-1,-1,0.0
17729,-73.9920883178711,40.764175415039055,-73.96633148193358,40.79447937011719,616.9,2402,2402,2436.59,3053.4900000000002,34.590000000000146,1.1368683772161603e-13,1.0000000000000002
17730,-73.98600006103516,40.75246047973633,-73.988525390625,40.740177154541016,308.55,2402,2402,2444.29,2757.67,42.289999999999964,4.830000000000098,1.0156538648517262
17731,-73.9935302734375,40.74998092651367,-73.9735107421875,40.791839599609375,934.12,2402,2402,-1.0,-1.0,-1,-1,0.0
17732,-73.98446655273438,40.74320983886719,-73.9799575805664,40.7392692565918,199.34,2402,2402,2446.63,2645.97,44.63000000000011,-3.126388037344441e-13,0.9999999999999984
17733,-73.9590835571289,40.77517700195313,-73.9812240600586,40.77382278442383,515.29,2402,2402,-1.0,-1.0,-1,-1,0.0
17734,-73.95030212402342,40.786766052246094,-73.95869445800781,40.76718521118164,502.23,2403,2403,2496.46,2998.69,93.46000000000004,0.0,1.0
17735,-73.9628677368164,40.77258682250977,-73.97064208984375,40.75218200683594,653.69,2403,2403,2435.02,3111.44,32.01999999999998,22.730000000000018,1.0347718337438236
17736,-73.9664077758789,40.758018493652344,-73.9812240600586,40.72506713867188,789.44,2403,2403,-1.0,-1.0,-1,-1,0.0
17737,-74.0003433227539,40.728702545166016,-73.97240447998048,40.76095581054688,1067.77,2403,2403,2580.79,3648.56,177.78999999999996,0.0,1.0
17738,-73.97608184814453,40.763038635253906,-73.9750747680664,40.75573348999024,423.0,2403,2403,-1.0,-1.0,-1,-1,0.0
17739,-73.97373962402342,40.75056838989258,-74.00569915771484,40.740501403808594,920.08,2403,2403,2447.56,3380.05,44.559999999999945,12.410000000000196,1.0134879575689073
17740,-73.96611785888672,40.75293731689453,-73.98653411865234,40.76033401489258,841.33,2403,2403,-1.0,-1.0,-1,-1,0.0
17741,-73.96977996826173,40.768943786621094,-73.9815902709961,40.77134323120117,275.04,2404,2404,-1.0,-1.0,-1,-1,0.0
17742,-73.98019409179686,40.743350982666016,-73.95853424072266,40.77241516113281,695.51,2404,2404,-1.0,-1.0,-1,-1,0.0
17743,-73.988525390625,40.7591552734375,-73.9968490600586,40.76279830932617,284.26,2404,2404,2459.38,2787.38,55.38000000000011,43.74000000000001,1.153873214662633
17744,-73.97296905517578,40.75588989257813,-73.9797134399414,40.75526809692383,310.0,2404,2404,-1.0,-1.0,-1,-1,0.0
17745,-73.99278259277344,40.74276351928711,-73.9725570678711,40.78581237792969,1102.78,2404,2404,-1.0,-1.0,-1,-1,0.0
17746,-73.99542999267578,40.76382446289063,-73.96875,40.8012809753418,603.78,2405,2405,2430.0,3057.78,25.0,24.000000000000227,1.0397495776607377
17747,-73.99896240234375,40.76115417480469,-73.99074554443358,40.75083541870117,451.49,2405,2405,2564.21,3015.7,159.21000000000004,-2.2737367544323206e-13,0.9999999999999994
17748,-73.99449920654298,40.75067901611328,-73.98661804199219,40.76158905029297,346.19,2405,2405,2464.25,2810.44,59.25,5.684341886080802e-14,1.0000000000000002
17749,-73.97681427001955,40.78000259399415,-73.95630645751955,40.76444625854492,814.95,2405,2405,-1.0,-1.0,-1,-1,0.0
17750,-73.97144317626955,40.7584228515625,-73.98277282714845,40.74216079711913,382.3,2405,2405,2459.5099999999998,2841.81,54.50999999999976,1.7053025658242404e-13,1.0000000000000004
17751,-73.97358703613281,40.763519287109375,-73.9564895629883,40.77301406860352,527.26,2405,2405,-1.0,-1.0,-1,-1,0.0
17752,-73.9789505004883,40.772544860839844,-73.98365783691406,40.78403091430664,395.28,2406,2406,-1.0,-1.0,-1,-1,0.0
17753,-73.9939727783203,40.7205810546875,-73.95174407958984,40.7737693786621,1090.72,2406,2406,2475.79,3566.5099999999998,69.78999999999996,-2.2737367544323206e-13,0.9999999999999998
17754,-73.98338317871094,40.72213363647461,-73.971435546875,40.75693130493164,876.96,2406,2406,-1.0,-1.0,-1,-1,0.0
17755,-74.00666046142578,40.74428176879883,-73.98747253417969,40.75030899047852,517.88,2406,2406,2502.0,3019.88,96.0,1.1368683772161603e-13,1.0000000000000002
17756,-73.964599609375,40.76037979125977,-73.94538116455078,40.77941131591797,452.6,2406,2406,2504.34,2956.94,98.34000000000015,-1.1368683772161603e-13,0.9999999999999998
17757,-74.00228118896483,40.72662353515625,-73.99085998535155,40.723541259765625,341.97,2406,2406,2504.25,2846.2200000000003,98.25,2.2737367544323206e-13,1.0000000000000007
17758,-73.9827880859375,40.75094604492188,-74.00712585449219,40.7349739074707,700.42,2407,2407,-1.0,-1.0,-1,-1,0.0
17759,-73.97229766845702,40.74985122680664,-74.01353454589844,40.71751022338867,1011.11,2407,2407,-1.0,-1.0,-1,-1,0.0
17760,-73.97765350341797,40.7841682434082,-73.95173645019531,40.79790878295898,520.5,2407,2407,2460.47,2980.97,53.4699999999998,0.0,1.0
17761,-74.00975036621094,40.71066665649415,-73.99286651611328,40.738807678222656,730.4,2407,2407,-1.0,-1.0,-1,-1,0.0
17762,-74.00584411621094,40.7149772644043,-74.00753021240234,40.74090576171875,666.31,2407,2407,-1.0,-1.0,-1,-1,0.0
17763,-73.95194244384766,40.7694091796875,-73.96245574951173,40.758155822753906,427.44,2407,2407,-1.0,-1.0,-1,-1,0.0
17764,-73.9931411743164,40.736419677734375,-73.96619415283203,40.76723861694336,1047.52,2407,2407,-1.0,-1.0,-1,-1,0.0
17765,-73.95741271972656,40.8120002746582,-73.97303771972656,40.79304122924805,479.85,2407,2407,2576.28,3056.13,169.2800000000002,-1.1368683772161603e-13,0.9999999999999998
17766,-73.9535598754883,40.77540969848633,-73.9393539428711,40.7976188659668,395.57,2408,2408,2484.38,2879.9500000000003,76.38000000000011,1.7053025658242404e-13,1.0000000000000004
17767,-73.96572875976562,40.753089904785156,-73.98764038085938,40.728721618652344,593.95,2408,2408,-1.0,-1.0,-1,-1,0.0
17768,-73.99645233154298,40.76348876953125,-73.99273681640625,40.74870681762695,537.54,2408,2408,2567.08,3104.6200000000003,159.07999999999993,4.547473508864641e-13,1.0000000000000009
17769,-73.98007202148438,40.74304962158203,-73.9786148071289,40.75014114379883,274.52,2408,2408,-1.0,-1.0,-1,-1,0.0
17770,-74.0059814453125,40.736122131347656,-73.98445129394531,40.7353515625,638.62,2408,2408,2460.51,3154.67,52.51000000000022,55.53999999999985,1.0869687764241645
17771,-73.982666015625,40.7479362487793,-73.94837951660156,40.7957763671875,999.15,2408,2408,-1.0,-1.0,-1,-1,0.0
17772,-73.99600219726562,40.74646377563477,-73.9977035522461,40.7194709777832,871.16,2408,2408,-1.0,-1.0,-1,-1,0.0
17773,-73.99834442138672,40.75072860717773,-74.00782012939453,40.74043655395508,360.99,2409,2409,-1.0,-1.0,-1,-1,0.0
17774,-74.00507354736328,40.74626159667969,-73.9976806640625,40.73006820678711,594.96,2409,2409,2526.92,3121.88,117.92000000000007,0.0,1.0
17775,-73.9810791015625,40.78464126586913,-73.98263549804686,40.7722282409668,294.01,2409,2409,2448.81,2776.5,39.809999999999945,33.680000000000064,1.114553926737186
17776,-73.97598266601562,40.75503158569336,-73.9781494140625,40.74887466430664,199.38,2409,2409,2430.94,2630.32,21.940000000000055,1.1368683772161603e-13,1.0000000000000007
17777,-73.9535903930664,40.76689147949219,-73.9617691040039,40.77690124511719,407.98,2409,2409,-1.0,-1.0,-1,-1,0.0
17778,-73.99403381347656,40.75101089477539,-73.9900894165039,40.72060012817383,1192.84,2409,2409,-1.0,-1.0,-1,-1,0.0
17779,-73.99042510986328,40.75638198852539,-73.95926666259766,40.8154296875,946.99,2409,2409,2446.5,3422.21,37.5,28.720000000000027,1.03032766977476
17780,-73.96066284179686,40.76574325561523,-73.98548126220702,40.743179321289055,845.56,2409,2409,-1.0,-1.0,-1,-1,0.0
17781,-74.01065826416014,40.70447158813477,-73.99980163574219,40.73287963867188,829.05,2409,2409,-1.0,-1.0,-1,-1,0.0
17782,-73.95486450195312,40.78918838500977,-73.97618865966798,40.78829956054688,415.75,2409,2409,2900.5,3316.25,491.5,0.0,1.0
17783,-73.98799133300781,40.7378158569336,-74.00390625,40.74816513061523,535.95,2410,2410,2469.99,3005.94,59.98999999999978,2.2737367544323206e-13,1.0000000000000004
17784,-73.97636413574219,40.73956680297852,-73.9869155883789,40.74938201904297,549.73,2410,2410,-1.0,-1.0,-1,-1,0.0
17785,-73.95741271972656,40.77982711791992,-73.95819854736328,40.76525497436523,531.11,2410,2410,-1.0,-1.0,-1,-1,0.0
17786,-74.000732421875,40.7205810546875,-74.00920867919923,40.710540771484375,346.6,2410,2410,2550.58,2897.18,140.57999999999993,-1.1368683772161603e-13,0.9999999999999997
17787,-73.98387145996094,40.765174865722656,-73.9793930053711,40.78676986694336,562.91,2410,2410,2468.83,3085.2799999999997,58.82999999999993,53.53999999999985,1.0951128954895095
17788,-73.98204040527344,40.76578140258789,-73.98146820068358,40.780120849609375,497.35,2410,2410,-1.0,-1.0,-1,-1,0.0
17789,-73.98635101318358,40.75207901000977,-73.95227813720702,40.77293014526367,907.02,2410,2410,2450.44,3424.72,40.440000000000055,67.25999999999976,1.0741549249189652
17790,-73.99049377441406,40.75044250488281,-73.98374938964845,40.74091720581055,505.12,2410,2410,-1.0,-1.0,-1,-1,0.0
17791,-73.98572540283203,40.74399185180664,-73.98098754882812,40.764404296875,703.57,2411,2411,-1.0,-1.0,-1,-1,0.0
17792,-74.00609588623048,40.73385620117188,-73.97925567626955,40.73114776611328,733.08,2411,2411,2500.37,3233.45,89.36999999999989,-1.1368683772161603e-13,0.9999999999999999
17793,-73.9914321899414,40.750244140625,-73.99089813232422,40.74196243286133,282.36,2411,2411,-1.0,-1.0,-1,-1,0.0
17794,-73.98298645019531,40.76190948486328,-73.99440002441406,40.72497940063477,1140.1,2411,2411,2434.35,3639.24,23.34999999999991,64.78999999999996,1.0568283483904921
17795,-73.97124481201173,40.795318603515625,-73.98209381103516,40.77756881713867,370.33,2411,2411,-1.0,-1.0,-1,-1,0.0
17796,-74.00584411621094,40.74524688720703,-73.99627685546875,40.75860595703125,248.4,2411,2411,-1.0,-1.0,-1,-1,0.0
17797,-73.9686050415039,40.76431274414063,-73.97579956054686,40.76390075683594,236.01,2411,2411,-1.0,-1.0,-1,-1,0.0
17798,-73.99028778076173,40.7591209411621,-73.97582244873048,40.757511138916016,615.28,2412,2412,-1.0,-1.0,-1,-1,0.0
17799,-74.00247192382812,40.71510696411133,-73.9732666015625,40.756736755371094,1192.6,2412,2412,-1.0,-1.0,-1,-1,0.0
17800,-74.00424194335938,40.748390197753906,-73.99371337890625,40.74498748779297,260.49,2412,2412,-1.0,-1.0,-1,-1,0.0
17801,-73.982177734375,40.770332336425774,-73.9847183227539,40.75981140136719,378.2,2412,2412,-1.0,-1.0,-1,-1,0.0
17802,-73.99691772460938,40.75276184082031,-73.99271392822266,40.737403869628906,481.66,2412,2412,2455.75,2982.09,43.75,44.68000000000012,1.0927625295851848
17803,-73.96484375,40.77558898925781,-73.99401092529298,40.72673034667969,1327.99,2412,2412,2520.62,3848.61,108.61999999999989,2.2737367544323206e-13,1.0000000000000002
17804,-73.9791488647461,40.74045181274415,-73.98365020751955,40.74980926513672,491.64,2412,2412,-1.0,-1.0,-1,-1,0.0
17805,-73.9775390625,40.78424072265625,-73.96649169921875,40.77223205566406,394.75,2412,2412,2496.75,2891.5,84.75,0.0,1.0
17806,-74.0061264038086,40.74516677856445,-74.00960540771484,40.710533142089844,944.81,2412,2412,-1.0,-1.0,-1,-1,0.0
17807,-73.96929168701173,40.75370407104492,-73.97511291503906,40.75201034545898,202.75,2413,2413,2440.01,2642.76,27.01000000000022,0.0,1.0
17808,-73.94377136230467,40.77656936645508,-73.95256805419923,40.778221130371094,185.5,2413,2413,2552.28,2737.78,139.2800000000002,0.0,1.0
17809,-73.97256469726562,40.75592803955078,-73.9636993408203,40.75754165649415,298.66,2413,2413,-1.0,-1.0,-1,-1,0.0
17810,-73.99788665771484,40.72588348388672,-73.98404693603516,40.72552108764648,399.33,2413,2413,2583.37,2982.7,170.3699999999999,-5.684341886080802e-14,0.9999999999999999
17811,-73.95439910888672,40.821189880371094,-73.98255920410156,40.77238082885742,864.29,2413,2413,-1.0,-1.0,-1,-1,0.0
17812,-73.96493530273438,40.75561141967773,-73.95243072509766,40.76645278930664,311.03,2413,2413,2488.21,2799.24,75.21000000000004,-2.2737367544323206e-13,0.9999999999999992
17813,-73.97140502929686,40.75812149047852,-74.00680541992188,40.70945739746094,1249.64,2413,2413,2452.57,3745.7599999999998,39.570000000000164,43.5499999999995,1.034850036810601
17814,-73.9605484008789,40.79742050170898,-73.98760986328125,40.76525497436523,697.22,2414,2414,2697.66,3394.88,283.65999999999985,2.2737367544323206e-13,1.0000000000000002
17815,-73.97821807861328,40.752944946289055,-73.94893646240234,40.77734756469727,848.7,2414,2414,-1.0,-1.0,-1,-1,0.0
17816,-73.95428466796875,40.78409957885742,-73.954345703125,40.77445983886719,296.99,2414,2414,-1.0,-1.0,-1,-1,0.0
17817,-74.00025177001955,40.73282241821289,-73.97886657714845,40.744571685791016,604.32,2414,2414,-1.0,-1.0,-1,-1,0.0
17818,-73.98603057861328,40.76735305786133,-73.9994583129883,40.761478424072266,396.13,2414,2414,2453.83,2924.89,39.82999999999993,74.92999999999995,1.1891550753540503
17819,-73.95829010009766,40.780357360839844,-73.92878723144531,40.86562728881836,1195.86,2414,2414,-1.0,-1.0,-1,-1,0.0
17820,-73.99114990234375,40.76198196411133,-73.9818801879883,40.7788200378418,396.27,2414,2414,-1.0,-1.0,-1,-1,0.0
17821,-73.97006225585938,40.759803771972656,-73.98099517822266,40.75044250488281,471.27,2415,2415,2470.75,2942.02,55.75,0.0,1.0
17822,-73.99430847167969,40.7323112487793,-74.00042724609375,40.72502136230469,347.91,2415,2415,-1.0,-1.0,-1,-1,0.0
17823,-73.95458984375,40.78662872314453,-73.96775817871094,40.800498962402344,462.97,2415,2415,-1.0,-1.0,-1,-1,0.0
17824,-73.98206329345702,40.77566146850585,-73.9552993774414,40.77313232421875,710.51,2415,2415,2548.03,3258.5399999999995,133.0300000000002,-6.821210263296962e-13,0.999999999999999
17825,-73.98187255859375,40.732437133789055,-73.9923324584961,40.74677658081055,749.15,2415,2415,2531.3,3280.45,116.30000000000018,-3.410605131648481e-13,0.9999999999999996
17826,-73.9745864868164,40.74244689941406,-73.97760009765625,40.75471496582031,462.99,2415,2415,2458.12,2921.11,43.11999999999989,2.2737367544323206e-13,1.0000000000000004
17827,-73.96019744873048,40.775554656982415,-73.95378875732422,40.76683044433594,361.5,2415,2415,-1.0,-1.0,-1,-1,0.0
17828,-73.95217895507811,40.78422164916992,-73.95972442626955,40.81383895874024,850.42,2415,2415,2437.35,3380.9,22.34999999999991,93.13000000000022,1.10951059476494
17829,-73.96353149414062,40.77430725097656,-73.95209503173827,40.76948165893555,399.03,2415,2415,-1.0,-1.0,-1,-1,0.0
17830,-73.96734619140625,40.769126892089844,-73.95282745361328,40.8056755065918,754.94,2415,2415,-1.0,-1.0,-1,-1,0.0
17831,-73.99580383300781,40.74392318725585,-74.00169372558595,40.7326774597168,239.75,2416,2416,-1.0,-1.0,-1,-1,0.0
17832,-73.98553466796875,40.778358459472656,-73.9959487915039,40.76404190063477,258.8,2416,2416,-1.0,-1.0,-1,-1,0.0
17833,-73.98157501220702,40.75623321533203,-73.97747039794923,40.784534454345696,752.95,2416,2416,2452.89,3267.33,36.88999999999987,61.49000000000001,1.0816654492330169
17834,-73.95191192626955,40.76953887939453,-73.97554016113281,40.78200912475585,629.99,2416,2416,-1.0,-1.0,-1,-1,0.0
17835,-73.99579620361328,40.72536849975585,-73.9822998046875,40.75736999511719,862.27,2416,2416,-1.0,-1.0,-1,-1,0.0
17836,-73.99065399169923,40.74022674560547,-74.00165557861328,40.72866439819336,318.41,2416,2416,-1.0,-1.0,-1,-1,0.0
17837,-73.96147155761719,40.7647705078125,-73.96672058105469,40.75727844238281,207.17,2416,2416,2469.31,2676.48,53.309999999999945,8.526512829121202e-14,1.0000000000000004
17838,-73.96551513671875,40.7691764831543,-74.00647735595702,40.74958801269531,1034.2,2416,2416,-1.0,-1.0,-1,-1,0.0
17839,-73.96871185302734,40.76498794555664,-73.96532440185547,40.75833129882813,302.21,2417,2417,-1.0,-1.0,-1,-1,0.0
17840,-73.9648208618164,40.77592849731445,-73.97610473632812,40.759666442871094,460.39,2417,2417,2440.63,2901.02,23.63000000000011,-1.1368683772161603e-13,0.9999999999999998
17841,-73.99445343017578,40.75065994262695,-73.97057342529298,40.78834915161133,952.56,2417,2417,2473.5099999999998,3426.0699999999997,56.50999999999976,0.0,1.0
17842,-73.96016693115234,40.77648544311523,-73.96623992919923,40.76501846313477,351.94,2417,2417,-1.0,-1.0,-1,-1,0.0
17843,-73.97718048095702,40.78965377807617,-73.95578765869139,40.77794647216797,523.7,2417,2417,-1.0,-1.0,-1,-1,0.0
17844,-73.9727020263672,40.76168823242188,-73.98517608642578,40.76845169067383,502.82,2417,2417,2470.73,2973.55,53.73000000000002,1.7053025658242404e-13,1.0000000000000004
17845,-73.98255157470702,40.745452880859375,-73.98511505126955,40.723934173583984,636.44,2418,2418,-1.0,-1.0,-1,-1,0.0
17846,-73.96797180175781,40.765472412109375,-73.97813415527344,40.77199172973633,323.33,2418,2418,2456.04,2779.37,38.039999999999964,-5.684341886080802e-14,0.9999999999999998
17847,-73.98517608642578,40.7788314819336,-73.989501953125,40.75708770751953,646.04,2418,2418,-1.0,-1.0,-1,-1,0.0
17848,-73.95506286621094,40.78335189819336,-73.94677734375,40.7723388671875,439.86,2418,2418,2440.71,2972.07,22.710000000000036,91.50000000000011,1.2080207338698679
17849,-74.0116195678711,40.705284118652344,-74.00834655761719,40.7420768737793,993.56,2418,2418,-1.0,-1.0,-1,-1,0.0
17850,-74.00006866455078,40.732948303222656,-73.99097442626955,40.75585174560547,655.01,2418,2418,-1.0,-1.0,-1,-1,0.0
17851,-73.97258758544923,40.7859764099121,-73.9810562133789,40.78098678588867,226.95,2418,2418,-1.0,-1.0,-1,-1,0.0
17852,-73.98712921142578,40.7806053161621,-73.99269866943358,40.759273529052734,602.53,2418,2418,2486.46,3088.9900000000002,68.46000000000004,2.2737367544323206e-13,1.0000000000000004
17853,-73.99149322509766,40.76510238647461,-73.98231506347656,40.775257110595696,225.91,2418,2418,2442.21,2668.12,24.210000000000036,-1.4210854715202004e-13,0.9999999999999993
17854,-73.97119903564453,40.76689147949219,-73.97980499267578,40.76565170288085,302.38,2418,2418,2472.53,2774.91,54.5300000000002,-3.410605131648481e-13,0.9999999999999989
17855,-73.99569702148438,40.76456832885742,-73.9861831665039,40.75577163696289,485.88,2419,2419,2567.66,3053.54,148.65999999999985,1.1368683772161603e-13,1.0000000000000002
17856,-73.95210266113281,40.76934051513672,-73.97264862060547,40.74936294555664,564.41,2419,2419,-1.0,-1.0,-1,-1,0.0
17857,-73.98335266113281,40.74222183227539,-74.0139923095703,40.71752166748047,1020.27,2419,2419,-1.0,-1.0,-1,-1,0.0
17858,-73.98220825195312,40.75212097167969,-73.99817657470702,40.760780334472656,540.8,2419,2419,2471.55,3012.3500000000004,52.55000000000018,2.2737367544323206e-13,1.0000000000000004
17859,-73.98823547363281,40.75940322875977,-73.9646224975586,40.80243682861328,861.84,2419,2419,2445.51,3380.77,26.51000000000022,73.41999999999973,1.0851898264178963
17860,-73.97238922119139,40.7566032409668,-73.98831176757811,40.75000762939453,520.5,2419,2419,-1.0,-1.0,-1,-1,0.0
17861,-73.97807312011719,40.788761138916016,-73.98796844482422,40.76145935058594,721.83,2419,2419,-1.0,-1.0,-1,-1,0.0
17862,-74.0099105834961,40.70212936401367,-73.96276092529298,40.77746963500977,1391.28,2419,2419,-1.0,-1.0,-1,-1,0.0
17863,-73.99089813232422,40.73992156982422,-73.99201202392578,40.72610092163085,470.76,2419,2419,2430.0200000000004,2900.78,11.020000000000437,-2.2737367544323206e-13,0.9999999999999996
17864,-73.96778869628906,40.76283264160156,-73.97570037841797,40.76030349731445,351.21,2420,2420,-1.0,-1.0,-1,-1,0.0
17865,-73.98890686035155,40.72702026367188,-73.95633697509766,40.78395080566406,1248.47,2420,2420,2591.08,3839.55,171.07999999999993,2.2737367544323206e-13,1.0000000000000002
17866,-73.98195648193358,40.77038955688477,-73.95165252685547,40.77019119262695,871.46,2420,2420,-1.0,-1.0,-1,-1,0.0
17867,-74.00798797607422,40.71502304077149,-74.00106048583984,40.73166275024415,308.37,2420,2420,2545.0,2853.37,125.0,-1.1368683772161603e-13,0.9999999999999997
17868,-73.96197509765625,40.7641716003418,-73.94602203369139,40.77339172363281,393.22,2421,2421,-1.0,-1.0,-1,-1,0.0
17869,-73.97712707519531,40.75228118896485,-73.9783706665039,40.73429870605469,573.66,2421,2421,2475.53,3096.96,54.5300000000002,47.76999999999987,1.0832723215842135
17870,-73.98475646972656,40.7684326171875,-73.96460723876955,40.763084411621094,649.02,2421,2421,2454.7999999999997,3141.79,33.79999999999973,37.970000000000255,1.0585035900280426
17871,-74.00163269042969,40.74095153808594,-73.99359130859375,40.73313903808594,397.25,2421,2421,2432.55,2829.8,11.550000000000182,0.0,1.0
17872,-74.00682067871094,40.73039627075195,-73.9836196899414,40.76615524291992,846.11,2421,2421,2441.67,3287.78,20.670000000000073,1.1368683772161603e-13,1.0000000000000002
17873,-73.98516082763672,40.73247146606445,-73.9967269897461,40.74771118164063,625.51,2421,2421,2495.41,3120.92,74.40999999999985,2.2737367544323206e-13,1.0000000000000004
17874,-73.96228790283203,40.77632141113281,-73.97314453125,40.74858093261719,866.5,2421,2421,2474.04,3343.27,53.039999999999964,2.730000000000018,1.0031506058857473
17875,-73.9877700805664,40.74419021606445,-73.99191284179686,40.749061584472656,285.04,2422,2422,-1.0,-1.0,-1,-1,0.0
17876,-73.98794555664062,40.72821044921875,-73.98005676269531,40.71749877929688,409.62,2422,2422,2461.75,2871.37,39.75,-1.1368683772161603e-13,0.9999999999999998
17877,-73.95964050292969,40.7628059387207,-73.94991302490234,40.7796745300293,313.45,2422,2422,2452.69,2766.14,30.690000000000055,-1.7053025658242404e-13,0.9999999999999994
17878,-73.98204803466798,40.777137756347656,-73.98792266845702,40.76298141479492,382.13,2422,2422,2520.12,2902.25,98.11999999999989,1.1368683772161603e-13,1.0000000000000002
17879,-73.98661041259766,40.77700424194336,-73.95906829833984,40.78326034545898,747.84,2422,2422,2430.0,3214.01,8.0,36.170000000000186,1.0483659606332907
17880,-73.95425415039062,40.76388549804688,-73.93772888183594,40.804542541503906,780.23,2422,2422,-1.0,-1.0,-1,-1,0.0
17881,-74.0076904296875,40.74072265625,-73.9975357055664,40.73762512207031,357.54,2422,2422,-1.0,-1.0,-1,-1,0.0
17882,-73.98037719726562,40.7688102722168,-73.99365997314453,40.75899887084961,499.54,2422,2422,2451.95,2981.95,29.949999999999818,30.45999999999998,1.0609760980101692
17883,-73.97489929199219,40.7777214050293,-73.98200988769531,40.75986099243164,588.96,2423,2423,2474.26,3063.22,51.26000000000022,-4.547473508864641e-13,0.9999999999999992
17884,-73.98979187011719,40.74135971069336,-73.9777603149414,40.7133903503418,648.1,2423,2423,2451.96,3100.06,28.960000000000036,-1.1368683772161603e-13,0.9999999999999998
17885,-73.97120666503906,40.75104141235352,-73.98926544189453,40.726341247558594,495.81,2423,2423,-1.0,-1.0,-1,-1,0.0
17886,-73.99611663818358,40.726238250732415,-74.0023880004883,40.71879196166992,260.38,2423,2423,2571.21,2831.59,148.21000000000004,1.1368683772161603e-13,1.0000000000000004
17887,-73.97988891601562,40.76585006713867,-73.98960876464844,40.77471160888672,403.3,2423,2423,-1.0,-1.0,-1,-1,0.0
17888,-73.99725341796875,40.74185180664063,-74.00691986083984,40.71925735473633,432.45,2423,2423,2446.77,2879.22,23.769999999999982,-1.7053025658242404e-13,0.9999999999999996
17889,-73.96697235107422,40.76665115356445,-73.97882080078125,40.78948974609375,698.04,2423,2423,2477.39,3175.43,54.38999999999987,0.0,1.0
17890,-73.9674301147461,40.76051712036133,-73.9569320678711,40.76796340942383,307.73,2423,2423,2478.7400000000002,2786.4700000000003,55.74000000000024,0.0,1.0
17891,-73.9906997680664,40.7505111694336,-74.0031509399414,40.7328987121582,372.19,2423,2423,-1.0,-1.0,-1,-1,0.0
17892,-73.96623229980467,40.79326629638672,-73.97238159179686,40.76510238647461,713.61,2424,2424,-1.0,-1.0,-1,-1,0.0
17893,-74.00272369384766,40.76066589355469,-73.97413635253906,40.75749969482422,918.76,2424,2424,-1.0,-1.0,-1,-1,0.0
17894,-73.97895812988281,40.78755569458008,-73.96219635009766,40.80064010620117,392.11,2424,2424,2456.53,2848.64,32.5300000000002,-3.410605131648481e-13,0.9999999999999991
17895,-73.98844146728516,40.72343444824219,-73.98109436035155,40.73967361450195,427.98,2424,2424,2482.21,2910.19,58.210000000000036,0.0,1.0
17896,-73.97806549072266,40.75141143798828,-73.96887969970702,40.75004577636719,283.67,2424,2424,-1.0,-1.0,-1,-1,0.0
17897,-73.97122192382812,40.76053237915039,-73.98193359375,40.77532958984375,561.24,2425,2425,-1.0,-1.0,-1,-1,0.0
17898,-73.99882507324219,40.73433303833008,-74.00444030761719,40.75224685668945,571.03,2425,2425,-1.0,-1.0,-1,-1,0.0
17899,-74.00733947753906,40.73292922973633,-74.00090026855469,40.761878967285156,576.45,2425,2425,2553.12,3129.57,128.1199999999999,2.2737367544323206e-13,1.0000000000000004
17900,-73.98938751220702,40.74214172363281,-74.00005340576173,40.7305793762207,305.65,2425,2425,2453.08,2758.73,28.079999999999927,1.1368683772161603e-13,1.0000000000000004
17901,-73.96875762939453,40.77005386352539,-73.95836639404298,40.76531219482422,418.67,2425,2425,-1.0,-1.0,-1,-1,0.0
17902,-73.95719909667969,40.785987854003906,-73.9806900024414,40.784828186035156,501.35,2425,2425,2473.19,3001.58,48.190000000000055,27.03999999999985,1.0539343771816094
17903,-73.97527313232422,40.76531219482422,-73.96535491943358,40.77197647094727,330.59,2425,2425,2453.79,2784.38,28.789999999999964,1.7053025658242404e-13,1.0000000000000004
17904,-73.99726867675781,40.71199417114258,-73.98595428466798,40.72686004638672,305.43,2425,2425,-1.0,-1.0,-1,-1,0.0
17905,-73.96329498291014,40.766056060791016,-73.94269561767578,40.78606796264648,457.63,2425,2425,-1.0,-1.0,-1,-1,0.0
17906,-74.0013656616211,40.75198364257813,-73.98970031738281,40.76215744018555,323.3,2426,2426,-1.0,-1.0,-1,-1,0.0
17907,-73.97447204589844,40.731121063232415,-73.97693634033203,40.75178909301758,557.75,2426,2426,2555.09,3112.84,129.09000000000015,0.0,1.0
17908,-73.98802185058595,40.73766326904297,-73.99221038818358,40.74411010742188,311.59,2426,2426,-1.0,-1.0,-1,-1,0.0
17909,-74.00752258300781,40.71547317504883,-74.01554870605469,40.71135330200195,280.33,2426,2426,2654.33,2934.66,228.32999999999993,-5.684341886080802e-14,0.9999999999999998
17910,-73.98064422607422,40.74792098999024,-74.00357818603516,40.75069046020508,660.62,2426,2426,-1.0,-1.0,-1,-1,0.0
17911,-73.96922302246094,40.75856018066406,-73.98468017578125,40.74601745605469,614.88,2426,2426,2527.62,3142.5,101.61999999999989,1.1368683772161603e-13,1.0000000000000002
17912,-74.01311492919923,40.71659469604492,-74.0080337524414,40.74568176269531,383.69,2426,2426,2597.5099999999998,2981.2,171.50999999999976,5.684341886080802e-14,1.0000000000000002
17913,-73.98493194580078,40.76424789428711,-73.9531021118164,40.78332901000977,849.48,2426,2426,2476.1299999999997,3342.45,50.129999999999654,16.840000000000146,1.0198238922635026
17914,-73.97808837890625,40.76483917236328,-73.94751739501955,40.801170349121094,874.23,2426,2426,-1.0,-1.0,-1,-1,0.0
17915,-73.95086669921875,40.770809173583984,-73.96080780029298,40.76089477539063,367.43,2426,2426,2536.0,2903.43,110.0,-1.7053025658242404e-13,0.9999999999999996
17916,-73.98445892333984,40.721763610839844,-73.99933624267578,40.74170303344727,783.96,2427,2427,2562.33,3346.29,135.32999999999993,0.0,1.0
17917,-73.98298645019531,40.750648498535156,-73.99603271484375,40.7417221069336,363.33,2427,2427,2474.61,2837.94,47.61000000000013,-5.684341886080802e-14,0.9999999999999999
17918,-73.97677612304686,40.788368225097656,-73.94782257080078,40.79585647583008,647.29,2427,2427,2444.1,3182.8399999999997,17.09999999999991,91.44999999999982,1.1412813422113732
17919,-73.99205017089844,40.75436782836913,-73.98680877685547,40.76137161254883,213.48,2427,2427,-1.0,-1.0,-1,-1,0.0
17920,-73.98329162597656,40.7690658569336,-74.01551818847656,40.71540832519531,1206.17,2427,2427,-1.0,-1.0,-1,-1,0.0
17921,-73.97752380371094,40.74631881713867,-73.97354125976562,40.76478958129883,750.11,2427,2427,-1.0,-1.0,-1,-1,0.0
17922,-73.98195648193358,40.77002334594727,-73.97490692138672,40.78797912597656,389.66,2427,2427,-1.0,-1.0,-1,-1,0.0
17923,-73.99646759033203,40.7379035949707,-73.98619842529298,40.73068237304688,450.88,2427,2427,-1.0,-1.0,-1,-1,0.0
17924,-73.95616149902342,40.77582550048828,-73.9561538696289,40.78461837768555,255.45,2427,2427,-1.0,-1.0,-1,-1,0.0
17925,-74.00578308105469,40.750892639160156,-73.98493194580078,40.72425079345703,1031.41,2428,2428,2628.25,3659.66,200.25,-2.2737367544323206e-13,0.9999999999999998
17926,-74.00751495361328,40.743370056152344,-73.99314880371094,40.748847961425774,407.26,2428,2428,-1.0,-1.0,-1,-1,0.0
17927,-73.95744323730467,40.77415466308594,-73.96540069580078,40.759254455566406,477.72,2428,2428,-1.0,-1.0,-1,-1,0.0
17928,-73.9986572265625,40.73491668701172,-73.98991394042969,40.74163436889648,272.74,2428,2428,2478.63,2751.37,50.63000000000011,-2.2737367544323206e-13,0.9999999999999991
17929,-74.0012435913086,40.73603057861328,-73.9927749633789,40.72417831420898,524.43,2428,2428,-1.0,-1.0,-1,-1,0.0
17930,-73.9822998046875,40.76591110229492,-74.00579071044923,40.74045944213867,892.8,2428,2428,-1.0,-1.0,-1,-1,0.0
17931,-73.96434783935547,40.76404190063477,-73.97551727294923,40.7522087097168,424.18,2428,2428,2540.0,2964.18,112.0,-1.7053025658242404e-13,0.9999999999999996
17932,-73.9965591430664,40.7238883972168,-73.98165893554686,40.73249816894531,400.28,2428,2428,-1.0,-1.0,-1,-1,0.0
17933,-73.98221588134766,40.75697326660156,-73.9738540649414,40.78467178344727,742.05,2428,2428,2648.36,3390.4100000000003,220.36000000000013,2.2737367544323206e-13,1.0000000000000002
17934,-73.9713134765625,40.75813674926758,-74.0084457397461,40.73814010620117,1126.97,2428,2428,-1.0,-1.0,-1,-1,0.0
17935,-74.00480651855469,40.721168518066406,-73.99800872802734,40.71952819824219,280.36,2428,2428,2438.69,2719.05,10.690000000000055,1.1368683772161603e-13,1.0000000000000004
17936,-73.98681640625,40.75624465942383,-74.0038833618164,40.75310134887695,425.62,2428,2428,2439.57,2865.19,11.570000000000164,-1.1368683772161603e-13,0.9999999999999998
17937,-73.9737548828125,40.75397109985352,-73.98741149902342,40.74153518676758,444.91,2429,2429,-1.0,-1.0,-1,-1,0.0
17938,-73.97594451904298,40.75424575805664,-73.98188781738281,40.773841857910156,718.18,2429,2429,2534.37,3252.55,105.36999999999989,3.410605131648481e-13,1.0000000000000004
17939,-73.99360656738281,40.7498893737793,-73.99665832519531,40.74444961547852,348.92,2429,2429,2479.36,2828.2799999999997,50.36000000000013,-3.979039320256561e-13,0.9999999999999989
17940,-73.99286651611328,40.73672866821289,-74.0096435546875,40.724159240722656,588.19,2429,2429,2479.93,3130.88,50.929999999999836,62.76000000000022,1.106700215916626
17941,-73.96642303466798,40.7576904296875,-73.9544906616211,40.78102111816406,575.05,2429,2429,2455.43,3069.07,26.429999999999836,38.59000000000037,1.0671072080688642
17942,-73.99930572509766,40.744049072265625,-73.985595703125,40.76796340942383,626.16,2429,2429,2444.9,3105.8,15.900000000000091,34.74000000000012,1.055481027213492
17943,-73.9936294555664,40.741783142089844,-73.98812866210938,40.755760192871094,440.12,2429,2429,2451.84,2891.96,22.840000000000146,-1.1368683772161603e-13,0.9999999999999998
17944,-73.95411682128906,40.76530838012695,-73.97843933105469,40.77313232421875,684.66,2430,2430,-1.0,-1.0,-1,-1,0.0
17945,-73.95426177978516,40.766029357910156,-73.9728775024414,40.748138427734375,540.29,2430,2430,2433.96,2974.25,3.9600000000000364,0.0,1.0
17946,-74.00343322753906,40.727134704589844,-73.98929595947266,40.742435455322266,505.7,2430,2430,2443.49,3032.03,13.489999999999782,82.84000000000043,1.1638125370773194
17947,-73.97227478027344,40.76264190673828,-73.95489501953125,40.78626251220703,476.18,2430,2430,-1.0,-1.0,-1,-1,0.0
17948,-73.99195861816406,40.749900817871094,-73.97608184814453,40.75754928588867,575.21,2431,2431,-1.0,-1.0,-1,-1,0.0
17949,-74.00526428222656,40.75056076049805,-74.00911712646483,40.72611618041992,459.29,2431,2431,-1.0,-1.0,-1,-1,0.0
17950,-73.98558807373048,40.74433135986328,-73.94313049316406,40.8025016784668,1209.85,2431,2431,-1.0,-1.0,-1,-1,0.0
17951,-73.99964141845702,40.71775817871094,-73.98091125488281,40.72722244262695,646.89,2431,2431,-1.0,-1.0,-1,-1,0.0
17952,-73.97721099853516,40.75436019897461,-73.99214935302734,40.7258186340332,886.69,2431,2431,-1.0,-1.0,-1,-1,0.0
17953,-74.00753784179686,40.70461654663085,-73.98215484619139,40.73190307617188,627.25,2431,2431,-1.0,-1.0,-1,-1,0.0
17954,-73.9612045288086,40.76918029785156,-73.9572982788086,40.77603149414063,180.49,2432,2432,-1.0,-1.0,-1,-1,0.0
17955,-73.9601821899414,40.77045440673828,-73.9554443359375,40.78263854980469,332.49,2432,2432,-1.0,-1.0,-1,-1,0.0
17956,-73.96759033203125,40.75611114501953,-73.97705078125,40.733848571777344,539.5,2432,2432,-1.0,-1.0,-1,-1,0.0
17957,-73.99488830566406,40.72789001464844,-73.98809814453125,40.72816848754883,249.56,2432,2432,2528.38,2777.94,96.38000000000011,-5.684341886080802e-14,0.9999999999999998
17958,-73.96852111816406,40.762001037597656,-73.975341796875,40.75275039672852,252.43,2432,2432,2478.62,2731.05,46.61999999999989,2.8421709430404007e-13,1.000000000000001
17959,-73.96066284179686,40.77824401855469,-73.98961639404298,40.75827026367188,1057.85,2432,2432,-1.0,-1.0,-1,-1,0.0
17960,-73.98149871826173,40.78082656860352,-73.98290252685547,40.77594375610352,203.1,2432,2432,-1.0,-1.0,-1,-1,0.0
17961,-73.95652770996094,40.767356872558594,-73.98161315917969,40.780067443847656,785.98,2432,2432,2460.0,3245.98,28.0,0.0,1.0
17962,-73.97141265869139,40.7536735534668,-73.98464965820312,40.748252868652344,458.04,2432,2432,-1.0,-1.0,-1,-1,0.0
17963,-74.00595092773438,40.7358283996582,-73.95211029052734,40.79143142700195,1567.13,2432,2432,2476.33,4068.5199999999995,44.32999999999993,25.05999999999949,1.015991015423098
17964,-73.9599609375,40.77368927001953,-73.9749984741211,40.761478424072266,550.35,2433,2433,-1.0,-1.0,-1,-1,0.0
17965,-73.99159240722656,40.74465560913085,-73.98338317871094,40.7532615661621,243.0,2433,2433,-1.0,-1.0,-1,-1,0.0
17966,-73.95680236816406,40.81791305541992,-73.96450805664062,40.8021240234375,383.38,2433,2433,-1.0,-1.0,-1,-1,0.0
17967,-73.98756408691406,40.75809097290039,-73.96221923828125,40.77553176879883,721.03,2433,2433,-1.0,-1.0,-1,-1,0.0
17968,-73.97360229492188,40.78947067260742,-73.9672622680664,40.80202865600585,220.43,2434,2434,2467.2,2687.63,33.19999999999982,2.8421709430404007e-13,1.0000000000000013
17969,-73.94773864746094,40.783504486083984,-73.97257232666014,40.74595642089844,806.61,2434,2434,2561.92,3368.53,127.92000000000007,1.1368683772161603e-13,1.0000000000000002
17970,-73.96243286132812,40.79998016357422,-73.97514343261719,40.793540954589844,274.36,2434,2434,2607.14,2881.5,173.13999999999987,1.1368683772161603e-13,1.0000000000000004
17971,-73.98086547851562,40.713340759277344,-73.99049377441406,40.7337646484375,786.86,2434,2434,-1.0,-1.0,-1,-1,0.0
17972,-73.99734497070312,40.7365837097168,-73.99161529541014,40.73035049438477,356.71,2434,2434,2663.37,3020.08,229.3699999999999,5.684341886080802e-14,1.0000000000000002
17973,-73.99688720703125,40.73725128173828,-73.98513793945312,40.723968505859375,621.78,2434,2434,-1.0,-1.0,-1,-1,0.0
17974,-73.99376678466798,40.72464370727539,-74.0037384033203,40.73864364624024,494.51,2435,2435,-1.0,-1.0,-1,-1,0.0
17975,-74.01689910888672,40.70816040039063,-74.00266265869139,40.74998092651367,669.37,2435,2435,2684.55,3353.9199999999996,249.55000000000018,-5.684341886080801e-13,0.9999999999999991
17976,-73.99011993408203,40.73265075683594,-73.98977661132812,40.72061538696289,485.45,2435,2435,2475.480000000001,2960.9300000000007,40.48000000000093,-1.7053025658242404e-13,0.9999999999999997
17977,-73.9884262084961,40.75578689575195,-73.98065185546875,40.721622467041016,1032.73,2435,2435,2480.8,3581.0099999999998,45.80000000000018,67.47999999999956,1.0653413767393216
17978,-73.99136352539062,40.75023651123047,-73.97373962402342,40.779640197753906,858.92,2435,2435,2606.74,3465.66,171.73999999999978,1.1368683772161603e-13,1.0000000000000002
17979,-73.95677947998048,40.77101516723633,-73.98822021484375,40.727874755859375,988.7,2435,2435,2468.16,3536.54,33.159999999999854,79.68000000000006,1.0805906746232428
17980,-73.96439361572266,40.76483917236328,-73.96076202392578,40.77600860595703,269.82,2435,2435,-1.0,-1.0,-1,-1,0.0
17981,-73.99907684326173,40.734291076660156,-73.99015045166014,40.75638961791992,652.05,2435,2435,2463.26,3115.31,28.26000000000022,-2.2737367544323206e-13,0.9999999999999997
17982,-73.97190856933594,40.75033950805664,-73.98706817626955,40.72943878173828,396.2,2436,2436,-1.0,-1.0,-1,-1,0.0
17983,-73.96687316894531,40.77307891845703,-73.97268676757811,40.764549255371094,232.64,2436,2436,2461.91,2694.55,25.909999999999854,3.410605131648481e-13,1.0000000000000016
17984,-73.9929962158203,40.7138786315918,-74.01576232910156,40.715721130371094,729.95,2436,2436,2591.46,3321.41,155.46000000000004,-2.2737367544323206e-13,0.9999999999999997
17985,-74.01193237304686,40.70399856567383,-74.0086212158203,40.719398498535156,602.59,2436,2436,-1.0,-1.0,-1,-1,0.0
17986,-73.96199798583984,40.77631759643555,-73.97238159179686,40.7812728881836,182.87,2436,2436,2468.28,2651.15,32.2800000000002,-1.1368683772161603e-13,0.9999999999999993
17987,-73.95417785644531,40.76642227172852,-73.96676635742188,40.772499084472656,421.0,2436,2436,-1.0,-1.0,-1,-1,0.0
17988,-74.01570892333984,40.71099472045898,-73.98562622070312,40.74414825439453,1019.98,2436,2436,2579.34,3599.32,143.34000000000015,0.0,1.0
17989,-74.00604248046875,40.751060485839844,-74.01068878173827,40.711101531982415,894.33,2436,2436,-1.0,-1.0,-1,-1,0.0
17990,-73.97720336914062,40.76470947265625,-73.96752166748048,40.80126953125,830.63,2436,2436,-1.0,-1.0,-1,-1,0.0
17991,-73.99065399169923,40.74435424804688,-73.99193572998048,40.74908447265625,190.96,2436,2436,2460.0,2650.96,24.0,2.842170943040401e-14,1.0000000000000002
17992,-73.9682083129883,40.79984664916992,-73.9934310913086,40.76206970214844,837.86,2436,2436,2556.21,3394.07,120.21000000000004,1.1368683772161603e-13,1.0000000000000002
17993,-74.00605010986328,40.73529815673828,-73.9933853149414,40.72801208496094,525.38,2437,2437,-1.0,-1.0,-1,-1,0.0
17994,-73.97283172607422,40.76462936401367,-73.96035766601562,40.77550888061523,385.05,2437,2437,-1.0,-1.0,-1,-1,0.0
17995,-73.97373962402342,40.79470825195313,-73.9840087890625,40.77359390258789,434.66,2437,2437,2501.21,2963.2400000000002,64.21000000000004,27.370000000000175,1.0629687571895279
17996,-74.01434326171875,40.70307540893555,-74.0052719116211,40.706031799316406,208.0,2437,2437,-1.0,-1.0,-1,-1,0.0
17997,-73.9756317138672,40.74533081054688,-73.98748779296875,40.72869110107422,294.9,2437,2437,2486.21,2781.11,49.210000000000036,1.1368683772161603e-13,1.0000000000000004
17998,-73.98558807373048,40.74432373046875,-74.0047836303711,40.74078369140625,551.22,2437,2437,-1.0,-1.0,-1,-1,0.0
17999,-73.98049163818358,40.74732971191406,-73.94589233398438,40.77761840820313,892.85,2438,2438,2496.58,3427.8,58.57999999999993,38.37000000000023,1.0429747437979506
18000,-74.00092315673827,40.74713516235352,-74.0074920654297,40.74096298217773,261.61,2438,2438,-1.0,-1.0,-1,-1,0.0
18001,-74.00675964355469,40.73040008544922,-73.96363067626955,40.77524185180664,1385.84,2438,2438,2478.95,3867.71,40.94999999999982,2.9200000000003,1.002107025342031
18002,-73.9925765991211,40.73216247558594,-73.9824676513672,40.741920471191406,402.9,2438,2438,-1.0,-1.0,-1,-1,0.0
18003,-73.99756622314453,40.7620964050293,-74.00385284423827,40.72760009765625,810.1,2438,2438,2654.09,3464.19,216.09000000000015,-1.1368683772161603e-13,0.9999999999999999
18004,-73.98297119140625,40.71488952636719,-74.01456451416014,40.71668243408203,661.37,2438,2438,2460.96,3138.92,22.960000000000036,16.590000000000032,1.0250842947215628
18005,-74.00618743896483,40.73406982421875,-74.01203155517578,40.71487045288085,517.72,2438,2438,-1.0,-1.0,-1,-1,0.0
18006,-73.9813003540039,40.76897048950195,-73.95217132568358,40.80356979370117,841.81,2438,2438,2497.36,3339.1699999999996,59.36000000000013,-4.547473508864641e-13,0.9999999999999994
18007,-73.96991729736328,40.753761291503906,-73.95501708984375,40.76586151123047,388.14,2439,2439,2498.49,2886.63,59.48999999999978,3.410605131648481e-13,1.0000000000000009
18008,-73.96210479736328,40.76785659790039,-73.9713134765625,40.781455993652344,441.99,2439,2439,-1.0,-1.0,-1,-1,0.0
18009,-74.00767517089844,40.724586486816406,-73.98896789550781,40.77175521850585,954.02,2439,2439,2567.83,3521.85,128.82999999999993,0.0,1.0
18010,-73.99220275878906,40.738059997558594,-73.99953460693358,40.722251892089844,493.72,2439,2439,-1.0,-1.0,-1,-1,0.0
18011,-74.00858306884766,40.709869384765625,-73.98799133300781,40.74945831298828,988.52,2440,2440,-1.0,-1.0,-1,-1,0.0
18012,-73.99234771728516,40.74940872192383,-73.96365356445312,40.758731842041016,901.35,2440,2440,-1.0,-1.0,-1,-1,0.0
18013,-73.9898681640625,40.73756790161133,-73.96355438232422,40.75945281982422,723.82,2440,2440,-1.0,-1.0,-1,-1,0.0
18014,-73.99675750732422,40.74766159057617,-74.0032958984375,40.75059509277344,245.97,2440,2440,-1.0,-1.0,-1,-1,0.0
18015,-73.97503662109375,40.74170684814453,-73.98732757568358,40.72024536132813,587.2,2440,2440,-1.0,-1.0,-1,-1,0.0
18016,-74.002197265625,40.76042175292969,-73.99449157714845,40.7640495300293,185.14,2440,2440,2463.11,2648.25,23.110000000000127,-1.1368683772161603e-13,0.9999999999999993
18017,-73.99571990966798,40.74912643432617,-73.9852066040039,40.72060775756836,1089.37,2440,2440,-1.0,-1.0,-1,-1,0.0
18018,-73.96210479736328,40.76778030395508,-73.9537353515625,40.77681350708008,234.36,2440,2440,2466.74,2701.1,26.73999999999978,1.1368683772161603e-13,1.0000000000000004
18019,-73.99922180175781,40.74469375610352,-73.98810577392578,40.72790908813477,638.49,2440,2440,-1.0,-1.0,-1,-1,0.0
18020,-73.95363616943358,40.77121353149415,-73.93521881103516,40.79612350463867,343.23,2441,2441,2480.49,2823.72,39.48999999999978,0.0,1.0
18021,-73.98043823242188,40.75104904174805,-73.9570083618164,40.77146911621094,750.1,2441,2441,2475.06,3270.03,34.059999999999945,44.87000000000023,1.0598186908412215
18022,-73.99332427978516,40.75002670288085,-73.97609710693358,40.730506896972656,1032.95,2441,2441,2479.36,3512.31,38.36000000000013,-2.2737367544323206e-13,0.9999999999999998
18023,-73.95535278320312,40.78850936889648,-73.96437835693358,40.792423248291016,266.91,2441,2441,2662.75,2929.66,221.75,-1.7053025658242404e-13,0.9999999999999993
18024,-73.9557113647461,40.76832580566406,-73.97541046142578,40.75238037109375,725.31,2441,2441,2607.23,3332.54,166.23000000000002,0.0,1.0
18025,-74.00502014160156,40.74177932739258,-74.00936126708984,40.72425842285156,456.51,2441,2441,2483.86,2992.1600000000003,42.86000000000013,51.79000000000019,1.113447679130797
18026,-73.95604705810547,40.7821159362793,-73.97084045410156,40.7607307434082,600.28,2441,2441,-1.0,-1.0,-1,-1,0.0
18027,-73.98143768310547,40.7381591796875,-73.9932632446289,40.74309921264648,377.12,2441,2441,-1.0,-1.0,-1,-1,0.0
18028,-74.0001449584961,40.73801040649415,-73.98908233642578,40.726749420166016,504.07,2441,2441,-1.0,-1.0,-1,-1,0.0
18029,-73.99491882324219,40.760215759277344,-73.9740982055664,40.78392791748047,522.11,2442,2442,2515.38,3037.4900000000002,73.38000000000011,1.1368683772161603e-13,1.0000000000000002
18030,-73.99630737304686,40.72031021118164,-74.00328826904298,40.73004913330078,396.4,2442,2442,-1.0,-1.0,-1,-1,0.0
18031,-73.9815902709961,40.7468147277832,-73.966796875,40.76567077636719,558.7,2442,2442,-1.0,-1.0,-1,-1,0.0
18032,-73.99120330810547,40.733985900878906,-73.99760437011719,40.72604751586913,228.17,2442,2442,2484.1200000000003,2759.21,42.120000000000346,46.9199999999997,1.205636148485777
18033,-73.99275207519531,40.753089904785156,-73.95996856689453,40.77939987182617,975.3,2442,2442,2484.86,3460.16,42.86000000000013,-2.2737367544323206e-13,0.9999999999999998
18034,-73.95855712890625,40.77856063842773,-74.0041732788086,40.7425193786621,1341.61,2442,2442,-1.0,-1.0,-1,-1,0.0
18035,-73.9860076904297,40.74087142944336,-73.97884368896483,40.75067901611328,281.91,2443,2443,2489.46,2802.16,46.460000000000036,30.789999999999793,1.109219254371962
18036,-73.97978210449219,40.76528549194336,-73.96888732910156,40.75430679321289,580.92,2443,2443,2497.08,3078.0,54.07999999999993,1.1368683772161603e-13,1.0000000000000002
18037,-73.99855041503906,40.73971557617188,-73.9834976196289,40.74632263183594,477.09,2443,2443,2467.96,2945.05,24.960000000000036,1.7053025658242404e-13,1.0000000000000004
18038,-73.9594192504883,40.77421951293945,-73.98247528076173,40.767974853515625,722.96,2443,2443,-1.0,-1.0,-1,-1,0.0
18039,-73.96553039550781,40.806053161621094,-73.9719467163086,40.7929801940918,332.02,2443,2443,2532.92,2864.94,89.92000000000007,0.0,1.0
18040,-73.97100830078125,40.79843521118164,-73.97602844238281,40.78886795043945,207.33,2443,2443,-1.0,-1.0,-1,-1,0.0
18041,-73.96128845214845,40.780120849609375,-73.96916961669923,40.80086135864258,590.71,2443,2443,2464.84,3081.66,21.840000000000146,26.109999999999673,1.0442010461986417
18042,-73.98259735107422,40.7628059387207,-73.98943328857422,40.737468719482415,764.71,2443,2443,2472.3,3242.97,29.300000000000182,5.959999999999582,1.0077938041872077
18043,-73.99095916748048,40.72819900512695,-73.98663330078125,40.72228622436523,290.09,2443,2443,2537.87,2827.96,94.86999999999989,1.7053025658242404e-13,1.0000000000000007
18044,-73.95368194580078,40.77973175048828,-73.96514892578125,40.7732810974121,386.85,2443,2443,2564.91,2951.76,121.90999999999985,3.410605131648481e-13,1.0000000000000009
18045,-73.99740600585938,40.72188949584961,-73.99375915527344,40.740886688232415,532.01,2443,2443,-1.0,-1.0,-1,-1,0.0
18046,-73.99575805664062,40.75908660888672,-73.99467468261719,40.75046920776367,443.16,2443,2443,-1.0,-1.0,-1,-1,0.0
18047,-73.98194885253906,40.71349334716797,-73.9831771850586,40.72253036499024,355.32,2444,2444,-1.0,-1.0,-1,-1,0.0
18048,-73.96466064453125,40.80759811401367,-73.9787368774414,40.74800109863281,1611.74,2444,2444,-1.0,-1.0,-1,-1,0.0
18049,-73.95370483398438,40.76723861694336,-73.93896484375,40.80476760864258,717.66,2444,2444,-1.0,-1.0,-1,-1,0.0
18050,-73.9549560546875,40.78005599975585,-73.9648208618164,40.76715087890625,321.7,2444,2444,2462.62,2784.32,18.61999999999989,2.8421709430404007e-13,1.0000000000000009
18051,-73.96495819091797,40.761756896972656,-73.9559555053711,40.774696350097656,239.52,2444,2444,2463.65,2703.17,19.65000000000009,-2.842170943040401e-14,0.9999999999999999
18052,-74.00052642822266,40.757957458496094,-73.98493194580078,40.765228271484375,495.58,2444,2444,-1.0,-1.0,-1,-1,0.0
18053,-73.97505950927734,40.761474609375,-73.98020172119139,40.7523307800293,318.17,2444,2444,-1.0,-1.0,-1,-1,0.0
18054,-73.98252868652342,40.78253173828125,-73.9708480834961,40.79583740234375,318.34,2444,2444,-1.0,-1.0,-1,-1,0.0
18055,-73.98294830322266,40.73524856567383,-73.98963165283203,40.7258415222168,225.65,2444,2444,2465.39,2691.04,21.389999999999873,8.526512829121202e-14,1.0000000000000004
18056,-73.9725570678711,40.75303268432617,-73.99382781982422,40.727481842041016,740.98,2445,2445,2496.02,3237.0,51.01999999999998,0.0,1.0
18057,-74.00729370117188,40.70392227172852,-73.99463653564453,40.71868515014648,379.06,2445,2445,-1.0,-1.0,-1,-1,0.0
18058,-73.96786499023438,40.76271438598633,-73.96050262451173,40.76995849609375,257.86,2445,2445,-1.0,-1.0,-1,-1,0.0
18059,-73.95477294921875,40.76534652709961,-73.95377349853516,40.78474044799805,512.09,2445,2445,-1.0,-1.0,-1,-1,0.0
18060,-74.00470733642578,40.741790771484375,-73.98816680908203,40.745079040527344,528.88,2445,2445,-1.0,-1.0,-1,-1,0.0
18061,-73.97408294677734,40.764835357666016,-73.97758483886719,40.75809860229492,224.54,2445,2445,-1.0,-1.0,-1,-1,0.0
18062,-74.0039520263672,40.74785232543945,-73.98870086669923,40.763938903808594,461.41,2446,2446,-1.0,-1.0,-1,-1,0.0
18063,-74.00425720214845,40.72528839111328,-73.9953384399414,40.73957824707031,257.07,2446,2446,2500.01,2757.08,54.01000000000022,-2.8421709430404007e-13,0.9999999999999989
18064,-73.97238159179686,40.78669357299805,-73.94818878173827,40.7797737121582,596.87,2446,2446,2492.62,3089.49,46.61999999999989,-1.1368683772161603e-13,0.9999999999999998
18065,-73.99777221679686,40.7206916809082,-73.99166870117188,40.726478576660156,243.45,2446,2446,-1.0,-1.0,-1,-1,0.0
18066,-73.99095916748048,40.74296188354492,-73.99385070800781,40.7328987121582,266.58,2447,2447,-1.0,-1.0,-1,-1,0.0
18067,-74.00557708740234,40.74563980102539,-74.00267028808594,40.73630142211913,353.97,2447,2447,-1.0,-1.0,-1,-1,0.0
18068,-73.97958374023438,40.75450134277344,-73.98352813720702,40.762020111083984,367.92,2447,2447,-1.0,-1.0,-1,-1,0.0
18069,-73.94876098632812,40.78202819824219,-73.96317291259766,40.77788162231445,395.26,2447,2447,2540.08,2935.34,93.07999999999993,2.2737367544323206e-13,1.0000000000000007
18070,-73.99349975585938,40.742130279541016,-73.97785186767578,40.76311111450195,561.8,2447,2447,-1.0,-1.0,-1,-1,0.0
18071,-73.98484802246094,40.768550872802734,-73.98890686035155,40.7448616027832,871.71,2447,2447,2479.3399999999997,3386.77,32.33999999999969,35.720000000000255,1.0409769304011658
18072,-73.98224639892578,40.77457046508789,-73.96862030029298,40.76744842529297,390.62,2447,2447,2520.12,2942.07,73.11999999999989,31.33000000000027,1.0802058266345815
18073,-73.9777603149414,40.788909912109375,-73.94146728515625,40.8513298034668,811.28,2448,2448,2460.33,3377.8300000000004,12.329999999999927,106.22000000000048,1.1309289024751017
18074,-73.9493179321289,40.80776977539063,-73.95294952392578,40.81271743774415,202.33,2448,2448,2658.05,2860.38,210.05000000000018,-8.526512829121202e-14,0.9999999999999996
18075,-73.96367645263672,40.768081665039055,-73.95179748535155,40.78202438354492,346.85,2448,2448,-1.0,-1.0,-1,-1,0.0
18076,-73.99340057373048,40.73847961425781,-74.00637817382812,40.73699188232422,443.62,2448,2448,-1.0,-1.0,-1,-1,0.0
18077,-73.95240020751955,40.81111145019531,-73.94103240966798,40.800880432128906,438.16,2448,2448,2470.46,2908.6200000000003,22.460000000000036,2.8421709430404007e-13,1.0000000000000007
18078,-73.95464324951173,40.78401947021485,-73.96530151367188,40.76918029785156,351.51,2449,2449,3020.8300000000004,3372.34,571.8300000000004,-2.2737367544323206e-13,0.9999999999999993
18079,-73.98491668701173,40.74819564819336,-74.01212310791014,40.70754623413085,1145.24,2449,2449,-1.0,-1.0,-1,-1,0.0
18080,-73.9812240600586,40.72922134399415,-73.98760986328125,40.72857284545898,189.74,2449,2449,2543.59,2733.33,94.59000000000015,-2.2737367544323206e-13,0.9999999999999988
18081,-73.9817123413086,40.743736267089844,-73.99495697021484,40.71601867675781,762.25,2449,2449,-1.0,-1.0,-1,-1,0.0
18082,-73.96519470214845,40.7558822631836,-73.97256469726562,40.755531311035156,272.46,2449,2449,2562.94,2835.4,113.94000000000005,5.684341886080802e-14,1.0000000000000002
18083,-73.97247314453125,40.758995056152344,-73.95923614501955,40.77751159667969,480.03,2449,2449,-1.0,-1.0,-1,-1,0.0
18084,-73.98101043701173,40.74454879760742,-73.99041748046875,40.740440368652344,291.38,2449,2449,-1.0,-1.0,-1,-1,0.0
18085,-73.984130859375,40.78014373779297,-73.98128509521484,40.764961242675774,503.39,2450,2450,-1.0,-1.0,-1,-1,0.0
18086,-73.96743774414062,40.77002716064453,-73.98041534423827,40.770057678222656,362.54,2450,2450,2496.46,2886.67,46.460000000000036,27.670000000000016,1.0763226126772218
18087,-73.97303009033203,40.75016784667969,-73.9875717163086,40.75561141967773,542.09,2450,2450,2490.05,3032.14,40.05000000000018,-3.410605131648481e-13,0.9999999999999993
18088,-73.95305633544923,40.76779174804688,-73.93881225585938,40.79167938232422,380.35,2450,2450,-1.0,-1.0,-1,-1,0.0
18089,-73.9558868408203,40.77199935913085,-73.99080657958984,40.75518035888672,1231.5,2451,2451,2460.07,3738.14,9.070000000000164,46.56999999999971,1.0378156719447826
18090,-73.95899963378906,40.7806510925293,-73.95484924316406,40.77350616455078,296.16,2451,2451,2467.24,2863.32,16.23999999999978,99.92000000000036,1.337385197190709
18091,-73.97855377197266,40.74106216430664,-73.9715118408203,40.7945671081543,1382.19,2451,2451,-1.0,-1.0,-1,-1,0.0
18092,-73.96027374267578,40.7762107849121,-73.94998931884766,40.78287124633789,238.6,2451,2451,2509.41,2748.01,58.409999999999854,3.694822225952521e-13,1.0000000000000016
18093,-73.99948120117188,40.7432861328125,-73.99052429199219,40.7234001159668,801.04,2451,2451,-1.0,-1.0,-1,-1,0.0
18094,-73.98421478271484,40.7694091796875,-73.981689453125,40.77896499633789,243.74,2451,2451,2461.12,2704.86,10.11999999999989,2.2737367544323206e-13,1.0000000000000009
18095,-73.97967529296875,40.7762451171875,-73.9719009399414,40.76580047607422,450.22,2451,2451,2493.64,2998.35,42.63999999999987,54.49000000000001,1.1210297188041403
18096,-74.0081787109375,40.73773956298828,-74.00228118896483,40.73015213012695,356.21,2452,2452,-1.0,-1.0,-1,-1,0.0
18097,-73.9752426147461,40.74966430664063,-73.95185852050781,40.7695426940918,620.17,2452,2452,2495.41,3115.58,43.409999999999854,1.1368683772161603e-13,1.0000000000000002
18098,-73.99201202392578,40.72552108764648,-73.98782348632812,40.72256851196289,205.03,2452,2452,-1.0,-1.0,-1,-1,0.0
18099,-74.00685882568358,40.73033905029297,-73.99392700195312,40.73566055297852,397.58,2452,2452,-1.0,-1.0,-1,-1,0.0
18100,-73.95413208007811,40.77460861206055,-73.96924591064453,40.7640037536621,510.84,2453,2453,2499.42,3010.26,46.42000000000007,1.7053025658242404e-13,1.0000000000000004
18101,-73.989501953125,40.73437881469727,-73.98133850097656,40.74148941040039,284.53,2453,2453,2505.66,2830.82,52.659999999999854,40.63000000000034,1.1427968931219918
18102,-73.98150634765625,40.78038024902344,-73.97286987304686,40.7833366394043,211.17,2453,2453,-1.0,-1.0,-1,-1,0.0
18103,-73.98834991455078,40.75424575805664,-73.9747085571289,40.76396942138672,537.4,2453,2453,-1.0,-1.0,-1,-1,0.0
18104,-73.98289489746094,40.749473571777344,-74.01535034179686,40.709877014160156,1078.99,2453,2453,2488.23,3592.9300000000003,35.23000000000002,25.710000000000264,1.0238278389975812
18105,-73.97968292236328,40.78411865234375,-73.96573638916014,40.8053092956543,394.24,2453,2453,-1.0,-1.0,-1,-1,0.0
18106,-73.94747924804686,40.775554656982415,-73.96369171142578,40.76145935058594,545.0,2453,2453,2473.71,3018.71,20.710000000000036,0.0,1.0
18107,-73.97714233398438,40.77493667602539,-73.96403503417969,40.77461624145508,436.18,2453,2453,-1.0,-1.0,-1,-1,0.0
18108,-73.99454498291014,40.761146545410156,-73.99260711669923,40.7685432434082,194.59,2453,2453,2460.0,2707.3,7.0,52.71000000000018,1.2708772290456867
18109,-73.97994995117188,40.75183868408203,-73.99123382568358,40.75032043457031,404.79,2454,2454,-1.0,-1.0,-1,-1,0.0
18110,-73.97313690185547,40.755638122558594,-73.94779205322266,40.77956008911133,632.14,2454,2454,-1.0,-1.0,-1,-1,0.0
18111,-73.96913146972656,40.79093933105469,-73.96173095703125,40.764610290527344,849.21,2454,2454,-1.0,-1.0,-1,-1,0.0
18112,-73.95256805419923,40.76871109008789,-73.94538879394531,40.77844619750977,211.78,2454,2454,-1.0,-1.0,-1,-1,0.0
18113,-73.98873138427734,40.744606018066406,-73.99091339111328,40.73740768432617,226.6,2454,2454,-1.0,-1.0,-1,-1,0.0
18114,-73.98091125488281,40.7635612487793,-73.98368072509766,40.7499885559082,536.38,2454,2454,-1.0,-1.0,-1,-1,0.0
18115,-73.96783447265625,40.76014709472656,-73.9762191772461,40.79130935668945,914.52,2454,2454,-1.0,-1.0,-1,-1,0.0
18116,-73.9768829345703,40.74745178222656,-73.991455078125,40.74995422363281,533.56,2454,2454,-1.0,-1.0,-1,-1,0.0
18117,-73.9886703491211,40.75679397583008,-74.00283813476562,40.76047134399415,340.62,2454,2454,2593.42,2934.04,139.42000000000007,-1.1368683772161603e-13,0.9999999999999997
18118,-73.96859741210938,40.764347076416016,-73.9709701538086,40.75152587890625,452.79,2454,2454,-1.0,-1.0,-1,-1,0.0
18119,-73.96875,40.75484848022461,-74.00565338134766,40.74098587036133,961.75,2454,2454,-1.0,-1.0,-1,-1,0.0
18120,-73.9656982421875,40.76526641845703,-73.95848083496094,40.76232147216797,288.5,2455,2455,-1.0,-1.0,-1,-1,0.0
18121,-74.00003814697266,40.7329216003418,-74.00579071044923,40.74049377441406,333.96,2455,2455,2572.21,2906.17,117.21000000000004,5.684341886080802e-14,1.0000000000000002
18122,-73.9879608154297,40.75461196899415,-73.9610595703125,40.76091384887695,819.11,2455,2455,2497.6200000000003,3316.73,42.620000000000346,-3.410605131648481e-13,0.9999999999999996
18123,-74.0022201538086,40.73278427124024,-73.98583984375,40.733497619628906,528.66,2455,2455,2502.83,3031.49,47.82999999999993,-1.1368683772161603e-13,0.9999999999999998
18124,-73.98397827148438,40.74335861206055,-74.00245666503906,40.73437881469727,518.62,2455,2455,2486.34,3008.33,31.340000000000146,3.369999999999777,1.0064980139601245
18125,-73.97785186767578,40.74571228027344,-74.0088348388672,40.73407745361328,891.57,2455,2455,-1.0,-1.0,-1,-1,0.0
18126,-73.98896026611328,40.74055862426758,-73.98966979980467,40.730201721191406,384.47,2455,2455,-1.0,-1.0,-1,-1,0.0
18127,-73.96912384033203,40.75827407836913,-73.9490509033203,40.778335571289055,496.81,2455,2455,2505.28,3036.36,50.2800000000002,34.269999999999925,1.068980092993297
18128,-73.9813232421875,40.7329216003418,-73.9961929321289,40.7371826171875,417.46,2455,2455,-1.0,-1.0,-1,-1,0.0
18129,-73.95198822021484,40.76947021484375,-73.95500946044923,40.7767333984375,267.49,2455,2455,2634.03,2901.52,179.0300000000002,-2.2737367544323206e-13,0.9999999999999991
18130,-73.96333312988281,40.75860977172852,-73.97441101074219,40.760047912597656,497.81,2455,2455,2460.0,2957.81,5.0,-5.684341886080802e-14,0.9999999999999999
18131,-73.98675537109375,40.74574279785156,-74.00332641601562,40.73274230957031,449.11,2455,2455,2480.29,2929.4,25.289999999999964,1.1368683772161603e-13,1.0000000000000002
18132,-73.97534942626955,40.761390686035156,-73.97553253173827,40.750038146972656,474.5,2455,2455,-1.0,-1.0,-1,-1,0.0
18133,-73.97972869873048,40.784027099609375,-73.95732116699219,40.77991104125977,518.17,2455,2455,2489.5499999999997,3007.72,34.54999999999973,1.1368683772161603e-13,1.0000000000000002
18134,-73.97250366210938,40.75904083251953,-73.95679473876955,40.76980209350585,456.78,2456,2456,-1.0,-1.0,-1,-1,0.0
18135,-73.98287963867188,40.7614631652832,-73.98931121826173,40.74827194213867,563.81,2456,2456,2489.41,3053.22,33.409999999999854,0.0,1.0
18136,-73.9852066040039,40.74216842651367,-73.99227905273438,40.74940872192383,422.3,2456,2456,-1.0,-1.0,-1,-1,0.0
18137,-73.9594192504883,40.76333236694336,-74.01158905029298,40.70441055297852,907.55,2457,2457,2523.36,3430.9100000000003,66.36000000000013,2.2737367544323206e-13,1.0000000000000002
18138,-73.9789047241211,40.74067306518555,-73.9473114013672,40.779823303222656,751.29,2457,2457,-1.0,-1.0,-1,-1,0.0
18139,-74.0107192993164,40.7201042175293,-74.0110626220703,40.729740142822266,392.18,2457,2457,2460.0,2852.18,3.0,-1.7053025658242404e-13,0.9999999999999996
18140,-73.96012115478516,40.77057266235352,-73.95122528076173,40.77428436279297,209.65,2458,2458,2476.89,2686.54,18.889999999999873,8.526512829121202e-14,1.0000000000000004
18141,-73.96435546875,40.802337646484375,-73.94979095458984,40.781898498535156,774.99,2458,2458,2706.26,3481.25,248.26000000000022,-2.2737367544323206e-13,0.9999999999999997
18142,-73.9520263671875,40.78149032592773,-73.95438385009766,40.787986755371094,223.57,2458,2458,2481.16,2710.11,23.159999999999854,5.38000000000028,1.024064051527487
18143,-73.97929382324219,40.76230239868164,-73.98233032226562,40.771499633789055,335.41,2458,2458,2544.55,2879.96,86.55000000000018,-1.7053025658242404e-13,0.9999999999999994
18144,-73.93824768066406,40.79654312133789,-73.95341491699219,40.78713607788085,390.38,2458,2458,2514.8,2905.18,56.80000000000018,-3.410605131648481e-13,0.9999999999999991
18145,-73.9931411743164,40.72251892089844,-74.00408935546875,40.73308181762695,517.3,2458,2458,-1.0,-1.0,-1,-1,0.0
18146,-73.96544647216798,40.75783920288085,-74.00138092041014,40.73624038696289,921.24,2458,2458,2508.21,3429.45,50.210000000000036,-2.2737367544323206e-13,0.9999999999999998
18147,-73.9910430908203,40.730228424072266,-73.96833038330078,40.77050018310547,1133.58,2458,2458,2479.71,3691.17,21.710000000000036,77.88000000000011,1.0687026941195152
18148,-73.9939956665039,40.75139236450195,-73.98181915283203,40.75989151000977,500.06,2459,2459,2500.46,3019.07,41.460000000000036,18.550000000000125,1.0370955485341762
18149,-73.9793472290039,40.74974060058594,-73.9762191772461,40.755149841308594,230.67,2459,2459,2496.62,2727.29,37.61999999999989,8.526512829121202e-14,1.0000000000000004
18150,-73.97527313232422,40.761680603027344,-73.99835205078125,40.738868713378906,737.39,2459,2459,-1.0,-1.0,-1,-1,0.0
18151,-73.9797134399414,40.75539016723633,-73.99162292480467,40.750038146972656,403.95,2459,2459,2499.72,2903.67,40.7199999999998,2.8421709430404007e-13,1.0000000000000007
18152,-73.95021057128906,40.771350860595696,-73.95955657958984,40.7741813659668,247.29,2459,2459,2492.75,2740.04,33.75,-2.842170943040401e-14,0.9999999999999999
18153,-73.981689453125,40.73086929321289,-73.97777557373048,40.72553253173828,207.78,2459,2459,2473.06,2736.58,14.059999999999945,55.73999999999998,1.2682645105399941
18154,-73.97398376464845,40.757488250732415,-73.97742462158203,40.77690124511719,717.03,2459,2459,2507.68,3253.97,48.679999999999836,29.25999999999999,1.0408072186658857
18155,-73.99568939208984,40.73903274536133,-73.99092864990234,40.75581741333008,540.8,2459,2459,2516.19,3056.99,57.190000000000055,-2.2737367544323206e-13,0.9999999999999996
18156,-73.97122955322266,40.7583122253418,-73.95976257324219,40.76359558105469,377.02,2459,2459,-1.0,-1.0,-1,-1,0.0
18157,-73.97628021240234,40.78098678588867,-73.96897888183594,40.758636474609375,877.62,2459,2459,2467.5,3448.73,8.5,103.61000000000001,1.1180579293999682
18158,-73.96566772460938,40.765708923339844,-73.95855712890625,40.766998291015625,188.12,2459,2459,2469.83,2657.95,10.829999999999927,-1.1368683772161603e-13,0.9999999999999994
18159,-73.9816665649414,40.78069305419922,-73.98206329345702,40.77099609375,312.94,2460,2460,-1.0,-1.0,-1,-1,0.0
18160,-74.00390625,40.74177169799805,-73.98512268066406,40.75381851196289,624.21,2460,2460,2507.09,3131.3,47.090000000000146,0.0,1.0
18161,-73.97532653808595,40.75460815429688,-73.94720458984375,40.77991485595703,734.57,2460,2460,-1.0,-1.0,-1,-1,0.0
18162,-73.9615936279297,40.780139923095696,-73.97373962402342,40.76427841186523,452.59,2460,2460,-1.0,-1.0,-1,-1,0.0
18163,-73.95624542236328,40.787147521972656,-73.95127868652342,40.7744369506836,483.31,2460,2460,-1.0,-1.0,-1,-1,0.0
18164,-73.96417236328125,40.77637100219727,-73.97905731201173,40.766700744628906,506.4,2460,2460,2481.89,3052.4,21.889999999999873,64.11000000000024,1.1265995260663513
18165,-73.99333953857422,40.72779846191406,-73.9821014404297,40.73926162719727,316.66,2461,2461,-1.0,-1.0,-1,-1,0.0
18166,-73.96925354003906,40.7636604309082,-73.9713134765625,40.78177261352539,497.2,2461,2461,-1.0,-1.0,-1,-1,0.0
18167,-73.98287200927734,40.7308006286621,-73.98020935058595,40.74914169311523,562.95,2461,2461,2618.88,3181.83,157.8800000000001,-2.2737367544323206e-13,0.9999999999999996
18168,-73.97531127929686,40.75233840942383,-73.95877838134766,40.77811050415039,757.11,2461,2461,-1.0,-1.0,-1,-1,0.0
18169,-73.96793365478516,40.76250076293945,-73.98226928710938,40.75193786621094,559.56,2461,2461,-1.0,-1.0,-1,-1,0.0
18170,-73.9942855834961,40.73225784301758,-73.98606872558594,40.7278709411621,308.58,2461,2461,-1.0,-1.0,-1,-1,0.0
18171,-73.97941589355469,40.76614379882813,-73.98167419433594,40.75971221923828,337.22,2461,2461,-1.0,-1.0,-1,-1,0.0
18172,-73.94671630859375,40.78324508666992,-73.96702575683594,40.801902770996094,723.54,2461,2461,2629.84,3353.38,168.84000000000015,0.0,1.0
18173,-73.98196411132812,40.76739501953125,-73.98457336425781,40.760719299316406,244.04,2461,2461,-1.0,-1.0,-1,-1,0.0
18174,-73.98263549804686,40.74617004394531,-73.97737884521484,40.72616195678711,620.65,2461,2461,-1.0,-1.0,-1,-1,0.0
18175,-74.01266479492188,40.71516799926758,-73.99146270751955,40.74481201171875,759.7,2461,2461,2506.42,3266.12,45.42000000000007,-2.2737367544323206e-13,0.9999999999999997
18176,-73.96574401855469,40.76845169067383,-73.94847869873048,40.80401992797852,754.07,2462,2462,-1.0,-1.0,-1,-1,0.0
18177,-73.97345733642578,40.74358367919922,-73.98592376708984,40.74881362915039,446.49,2462,2462,2568.83,3015.32,106.82999999999993,2.2737367544323206e-13,1.0000000000000004
18178,-73.98892974853516,40.72168350219727,-73.99009704589844,40.73262405395508,347.74,2462,2462,2593.21,2940.95,131.21000000000004,-2.2737367544323206e-13,0.9999999999999993
18179,-73.98075866699219,40.76457595825195,-73.99154663085938,40.73756790161133,788.93,2462,2462,-1.0,-1.0,-1,-1,0.0
18180,-73.9820556640625,40.778541564941406,-73.94012451171875,40.80332946777344,950.72,2462,2462,2498.5699999999997,3449.289999999999,36.56999999999971,-6.821210263296962e-13,0.9999999999999993
18181,-73.98983001708984,40.7672233581543,-73.93169403076173,40.796913146972656,1332.48,2462,2462,2514.03,3891.0000000000005,52.0300000000002,44.49000000000024,1.0333888688760808
18182,-73.97781372070312,40.786865234375,-73.9666290283203,40.768943786621094,638.75,2462,2462,2614.3,3253.0499999999997,152.30000000000018,-4.547473508864641e-13,0.9999999999999993
18183,-73.97039031982422,40.75653076171875,-73.97793579101562,40.78291702270508,863.14,2462,2462,-1.0,-1.0,-1,-1,0.0
18184,-73.9593505859375,40.77714538574219,-74.01502990722656,40.71417617797852,1493.31,2462,2462,-1.0,-1.0,-1,-1,0.0
18185,-73.98047637939453,40.78073120117188,-73.98287200927734,40.77185821533203,241.02,2462,2462,2520.56,2761.58,58.559999999999945,-2.842170943040401e-14,0.9999999999999999
18186,-73.96893310546875,40.76134872436523,-74.00299072265625,40.72771835327149,1092.52,2462,2462,-1.0,-1.0,-1,-1,0.0
18187,-73.99137115478516,40.73601531982422,-73.9921875,40.747650146484375,476.53,2463,2463,-1.0,-1.0,-1,-1,0.0
18188,-73.96622467041014,40.794715881347656,-73.9574966430664,40.80159378051758,223.67,2463,2463,2494.44,2718.11,31.440000000000055,8.526512829121202e-14,1.0000000000000004
18189,-73.97266387939453,40.747554779052734,-73.9676513671875,40.75776290893555,380.68,2463,2463,2596.29,2976.97,133.28999999999996,-1.7053025658242404e-13,0.9999999999999996
18190,-73.97710418701173,40.7746467590332,-73.98958587646483,40.762519836425774,394.57,2463,2463,-1.0,-1.0,-1,-1,0.0
18191,-73.95361328125,40.77439880371094,-73.9874267578125,40.72142791748047,1121.4,2463,2463,2505.23,3651.85,42.23000000000002,25.2199999999998,1.0224897449616548
18192,-73.9799575805664,40.783687591552734,-73.96680450439453,40.80390548706055,381.82,2463,2463,2569.58,2951.4,106.57999999999993,1.7053025658242404e-13,1.0000000000000004
18193,-73.98094940185547,40.75982284545898,-73.98243713378906,40.7724723815918,433.67,2464,2464,-1.0,-1.0,-1,-1,0.0
18194,-73.995849609375,40.72339630126953,-74.00759887695312,40.73943328857422,638.7,2464,2464,-1.0,-1.0,-1,-1,0.0
18195,-73.95413970947266,40.77039337158203,-73.94624328613281,40.77283477783203,208.75,2464,2464,-1.0,-1.0,-1,-1,0.0
18196,-73.95580291748048,40.77701187133789,-73.96729278564453,40.760162353515625,573.69,2464,2464,-1.0,-1.0,-1,-1,0.0
18197,-73.97063446044923,40.75857925415039,-73.97817993164062,40.72925567626953,766.54,2464,2464,-1.0,-1.0,-1,-1,0.0
18198,-73.97531127929686,40.74929809570313,-73.98724365234375,40.72228622436523,740.44,2465,2465,-1.0,-1.0,-1,-1,0.0
18199,-73.9635009765625,40.77162551879883,-73.97488403320312,40.761585235595696,438.97,2465,2465,2507.23,2965.62,42.23000000000002,19.419999999999845,1.0442399252796315
18200,-73.9678955078125,40.76266479492188,-73.98098754882812,40.74222183227539,560.63,2465,2465,-1.0,-1.0,-1,-1,0.0
18201,-73.97474670410156,40.77790451049805,-73.96992492675781,40.78960037231445,285.35,2465,2465,2624.47,2909.82,159.4699999999998,3.410605131648481e-13,1.000000000000001
18202,-73.96598052978516,40.758567810058594,-73.98882293701173,40.73971939086913,748.79,2465,2465,-1.0,-1.0,-1,-1,0.0
18203,-73.9627456665039,40.7671127319336,-73.95405578613281,40.77892684936523,201.98,2466,2466,-1.0,-1.0,-1,-1,0.0
18204,-73.98145294189453,40.75793075561523,-73.96834564208984,40.75062942504883,657.37,2466,2466,-1.0,-1.0,-1,-1,0.0
18205,-73.95963287353516,40.76316452026367,-73.96016693115234,40.77070236206055,221.16,2466,2466,2509.68,2730.84,43.679999999999836,3.126388037344441e-13,1.0000000000000013
18206,-73.97614288330078,40.76557159423828,-73.98001098632812,40.78564834594727,597.1,2466,2466,-1.0,-1.0,-1,-1,0.0
18207,-73.9584732055664,40.78095626831055,-73.96452331542969,40.798336029052734,466.46,2466,2466,2522.38,2988.84,56.38000000000011,5.684341886080802e-14,1.0000000000000002
18208,-73.98238372802734,40.77698135375977,-73.97152709960938,40.78746032714844,313.01,2466,2466,2592.11,2905.12,126.11000000000013,-2.2737367544323206e-13,0.9999999999999992
18209,-73.96536254882812,40.76274108886719,-73.955322265625,40.7769889831543,258.02,2466,2466,2498.61,2756.63,32.61000000000013,0.0,1.0
18210,-73.9830093383789,40.76475143432617,-73.98725891113281,40.72051239013672,1479.85,2466,2466,-1.0,-1.0,-1,-1,0.0
18211,-73.99334716796875,40.721546173095696,-74.01662445068358,40.70486831665039,715.41,2466,2466,-1.0,-1.0,-1,-1,0.0
18212,-74.00215148925781,40.72639083862305,-74.00983428955078,40.71349716186523,416.62,2466,2466,-1.0,-1.0,-1,-1,0.0
18213,-74.0014114379883,40.719200134277344,-73.98387145996094,40.7646369934082,1215.08,2467,2467,2674.5,3889.5800000000004,207.5,4.547473508864641e-13,1.0000000000000004
18214,-74.0098876953125,40.7098045349121,-74.01573944091797,40.71535110473633,323.07,2467,2467,-1.0,-1.0,-1,-1,0.0
18215,-73.97920989990234,40.745399475097656,-73.9942855834961,40.75006484985352,637.6,2467,2467,-1.0,-1.0,-1,-1,0.0
18216,-74.00391387939453,40.73820877075195,-73.98473358154298,40.764408111572266,694.28,2467,2467,2493.75,3188.03,26.75,2.2737367544323206e-13,1.0000000000000002
18217,-74.00817108154298,40.73765182495117,-73.96337890625,40.76173782348633,1310.98,2467,2467,2653.75,3964.73,186.75,0.0,1.0
18218,-73.99250030517578,40.74909591674805,-73.99746704101562,40.7193603515625,842.16,2467,2467,-1.0,-1.0,-1,-1,0.0
18219,-74.00441741943358,40.707481384277344,-73.97476196289062,40.74195098876953,701.67,2467,2467,2626.71,3328.38,159.71000000000004,1.1368683772161603e-13,1.0000000000000002
18220,-73.97792053222656,40.742183685302734,-74.00341796875,40.73632049560547,641.7,2467,2467,-1.0,-1.0,-1,-1,0.0
18221,-74.00868225097656,40.73109817504883,-73.99919891357422,40.73155975341797,352.25,2467,2467,2601.5,2953.75,134.5,0.0,1.0
18222,-73.98784637451173,40.73828125,-73.99546813964845,40.72702026367188,266.18,2467,2467,2525.49,2791.67,58.48999999999978,2.8421709430404007e-13,1.000000000000001
18223,-73.99884796142578,40.71729278564453,-73.99421691894531,40.7615623474121,1082.82,2467,2467,-1.0,-1.0,-1,-1,0.0
18224,-73.99974822998048,40.71792984008789,-73.99028778076173,40.719051361083984,425.12,2468,2468,2498.77,3002.76,30.769999999999982,78.87000000000023,1.185524087316523
18225,-73.99046325683594,40.73469161987305,-74.00787353515625,40.75141143798828,695.96,2468,2468,2519.17,3215.13,51.17000000000007,0.0,1.0
18226,-74.011962890625,40.704010009765625,-73.98348999023438,40.75014877319336,1123.03,2468,2468,-1.0,-1.0,-1,-1,0.0
18227,-73.97911071777342,40.758949279785156,-73.95748138427734,40.782730102539055,709.27,2468,2468,-1.0,-1.0,-1,-1,0.0
18228,-73.9842758178711,40.78021240234375,-73.95396423339844,40.7788314819336,742.33,2468,2468,-1.0,-1.0,-1,-1,0.0
18229,-73.98311614990234,40.76664733886719,-73.98565673828125,40.75382614135742,564.03,2468,2468,-1.0,-1.0,-1,-1,0.0
18230,-73.96342468261719,40.77166748046875,-73.96775817871094,40.76781845092773,182.71,2468,2468,2527.77,2710.48,59.76999999999998,2.842170943040401e-14,1.0000000000000002
18231,-74.01725006103516,40.70534896850585,-73.98889923095702,40.73809814453125,1061.89,2468,2468,-1.0,-1.0,-1,-1,0.0
18232,-73.98590850830078,40.740821838378906,-73.9553451538086,40.782711029052734,1067.31,2468,2468,-1.0,-1.0,-1,-1,0.0
18233,-73.95835876464845,40.772796630859375,-73.97199249267578,40.78181838989258,347.83,2469,2469,-1.0,-1.0,-1,-1,0.0
18234,-73.98049163818358,40.76495361328125,-73.9862289428711,40.75701522827149,284.07,2469,2469,2492.24,2776.31,23.23999999999978,1.7053025658242404e-13,1.0000000000000007
18235,-73.97626495361328,40.751426696777344,-73.99050903320312,40.73890686035156,431.91,2469,2469,2524.56,2956.47,55.559999999999945,-1.7053025658242404e-13,0.9999999999999996
18236,-73.99688720703125,40.75255966186523,-73.98158264160156,40.72465896606445,1017.13,2469,2469,2726.37,3743.5,257.3699999999999,1.1368683772161603e-13,1.0000000000000002
18237,-73.99958038330078,40.75143432617188,-73.98794555664062,40.736717224121094,779.24,2469,2469,-1.0,-1.0,-1,-1,0.0
18238,-73.97953033447266,40.7672004699707,-73.98375701904298,40.78036880493164,438.49,2469,2469,-1.0,-1.0,-1,-1,0.0
18239,-74.01119995117188,40.70302200317383,-73.97858428955078,40.76667785644531,1455.37,2469,2469,-1.0,-1.0,-1,-1,0.0
18240,-73.96183013916014,40.77959060668945,-73.96421813964844,40.76785659790039,382.69,2469,2469,2546.62,2929.31,77.61999999999989,5.684341886080802e-14,1.0000000000000002
18241,-73.96381378173827,40.76136016845703,-73.9871826171875,40.7583236694336,912.35,2469,2469,-1.0,-1.0,-1,-1,0.0
18242,-73.97100067138672,40.761394500732415,-73.96505737304686,40.76923751831055,189.92,2469,2469,-1.0,-1.0,-1,-1,0.0
18243,-73.96027374267578,40.81325912475585,-73.96851348876955,40.79938125610352,297.49,2470,2470,2665.31,2962.8,195.30999999999995,2.2737367544323206e-13,1.0000000000000007
18244,-73.96996307373048,40.78433609008789,-73.94664764404298,40.80409622192383,647.02,2470,2470,2507.38,3154.4,37.38000000000011,0.0,1.0
18245,-73.987060546875,40.72526931762695,-73.99953460693358,40.71947860717773,630.71,2470,2470,2624.58,3255.29,154.57999999999993,0.0,1.0
18246,-73.98784637451173,40.75505828857422,-73.98026275634766,40.74172592163085,532.25,2470,2470,2526.92,3059.17,56.92000000000007,0.0,1.0
18247,-73.99192047119139,40.73519134521485,-73.98387908935547,40.73775100708008,266.16,2470,2470,-1.0,-1.0,-1,-1,0.0
18248,-74.0073013305664,40.751461029052734,-73.99771118164062,40.75671005249024,265.49,2470,2470,-1.0,-1.0,-1,-1,0.0
18249,-73.95565032958984,40.77926254272461,-73.96652221679686,40.77224349975585,337.85,2470,2470,2922.41,3260.2599999999998,452.40999999999985,-1.1368683772161603e-13,0.9999999999999997
18250,-73.98054504394531,40.769630432128906,-73.98287963867188,40.75939178466797,429.03,2470,2470,2503.88,2932.91,33.88000000000011,-2.2737367544323206e-13,0.9999999999999994
18251,-73.96119689941406,40.77459716796875,-73.97274780273438,40.7647590637207,411.68,2470,2470,-1.0,-1.0,-1,-1,0.0
18252,-73.99478912353516,40.74036026000977,-74.00204467773438,40.75088119506836,361.65,2470,2470,2512.14,2873.79,42.13999999999987,1.1368683772161603e-13,1.0000000000000002
18253,-73.98316955566406,40.76471710205078,-73.98153686523438,40.78022003173828,475.89,2470,2470,-1.0,-1.0,-1,-1,0.0
18254,-73.98954772949219,40.74650573730469,-73.98220825195312,40.77023315429688,701.96,2471,2471,2494.83,3258.69,23.829999999999927,61.90000000000009,1.0881816627728076
18255,-73.98281860351562,40.765525817871094,-74.00810241699219,40.739070892333984,984.55,2471,2471,-1.0,-1.0,-1,-1,0.0
18256,-73.98819732666014,40.74943542480469,-73.98213195800781,40.772071838378906,685.13,2471,2471,-1.0,-1.0,-1,-1,0.0
18257,-74.00248718261719,40.75556945800781,-73.939697265625,40.80280303955078,1413.91,2471,2471,2588.16,4002.07,117.15999999999985,2.2737367544323206e-13,1.0000000000000002
18258,-74.00856018066406,40.70569610595703,-73.97884368896483,40.73098373413085,671.07,2471,2471,-1.0,-1.0,-1,-1,0.0
18259,-73.98680877685547,40.745365142822266,-73.97956848144531,40.759929656982415,515.8,2471,2471,-1.0,-1.0,-1,-1,0.0
18260,-73.99483489990234,40.76042556762695,-73.98543548583984,40.74764633178711,649.68,2471,2471,2608.95,3258.63,137.94999999999982,3.410605131648481e-13,1.0000000000000004
18261,-73.94999694824219,40.82205581665039,-73.9935989379883,40.760440826416016,1041.47,2471,2471,2688.8,3730.27,217.80000000000018,-2.2737367544323206e-13,0.9999999999999998
18262,-73.95703887939453,40.780521392822266,-73.9647216796875,40.76704025268555,351.12,2471,2471,-1.0,-1.0,-1,-1,0.0
18263,-73.97877502441406,40.741065979003906,-73.98443603515625,40.72488784790039,378.23,2471,2471,2494.4700000000003,2883.54,23.470000000000255,10.83999999999969,1.0286598101684152
18264,-73.98898315429686,40.7564697265625,-74.007568359375,40.75164031982422,490.19,2471,2471,2509.5,2999.69,38.5,5.684341886080802e-14,1.0000000000000002
18265,-73.9939193725586,40.74322891235352,-73.9588623046875,40.7690315246582,963.21,2471,2471,-1.0,-1.0,-1,-1,0.0
18266,-74.00809478759766,40.72353744506836,-73.98455047607422,40.72473907470703,741.95,2472,2472,2608.68,3350.6299999999997,136.67999999999984,-2.2737367544323206e-13,0.9999999999999997
18267,-73.94886779785155,40.77745819091797,-73.9581527709961,40.77463150024415,288.58,2472,2472,2490.0,2781.13,18.0,2.550000000000125,1.0088363711968955
18268,-74.01345825195312,40.70225143432617,-74.00212860107422,40.72942352294922,672.89,2472,2472,-1.0,-1.0,-1,-1,0.0
18269,-73.98816680908203,40.73203659057617,-74.00199127197266,40.73372650146485,425.58,2472,2472,2525.0899999999997,2950.6699999999996,53.08999999999969,-5.684341886080802e-14,0.9999999999999999
18270,-73.97396087646483,40.750648498535156,-74.00479125976562,40.71894073486328,1041.26,2472,2472,2504.83,3583.68,32.82999999999993,37.58999999999992,1.036100493632714
18271,-73.9877395629883,40.73846435546875,-73.96907806396483,40.785682678222656,1241.44,2472,2472,2494.69,3736.13,22.690000000000055,0.0,1.0
18272,-73.9906234741211,40.74034118652344,-73.9994583129883,40.73417282104492,252.21,2472,2472,2501.94,2754.15,29.940000000000055,2.842170943040401e-14,1.0000000000000002
18273,-73.96136474609375,40.77456665039063,-73.95043182373048,40.7806396484375,289.7,2472,2472,-1.0,-1.0,-1,-1,0.0
18274,-74.00643920898438,40.74463272094727,-73.98564147949219,40.76371383666992,579.24,2472,2472,-1.0,-1.0,-1,-1,0.0
18275,-74.00756072998048,40.71268844604492,-73.99683380126955,40.72544479370117,545.17,2472,2472,-1.0,-1.0,-1,-1,0.0
18276,-73.95584869384766,40.7788200378418,-73.95594787597656,40.7680892944336,361.57,2472,2472,-1.0,-1.0,-1,-1,0.0
18277,-73.98561096191406,40.73139953613281,-73.98895263671875,40.72431945800781,245.32,2473,2473,-1.0,-1.0,-1,-1,0.0
18278,-73.97405242919923,40.76257705688477,-73.98554229736328,40.73851013183594,712.31,2473,2473,2494.7599999999998,3287.2999999999997,21.759999999999764,80.23000000000002,1.1126335443837656
18279,-73.95497131347656,40.765281677246094,-73.98544311523438,40.74987030029297,877.5,2473,2473,2515.27,3460.17,42.26999999999998,67.40000000000009,1.076809116809117
18280,-73.97599792480467,40.77630233764648,-73.9533920288086,40.76719665527344,734.72,2473,2473,2589.0,3323.72,116.0,-2.2737367544323206e-13,0.9999999999999997
18281,-73.98778533935547,40.74397659301758,-73.99083709716798,40.73638534545898,181.04,2473,2473,-1.0,-1.0,-1,-1,0.0
18282,-73.98521423339844,40.73981857299805,-73.99795532226562,40.740535736083984,402.11,2473,2473,2514.25,2952.21,41.25,35.85000000000002,1.0891547089104971
18283,-73.94756317138672,40.77524185180664,-73.9772186279297,40.760833740234375,907.72,2474,2474,2518.87,3467.36,44.86999999999989,40.77000000000021,1.044914731414974
18284,-73.98230743408203,40.768226623535156,-73.97604370117188,40.75171661376953,748.7,2474,2474,2490.8,3322.54,16.800000000000182,83.03999999999974,1.1109122478963533
18285,-73.97502899169923,40.77737045288085,-73.95639038085938,40.77799987792969,461.96,2474,2474,2491.59,2999.01,17.590000000000146,45.46000000000009,1.098406788466534
18286,-73.9640884399414,40.75653839111328,-73.96634674072266,40.76316833496094,240.78,2474,2474,2516.92,2757.7,42.92000000000007,-2.5579538487363607e-13,0.9999999999999989
18287,-73.99638366699219,40.76362609863281,-73.99324035644531,40.75394058227539,391.92,2474,2474,2585.38,2977.3,111.38000000000011,5.684341886080802e-14,1.0000000000000002
18288,-73.98411560058595,40.76476287841797,-73.98299407958984,40.77644729614258,307.33,2474,2474,-1.0,-1.0,-1,-1,0.0
18289,-73.97843170166014,40.78295516967773,-73.94286346435547,40.81242370605469,897.42,2474,2474,2493.73,3391.15,19.730000000000018,1.1368683772161603e-13,1.0000000000000002
18290,-73.9891128540039,40.747520446777344,-73.9791717529297,40.75027465820313,351.12,2474,2474,2522.5,2873.62,48.5,-1.1368683772161603e-13,0.9999999999999997
18291,-73.99510192871094,40.72705841064453,-73.96089935302734,40.7966423034668,1654.87,2474,2474,-1.0,-1.0,-1,-1,0.0
18292,-74.00045776367188,40.72732925415039,-73.98529815673827,40.74559020996094,609.43,2474,2474,-1.0,-1.0,-1,-1,0.0
18293,-73.9827423095703,40.75719833374024,-73.9805908203125,40.74183654785156,579.58,2474,2474,-1.0,-1.0,-1,-1,0.0
18294,-73.9794921875,40.7532615661621,-73.97968292236328,40.76137161254883,327.13,2474,2474,-1.0,-1.0,-1,-1,0.0
18295,-73.99456787109375,40.74571990966797,-73.99189758300781,40.73848342895508,224.78,2475,2475,2502.2599999999998,2727.04,27.259999999999764,1.9895196601282805e-13,1.0000000000000009
18296,-73.97065734863281,40.75918960571289,-73.95597076416014,40.76794815063477,391.44,2475,2475,-1.0,-1.0,-1,-1,0.0
18297,-73.97579193115234,40.75925827026367,-74.00225830078125,40.73133850097656,859.12,2475,2475,2492.13,3411.15,17.13000000000011,59.89999999999998,1.069722506751094
18298,-74.00408172607422,40.74774169921875,-73.9836196899414,40.74409103393555,529.96,2475,2475,2526.48,3056.44,51.48000000000002,0.0,1.0
18299,-73.98500061035155,40.75360870361328,-73.97698211669923,40.7648811340332,315.01,2475,2475,2520.2,2835.21,45.19999999999982,2.2737367544323206e-13,1.0000000000000007
18300,-73.96725463867188,40.763538360595696,-73.99674987792969,40.76099395751953,891.84,2475,2475,2521.69,3441.13,46.690000000000055,27.600000000000023,1.0309472551130248
18301,-73.97344207763672,40.75786972045898,-73.96292114257811,40.79841995239258,1001.96,2475,2475,-1.0,-1.0,-1,-1,0.0
18302,-73.98548126220702,40.75353622436523,-73.99040222167969,40.75151824951172,219.12,2476,2476,2579.84,2798.96,103.84000000000015,-1.1368683772161603e-13,0.9999999999999994
18303,-73.99475860595702,40.71632766723633,-73.98844909667969,40.77906036376953,1627.06,2476,2476,-1.0,-1.0,-1,-1,0.0
18304,-73.97355651855469,40.74810791015625,-73.99869537353516,40.74067687988281,689.79,2476,2476,-1.0,-1.0,-1,-1,0.0
18305,-73.99845886230467,40.7247200012207,-74.0003890991211,40.73540878295898,345.45,2476,2476,-1.0,-1.0,-1,-1,0.0
18306,-73.9950942993164,40.739830017089844,-73.97564697265625,40.73313522338867,589.34,2476,2476,-1.0,-1.0,-1,-1,0.0
18307,-73.97892761230467,40.75661849975585,-73.9909896850586,40.75579833984375,420.22,2476,2476,2513.96,2944.88,37.960000000000036,10.700000000000045,1.0254628527913952
18308,-73.96639251708984,40.757972717285156,-73.974365234375,40.73194122314453,605.35,2477,2477,-1.0,-1.0,-1,-1,0.0
18309,-73.99466705322266,40.74571990966797,-74.00238037109375,40.73013687133789,326.24,2477,2477,-1.0,-1.0,-1,-1,0.0
18310,-74.00383758544923,40.71329116821289,-73.99083709716798,40.71720886230469,448.84,2477,2477,2636.88,3085.72,159.8800000000001,-2.8421709430404007e-13,0.9999999999999993
18311,-73.98204040527344,40.75216674804688,-73.99859619140625,40.734729766845696,488.68,2477,2477,-1.0,-1.0,-1,-1,0.0
18312,-73.99324035644531,40.74729537963867,-73.99254608154298,40.71232986450195,1027.85,2478,2478,-1.0,-1.0,-1,-1,0.0
18313,-73.98880767822266,40.76909637451172,-73.99931335449219,40.74250411987305,744.72,2478,2478,2509.89,3254.61,31.889999999999873,2.2737367544323206e-13,1.0000000000000002
18314,-73.98123931884766,40.76796340942383,-73.97470092773438,40.787559509277344,436.37,2478,2478,2532.15,2968.52,54.15000000000009,-1.1368683772161603e-13,0.9999999999999998
18315,-73.97136688232422,40.75067901611328,-73.9662094116211,40.76205825805664,349.89,2478,2478,-1.0,-1.0,-1,-1,0.0
18316,-73.95925903320312,40.768230438232415,-73.95288848876955,40.77656936645508,281.53,2478,2478,-1.0,-1.0,-1,-1,0.0
18317,-73.9527816772461,40.778564453125,-73.93312072753906,40.796783447265625,450.13,2479,2479,2515.24,2965.37,36.23999999999978,1.1368683772161603e-13,1.0000000000000002
18318,-73.98294830322266,40.76581954956055,-73.991455078125,40.75035858154297,578.86,2479,2479,-1.0,-1.0,-1,-1,0.0
18319,-73.96862030029298,40.79148864746094,-73.9719467163086,40.76567840576172,671.13,2479,2479,2640.41,3311.54,161.40999999999985,1.1368683772161603e-13,1.0000000000000002
18320,-73.95576477050781,40.77949905395508,-73.99767303466798,40.76170349121094,984.49,2479,2479,2505.29,3565.54,26.289999999999964,75.75999999999999,1.076953549553576
18321,-74.00582885742188,40.75101852416992,-73.99837493896483,40.74530792236328,227.58,2479,2479,2733.57,2961.15,254.57000000000016,-8.526512829121202e-14,0.9999999999999997
18322,-73.9869613647461,40.73374557495117,-73.97942352294923,40.7440299987793,226.32,2479,2479,2529.09,2755.41,50.090000000000146,-2.8421709430404007e-13,0.9999999999999988
18323,-73.95433044433594,40.764156341552734,-73.95916748046875,40.77199935913085,343.11,2480,2480,2568.54,2911.65,88.53999999999996,1.1368683772161603e-13,1.0000000000000002
18324,-73.97431945800781,40.75143814086913,-73.96295928955078,40.75801086425781,316.29,2480,2480,2528.25,2844.54,48.25,-5.684341886080802e-14,0.9999999999999998
18325,-73.9881362915039,40.74982070922852,-73.98149108886719,40.75883102416992,243.05,2480,2480,-1.0,-1.0,-1,-1,0.0
18326,-73.9939727783203,40.74556350708008,-73.98899841308595,40.74287033081055,193.63,2480,2480,-1.0,-1.0,-1,-1,0.0
18327,-73.99466705322266,40.75558853149415,-73.99849700927734,40.74602890014648,260.54,2480,2480,2524.36,2784.9,44.36000000000013,-5.684341886080802e-14,0.9999999999999998
18328,-73.98919677734375,40.74795913696289,-73.97881317138672,40.75286865234375,325.92,2480,2480,2520.1,2846.02,40.09999999999991,5.684341886080802e-14,1.0000000000000002
18329,-73.97824859619139,40.715579986572266,-74.00858306884766,40.71443176269531,680.48,2480,2480,-1.0,-1.0,-1,-1,0.0
18330,-73.98526000976562,40.74195098876953,-73.98223114013672,40.75748062133789,541.88,2480,2480,2533.65,3082.01,53.65000000000009,6.480000000000132,1.0119583671661625
18331,-73.9703598022461,40.75932693481445,-73.94729614257811,40.7727165222168,617.07,2480,2480,-1.0,-1.0,-1,-1,0.0
18332,-73.97990417480467,40.76205825805664,-73.99099731445312,40.73303985595703,883.44,2481,2481,-1.0,-1.0,-1,-1,0.0
18333,-73.95537567138672,40.78272247314453,-73.99742126464844,40.72542572021485,1540.83,2481,2481,2536.83,4084.29,55.82999999999993,6.630000000000109,1.0043028757228247
18334,-74.01384735107422,40.7132568359375,-73.9727554321289,40.79595184326172,1231.64,2481,2481,-1.0,-1.0,-1,-1,0.0
18335,-73.99407958984375,40.75103759765625,-73.94658660888672,40.77267837524415,1331.81,2481,2481,2498.25,3867.46,17.25,37.40000000000009,1.0280820837807196
18336,-73.96559143066406,40.76200866699219,-73.95665740966798,40.77098846435547,275.74,2481,2481,2510.14,2785.88,29.139999999999873,2.2737367544323206e-13,1.0000000000000009
18337,-73.98506164550781,40.74259948730469,-73.97877502441406,40.75064086914063,248.33,2481,2481,2523.04,2802.16,42.039999999999964,30.78999999999988,1.123988241452905
18338,-73.9583740234375,40.76469039916992,-73.98046112060547,40.72478866577149,776.66,2481,2481,-1.0,-1.0,-1,-1,0.0
18339,-73.96487426757811,40.80857467651367,-73.98230743408203,40.77224349975585,768.45,2482,2482,2655.96,3424.41,173.96000000000004,-2.2737367544323206e-13,0.9999999999999997
18340,-73.9943618774414,40.751319885253906,-73.98000335693358,40.749061584472656,500.13,2482,2482,2554.0,3054.13,72.0,1.1368683772161603e-13,1.0000000000000002
18341,-73.98431396484375,40.73125457763672,-73.98464965820312,40.75270080566406,764.88,2482,2482,2514.37,3279.25,32.36999999999989,1.1368683772161603e-13,1.0000000000000002
18342,-73.97674560546875,40.77531051635742,-74.00846862792969,40.72333908081055,1290.61,2482,2482,2534.97,3878.4300000000003,52.9699999999998,52.85000000000059,1.0409496284702586
18343,-73.95356750488281,40.7823486328125,-74.00267791748048,40.73923110961913,1557.24,2482,2482,2565.46,4122.7,83.46000000000004,-2.2737367544323206e-13,0.9999999999999999
18344,-73.9821014404297,40.77159881591797,-73.98092651367188,40.7876091003418,454.41,2482,2482,2539.24,2999.71,57.23999999999978,6.06000000000023,1.0133359741202883
18345,-73.9642333984375,40.75572967529297,-73.98358917236328,40.760780334472656,722.89,2482,2482,2537.0,3259.89,55.0,-1.1368683772161603e-13,0.9999999999999999
18346,-73.99668884277344,40.73699951171875,-74.0063247680664,40.73345565795898,274.79,2482,2482,-1.0,-1.0,-1,-1,0.0
18347,-73.98357391357422,40.77357482910156,-73.9900894165039,40.75147247314453,717.13,2482,2482,2539.05,3256.18,57.05000000000018,-3.410605131648481e-13,0.9999999999999996
18348,-73.98866271972656,40.773841857910156,-74.00739288330078,40.74170684814453,751.84,2483,2483,-1.0,-1.0,-1,-1,0.0
18349,-73.98197174072266,40.73653030395508,-74.009765625,40.70568084716797,785.36,2483,2483,2514.43,3328.92,31.429999999999836,29.130000000000223,1.0370912702454929
18350,-73.98201751708984,40.768959045410156,-73.97026062011719,40.801429748535156,702.38,2483,2483,2608.16,3310.54,125.15999999999985,1.1368683772161603e-13,1.0000000000000002
18351,-73.96074676513672,40.76961135864258,-73.952880859375,40.766510009765625,184.59,2483,2483,-1.0,-1.0,-1,-1,0.0
18352,-73.97682189941406,40.7601318359375,-73.95243835449219,40.78479385375977,699.48,2483,2483,2522.89,3222.37,39.88999999999987,0.0,1.0
18353,-73.98847198486328,40.74909591674805,-73.9818115234375,40.76534652709961,570.27,2484,2484,2536.09,3128.11,52.090000000000146,21.75,1.0381398285022885
18354,-73.95523834228516,40.76434326171875,-73.97158813476562,40.74442672729492,303.37,2484,2484,2536.37,2839.74,52.36999999999989,-1.1368683772161603e-13,0.9999999999999997
18355,-73.97967529296875,40.73517990112305,-73.98178100585938,40.74635696411133,400.29,2484,2484,2536.87,2937.16,52.86999999999989,-5.684341886080802e-14,0.9999999999999999
18356,-73.99210357666014,40.76941680908203,-74.00586700439453,40.74043655395508,662.79,2484,2484,2530.1,3192.89,46.09999999999991,0.0,1.0
18357,-73.97745513916014,40.76453399658203,-73.98592376708984,40.75627899169922,446.66,2484,2484,-1.0,-1.0,-1,-1,0.0
18358,-73.96229553222656,40.76378631591797,-73.96640014648438,40.754005432128906,307.18,2484,2484,-1.0,-1.0,-1,-1,0.0
18359,-73.9883270263672,40.75894165039063,-73.98217010498048,40.78464889526367,605.1,2484,2484,2513.96,3176.04,29.960000000000036,56.979999999999905,1.0941662535118162
18360,-73.96896362304686,40.75414657592773,-73.97347259521484,40.78281784057617,862.73,2484,2484,2636.21,3498.94,152.21000000000004,0.0,1.0
18361,-73.97174072265625,40.75720977783203,-74.01333618164062,40.71544647216797,1209.58,2484,2484,2519.9300000000003,3793.1000000000004,35.93000000000029,63.590000000000146,1.0525719671290863
18362,-73.97086334228516,40.76438903808594,-73.95480346679686,40.78348922729492,450.68,2484,2484,2522.59,3020.01,38.590000000000146,46.740000000000066,1.1037099494097808
18363,-73.9896011352539,40.759681701660156,-74.0019302368164,40.756080627441406,383.87,2485,2485,2498.22,2882.09,13.2199999999998,3.410605131648481e-13,1.0000000000000009
18364,-73.99366760253906,40.74763107299805,-73.99017333984375,40.74161148071289,199.54,2485,2485,-1.0,-1.0,-1,-1,0.0
18365,-73.98882293701173,40.7688102722168,-73.95726776123048,40.77840042114258,769.16,2485,2485,2504.91,3353.13,19.909999999999854,79.06000000000029,1.1027874564459934
18366,-73.96482849121094,40.791648864746094,-73.95286560058595,40.78926467895508,463.17,2485,2485,2491.57,2954.74,6.570000000000164,-3.979039320256561e-13,0.9999999999999991
18367,-73.98600006103516,40.74003601074219,-73.98890686035155,40.75238800048828,559.02,2485,2485,2535.650000000001,3094.670000000001,50.650000000001,0.0,1.0
18368,-74.00300598144531,40.73931121826172,-73.99139404296875,40.760066986083984,640.07,2485,2485,2643.79,3283.8599999999997,158.78999999999996,-3.410605131648481e-13,0.9999999999999994
18369,-74.00383758544923,40.74301528930664,-73.98623657226562,40.760704040527344,615.34,2485,2485,2500.05,3173.58,15.050000000000182,58.18999999999971,1.094565606006435
18370,-73.9900894165039,40.7143783569336,-73.986572265625,40.7216796875,276.58,2486,2486,-1.0,-1.0,-1,-1,0.0
18371,-73.94567108154298,40.80767440795898,-73.9320755004883,40.79526901245117,561.83,2486,2486,2618.87,3180.7,132.8699999999999,-1.1368683772161603e-13,0.9999999999999998
18372,-73.99467468261719,40.74040603637695,-73.98481750488281,40.764026641845696,707.07,2486,2486,2490.0,3197.07,4.0,1.1368683772161603e-13,1.0000000000000002
18373,-73.9812774658203,40.74142837524415,-73.9781494140625,40.75468826293945,462.78,2486,2486,2515.32,2978.1,29.320000000000164,-2.2737367544323206e-13,0.9999999999999996
18374,-73.96165466308594,40.77119445800781,-73.94762420654298,40.77941131591797,357.41,2486,2486,-1.0,-1.0,-1,-1,0.0
18375,-73.9786148071289,40.75578308105469,-73.98564910888672,40.731311798095696,655.91,2486,2486,2509.7400000000002,3199.65,23.740000000000236,33.999999999999886,1.0518363799911572
18376,-73.96688079833984,40.79397201538085,-73.94316101074219,40.80099487304688,513.76,2486,2486,2525.58,3039.34,39.57999999999993,2.2737367544323206e-13,1.0000000000000004
18377,-74.01365661621094,40.71352767944336,-74.00574493408203,40.74117660522461,525.65,2486,2486,2663.2,3188.85,177.19999999999982,1.1368683772161603e-13,1.0000000000000002
18378,-73.95494842529298,40.76380920410156,-73.93901824951173,40.8048210144043,834.06,2486,2486,-1.0,-1.0,-1,-1,0.0
18379,-73.95626831054686,40.78715896606445,-73.9743881225586,40.76247024536133,610.17,2487,2487,-1.0,-1.0,-1,-1,0.0
18380,-73.9763412475586,40.75157928466797,-73.96453094482422,40.771308898925774,586.36,2487,2487,-1.0,-1.0,-1,-1,0.0
18381,-73.97520446777344,40.75220489501953,-74.00480651855469,40.7160758972168,986.6,2487,2487,2490.0,3476.6,3.0,-1.1368683772161603e-13,0.9999999999999999
18382,-73.98991394042969,40.72949600219727,-73.98052978515625,40.72708511352539,245.3,2487,2487,2602.09,2847.39,115.09000000000015,-2.8421709430404007e-13,0.9999999999999989
18383,-73.96151733398438,40.75777053833008,-73.97012329101562,40.75975036621094,377.83,2487,2487,2494.47,2958.21,7.4699999999998,85.91000000000025,1.2273773919487607
18384,-73.98330688476562,40.760250091552734,-73.97496795654298,40.7900505065918,754.49,2487,2487,-1.0,-1.0,-1,-1,0.0
18385,-73.99038696289062,40.771728515625,-73.98050689697266,40.780216217041016,247.99,2487,2487,-1.0,-1.0,-1,-1,0.0
18386,-73.9876480102539,40.74457931518555,-73.99645233154298,40.72042846679688,789.26,2487,2487,-1.0,-1.0,-1,-1,0.0
18387,-73.99703216552734,40.7423095703125,-73.99595642089844,40.763919830322266,627.41,2487,2487,2509.69,3199.48,22.690000000000055,62.379999999999995,1.0994246186704069
18388,-73.97880554199219,40.76280975341797,-73.97398376464845,40.79148864746094,740.38,2487,2487,-1.0,-1.0,-1,-1,0.0
18389,-73.98883819580078,40.74884414672852,-73.97698211669923,40.78874588012695,999.36,2487,2487,2498.03,3576.0,11.0300000000002,78.60999999999979,1.078660342619276
18390,-74.0047836303711,40.737548828125,-73.98501586914062,40.7177619934082,1007.73,2487,2487,2585.88,3593.61,98.88000000000011,0.0,1.0
18391,-73.96788024902342,40.768409729003906,-73.93936157226562,40.80511474609375,664.06,2488,2488,2543.5,3207.5599999999995,55.5,-4.547473508864641e-13,0.9999999999999993
18392,-74.0062942504883,40.73967361450195,-73.99391174316406,40.72815322875977,620.58,2488,2488,2608.91,3229.49,120.90999999999985,-1.1368683772161603e-13,0.9999999999999998
18393,-73.98280334472656,40.74765396118164,-73.94972229003906,40.78539657592773,972.32,2488,2488,-1.0,-1.0,-1,-1,0.0
18394,-73.98214721679686,40.76233673095703,-73.97325134277344,40.75494766235352,526.03,2488,2488,2492.25,3018.28,4.25,2.2737367544323206e-13,1.0000000000000004
18395,-74.00592041015625,40.740230560302734,-73.984130859375,40.76528930664063,816.65,2489,2489,2498.04,3314.69,9.039999999999964,1.1368683772161603e-13,1.0000000000000002
18396,-74.00328826904298,40.7273063659668,-73.98519134521484,40.7244987487793,534.63,2489,2489,2570.45,3142.0,81.44999999999982,36.920000000000186,1.069057104913679
18397,-73.9850082397461,40.759849548339844,-73.96906280517578,40.76750946044922,553.8,2489,2489,-1.0,-1.0,-1,-1,0.0
18398,-73.96669006347656,40.7642822265625,-73.95428466796875,40.76382064819336,391.7,2489,2489,-1.0,-1.0,-1,-1,0.0
18399,-73.97930145263672,40.76501846313477,-73.9866714477539,40.73664474487305,916.05,2489,2489,-1.0,-1.0,-1,-1,0.0
18400,-73.98641967773438,40.76236343383789,-73.97648620605469,40.74383163452149,871.79,2489,2489,-1.0,-1.0,-1,-1,0.0
18401,-73.99510192871094,40.75524520874024,-74.00814056396483,40.732704162597656,560.99,2490,2490,2547.7400000000002,3108.7300000000005,57.74000000000024,2.2737367544323206e-13,1.0000000000000004
18402,-73.96584320068358,40.76527786254883,-73.9564437866211,40.77541732788085,267.9,2490,2490,2533.71,2801.61,43.710000000000036,1.1368683772161603e-13,1.0000000000000004
18403,-73.98040771484375,40.74256896972656,-73.99113464355469,40.74898147583008,541.96,2490,2490,-1.0,-1.0,-1,-1,0.0
18404,-73.9658203125,40.77089309692383,-73.95671081542969,40.775794982910156,259.62,2490,2490,2600.58,2860.2,110.57999999999993,-1.1368683772161603e-13,0.9999999999999996
18405,-73.9701156616211,40.79950714111328,-73.9789810180664,40.79031753540039,240.44,2490,2490,2541.06,2781.5,51.059999999999945,5.684341886080802e-14,1.0000000000000002
18406,-73.98274993896483,40.7309799194336,-73.991943359375,40.74409866333008,541.09,2490,2490,2497.34,3142.05,7.3400000000001455,103.62,1.1915023378735516
18407,-73.98110961914062,40.76911926269531,-73.98802947998048,40.73929977416992,1083.01,2490,2490,-1.0,-1.0,-1,-1,0.0
18408,-73.9892578125,40.77724075317383,-73.99729919433594,40.73355484008789,1080.95,2490,2490,2533.59,3672.03,43.590000000000146,57.49000000000001,1.0531846986447106
18409,-73.98529052734375,40.73880004882813,-74.00930023193358,40.71403503417969,891.65,2491,2491,2532.32,3423.97,41.320000000000164,-3.410605131648481e-13,0.9999999999999997
18410,-73.97968292236328,40.75590133666992,-73.95558166503906,40.787109375,784.93,2491,2491,-1.0,-1.0,-1,-1,0.0
18411,-73.97203063964845,40.79708862304688,-73.9693603515625,40.76530838012695,905.02,2491,2491,2520.0,3425.02,29.0,0.0,1.0
18412,-73.97368621826173,40.76333999633789,-73.99229431152342,40.76741790771485,544.08,2491,2491,-1.0,-1.0,-1,-1,0.0
18413,-73.98538208007811,40.73591613769531,-73.97144317626955,40.75934982299805,696.89,2491,2491,2547.7400000000002,3263.47,56.74000000000024,18.839999999999577,1.0270343956722001
18414,-73.95619201660156,40.78459930419922,-73.97492218017578,40.79283142089844,519.27,2491,2491,-1.0,-1.0,-1,-1,0.0
18415,-73.95319366455078,40.78577041625977,-73.95591735839844,40.77901077270508,183.58,2491,2491,2980.36,3163.94,489.3600000000001,-8.526512829121202e-14,0.9999999999999996
18416,-73.96083068847656,40.76490783691406,-73.95342254638672,40.77337646484375,242.01,2491,2491,-1.0,-1.0,-1,-1,0.0
18417,-73.96992492675781,40.79702377319336,-73.9642333984375,40.776382446289055,569.39,2492,2492,2662.78,3232.17,170.7800000000002,-1.1368683772161603e-13,0.9999999999999998
18418,-73.99214172363281,40.749000549316406,-73.9950942993164,40.75997543334961,458.45,2492,2492,2543.58,3002.03,51.57999999999993,2.8421709430404007e-13,1.0000000000000007
18419,-73.97510528564453,40.79004287719727,-73.96102142333984,40.79924774169922,373.96,2492,2492,2550.5,2924.46,58.5,5.684341886080802e-14,1.0000000000000002
18420,-73.95514678955078,40.788841247558594,-73.94998931884766,40.77199172973633,521.61,2492,2492,2748.33,3269.94,256.3299999999999,1.1368683772161603e-13,1.0000000000000002
18421,-73.95668029785155,40.77106857299805,-73.98500061035155,40.71910858154297,1058.28,2492,2492,-1.0,-1.0,-1,-1,0.0
18422,-74.00983428955078,40.72088623046875,-74.0077896118164,40.71074676513672,541.65,2492,2492,-1.0,-1.0,-1,-1,0.0
18423,-73.9737548828125,40.77938461303711,-74.002685546875,40.73268127441406,1259.51,2492,2492,2703.42,3962.93,211.42000000000007,-2.2737367544323206e-13,0.9999999999999998
18424,-73.9819107055664,40.7779541015625,-73.97254180908203,40.788330078125,263.01,2492,2492,2551.53,2814.54,59.5300000000002,-2.2737367544323206e-13,0.9999999999999991
18425,-73.98774719238281,40.73254013061523,-73.9708023071289,40.7556037902832,576.81,2492,2492,2992.9500000000003,3569.76,500.9500000000003,0.0,1.0
18426,-73.96479034423827,40.7966423034668,-73.9426040649414,40.8116455078125,560.01,2492,2492,-1.0,-1.0,-1,-1,0.0
18427,-74.00267791748048,40.73394012451172,-73.98384857177734,40.72698211669922,526.71,2492,2492,-1.0,-1.0,-1,-1,0.0
18428,-73.96939086914062,40.75872421264648,-73.98236846923827,40.76818084716797,601.97,2493,2493,2520.9,3122.87,27.90000000000009,-2.2737367544323206e-13,0.9999999999999997
18429,-73.99208068847656,40.712493896484375,-73.98133850097656,40.713478088378906,212.38,2493,2493,2813.21,3025.59,320.21000000000004,1.1368683772161603e-13,1.0000000000000004
18430,-73.95952606201173,40.76252746582031,-73.97672271728516,40.785957336425774,749.55,2493,2493,-1.0,-1.0,-1,-1,0.0
18431,-73.95668029785155,40.771480560302734,-73.96967315673827,40.76348114013672,469.16,2493,2493,-1.0,-1.0,-1,-1,0.0
18432,-73.98635101318358,40.734336853027344,-74.00490570068358,40.7319450378418,523.7,2493,2493,2693.5,3217.2000000000003,200.5,2.2737367544323206e-13,1.0000000000000004
18433,-73.98992156982422,40.73469161987305,-73.98014831542969,40.74473571777344,395.24,2493,2493,2542.66,2980.2200000000003,49.659999999999854,42.32000000000039,1.1070741827750237
18434,-73.96029663085938,40.76198959350585,-73.97956085205078,40.75048828125,719.97,2493,2493,-1.0,-1.0,-1,-1,0.0
18435,-74.0018081665039,40.725929260253906,-73.99416351318358,40.72098159790039,414.65,2493,2493,-1.0,-1.0,-1,-1,0.0
18436,-73.94953155517578,40.7847785949707,-73.975830078125,40.787986755371094,577.28,2493,2493,2548.22,3125.5,55.2199999999998,2.2737367544323206e-13,1.0000000000000004
18437,-73.9766845703125,40.750526428222656,-73.94756317138672,40.7751579284668,741.69,2493,2493,2634.8,3376.4900000000002,141.80000000000018,0.0,1.0
18438,-73.99012756347656,40.76190185546875,-74.0111312866211,40.72903823852539,745.2,2493,2493,-1.0,-1.0,-1,-1,0.0
18439,-74.0054931640625,40.71191787719727,-73.990234375,40.712623596191406,517.05,2493,2493,2612.66,3129.71,119.65999999999985,2.2737367544323206e-13,1.0000000000000004
18440,-73.962890625,40.77796936035156,-73.9932861328125,40.73350143432617,1200.65,2493,2493,-1.0,-1.0,-1,-1,0.0
18441,-73.95926666259766,40.77759552001953,-73.96939849853516,40.76369857788085,403.75,2493,2493,-1.0,-1.0,-1,-1,0.0
18442,-74.00231170654298,40.73984909057617,-73.98937225341797,40.742088317871094,373.79,2493,2493,-1.0,-1.0,-1,-1,0.0
18443,-73.98211669921875,40.76852416992188,-73.97129821777344,40.75790786743164,576.31,2494,2494,-1.0,-1.0,-1,-1,0.0
18444,-73.99514007568358,40.744773864746094,-74.00485229492188,40.74082565307617,257.79,2494,2494,-1.0,-1.0,-1,-1,0.0
18445,-73.99044036865234,40.7312889099121,-73.9908676147461,40.73973083496094,382.81,2494,2494,-1.0,-1.0,-1,-1,0.0
18446,-73.95298767089844,40.7783203125,-73.94773864746094,40.77518081665039,193.37,2494,2494,2643.66,2837.03,149.65999999999985,3.410605131648481e-13,1.0000000000000018
18447,-74.00498962402342,40.72888565063477,-73.99036407470702,40.72812271118164,538.1,2494,2494,-1.0,-1.0,-1,-1,0.0
18448,-73.9771499633789,40.74715805053711,-73.96461486816406,40.76413345336913,452.71,2494,2494,-1.0,-1.0,-1,-1,0.0
18449,-73.95574951171875,40.78236770629883,-73.98921966552734,40.7564811706543,1167.18,2494,2494,-1.0,-1.0,-1,-1,0.0
18450,-73.9802474975586,40.73889541625977,-73.99246215820312,40.74270248413085,386.2,2494,2494,-1.0,-1.0,-1,-1,0.0
18451,-73.98367309570312,40.7439079284668,-73.9783706665039,40.75134658813477,223.03,2495,2495,-1.0,-1.0,-1,-1,0.0
18452,-73.95381927490234,40.76628494262695,-74.0020751953125,40.73527526855469,1147.11,2495,2495,2587.62,3760.14,92.61999999999989,25.410000000000082,1.0221513194026728
18453,-73.96724700927734,40.75925064086913,-73.95171356201173,40.76623916625977,408.62,2495,2495,2543.26,2951.88,48.26000000000022,-1.1368683772161603e-13,0.9999999999999997
18454,-73.9570083618164,40.771728515625,-73.9640121459961,40.75632858276367,486.92,2496,2496,2525.16,3012.08,29.159999999999854,5.684341886080802e-14,1.0000000000000002
18455,-73.99466705322266,40.766021728515625,-74.0045394897461,40.71707153320313,1064.23,2496,2496,2544.56,3608.7899999999995,48.559999999999945,-4.547473508864641e-13,0.9999999999999996
18456,-74.0085678100586,40.71421813964844,-74.00524139404298,40.74046325683594,593.11,2496,2496,-1.0,-1.0,-1,-1,0.0
18457,-73.99757385253906,40.72597122192383,-73.95510864257811,40.76396560668945,1112.96,2496,2496,2539.79,3652.75,43.789999999999964,0.0,1.0
18458,-73.97358703613281,40.76365661621094,-73.95587921142578,40.77267837524415,527.26,2496,2496,-1.0,-1.0,-1,-1,0.0
18459,-74.00634765625,40.74977111816406,-73.96548461914062,40.768646240234375,1035.62,2497,2497,-1.0,-1.0,-1,-1,0.0
18460,-73.98040008544923,40.77019882202149,-73.98554992675781,40.73852157592773,1097.25,2497,2497,-1.0,-1.0,-1,-1,0.0
18461,-73.95845031738281,40.76438903808594,-73.9799575805664,40.78113174438477,772.64,2497,2497,-1.0,-1.0,-1,-1,0.0
18462,-73.9588394165039,40.77229309082031,-73.958740234375,40.78083038330078,248.11,2497,2497,-1.0,-1.0,-1,-1,0.0
18463,-73.968994140625,40.785682678222656,-73.98001098632812,40.773834228515625,296.97,2497,2497,-1.0,-1.0,-1,-1,0.0
18464,-73.95291137695312,40.783050537109375,-73.94802856445312,40.77214813232422,407.31,2497,2497,2556.75,2999.14,59.75,35.07999999999987,1.0861260465002083
18465,-73.97484588623048,40.74207305908203,-73.97359466552734,40.73751831054688,206.72,2497,2497,2531.38,2769.72,34.38000000000011,31.619999999999692,1.152960526315788
18466,-73.95529174804686,40.77923583984375,-73.94942474365234,40.77278137207031,299.21,2498,2498,-1.0,-1.0,-1,-1,0.0
18467,-73.97337341308594,40.75552368164063,-73.98493957519531,40.71273040771485,857.59,2498,2498,-1.0,-1.0,-1,-1,0.0
18468,-73.98146057128906,40.76492691040039,-73.98218536376955,40.77143096923828,244.65,2498,2498,-1.0,-1.0,-1,-1,0.0
18469,-74.01629638671875,40.71084213256836,-74.01107025146483,40.716323852539055,226.92,2498,2498,-1.0,-1.0,-1,-1,0.0
18470,-73.99131774902342,40.75548934936523,-73.93566131591797,40.84415817260742,1371.9,2498,2498,2539.67,3911.5700000000006,41.67000000000007,4.547473508864641e-13,1.0000000000000002
18471,-73.97657012939453,40.74406814575195,-73.9850311279297,40.73215103149415,190.49,2498,2498,2526.21,2716.7,28.210000000000036,-2.2737367544323206e-13,0.9999999999999988
18472,-73.9755859375,40.75216293334961,-73.97650146484375,40.74433135986328,262.75,2498,2498,2554.82,2822.28,56.820000000000164,4.710000000000036,1.0179257849666985
18473,-73.98660278320312,40.7395896911621,-74.00260162353516,40.72881317138672,480.27,2498,2498,2522.67,3002.94,24.670000000000073,0.0,1.0
18474,-73.9811019897461,40.76007461547852,-73.98210906982422,40.7684326171875,314.55,2499,2499,-1.0,-1.0,-1,-1,0.0
18475,-73.9610824584961,40.76919174194336,-73.95221710205078,40.77798843383789,222.52,2499,2499,-1.0,-1.0,-1,-1,0.0
18476,-73.9927749633789,40.73235321044922,-73.97904968261719,40.73613357543945,447.62,2499,2499,-1.0,-1.0,-1,-1,0.0
18477,-73.98472595214844,40.75979614257813,-74.00416564941406,40.7426872253418,656.5,2499,2499,-1.0,-1.0,-1,-1,0.0
18478,-73.98583984375,40.76794815063477,-73.99932861328125,40.73088073730469,1015.62,2499,2499,-1.0,-1.0,-1,-1,0.0
18479,-73.99234771728516,40.74846267700195,-73.97791290283203,40.7464714050293,552.96,2499,2499,-1.0,-1.0,-1,-1,0.0
18480,-73.96003723144531,40.7622184753418,-73.96106719970702,40.76939392089844,215.54,2500,2500,-1.0,-1.0,-1,-1,0.0
18481,-73.96117401123048,40.76507568359375,-73.98211669921875,40.760963439941406,814.0,2500,2500,2520.0,3339.92,20.0,5.920000000000073,1.0072727272727273
18482,-73.94409942626955,40.77594375610352,-73.96775817871094,40.76943588256836,684.81,2500,2500,-1.0,-1.0,-1,-1,0.0
18483,-73.97801208496094,40.75495529174805,-73.96575164794923,40.7602424621582,467.97,2500,2500,-1.0,-1.0,-1,-1,0.0
18484,-73.95085906982422,40.77079772949219,-73.9510726928711,40.77764892578125,193.99,2500,2500,2620.08,2814.07,120.07999999999993,2.2737367544323206e-13,1.000000000000001
18485,-73.99562835693358,40.73196029663085,-74.00730895996094,40.73025894165039,291.69,2500,2500,2541.04,2898.7599999999998,41.039999999999964,66.0299999999998,1.2263704617916273
18486,-73.97195434570312,40.756927490234375,-73.99111938476562,40.75046920776367,657.04,2500,2500,2525.7400000000002,3273.27,25.740000000000236,90.48999999999978,1.1377237306708874
18487,-73.98265838623048,40.74551010131836,-73.97705841064453,40.75650024414063,323.75,2500,2500,-1.0,-1.0,-1,-1,0.0
18488,-73.98821258544923,40.73196411132813,-73.99647521972656,40.7255859375,302.54,2500,2500,-1.0,-1.0,-1,-1,0.0
18489,-73.99131774902342,40.75008010864258,-74.01364135742188,40.7092399597168,951.27,2501,2501,-1.0,-1.0,-1,-1,0.0
18490,-73.99539947509766,40.76122283935547,-73.95052337646483,40.79235076904297,1012.95,2501,2501,2528.84,3554.11,27.840000000000146,12.319999999999936,1.0121624956809319
18491,-73.9705352783203,40.76232147216797,-73.97696685791014,40.785118103027344,731.45,2501,2501,-1.0,-1.0,-1,-1,0.0
18492,-73.99525451660156,40.749866485595696,-74.00582885742188,40.745216369628906,330.02,2501,2501,2657.96,2987.98,156.96000000000004,0.0,1.0
18493,-73.9977035522461,40.75650024414063,-74.01000213623048,40.71451187133789,840.2,2501,2501,2711.75,3551.95,210.75,-2.2737367544323206e-13,0.9999999999999998
18494,-73.98088836669923,40.74782180786133,-73.99542236328125,40.74409866333008,419.0,2501,2501,-1.0,-1.0,-1,-1,0.0
18495,-73.9765625,40.76147079467773,-74.00945281982422,40.72605895996094,1117.79,2502,2502,-1.0,-1.0,-1,-1,0.0
18496,-73.99203491210938,40.74252700805664,-73.97900390625,40.77669525146485,954.23,2502,2502,2555.38,3520.1600000000003,53.38000000000011,10.550000000000182,1.0110560347086135
18497,-73.9623031616211,40.80527114868164,-73.98274993896483,40.78229141235352,518.77,2502,2502,2679.72,3198.4900000000002,177.7199999999998,4.547473508864641e-13,1.0000000000000009
18498,-73.99078369140625,40.74197769165039,-73.98450469970702,40.78240203857422,1099.98,2502,2502,-1.0,-1.0,-1,-1,0.0
18499,-73.94537353515625,40.778404235839844,-73.95282745361328,40.80779647827149,767.12,2502,2502,2520.0,3287.1200000000003,18.0,3.410605131648481e-13,1.0000000000000004
18500,-73.97962188720702,40.743919372558594,-73.99359130859375,40.72138977050781,611.85,2502,2502,-1.0,-1.0,-1,-1,0.0
18501,-73.99153900146483,40.75,-73.97454833984375,40.75286865234375,675.21,2502,2502,-1.0,-1.0,-1,-1,0.0
18502,-73.98577880859375,40.73540878295898,-73.97265625,40.75137710571289,398.38,2502,2502,2623.33,3021.71,121.32999999999993,1.1368683772161603e-13,1.0000000000000002
18503,-73.98950958251955,40.739017486572266,-73.98833465576173,40.72181701660156,829.08,2503,2503,-1.0,-1.0,-1,-1,0.0
18504,-73.97560119628906,40.75906372070313,-73.98692321777342,40.72107315063477,1156.24,2503,2503,2561.4600000000005,3776.4000000000005,58.46000000000049,58.700000000000045,1.0507680066422196
18505,-73.96035766601562,40.76591873168945,-73.98790740966798,40.74085998535156,894.68,2503,2503,-1.0,-1.0,-1,-1,0.0
18506,-73.96029663085938,40.76622009277344,-73.97242736816406,40.74605178833008,507.07,2503,2503,-1.0,-1.0,-1,-1,0.0
18507,-73.95646667480467,40.771278381347656,-73.98483276367188,40.71979141235352,1051.49,2503,2503,2556.58,3622.1900000000005,53.57999999999993,14.120000000000573,1.0134285632768743
18508,-73.98098754882812,40.76907348632813,-73.99568176269531,40.74101257324219,970.41,2503,2503,-1.0,-1.0,-1,-1,0.0
18509,-73.9685287475586,40.764949798583984,-73.9700469970703,40.79315185546875,754.78,2503,2503,-1.0,-1.0,-1,-1,0.0
18510,-73.98033905029298,40.76560974121094,-73.98321533203125,40.7583236694336,375.11,2503,2503,-1.0,-1.0,-1,-1,0.0
18511,-73.96650695800781,40.75751876831055,-73.98278045654298,40.7200584411621,812.59,2504,2504,-1.0,-1.0,-1,-1,0.0
18512,-73.98123931884766,40.76175308227539,-73.95925903320312,40.78030014038085,759.56,2504,2504,-1.0,-1.0,-1,-1,0.0
18513,-73.98877716064453,40.76344680786133,-73.9715118408203,40.74904251098633,894.58,2504,2504,2531.52,3516.3999999999996,27.519999999999982,90.29999999999961,1.100941223814527
18514,-73.98130798339844,40.74155044555664,-73.97593688964845,40.752418518066406,321.35,2504,2504,2555.33,2876.68,51.32999999999993,-1.1368683772161603e-13,0.9999999999999997
18515,-73.99520874023438,40.739784240722656,-73.96842956542969,40.76719665527344,895.7,2504,2504,-1.0,-1.0,-1,-1,0.0
18516,-73.9854736328125,40.75993347167969,-73.98731231689453,40.73841857910156,713.42,2504,2504,-1.0,-1.0,-1,-1,0.0
18517,-73.99575805664062,40.72544479370117,-73.9843521118164,40.7558822631836,811.31,2504,2504,2550.78,3362.09,46.7800000000002,0.0,1.0
18518,-73.99076843261719,40.75112915039063,-74.00580596923827,40.72507858276367,529.23,2504,2504,2549.3100000000004,3078.5400000000004,45.3100000000004,0.0,1.0
18519,-74.00101470947266,40.76192855834961,-73.9822769165039,40.76884841918945,522.62,2504,2504,2545.15,3067.77,41.15000000000009,-1.1368683772161603e-13,0.9999999999999998
18520,-73.99290466308595,40.74750518798828,-74.00243377685547,40.7341194152832,255.83,2504,2504,-1.0,-1.0,-1,-1,0.0
18521,-73.9699478149414,40.78454208374024,-73.9556655883789,40.76752471923828,646.11,2504,2504,2544.08,3250.02,40.07999999999993,59.83000000000004,1.0926003312129515
18522,-73.99527740478516,40.739967346191406,-73.98893737792969,40.76939010620117,726.68,2505,2505,-1.0,-1.0,-1,-1,0.0
18523,-73.9861831665039,40.74025344848633,-73.9959487915039,40.740333557128906,302.28,2505,2505,2628.5,2930.78,123.5,2.2737367544323206e-13,1.0000000000000007
18524,-73.98895263671875,40.77101516723633,-73.99491119384766,40.77023315429688,345.01,2505,2505,2542.48,2887.49,37.48000000000002,-2.2737367544323206e-13,0.9999999999999993
18525,-73.99122619628906,40.737525939941406,-74.00772094726562,40.74061965942383,537.76,2505,2505,-1.0,-1.0,-1,-1,0.0
18526,-73.94979858398438,40.780677795410156,-73.94841003417969,40.774322509765625,186.5,2505,2505,-1.0,-1.0,-1,-1,0.0
18527,-73.97473907470702,40.777748107910156,-73.96066284179686,40.77988052368164,325.75,2505,2505,2674.76,3000.51,169.76000000000022,0.0,1.0
18528,-73.98310089111328,40.73896789550781,-73.97613525390625,40.7486457824707,234.82,2505,2505,-1.0,-1.0,-1,-1,0.0
18529,-73.97013854980467,40.76177978515625,-73.9799270629883,40.74313735961913,566.13,2505,2505,-1.0,-1.0,-1,-1,0.0
18530,-73.97449493408203,40.76514053344727,-73.95892333984375,40.78063201904297,464.15,2506,2506,-1.0,-1.0,-1,-1,0.0
18531,-73.9837875366211,40.74076843261719,-73.99015045166014,40.75635147094727,708.23,2506,2506,-1.0,-1.0,-1,-1,0.0
18532,-73.99224853515625,40.753517150878906,-74.01019287109375,40.719253540039055,881.05,2506,2506,-1.0,-1.0,-1,-1,0.0
18533,-73.96849060058595,40.76197814941406,-73.9769287109375,40.75223159790039,337.1,2506,2506,2550.41,2887.5099999999998,44.409999999999854,-1.1368683772161603e-13,0.9999999999999997
18534,-73.9667739868164,40.75753784179688,-73.97315216064453,40.75578308105469,220.38,2506,2506,-1.0,-1.0,-1,-1,0.0
18535,-73.9758529663086,40.76328659057617,-73.99061584472656,40.75094985961913,586.49,2506,2506,-1.0,-1.0,-1,-1,0.0
18536,-73.94349670410156,40.83612060546875,-73.9744873046875,40.7949104309082,759.51,2507,2507,2649.12,3408.63,142.1199999999999,2.2737367544323206e-13,1.0000000000000002
18537,-73.95783233642578,40.77342987060547,-73.98164367675781,40.77648162841797,601.53,2507,2507,-1.0,-1.0,-1,-1,0.0
18538,-74.00955200195312,40.70355224609375,-74.0088882446289,40.71935653686523,577.47,2507,2507,-1.0,-1.0,-1,-1,0.0
18539,-73.9710464477539,40.75809860229492,-73.99156951904298,40.740909576416016,617.56,2507,2507,-1.0,-1.0,-1,-1,0.0
18540,-73.997314453125,40.73756408691406,-74.00225067138672,40.745216369628906,302.71,2507,2507,-1.0,-1.0,-1,-1,0.0
18541,-73.9745864868164,40.78828430175781,-73.9654998779297,40.77462387084961,439.14,2507,2507,2555.4600000000005,2994.6000000000004,48.46000000000049,-1.1368683772161603e-13,0.9999999999999998
18542,-73.9857864379883,40.74686050415039,-74.00279235839844,40.733787536621094,445.7,2507,2507,2555.19,3005.48,48.190000000000055,4.589999999999975,1.0102984070002243
18543,-73.96014404296875,40.762203216552734,-73.94764709472656,40.78038024902344,280.29,2507,2507,2521.8,2802.0899999999997,14.800000000000182,-5.115907697472721e-13,0.9999999999999982
18544,-73.9828567504883,40.7436752319336,-73.9991683959961,40.73159790039063,455.21,2507,2507,-1.0,-1.0,-1,-1,0.0
18545,-74.01585388183594,40.71159362792969,-73.98582458496094,40.74378967285156,1019.98,2507,2507,2683.3,3703.28,176.30000000000018,0.0,1.0
18546,-73.96298217773438,40.79406356811523,-73.95704650878906,40.7784309387207,449.32,2508,2508,2888.19,3337.51,380.19000000000005,1.7053025658242404e-13,1.0000000000000004
18547,-73.98585510253906,40.76295471191406,-73.96812438964845,40.79977416992188,768.99,2508,2508,-1.0,-1.0,-1,-1,0.0
18548,-73.98885345458984,40.741302490234375,-73.97421264648438,40.731422424316406,495.49,2508,2508,2564.04,3059.53,56.039999999999964,2.2737367544323206e-13,1.0000000000000004
18549,-73.98951721191406,40.7765007019043,-73.98149871826173,40.78025817871094,265.24,2508,2508,-1.0,-1.0,-1,-1,0.0
18550,-73.98214721679686,40.771968841552734,-73.98136138916014,40.78068923950195,234.4,2508,2508,2541.22,2828.99,33.2199999999998,53.369999999999976,1.2276877133105801
18551,-74.01373291015625,40.713829040527344,-73.99513244628906,40.739784240722656,659.07,2508,2508,2563.96,3251.05,55.960000000000036,28.020000000000095,1.042514452182621
18552,-73.98101043701173,40.76342391967773,-73.95159912109375,40.78128433227539,843.77,2508,2508,2539.0,3382.77,31.0,0.0,1.0
18553,-73.98143768310547,40.7807846069336,-73.96941375732422,40.80026626586913,454.15,2508,2508,2547.58,3001.73,39.57999999999993,1.1368683772161603e-13,1.0000000000000002
18554,-73.97486877441406,40.74182891845703,-73.98497772216798,40.74766159057617,440.19,2508,2508,-1.0,-1.0,-1,-1,0.0
18555,-73.9711380004883,40.75758743286133,-73.9939956665039,40.724403381347656,893.52,2508,2508,-1.0,-1.0,-1,-1,0.0
18556,-73.96198272705078,40.759498596191406,-73.94630432128906,40.77881622314453,361.48,2508,2508,2542.93,2904.41,34.929999999999836,0.0,1.0
18557,-73.98199462890625,40.73205184936523,-73.97550964355469,40.75164413452149,475.26,2509,2509,2702.25,3177.51,193.25,2.2737367544323206e-13,1.0000000000000004
18558,-73.96858978271484,40.76467895507813,-73.96060943603516,40.77141952514648,243.33,2509,2509,-1.0,-1.0,-1,-1,0.0
18559,-74.00381469726562,40.725528717041016,-73.99360656738281,40.72726821899415,323.63,2509,2509,2562.08,2885.71,53.07999999999993,1.1368683772161603e-13,1.0000000000000004
18560,-73.98138427734375,40.76483917236328,-73.98806762695312,40.75952911376953,368.66,2509,2509,-1.0,-1.0,-1,-1,0.0
18561,-73.980712890625,40.74805450439453,-73.97864532470702,40.75115966796875,194.04,2509,2509,2562.6699999999996,2756.7099999999996,53.66999999999962,-2.842170943040401e-14,0.9999999999999999
18562,-73.9830780029297,40.76283645629883,-73.99726867675781,40.74468612670898,691.81,2509,2509,-1.0,-1.0,-1,-1,0.0
18563,-74.01053619384766,40.719505310058594,-73.98723602294923,40.724876403808594,781.05,2509,2509,2618.04,3399.09,109.03999999999996,2.2737367544323206e-13,1.0000000000000002
18564,-73.98920440673827,40.76308822631836,-74.00244140625,40.75027084350585,495.86,2509,2509,-1.0,-1.0,-1,-1,0.0
18565,-73.96903228759766,40.761207580566406,-73.99488830566406,40.74055862426758,804.88,2510,2510,-1.0,-1.0,-1,-1,0.0
18566,-73.99513244628906,40.72488021850585,-73.94677734375,40.77669143676758,1177.54,2510,2510,2776.41,3953.95,266.40999999999985,0.0,1.0
18567,-73.97520446777344,40.75680923461913,-73.95336151123048,40.77253341674805,624.81,2510,2510,-1.0,-1.0,-1,-1,0.0
18568,-73.98244476318358,40.757774353027344,-73.95345306396483,40.76721572875977,895.32,2510,2510,2552.44,3468.75,42.440000000000055,20.989999999999895,1.023444131707099
18569,-73.99190521240234,40.733604431152344,-74.00804901123048,40.750972747802734,829.78,2510,2510,-1.0,-1.0,-1,-1,0.0
18570,-73.95973205566406,40.7712516784668,-74.0074920654297,40.7431640625,1499.92,2510,2510,-1.0,-1.0,-1,-1,0.0
18571,-73.97583770751955,40.763973236083984,-73.97073364257811,40.78346252441406,498.59,2510,2510,2554.66,3053.25,44.659999999999854,1.7053025658242404e-13,1.0000000000000004
18572,-73.98197937011719,40.768638610839844,-73.97244262695312,40.78492736816406,465.95,2511,2511,2528.63,3082.86,17.63000000000011,88.28000000000003,1.1894623886683122
18573,-73.96390533447266,40.76506805419922,-73.95635986328125,40.775535583496094,189.86,2511,2511,2524.02,2713.88,13.019999999999982,1.1368683772161603e-13,1.0000000000000007
18574,-73.95668029785155,40.78382110595703,-73.9550552368164,40.80339813232422,460.52,2511,2511,2551.15,3011.67,40.15000000000009,0.0,1.0
18575,-73.97227478027344,40.749610900878906,-73.99039459228516,40.73479843139648,454.12,2511,2511,2587.71,3041.83,76.71000000000004,-1.1368683772161603e-13,0.9999999999999998
18576,-73.94054412841797,40.7933006286621,-73.9488296508789,40.77835083007813,287.16,2511,2511,2527.09,2814.25,16.090000000000146,-1.7053025658242404e-13,0.9999999999999994
18577,-73.97640228271484,40.77655029296875,-73.96131896972656,40.76900100708008,608.0,2511,2511,2623.75,3231.75,112.75,0.0,1.0
18578,-73.9965286254883,40.7377815246582,-73.97696685791014,40.747459411621094,581.27,2511,2511,-1.0,-1.0,-1,-1,0.0
18579,-73.9778060913086,40.73791885375977,-73.9722900390625,40.75414276123047,349.12,2511,2511,2626.84,2975.96,115.84000000000015,-1.1368683772161603e-13,0.9999999999999997
18580,-73.97358703613281,40.75500106811523,-73.99978637695312,40.73270034790039,792.32,2511,2511,2545.94,3338.26,34.940000000000055,1.1368683772161603e-13,1.0000000000000002
18581,-73.99140930175781,40.73892593383789,-74.0027084350586,40.76058197021485,752.94,2511,2511,2567.37,3320.3099999999995,56.36999999999989,-4.547473508864641e-13,0.9999999999999994
18582,-74.00666046142578,40.74241638183594,-74.00480651855469,40.71888732910156,696.5,2511,2511,2570.06,3266.56,59.059999999999945,0.0,1.0
18583,-73.97728729248048,40.74304580688477,-73.9821014404297,40.77792739868164,1206.0,2511,2511,2528.83,3830.4700000000007,17.829999999999927,95.64000000000078,1.0793034825870653
18584,-73.9656524658203,40.77167510986328,-73.9685287475586,40.76779174804688,209.83,2512,2512,-1.0,-1.0,-1,-1,0.0
18585,-74.00054931640625,40.74230194091797,-73.9932861328125,40.762672424316406,475.83,2512,2512,2534.37,3010.2,22.36999999999989,-5.684341886080802e-14,0.9999999999999999
18586,-73.98934173583984,40.74171829223633,-74.007568359375,40.740909576416016,523.0,2512,2512,-1.0,-1.0,-1,-1,0.0
18587,-73.95848846435547,40.7789306640625,-73.96826171875,40.75640869140625,721.99,2512,2512,2568.94,3290.93,56.940000000000055,-2.2737367544323206e-13,0.9999999999999997
18588,-73.99468231201173,40.745429992675774,-73.99365997314453,40.73424911499024,363.99,2512,2512,-1.0,-1.0,-1,-1,0.0
18589,-74.00379180908203,40.72225570678711,-73.98932647705078,40.72699737548828,592.69,2512,2512,2661.58,3254.27,149.57999999999993,0.0,1.0
18590,-74.01076507568358,40.72358703613281,-73.98056030273438,40.76594543457031,995.98,2513,2513,2672.88,3668.86,159.8800000000001,0.0,1.0
18591,-73.96979522705078,40.75290298461913,-73.98694610595702,40.76650619506836,874.09,2513,2513,2593.71,3467.8,80.71000000000004,1.1368683772161603e-13,1.0000000000000002
18592,-73.9631118774414,40.794132232666016,-73.97793579101562,40.78373718261719,345.7,2513,2513,3021.64,3367.34,508.6399999999999,2.8421709430404007e-13,1.0000000000000009
18593,-73.99811553955078,40.73557662963867,-73.97613525390625,40.73069381713867,671.07,2513,2513,-1.0,-1.0,-1,-1,0.0
18594,-73.9570770263672,40.77752304077149,-73.98149871826173,40.7808952331543,586.06,2513,2513,-1.0,-1.0,-1,-1,0.0
18595,-73.9795379638672,40.74953079223633,-73.95655822753906,40.78102111816406,817.52,2513,2513,-1.0,-1.0,-1,-1,0.0
18596,-73.96832275390625,40.78675079345703,-73.99471282958984,40.71888732910156,1865.42,2513,2513,-1.0,-1.0,-1,-1,0.0
18597,-73.98373413085938,40.74409484863281,-73.99081420898438,40.75588989257813,568.68,2513,2513,-1.0,-1.0,-1,-1,0.0
18598,-73.9942398071289,40.72856140136719,-74.01007080078125,40.72619247436523,446.13,2514,2514,2554.89,3001.02,40.88999999999987,1.1368683772161603e-13,1.0000000000000002
18599,-73.96471405029298,40.7601318359375,-73.97923278808595,40.74379348754883,470.29,2514,2514,-1.0,-1.0,-1,-1,0.0
18600,-73.95963287353516,40.7712516784668,-73.99152374267578,40.74998092651367,1189.89,2514,2514,2520.7,3782.6600000000003,6.699999999999818,72.07000000000039,1.0605686239904533
18601,-73.95173645019531,40.76955032348633,-73.95993041992188,40.779380798339844,428.47,2514,2514,2645.54,3074.0099999999998,131.53999999999996,-2.2737367544323206e-13,0.9999999999999994
18602,-74.01554870605469,40.71464538574219,-74.0101547241211,40.73123550415039,256.89,2514,2514,2520.0,2776.89,6.0,-1.1368683772161603e-13,0.9999999999999996
18603,-73.97044372558594,40.76476669311523,-73.97740173339844,40.78105926513672,519.05,2514,2514,-1.0,-1.0,-1,-1,0.0
18604,-73.95630645751955,40.76747512817383,-73.95013427734375,40.78557205200195,389.82,2514,2514,2549.86,2939.6800000000003,35.86000000000013,1.7053025658242404e-13,1.0000000000000004
18605,-73.97166442871094,40.75499725341797,-73.96408081054686,40.76509094238281,265.5,2514,2514,2551.55,2817.05,37.55000000000018,0.0,1.0
18606,-73.9807891845703,40.76567077636719,-73.95329284667969,40.768409729003906,787.27,2515,2515,-1.0,-1.0,-1,-1,0.0
18607,-73.98562622070312,40.76814270019531,-73.98042297363281,40.780181884765625,288.49,2515,2515,-1.0,-1.0,-1,-1,0.0
18608,-73.99881744384766,40.72307968139648,-73.98719787597656,40.76858901977539,1143.97,2515,2515,2520.0,3663.97,5.0,-2.2737367544323206e-13,0.9999999999999998
18609,-73.9872817993164,40.75577926635742,-74.00560760498048,40.7451286315918,492.63,2515,2515,2527.36,3039.87,12.360000000000127,19.879999999999768,1.0403548301971048
18610,-73.99860382080078,40.7348518371582,-73.9735336303711,40.743560791015625,695.28,2515,2515,2528.93,3224.21,13.929999999999836,2.2737367544323206e-13,1.0000000000000002
18611,-73.9992446899414,40.73420333862305,-73.9920883178711,40.744049072265625,232.2,2515,2515,2550.62,2782.82,35.61999999999989,2.8421709430404007e-13,1.0000000000000013
18612,-73.97401428222656,40.76070022583008,-73.99190521240234,40.758056640625,679.8,2515,2515,-1.0,-1.0,-1,-1,0.0
18613,-73.97793579101562,40.76298141479492,-73.95601654052734,40.777976989746094,656.22,2516,2516,-1.0,-1.0,-1,-1,0.0
18614,-74.00321960449219,40.75064086914063,-73.98430633544923,40.72954177856445,884.27,2516,2516,2627.88,3512.15,111.88000000000011,0.0,1.0
18615,-73.98271942138672,40.72713088989258,-73.9891357421875,40.73663330078125,350.62,2516,2516,2641.38,2992.0,125.38000000000011,-1.1368683772161603e-13,0.9999999999999997
18616,-73.95539093017578,40.77872848510742,-73.97774505615234,40.783958435058594,535.83,2516,2516,2552.9,3156.1800000000003,36.90000000000009,67.45000000000016,1.1258794766996998
18617,-73.97853851318358,40.74525451660156,-73.9666976928711,40.753211975097656,327.48,2516,2516,-1.0,-1.0,-1,-1,0.0
18618,-73.97057342529298,40.75880813598633,-73.98101043701173,40.74460983276367,356.59,2516,2516,2554.62,2911.21,38.61999999999989,1.7053025658242404e-13,1.0000000000000004
18619,-73.97098541259766,40.79849624633789,-73.9705810546875,40.75880813598633,1179.42,2516,2516,2541.08,3773.43,25.079999999999927,52.929999999999836,1.0448779908768715
18620,-73.97403717041014,40.76290893554688,-73.97908782958984,40.74625015258789,548.34,2516,2516,2573.37,3122.54,57.36999999999989,0.8300000000000409,1.0015136594083964
18621,-73.9918670654297,40.73835754394531,-73.99226379394531,40.72523498535156,462.43,2516,2516,2541.33,3030.84,25.329999999999927,27.08000000000021,1.0585602145189548
18622,-73.9915771484375,40.75011825561523,-73.972412109375,40.75502014160156,706.78,2517,2517,-1.0,-1.0,-1,-1,0.0
18623,-73.99002075195312,40.75635147094727,-73.98001098632812,40.76435089111328,333.84,2517,2517,-1.0,-1.0,-1,-1,0.0
18624,-74.01033782958984,40.721004486083984,-74.0009536743164,40.72100067138672,434.03,2517,2517,2568.99,3003.02,51.98999999999978,2.2737367544323206e-13,1.0000000000000004
18625,-73.96929168701173,40.763580322265625,-73.9543228149414,40.77885818481445,465.81,2517,2517,-1.0,-1.0,-1,-1,0.0
18626,-74.00353240966798,40.741981506347656,-73.9947280883789,40.74459838867188,285.95,2517,2517,2520.21,2806.16,3.2100000000000364,-1.7053025658242404e-13,0.9999999999999994
18627,-73.97997283935547,40.751800537109375,-73.9535903930664,40.78801345825195,776.06,2517,2517,-1.0,-1.0,-1,-1,0.0
18628,-73.97345733642578,40.75804138183594,-73.98282623291014,40.7692985534668,594.63,2517,2517,-1.0,-1.0,-1,-1,0.0
18629,-73.99077606201173,40.73078536987305,-73.98506927490234,40.73992919921875,310.86,2518,2518,-1.0,-1.0,-1,-1,0.0
18630,-73.9903793334961,40.756290435791016,-73.97161865234375,40.799659729003906,851.34,2518,2518,-1.0,-1.0,-1,-1,0.0
18631,-73.97830200195312,40.74580001831055,-74.00433349609375,40.742351531982415,750.91,2518,2518,2567.55,3382.77,49.55000000000018,64.30999999999983,1.085642753459136
18632,-73.98519897460938,40.75665664672852,-73.95661163330078,40.802772521972656,1062.22,2518,2518,-1.0,-1.0,-1,-1,0.0
18633,-73.95549011230467,40.8003158569336,-73.96575164794923,40.79544067382813,252.73,2518,2518,2640.5,2893.23,122.5,2.842170943040401e-14,1.0000000000000002
18634,-73.98059844970702,40.77004623413085,-73.98490142822266,40.74244689941406,1023.65,2518,2518,-1.0,-1.0,-1,-1,0.0
18635,-73.99559020996094,40.74932098388672,-73.98904418945312,40.75825119018555,306.76,2518,2518,2557.2400000000002,2864.0,39.24000000000024,-2.2737367544323206e-13,0.9999999999999992
18636,-73.9814453125,40.7621955871582,-73.99175262451173,40.76718521118164,329.88,2518,2518,-1.0,-1.0,-1,-1,0.0
18637,-74.00225067138672,40.73998641967773,-73.98747253417969,40.74424743652344,475.63,2519,2519,-1.0,-1.0,-1,-1,0.0
18638,-73.9844970703125,40.76850509643555,-73.96600341796875,40.76524353027344,562.64,2519,2519,-1.0,-1.0,-1,-1,0.0
18639,-73.98191833496094,40.75843048095703,-73.98230743408203,40.77154922485352,436.5,2519,2519,2545.57,2982.07,26.570000000000164,0.0,1.0
18640,-73.96614837646483,40.75812149047852,-73.98374938964845,40.74236679077149,552.0,2519,2519,-1.0,-1.0,-1,-1,0.0
18641,-74.00436401367188,40.72491836547852,-74.00006866455078,40.72156143188477,261.32,2519,2519,-1.0,-1.0,-1,-1,0.0
18642,-73.98625183105469,40.726375579833984,-73.9870834350586,40.736366271972656,338.0,2519,2519,2563.2,2941.11,44.19999999999982,39.91000000000031,1.118076923076924
18643,-73.99986267089844,40.738525390625,-73.9965591430664,40.72536849975585,455.8,2519,2519,2563.92,3019.7200000000003,44.92000000000007,1.7053025658242404e-13,1.0000000000000004
18644,-74.00113677978516,40.74176406860352,-73.99507904052734,40.75004959106445,202.8,2520,2520,-1.0,-1.0,-1,-1,0.0
18645,-74.00794219970702,40.712100982666016,-73.98438262939453,40.74816131591797,940.53,2520,2520,-1.0,-1.0,-1,-1,0.0
18646,-73.98941040039062,40.7399787902832,-73.98062133789062,40.75996017456055,630.42,2520,2520,-1.0,-1.0,-1,-1,0.0
18647,-73.9622344970703,40.77047348022461,-73.96798706054686,40.76263427734375,227.46,2520,2520,2546.81,2774.27,26.809999999999945,2.842170943040401e-14,1.0000000000000002
18648,-73.97872161865234,40.76269912719727,-73.97248077392578,40.795021057128906,791.36,2520,2520,-1.0,-1.0,-1,-1,0.0
18649,-73.97361755371094,40.747806549072266,-73.98460388183594,40.73301315307617,257.29,2520,2520,2532.42,2789.71,12.420000000000073,-5.684341886080802e-14,0.9999999999999998
18650,-73.9908218383789,40.75596618652344,-73.98532104492188,40.76804733276367,321.51,2520,2520,2549.39,2870.9,29.389999999999873,2.2737367544323206e-13,1.0000000000000007
18651,-73.95576477050781,40.785022735595696,-73.95379638671875,40.80041885375977,368.97,2521,2521,2553.89,2922.86,32.88999999999987,2.2737367544323206e-13,1.0000000000000007
18652,-73.98426818847656,40.76958847045898,-73.96141815185547,40.768802642822266,687.46,2521,2521,2579.83,3267.29,58.82999999999993,0.0,1.0
18653,-73.98869323730467,40.76398849487305,-73.99539184570312,40.7546501159668,288.9,2521,2521,-1.0,-1.0,-1,-1,0.0
18654,-73.97687530517578,40.75119018554688,-74.00260162353516,40.73266220092773,765.41,2521,2521,-1.0,-1.0,-1,-1,0.0
18655,-73.97695922851562,40.75450897216797,-73.98825073242188,40.75904846191406,476.21,2521,2521,-1.0,-1.0,-1,-1,0.0
18656,-74.01557159423827,40.71473693847656,-74.00972747802734,40.73804473876953,333.85,2521,2521,-1.0,-1.0,-1,-1,0.0
18657,-73.96363830566406,40.76382827758789,-73.94983673095702,40.7843017578125,348.71,2521,2521,-1.0,-1.0,-1,-1,0.0
18658,-73.9662094116211,40.75875854492188,-73.98069763183594,40.749359130859375,497.21,2522,2522,-1.0,-1.0,-1,-1,0.0
18659,-73.95658111572266,40.778018951416016,-73.94696807861328,40.77243041992188,345.33,2522,2522,-1.0,-1.0,-1,-1,0.0
18660,-73.97178649902342,40.75997924804688,-74.00460815429686,40.71635437011719,1251.27,2522,2522,-1.0,-1.0,-1,-1,0.0
18661,-73.95952606201173,40.77421951293945,-73.96509552001955,40.7633171081543,344.65,2522,2522,2636.58,2981.23,114.57999999999993,1.1368683772161603e-13,1.0000000000000002
18662,-73.99591064453125,40.72537612915039,-74.01023864746094,40.71899032592773,505.18,2522,2522,2809.25,3314.4300000000003,287.25,2.8421709430404007e-13,1.0000000000000007
18663,-73.99016571044923,40.75597381591797,-73.97789764404298,40.75354385375977,472.57,2522,2522,-1.0,-1.0,-1,-1,0.0
18664,-73.98099517822266,40.77932357788085,-73.99476623535155,40.74624633789063,944.6,2523,2523,-1.0,-1.0,-1,-1,0.0
18665,-73.96634674072266,40.7572135925293,-73.98641967773438,40.77727890014648,963.87,2523,2523,-1.0,-1.0,-1,-1,0.0
18666,-74.01555633544923,40.71100997924805,-73.9837188720703,40.724609375,788.83,2523,2523,2703.04,3491.87,180.03999999999996,-1.1368683772161603e-13,0.9999999999999999
18667,-73.97247314453125,40.75654983520508,-73.99109649658203,40.7489013671875,678.53,2523,2523,-1.0,-1.0,-1,-1,0.0
18668,-73.96835327148438,40.801570892333984,-73.97994232177734,40.7841796875,367.24,2523,2523,2946.12,3313.36,423.1199999999999,2.2737367544323206e-13,1.0000000000000007
18669,-74.00182342529298,40.73046112060547,-73.96768188476562,40.77201843261719,1180.18,2523,2523,2578.62,3758.7999999999997,55.61999999999989,-2.2737367544323206e-13,0.9999999999999998
18670,-73.96710968017578,40.76091766357422,-73.97258758544923,40.78761672973633,723.65,2523,2523,-1.0,-1.0,-1,-1,0.0
18671,-74.00663757324219,40.72859191894531,-74.00596618652342,40.743736267089844,316.7,2524,2524,-1.0,-1.0,-1,-1,0.0
18672,-73.96784973144531,40.77128601074219,-73.98847961425781,40.77443313598633,489.41,2524,2524,2551.7599999999998,3086.42,27.759999999999764,45.250000000000284,1.0924582660754791
18673,-73.97725677490234,40.75537109375,-73.98100280761719,40.73794937133789,542.41,2524,2524,-1.0,-1.0,-1,-1,0.0
18674,-73.97468566894531,40.762168884277344,-73.98339080810547,40.76008224487305,334.0,2524,2524,-1.0,-1.0,-1,-1,0.0
18675,-73.9857864379883,40.73110580444336,-73.98596954345702,40.75251770019531,782.63,2524,2524,2581.75,3364.38,57.75,1.1368683772161603e-13,1.0000000000000002
18676,-73.98751831054686,40.73875045776367,-74.00334930419923,40.72403335571289,550.72,2524,2524,2580.1800000000003,3130.9,56.18000000000029,-2.2737367544323206e-13,0.9999999999999996
18677,-73.94950103759766,40.77605819702149,-73.97608947753906,40.74898910522461,903.82,2524,2524,2590.5,3494.3200000000006,66.5,5.684341886080801e-13,1.0000000000000007
18678,-73.9861602783203,40.76247024536133,-73.94983673095702,40.78546142578125,947.27,2524,2524,-1.0,-1.0,-1,-1,0.0
18679,-73.95722198486328,40.782806396484375,-73.9537124633789,40.766937255859375,582.82,2525,2525,2595.71,3178.53,70.71000000000004,1.1368683772161603e-13,1.0000000000000002
18680,-73.982666015625,40.74272155761719,-73.98497772216798,40.732337951660156,243.78,2525,2525,2584.5800000000004,2828.36,59.58000000000038,-2.5579538487363607e-13,0.999999999999999
18681,-73.9661865234375,40.76479721069336,-73.99128723144531,40.76008605957031,820.43,2525,2525,2573.45,3437.73,48.44999999999982,43.85000000000025,1.0534475823653453
18682,-73.99049377441406,40.75110626220703,-73.97348022460938,40.75533676147461,671.7,2525,2525,-1.0,-1.0,-1,-1,0.0
18683,-73.9676284790039,40.756019592285156,-73.97530364990234,40.751991271972656,258.17,2525,2525,-1.0,-1.0,-1,-1,0.0
18684,-73.96524047851562,40.77164077758789,-73.9999771118164,40.73062133789063,1165.85,2525,2525,-1.0,-1.0,-1,-1,0.0
18685,-74.01366424560547,40.70437240600585,-74.00239562988281,40.72955322265625,709.8,2525,2525,2628.25,3338.05,103.25,2.2737367544323206e-13,1.0000000000000002
18686,-73.9680404663086,40.751480102539055,-73.94486999511719,40.78316116333008,529.26,2526,2526,2581.16,3110.42,55.159999999999854,2.2737367544323206e-13,1.0000000000000004
18687,-73.94491577148438,40.78752517700195,-73.98119354248048,40.76235580444336,1168.68,2526,2526,-1.0,-1.0,-1,-1,0.0
18688,-74.00901794433594,40.74744033813477,-73.98021697998048,40.72547149658203,1044.06,2526,2526,2600.71,3644.77,74.71000000000004,0.0,1.0
18689,-73.98493194580078,40.736419677734375,-73.97859191894531,40.744850158691406,194.57,2526,2526,2561.78,2756.35,35.7800000000002,-2.8421709430404007e-13,0.9999999999999986
18690,-73.99044036865234,40.76144790649415,-73.98332214355469,40.7505111694336,542.21,2526,2526,-1.0,-1.0,-1,-1,0.0
18691,-73.97189331054686,40.78190994262695,-73.98262786865234,40.77172088623047,303.58,2526,2526,2555.28,2908.79,29.2800000000002,49.92999999999978,1.1644706502404631
18692,-73.99382781982422,40.75160217285156,-73.98124694824219,40.779151916503906,661.69,2526,2526,-1.0,-1.0,-1,-1,0.0
18693,-73.99138641357422,40.73214721679688,-73.9975357055664,40.724552154541016,215.42,2526,2526,-1.0,-1.0,-1,-1,0.0
18694,-73.96530151367188,40.75940704345703,-73.98248291015625,40.75603485107422,693.76,2526,2526,-1.0,-1.0,-1,-1,0.0
18695,-73.96341705322266,40.799354553222656,-74.0050048828125,40.740699768066406,1282.87,2526,2526,2876.89,4159.760000000001,350.8899999999999,1.3642420526593924e-12,1.000000000000001
18696,-73.94652557373048,40.78135681152344,-73.95549011230467,40.77876663208008,244.65,2526,2526,2617.08,2861.73,91.07999999999993,8.526512829121202e-14,1.0000000000000004
18697,-73.99503326416014,40.7347412109375,-74.01593780517578,40.71455764770508,763.96,2527,2527,2572.6,3357.2000000000003,45.59999999999991,20.640000000000327,1.0270171213152526
18698,-73.97771453857422,40.7869529724121,-73.95094299316406,40.7698631286621,786.63,2527,2527,2580.42,3367.05,53.42000000000007,1.1368683772161603e-13,1.0000000000000002
18699,-73.99601745605469,40.73280334472656,-73.9753646850586,40.73005676269531,578.5,2527,2527,-1.0,-1.0,-1,-1,0.0
18700,-73.95841979980467,40.77573013305664,-73.95391845703125,40.766849517822266,335.7,2527,2527,2561.52,2902.31,34.51999999999998,5.089999999999975,1.015162347333929
18701,-73.95018005371094,40.77727127075195,-73.98738861083984,40.7605094909668,1170.15,2528,2528,-1.0,-1.0,-1,-1,0.0
18702,-73.98164367675781,40.77866744995117,-73.97455596923827,40.78410339355469,183.91,2528,2528,2605.87,2789.78,77.86999999999989,3.126388037344441e-13,1.0000000000000018
18703,-74.00090026855469,40.73640060424805,-74.0018539428711,40.74351501464844,279.29,2528,2528,-1.0,-1.0,-1,-1,0.0
18704,-73.99313354492188,40.74225616455078,-73.98066711425781,40.72876739501953,587.85,2528,2528,-1.0,-1.0,-1,-1,0.0
18705,-73.9767837524414,40.74776840209961,-73.9627914428711,40.75838088989258,386.19,2528,2528,-1.0,-1.0,-1,-1,0.0
18706,-73.99452209472656,40.745601654052734,-73.98179626464844,40.77215194702149,775.52,2529,2529,-1.0,-1.0,-1,-1,0.0
18707,-73.98509216308595,40.77397155761719,-73.95365905761719,40.78498840332031,703.94,2529,2529,-1.0,-1.0,-1,-1,0.0
18708,-73.98583984375,40.7616081237793,-73.99515533447266,40.76691818237305,267.3,2529,2529,2660.06,2927.36,131.05999999999995,1.7053025658242404e-13,1.0000000000000007
18709,-73.97516632080078,40.76171112060547,-73.9822006225586,40.75716018676758,331.84,2529,2529,-1.0,-1.0,-1,-1,0.0
18710,-73.95482635498048,40.76527786254883,-73.96779632568358,40.753814697265625,408.49,2529,2529,-1.0,-1.0,-1,-1,0.0
18711,-74.00213623046875,40.72951889038085,-74.0015869140625,40.724998474121094,216.46,2529,2529,2602.09,2818.55,73.09000000000015,2.842170943040401e-14,1.0000000000000002
18712,-73.9745864868164,40.76158142089844,-73.98233795166014,40.75556182861328,329.0,2529,2529,2583.38,2912.38,54.38000000000011,0.0,1.0
18713,-73.97824096679686,40.76651382446289,-73.98892974853516,40.76369857788085,309.09,2529,2529,-1.0,-1.0,-1,-1,0.0
18714,-73.9589614868164,40.7835350036621,-73.9688949584961,40.75640106201172,876.61,2530,2530,-1.0,-1.0,-1,-1,0.0
18715,-73.9943618774414,40.74610137939453,-73.9859390258789,40.74743270874024,313.66,2530,2530,-1.0,-1.0,-1,-1,0.0
18716,-73.97854614257811,40.78303527832031,-73.98491668701173,40.77951049804688,191.07,2530,2530,2555.41,2746.48,25.409999999999854,1.7053025658242404e-13,1.0000000000000009
18717,-73.99681091308595,40.72568893432617,-74.0089111328125,40.71229934692383,449.48,2530,2530,-1.0,-1.0,-1,-1,0.0
18718,-73.97107696533203,40.76433563232422,-73.95435333251955,40.77894592285156,457.7,2530,2530,-1.0,-1.0,-1,-1,0.0
18719,-73.9659194946289,40.76290512084961,-73.94539642333984,40.80771255493164,870.97,2530,2530,-1.0,-1.0,-1,-1,0.0
18720,-73.98262786865234,40.77804946899415,-73.98945617675781,40.74563217163085,1073.14,2530,2530,2557.37,3679.73,27.36999999999989,49.22000000000003,1.0458654043274875
18721,-73.98066711425781,40.737586975097656,-73.9847183227539,40.76842880249024,1152.9,2530,2530,2668.46,3821.36,138.46000000000004,0.0,1.0
18722,-73.99378204345702,40.75166320800781,-73.99895477294923,40.761085510253906,355.2,2531,2531,-1.0,-1.0,-1,-1,0.0
18723,-73.94656372070312,40.7724609375,-73.95364379882812,40.76702117919922,190.33,2531,2531,-1.0,-1.0,-1,-1,0.0
18724,-74.00544738769531,40.72781372070313,-73.99752807617188,40.71940612792969,433.59,2531,2531,2658.62,3092.21,127.61999999999989,1.7053025658242404e-13,1.0000000000000004
18725,-73.97970581054686,40.76553726196289,-73.9945068359375,40.75675964355469,481.98,2531,2531,-1.0,-1.0,-1,-1,0.0
18726,-73.97640228271484,40.7910041809082,-74.00871276855469,40.72335815429688,1284.12,2531,2531,2708.26,3992.38,177.26000000000022,0.0,1.0
18727,-73.9808349609375,40.76967239379883,-73.98468780517578,40.779823303222656,352.04,2531,2531,-1.0,-1.0,-1,-1,0.0
18728,-74.00003051757811,40.743080139160156,-73.99122619628906,40.7552604675293,346.39,2531,2531,2590.09,2936.48,59.090000000000146,-1.1368683772161603e-13,0.9999999999999997
18729,-73.96807861328125,40.76020812988281,-73.9504623413086,40.78901290893555,584.08,2532,2532,-1.0,-1.0,-1,-1,0.0
18730,-73.96038818359375,40.77626037597656,-73.9448013305664,40.778968811035156,384.47,2532,2532,-1.0,-1.0,-1,-1,0.0
18731,-73.97185516357422,40.75027847290039,-73.95949554443358,40.76022338867188,372.7,2532,2532,2589.32,2962.0200000000004,57.320000000000164,2.8421709430404007e-13,1.0000000000000007
18732,-74.00226593017578,40.72648239135742,-73.98751831054686,40.72161102294922,502.34,2532,2532,-1.0,-1.0,-1,-1,0.0
18733,-73.98566436767578,40.7784423828125,-73.97158813476562,40.78215789794922,337.38,2532,2532,2587.0099999999998,2956.76,55.00999999999976,32.37000000000046,1.0959452249688793
18734,-73.96659851074219,40.76395034790039,-73.9593505859375,40.763275146484375,235.83,2532,2532,2579.6,2815.43,47.59999999999991,-8.526512829121202e-14,0.9999999999999997
18735,-73.9459228515625,40.77795028686523,-73.95413208007811,40.779052734375,189.41,2533,2533,2580.38,2769.79,47.38000000000011,-1.4210854715202004e-13,0.9999999999999992
18736,-73.95478057861328,40.77764892578125,-73.94744873046875,40.77602005004883,203.62,2533,2533,2559.7,2819.69,26.699999999999818,56.37000000000023,1.2768392102936854
18737,-73.9793472290039,40.7849235534668,-73.98786926269531,40.77515411376953,263.91,2533,2533,2579.66,2843.57,46.659999999999854,2.8421709430404007e-13,1.000000000000001
18738,-73.96025848388672,40.7666015625,-73.955322265625,40.77686309814453,260.89,2533,2533,-1.0,-1.0,-1,-1,0.0
18739,-73.96620178222656,40.7738037109375,-73.97928619384766,40.7495346069336,766.35,2533,2533,2568.81,3335.16,35.809999999999945,-1.1368683772161603e-13,0.9999999999999999
18740,-73.98603820800781,40.74372863769531,-73.96687316894531,40.76094436645508,676.27,2533,2533,-1.0,-1.0,-1,-1,0.0
18741,-73.99243927001955,40.73703384399415,-73.9615478515625,40.76864242553711,1110.09,2533,2533,-1.0,-1.0,-1,-1,0.0
18742,-74.00801086425781,40.7394905090332,-73.9842300415039,40.72325134277344,921.48,2533,2533,-1.0,-1.0,-1,-1,0.0
18743,-74.00181579589844,40.73766708374024,-73.98035430908203,40.765926361083984,863.31,2533,2533,2630.83,3494.14,97.82999999999993,0.0,1.0
18744,-73.97207641601562,40.75397109985352,-73.94578552246094,40.7776756286621,631.64,2533,2533,-1.0,-1.0,-1,-1,0.0
18745,-73.98253631591797,40.76176834106445,-73.98199462890625,40.77130508422852,320.06,2534,2534,-1.0,-1.0,-1,-1,0.0
18746,-73.96807098388672,40.76298522949219,-73.9809036254883,40.78252029418945,766.39,2534,2534,-1.0,-1.0,-1,-1,0.0
18747,-73.98129272460938,40.78204345703125,-73.96477508544923,40.81013870239258,609.35,2534,2534,2642.66,3252.0099999999998,108.65999999999985,-1.1368683772161603e-13,0.9999999999999998
18748,-73.9996337890625,40.73383331298828,-73.99187469482422,40.7263298034668,377.33,2534,2534,-1.0,-1.0,-1,-1,0.0
18749,-73.97698211669923,40.76380157470703,-73.99179077148438,40.724647521972656,1164.06,2534,2534,2576.96,3755.31,42.960000000000036,14.289999999999964,1.0122759995189252
18750,-73.97746276855469,40.763858795166016,-73.9822006225586,40.7755012512207,419.86,2534,2534,-1.0,-1.0,-1,-1,0.0
18751,-73.99722290039062,40.7553939819336,-73.9913330078125,40.75550842285156,284.09,2534,2534,-1.0,-1.0,-1,-1,0.0
18752,-73.9637222290039,40.774269104003906,-73.95467376708984,40.77867126464844,242.61,2534,2534,2554.14,2796.75,20.139999999999873,1.1368683772161603e-13,1.0000000000000004
18753,-73.9822998046875,40.77505874633789,-73.97766876220702,40.786380767822266,289.53,2534,2534,2634.24,2923.77,100.23999999999978,2.2737367544323206e-13,1.0000000000000009
18754,-73.9906692504883,40.75608825683594,-73.99070739746094,40.73165893554688,876.39,2534,2534,-1.0,-1.0,-1,-1,0.0
18755,-74.01400756835938,40.71266555786133,-73.98822784423827,40.7643928527832,950.56,2534,2534,-1.0,-1.0,-1,-1,0.0
18756,-73.99620056152342,40.74266815185547,-74.00421905517578,40.75104141235352,350.79,2534,2534,-1.0,-1.0,-1,-1,0.0
18757,-73.99622344970702,40.7535514831543,-73.99404907226562,40.74589538574219,277.78,2535,2535,2570.83,2848.61,35.82999999999993,2.2737367544323206e-13,1.0000000000000009
18758,-73.97447967529298,40.75622177124024,-73.96259307861328,40.77284622192383,476.45,2535,2535,-1.0,-1.0,-1,-1,0.0
18759,-74.00627136230467,40.73963165283203,-73.99214172363281,40.73019790649415,568.41,2535,2535,2622.91,3191.32,87.90999999999985,3.410605131648481e-13,1.0000000000000007
18760,-73.98690032958984,40.75054168701172,-73.99188995361328,40.74433135986328,342.46,2535,2535,-1.0,-1.0,-1,-1,0.0
18761,-74.00550079345702,40.75094223022461,-74.00144958496094,40.73091125488281,615.03,2535,2535,2735.66,3350.69,200.65999999999985,2.2737367544323206e-13,1.0000000000000004
18762,-74.01101684570312,40.70914077758789,-74.01355743408203,40.70235824584961,202.67,2535,2535,-1.0,-1.0,-1,-1,0.0
18763,-73.98683929443358,40.76158905029297,-73.99031066894531,40.75801086425781,354.16,2535,2535,2560.28,2938.6,25.2800000000002,24.159999999999684,1.068217754687146
18764,-74.00726318359375,40.7413215637207,-73.94964599609375,40.77371215820313,1525.85,2535,2535,-1.0,-1.0,-1,-1,0.0
18765,-73.98587036132812,40.75225830078125,-73.97801971435547,40.76296997070313,290.6,2536,2536,-1.0,-1.0,-1,-1,0.0
18766,-73.98827362060547,40.77920150756836,-74.00370025634766,40.75920104980469,498.13,2536,2536,-1.0,-1.0,-1,-1,0.0
18767,-73.96242523193358,40.77893829345703,-73.98433685302734,40.77016830444336,542.36,2536,2536,-1.0,-1.0,-1,-1,0.0
18768,-73.99012756347656,40.75265502929688,-73.97868347167969,40.752754211425774,334.59,2536,2536,-1.0,-1.0,-1,-1,0.0
18769,-73.98246002197266,40.758018493652344,-73.9821014404297,40.77060317993164,399.38,2536,2536,-1.0,-1.0,-1,-1,0.0
18770,-73.9723129272461,40.759590148925774,-73.97545623779298,40.7529525756836,248.22,2536,2536,-1.0,-1.0,-1,-1,0.0
18771,-73.95231628417969,40.781288146972656,-73.9752426147461,40.7529525756836,880.78,2536,2536,-1.0,-1.0,-1,-1,0.0
18772,-73.97166442871094,40.75246047973633,-73.96229553222656,40.759132385253906,223.61,2536,2536,-1.0,-1.0,-1,-1,0.0
18773,-73.98159790039062,40.77867889404297,-73.97284698486328,40.790840148925774,209.37,2536,2536,-1.0,-1.0,-1,-1,0.0
18774,-73.9869155883789,40.771427154541016,-73.96692657470702,40.78916549682617,479.36,2537,2537,2588.67,3107.29,51.67000000000007,39.25999999999988,1.0819008678237647
18775,-73.97478485107422,40.757606506347656,-73.95609283447266,40.77800369262695,580.19,2537,2537,2665.58,3245.77,128.57999999999993,0.0,1.0
18776,-73.99307250976562,40.74288558959961,-73.9808578491211,40.74351119995117,362.99,2537,2537,-1.0,-1.0,-1,-1,0.0
18777,-73.95417022705078,40.778751373291016,-73.96292114257811,40.76950454711913,276.87,2537,2537,2572.0,2848.87,35.0,-1.1368683772161603e-13,0.9999999999999996
18778,-73.99098205566406,40.739070892333984,-73.9671859741211,40.76045227050781,841.89,2537,2537,-1.0,-1.0,-1,-1,0.0
18779,-73.98529052734375,40.76849365234375,-74.00196838378906,40.755897521972656,429.26,2537,2537,-1.0,-1.0,-1,-1,0.0
18780,-73.96269989013672,40.76774597167969,-73.9788589477539,40.76665115356445,606.35,2537,2537,-1.0,-1.0,-1,-1,0.0
18781,-73.96003723144531,40.7735710144043,-73.96489715576173,40.75429153442383,703.89,2537,2537,2660.87,3364.76,123.86999999999989,3.410605131648481e-13,1.0000000000000004
18782,-73.96672058105469,40.757102966308594,-73.98016357421875,40.73902893066406,377.3,2537,2537,-1.0,-1.0,-1,-1,0.0
18783,-73.97444915771484,40.759578704833984,-73.9477310180664,40.77063751220703,718.83,2537,2537,-1.0,-1.0,-1,-1,0.0
18784,-73.9541473388672,40.76431274414063,-73.95333862304686,40.78837203979492,700.91,2538,2538,2568.54,3305.26,30.539999999999964,35.81000000000029,1.051090724914754
18785,-73.99211120605469,40.737808227539055,-74.00313568115234,40.731460571289055,344.61,2538,2538,2665.83,3010.44,127.82999999999993,1.1368683772161603e-13,1.0000000000000002
18786,-73.95901489257811,40.76801300048828,-73.99800109863281,40.74535369873047,1246.8,2538,2538,-1.0,-1.0,-1,-1,0.0
18787,-73.9731216430664,40.758953094482415,-73.9885025024414,40.74435424804688,570.85,2538,2538,-1.0,-1.0,-1,-1,0.0
18788,-74.00383758544923,40.72227096557617,-74.01618194580078,40.70497131347656,648.58,2538,2538,2599.25,3253.99,61.25,6.159999999999741,1.0094976718369357
18789,-73.97209930419923,40.7564582824707,-73.998779296875,40.760929107666016,827.14,2538,2538,-1.0,-1.0,-1,-1,0.0
18790,-73.9679946899414,40.765541076660156,-73.96964263916014,40.80021667480469,892.01,2538,2538,2567.22,3521.3500000000004,29.2199999999998,62.12000000000057,1.0696404748825692
18791,-74.01607513427734,40.7113037109375,-73.97787475585938,40.75743865966797,1338.25,2538,2538,2561.76,3939.91,23.76000000000022,39.899999999999636,1.0298150569773956
18792,-73.96260070800781,40.81067276000977,-73.9535903930664,40.811126708984375,256.87,2538,2538,2575.38,2856.22,37.38000000000011,23.969999999999686,1.0933156849768353
18793,-73.97550964355469,40.75514602661133,-73.96314239501955,40.76248550415039,492.47,2539,2539,-1.0,-1.0,-1,-1,0.0
18794,-73.96240997314453,40.768081665039055,-73.97382354736328,40.7537956237793,487.05,2539,2539,-1.0,-1.0,-1,-1,0.0
18795,-73.96878814697266,40.76424789428711,-73.97365570068358,40.78441619873047,563.75,2539,2539,-1.0,-1.0,-1,-1,0.0
18796,-74.00846862792969,40.714271545410156,-73.97332000732422,40.743900299072266,1017.09,2539,2539,-1.0,-1.0,-1,-1,0.0
18797,-73.9808120727539,40.767921447753906,-73.96925354003906,40.76253128051758,385.08,2539,2539,-1.0,-1.0,-1,-1,0.0
18798,-73.98757934570312,40.75091171264648,-73.97881317138672,40.76483154296875,602.27,2539,2539,-1.0,-1.0,-1,-1,0.0
18799,-74.01216888427734,40.714744567871094,-73.99506378173827,40.75006484985352,754.45,2539,2539,-1.0,-1.0,-1,-1,0.0
18800,-73.95199584960938,40.77766799926758,-73.96025085449219,40.77315902709961,254.5,2539,2539,2578.0,2832.5,39.0,0.0,1.0
18801,-73.94467163085938,40.78411865234375,-73.95325469970702,40.768310546875,459.53,2540,2540,-1.0,-1.0,-1,-1,0.0
18802,-73.96659851074219,40.77294921875,-73.9736328125,40.763282775878906,273.64,2540,2540,2552.93,2826.57,12.929999999999836,3.410605131648481e-13,1.0000000000000013
18803,-73.9939193725586,40.75141143798828,-73.95317840576173,40.77664184570313,1224.27,2540,2540,-1.0,-1.0,-1,-1,0.0
18804,-73.96607971191406,40.7586784362793,-73.95366668701173,40.76696014404297,310.2,2540,2540,2597.39,2907.59,57.38999999999987,2.8421709430404007e-13,1.0000000000000009
18805,-73.99717712402342,40.74702835083008,-74.0042266845703,40.74266815185547,265.53,2540,2540,-1.0,-1.0,-1,-1,0.0
18806,-73.98072814941406,40.76979446411133,-73.9922866821289,40.72660446166992,1430.31,2540,2540,-1.0,-1.0,-1,-1,0.0
18807,-73.9940185546875,40.74148941040039,-74.00083923339844,40.74731063842773,280.82,2541,2541,-1.0,-1.0,-1,-1,0.0
18808,-73.9573974609375,40.78563690185547,-73.9853515625,40.7471809387207,993.89,2541,2541,-1.0,-1.0,-1,-1,0.0
18809,-73.98182678222656,40.74320602416992,-74.0060806274414,40.73492431640625,700.24,2541,2541,2582.3,3344.01,41.30000000000018,61.47000000000003,1.0877841882783046
18810,-74.00521850585938,40.74647903442383,-74.00150299072266,40.72927474975585,556.15,2541,2541,2581.62,3156.66,40.61999999999989,18.889999999999986,1.0339656567472804
18811,-73.95471954345702,40.78401184082031,-73.98084259033203,40.77006912231445,701.95,2541,2541,-1.0,-1.0,-1,-1,0.0
18812,-74.00708770751955,40.727298736572266,-74.00051116943358,40.72105026245117,386.87,2542,2542,2616.83,3003.7,74.82999999999993,-1.1368683772161603e-13,0.9999999999999997
18813,-73.97650146484375,40.7480697631836,-73.98870086669923,40.7177734375,819.22,2542,2542,-1.0,-1.0,-1,-1,0.0
18814,-73.9697036743164,40.78572082519531,-73.95489501953125,40.7790412902832,369.45,2542,2542,2560.54,2929.9900000000002,18.539999999999964,2.8421709430404007e-13,1.0000000000000007
18815,-73.96041870117188,40.76621627807617,-73.97490692138672,40.763633728027344,521.64,2542,2542,-1.0,-1.0,-1,-1,0.0
18816,-73.99776458740234,40.74619674682617,-73.99243927001955,40.75584030151367,276.18,2542,2542,2726.09,3002.27,184.09000000000015,-1.7053025658242404e-13,0.9999999999999993
18817,-73.97012329101562,40.79970932006836,-73.97067260742188,40.7585563659668,1220.62,2542,2542,3169.15,4389.7699999999995,627.1500000000001,-4.547473508864641e-13,0.9999999999999997
18818,-73.97142791748048,40.75531768798828,-73.95709991455078,40.78339385986328,676.14,2542,2542,-1.0,-1.0,-1,-1,0.0
18819,-73.98177337646483,40.76559066772461,-73.99430847167969,40.728660583496094,1135.52,2542,2542,2572.32,3726.3,30.320000000000164,18.460000000000036,1.0162568690996197
18820,-73.9941177368164,40.74607467651367,-73.997802734375,40.72148513793945,776.6,2542,2542,-1.0,-1.0,-1,-1,0.0
18821,-73.98953247070312,40.73595428466797,-74.00362396240234,40.722522735595696,507.92,2542,2542,2572.0,3079.92,30.0,5.684341886080802e-14,1.0000000000000002
18822,-73.99321746826173,40.73318099975585,-73.98719787597656,40.76082992553711,869.32,2543,2543,-1.0,-1.0,-1,-1,0.0
18823,-73.99267578125,40.74777603149415,-74.00848388671875,40.71739959716797,613.99,2543,2543,-1.0,-1.0,-1,-1,0.0
18824,-73.97393035888672,40.79209899902344,-73.97651672363281,40.78248977661133,263.01,2543,2543,2591.63,2854.64,48.63000000000011,-2.2737367544323206e-13,0.9999999999999991
18825,-73.98109436035155,40.7473258972168,-73.9886245727539,40.74126815795898,262.51,2543,2543,-1.0,-1.0,-1,-1,0.0
18826,-73.97808837890625,40.74565124511719,-73.95468139648438,40.78312683105469,913.68,2543,2543,-1.0,-1.0,-1,-1,0.0
18827,-74.00760650634766,40.7252311706543,-74.00495910644531,40.73733901977539,200.45,2544,2544,-1.0,-1.0,-1,-1,0.0
18828,-73.9838333129883,40.76102066040039,-73.99616241455078,40.74443817138672,522.47,2544,2544,-1.0,-1.0,-1,-1,0.0
18829,-73.9559555053711,40.7641830444336,-73.98534393310547,40.76847839355469,815.65,2544,2544,-1.0,-1.0,-1,-1,0.0
18830,-73.96736907958984,40.75642013549805,-74.01457977294923,40.71704864501953,1178.12,2544,2544,-1.0,-1.0,-1,-1,0.0
18831,-73.97073364257811,40.759849548339844,-73.98043060302734,40.73868179321289,531.22,2544,2544,2571.47,3163.48,27.4699999999998,60.79000000000019,1.1144346974887998
18832,-73.9765396118164,40.7601432800293,-73.94891357421875,40.77836608886719,774.03,2544,2544,-1.0,-1.0,-1,-1,0.0
18833,-73.97383117675781,40.75607681274415,-73.98801422119139,40.74882507324219,634.63,2544,2544,-1.0,-1.0,-1,-1,0.0
18834,-74.01394653320312,40.71528244018555,-73.97542572021484,40.7301139831543,753.91,2544,2544,2588.65,3401.11,44.65000000000009,58.55000000000007,1.0776617898688172
18835,-73.97966003417969,40.764808654785156,-73.96124267578125,40.78025817871094,683.13,2545,2545,-1.0,-1.0,-1,-1,0.0
18836,-73.98253631591797,40.776180267333984,-73.97743225097656,40.784366607666016,199.28,2545,2545,2587.76,2787.04,42.76000000000022,-2.5579538487363607e-13,0.9999999999999987
18837,-73.99755859375,40.73605346679688,-73.99593353271484,40.71878433227539,732.97,2545,2545,-1.0,-1.0,-1,-1,0.0
18838,-73.97950744628906,40.78473281860352,-73.96808624267578,40.75588607788085,1061.98,2545,2545,2701.92,3763.9,156.92000000000007,0.0,1.0
18839,-73.96748352050781,40.75630187988281,-74.00330352783203,40.732608795166016,957.69,2545,2545,2555.67,3513.36,10.670000000000073,0.0,1.0
18840,-73.99382781982422,40.74158096313477,-74.00790405273438,40.751365661621094,472.17,2545,2545,-1.0,-1.0,-1,-1,0.0
18841,-73.9527816772461,40.77671813964844,-73.9568099975586,40.78078079223633,257.51,2546,2546,-1.0,-1.0,-1,-1,0.0
18842,-73.9703598022461,40.75627136230469,-73.95201873779298,40.78160858154297,492.05,2546,2546,-1.0,-1.0,-1,-1,0.0
18843,-74.00720977783203,40.7434196472168,-73.98088073730467,40.745079040527344,714.92,2546,2546,2746.08,3461.0,200.07999999999993,1.1368683772161603e-13,1.0000000000000002
18844,-73.9609375,40.7722282409668,-73.95420837402342,40.77198028564453,251.29,2546,2546,2564.42,2824.13,18.420000000000073,8.420000000000044,1.0335071033467311
18845,-73.98450469970702,40.74597930908203,-73.98991394042969,40.772850036621094,897.71,2546,2546,2556.08,3453.79,10.079999999999927,0.0,1.0
18846,-74.00849914550781,40.709976196289055,-73.99325561523438,40.75252151489258,1062.16,2546,2546,2691.16,3753.32,145.15999999999985,2.2737367544323206e-13,1.0000000000000002
18847,-73.96985626220702,40.765785217285156,-73.95964050292969,40.77088165283203,296.21,2546,2546,-1.0,-1.0,-1,-1,0.0
18848,-73.96356201171875,40.7686653137207,-73.96721649169923,40.77248764038085,224.91,2546,2546,-1.0,-1.0,-1,-1,0.0
18849,-74.00592803955078,40.7345085144043,-73.98384857177734,40.72562026977539,694.28,2547,2547,2702.89,3397.1699999999996,155.88999999999987,-2.2737367544323206e-13,0.9999999999999997
18850,-73.94761657714845,40.77510070800781,-73.95913696289062,40.77067947387695,375.96,2547,2547,-1.0,-1.0,-1,-1,0.0
18851,-74.0105743408203,40.71775436401367,-73.98253631591797,40.78399658203125,1157.69,2547,2547,2550.0,3707.689999999999,3.0,-9.094947017729282e-13,0.9999999999999992
18852,-73.98747253417969,40.729454040527344,-73.98379516601562,40.773685455322266,1243.28,2547,2547,2627.5,3870.78,80.5,2.2737367544323206e-13,1.0000000000000002
18853,-73.99142456054686,40.76048278808594,-73.9988784790039,40.76361083984375,273.71,2547,2547,-1.0,-1.0,-1,-1,0.0
18854,-73.96543884277344,40.80619812011719,-73.97427368164062,40.78361892700195,482.46,2547,2547,2605.33,3087.79,58.32999999999993,5.684341886080802e-14,1.0000000000000002
18855,-73.99073028564453,40.75613021850585,-73.97059631347656,40.7506103515625,716.29,2547,2547,-1.0,-1.0,-1,-1,0.0
18856,-73.97010803222656,40.75966262817383,-73.97518157958984,40.78216552734375,742.15,2547,2547,-1.0,-1.0,-1,-1,0.0
18857,-73.9715118408203,40.75991821289063,-73.97679138183594,40.72896957397461,880.79,2547,2547,2594.11,3526.84,47.11000000000013,51.940000000000055,1.058969788485337
18858,-73.97286987304686,40.7825584411621,-73.95504760742188,40.77745056152344,400.87,2548,2548,2569.44,2970.31,21.440000000000055,-1.1368683772161603e-13,0.9999999999999997
18859,-73.99855804443358,40.72637176513672,-73.99388122558594,40.73777770996094,365.56,2548,2548,2649.08,3014.6400000000003,101.07999999999993,3.979039320256561e-13,1.000000000000001
18860,-74.00397491455078,40.73824691772461,-74.00906372070312,40.726234436035156,395.96,2548,2548,2577.55,2973.51,29.550000000000182,5.684341886080802e-14,1.0000000000000002
18861,-73.98868560791014,40.75368881225585,-74.0018081665039,40.75144577026367,348.69,2548,2548,-1.0,-1.0,-1,-1,0.0
18862,-73.97916412353516,40.76185989379883,-73.98107147216798,40.77431106567383,415.65,2548,2548,2583.85,2999.5,35.84999999999991,1.1368683772161603e-13,1.0000000000000002
18863,-73.96507263183594,40.76344680786133,-73.95124053955078,40.77267456054688,321.67,2548,2548,2594.91,2916.58,46.909999999999854,5.684341886080802e-14,1.0000000000000002
18864,-73.97196960449219,40.79423904418945,-73.95439910888672,40.80047225952149,407.37,2548,2548,2597.55,3004.92,49.55000000000018,-1.1368683772161603e-13,0.9999999999999997
18865,-73.98080444335938,40.765926361083984,-73.95305633544923,40.78681182861328,746.14,2548,2548,-1.0,-1.0,-1,-1,0.0
18866,-73.99725341796875,40.74217987060547,-73.98809051513672,40.763050079345696,656.73,2548,2548,-1.0,-1.0,-1,-1,0.0
18867,-73.98719024658203,40.76843643188477,-73.99116516113281,40.76038360595703,267.69,2549,2549,-1.0,-1.0,-1,-1,0.0
18868,-73.97205352783203,40.75416564941406,-73.97203826904298,40.75847625732422,245.38,2549,2549,-1.0,-1.0,-1,-1,0.0
18869,-73.98117065429686,40.76514053344727,-74.00308227539062,40.7441291809082,771.46,2549,2549,-1.0,-1.0,-1,-1,0.0
18870,-73.97315979003906,40.79553985595703,-73.96865844726562,40.76134872436523,1034.76,2549,2549,2562.62,3651.56,13.61999999999989,54.180000000000064,1.0523599675287023
18871,-73.98835754394531,40.779388427734375,-73.98126220703125,40.77265930175781,329.52,2549,2549,2748.08,3077.6,199.07999999999993,0.0,1.0
18872,-73.949951171875,40.78039932250977,-73.97434997558594,40.78860855102539,548.27,2549,2549,-1.0,-1.0,-1,-1,0.0
18873,-73.98297882080078,40.76115036010742,-73.95825958251955,40.760501861572266,825.28,2549,2549,-1.0,-1.0,-1,-1,0.0
18874,-73.9941177368164,40.75140380859375,-73.97040557861328,40.763179779052734,831.25,2549,2549,2606.04,3478.33,57.039999999999964,41.039999999999964,1.0493714285714286
18875,-74.0067367553711,40.71635437011719,-73.99459075927734,40.7501220703125,717.59,2550,2550,-1.0,-1.0,-1,-1,0.0
18876,-73.97853851318358,40.71994018554688,-73.98816680908203,40.727893829345696,322.79,2550,2550,2750.32,3073.11,200.32000000000016,-5.684341886080802e-14,0.9999999999999998
18877,-73.97106170654298,40.78612518310547,-73.98898315429686,40.7602767944336,677.7,2550,2550,2645.36,3323.06,95.36000000000013,-2.2737367544323206e-13,0.9999999999999997
18878,-73.94826507568358,40.783027648925774,-73.938720703125,40.805042266845696,462.18,2550,2550,-1.0,-1.0,-1,-1,0.0
18879,-73.9530258178711,40.78306198120117,-73.96466064453125,40.77568435668945,338.21,2550,2550,2592.57,2930.78,42.570000000000164,5.684341886080802e-14,1.0000000000000002
18880,-73.98185729980467,40.74328994750977,-73.99012756347656,40.714542388916016,858.7,2550,2550,2580.37,3478.09,30.36999999999989,39.02000000000021,1.0454407825783163
18881,-73.98369598388672,40.74406814575195,-73.9780044555664,40.7548828125,319.16,2551,2551,2603.46,2980.78,52.460000000000036,58.16000000000014,1.1822283494172205
18882,-73.96373748779298,40.76613998413085,-73.97982788085938,40.77111434936523,450.91,2551,2551,-1.0,-1.0,-1,-1,0.0
18883,-73.97657012939453,40.76479721069336,-74.01165771484375,40.70504760742188,1468.12,2551,2551,-1.0,-1.0,-1,-1,0.0
18884,-73.95915985107422,40.80952072143555,-73.97080993652342,40.78852844238281,360.84,2551,2551,2723.12,3083.96,172.1199999999999,1.7053025658242404e-13,1.0000000000000004
18885,-73.9921646118164,40.74861145019531,-73.99282836914062,40.73554611206055,319.25,2551,2551,-1.0,-1.0,-1,-1,0.0
18886,-73.98189544677734,40.76835250854492,-73.9701919555664,40.80144882202149,726.25,2551,2551,-1.0,-1.0,-1,-1,0.0
18887,-73.98902130126955,40.72154998779297,-74.0053482055664,40.740989685058594,790.96,2551,2551,2805.66,3596.6200000000003,254.65999999999985,4.547473508864641e-13,1.0000000000000007
18888,-73.99092864990234,40.730281829833984,-73.99609375,40.7258186340332,232.75,2552,2552,2599.09,2852.7,47.090000000000146,20.859999999999673,1.0896240601503746
18889,-73.98725891113281,40.74470901489258,-73.97956848144531,40.73925018310547,308.29,2552,2552,2673.88,2982.17,121.88000000000011,-5.684341886080802e-14,0.9999999999999998
18890,-73.97541046142578,40.75415802001953,-73.99911499023438,40.73928833007813,716.6,2552,2552,2582.23,3316.23,30.230000000000018,17.399999999999977,1.024281328495674
18891,-73.98696899414062,40.74220657348633,-73.99259948730467,40.76359558105469,783.9,2552,2552,-1.0,-1.0,-1,-1,0.0
18892,-73.97467803955078,40.74652862548828,-73.98077392578125,40.72717666625977,469.61,2553,2553,2673.17,3142.78,120.17000000000007,1.1368683772161603e-13,1.0000000000000002
18893,-73.98735809326173,40.7686882019043,-73.97933959960938,40.76519012451172,226.12,2553,2553,2611.03,2837.15,58.0300000000002,-1.1368683772161603e-13,0.9999999999999994
18894,-73.99406433105469,40.75112533569336,-74.0112075805664,40.710464477539055,1160.36,2553,2553,2599.2200000000003,3793.4199999999996,46.220000000000255,33.83999999999946,1.0291633630942116
18895,-73.97269439697266,40.75925827026367,-73.99714660644531,40.73989868164063,832.22,2553,2553,-1.0,-1.0,-1,-1,0.0
18896,-73.98774719238281,40.77553939819336,-74.00045013427734,40.75508117675781,439.01,2553,2553,2606.32,3045.33,53.320000000000164,-2.2737367544323206e-13,0.9999999999999994
18897,-73.99604034423827,40.72538375854492,-74.00640869140625,40.70813751220703,649.69,2553,2553,-1.0,-1.0,-1,-1,0.0
18898,-73.96634674072266,40.762298583984375,-73.95484161376955,40.78660583496094,535.76,2553,2553,-1.0,-1.0,-1,-1,0.0
18899,-74.00695037841797,40.71526718139648,-74.01555633544923,40.71149826049805,280.33,2553,2553,-1.0,-1.0,-1,-1,0.0
18900,-73.98971557617188,40.73538208007813,-73.95940399169923,40.7683219909668,926.38,2554,2554,2801.42,3727.7999999999997,247.42000000000007,-3.410605131648481e-13,0.9999999999999997
18901,-73.97930908203125,40.742088317871094,-73.97525787353516,40.75001907348633,257.39,2554,2554,-1.0,-1.0,-1,-1,0.0
18902,-73.98117828369139,40.76449966430664,-74.0074691772461,40.70627212524415,1600.19,2554,2554,-1.0,-1.0,-1,-1,0.0
18903,-73.99638366699219,40.73790740966797,-74.00679016113281,40.72661590576172,375.71,2554,2554,-1.0,-1.0,-1,-1,0.0
18904,-73.96395111083984,40.77090072631836,-73.98251342773438,40.756690979003906,737.39,2554,2554,-1.0,-1.0,-1,-1,0.0
18905,-73.95146179199219,40.7777099609375,-73.96900177001955,40.785194396972656,389.79,2554,2554,2584.05,2973.84,30.050000000000182,-5.684341886080802e-14,0.9999999999999999
18906,-73.97601318359375,40.76390075683594,-73.97528839111328,40.79108810424805,700.13,2554,2554,-1.0,-1.0,-1,-1,0.0
18907,-73.99395751953125,40.74165725708008,-74.010498046875,40.718109130859375,653.07,2554,2554,-1.0,-1.0,-1,-1,0.0
18908,-73.98683166503906,40.76176071166992,-73.99595642089844,40.76563262939453,248.84,2554,2554,-1.0,-1.0,-1,-1,0.0
18909,-73.96614837646483,40.79991149902344,-73.95419311523438,40.806190490722656,327.37,2555,2555,-1.0,-1.0,-1,-1,0.0
18910,-73.98462677001955,40.77404022216797,-73.95594024658203,40.77278900146485,744.87,2555,2555,2601.58,3357.2,46.57999999999993,10.749999999999886,1.0144320485453837
18911,-74.01605224609375,40.7114486694336,-73.99358367919923,40.75199890136719,897.2,2555,2555,-1.0,-1.0,-1,-1,0.0
18912,-74.01331329345702,40.71412658691406,-73.99880981445312,40.74535751342773,606.61,2555,2555,2712.87,3319.48,157.8699999999999,1.1368683772161603e-13,1.0000000000000002
18913,-73.98224639892578,40.755836486816406,-74.00589752197266,40.74377822875977,756.35,2555,2555,-1.0,-1.0,-1,-1,0.0
18914,-73.97358703613281,40.7581787109375,-73.98790740966798,40.748966217041016,651.63,2555,2555,-1.0,-1.0,-1,-1,0.0
18915,-73.99594116210938,40.764320373535156,-73.9737777709961,40.79204177856445,556.23,2555,2555,2580.0,3136.23,25.0,0.0,1.0
18916,-73.97880554199219,40.76675796508789,-73.97462463378906,40.76198196411133,244.66,2555,2555,-1.0,-1.0,-1,-1,0.0
18917,-73.99369812011719,40.74190139770508,-74.00410461425781,40.73541259765625,300.58,2555,2555,-1.0,-1.0,-1,-1,0.0
18918,-73.99500274658203,40.7251091003418,-73.98626708984375,40.751777648925774,733.5,2555,2555,2887.21,3620.71,332.21000000000004,0.0,1.0
18919,-74.01097869873048,40.702484130859375,-74.01726531982422,40.70949172973633,297.52,2556,2556,-1.0,-1.0,-1,-1,0.0
18920,-73.97650146484375,40.76235961914063,-73.98410034179686,40.759925842285156,356.25,2556,2556,2587.04,2943.29,31.039999999999964,0.0,1.0
18921,-73.97103118896483,40.76002883911133,-73.97034454345702,40.783912658691406,616.78,2556,2556,-1.0,-1.0,-1,-1,0.0
18922,-73.97464752197266,40.75597763061523,-73.96194458007811,40.757972717285156,361.03,2556,2556,2590.57,3020.43,34.570000000000164,68.8299999999997,1.1906489765393449
18923,-73.98721313476562,40.74065780639648,-74.00267791748048,40.7498893737793,455.62,2556,2556,-1.0,-1.0,-1,-1,0.0
18924,-73.98603820800781,40.755821228027344,-73.96758270263672,40.766868591308594,635.13,2556,2556,2580.0,3215.13,24.0,1.1368683772161603e-13,1.0000000000000002
18925,-73.94902801513672,40.788589477539055,-73.95339965820312,40.775840759277344,324.4,2556,2556,-1.0,-1.0,-1,-1,0.0
18926,-73.9607162475586,40.75752258300781,-73.98038482666014,40.756195068359375,706.87,2556,2556,2630.83,3337.7000000000003,74.82999999999993,3.410605131648481e-13,1.0000000000000004
18927,-73.96875,40.75917053222656,-73.95341491699219,40.779632568359375,398.47,2556,2556,-1.0,-1.0,-1,-1,0.0
18928,-73.98680114746094,40.77161407470703,-73.97428131103516,40.783897399902344,324.65,2557,2557,2588.67,2913.32,31.670000000000073,1.1368683772161603e-13,1.0000000000000004
18929,-73.97337341308594,40.7514533996582,-74.00439453125,40.75242614746094,869.73,2557,2557,2581.91,3451.64,24.909999999999854,0.0,1.0
18930,-73.98893737792969,40.72187042236328,-74.00221252441406,40.73965072631836,699.17,2557,2557,2824.43,3523.6,267.42999999999984,1.1368683772161603e-13,1.0000000000000002
18931,-73.98831176757811,40.741127014160156,-73.95988464355469,40.75951766967773,716.86,2557,2557,-1.0,-1.0,-1,-1,0.0
18932,-73.95523071289062,40.76483917236328,-73.98921966552734,40.75702667236328,1044.0,2557,2557,-1.0,-1.0,-1,-1,0.0
18933,-73.96265411376955,40.79905319213867,-73.98206329345702,40.775291442871094,495.49,2558,2558,-1.0,-1.0,-1,-1,0.0
18934,-73.9582748413086,40.779014587402344,-73.98641204833984,40.766990661621094,723.9,2558,2558,2641.12,3365.02,83.11999999999989,1.1368683772161603e-13,1.0000000000000002
18935,-73.98050689697266,40.7385368347168,-73.98511505126955,40.75295639038085,658.49,2558,2558,-1.0,-1.0,-1,-1,0.0
18936,-74.00366973876955,40.741920471191406,-74.00274658203125,40.73360824584961,306.67,2558,2558,2611.4900000000002,2918.16,53.49000000000024,-3.979039320256561e-13,0.9999999999999987
18937,-73.98316955566406,40.758750915527344,-73.98333740234375,40.77661895751953,504.71,2559,2559,2618.38,3123.09,59.38000000000011,5.684341886080802e-14,1.0000000000000002
18938,-73.97225952148438,40.76054000854492,-73.97107696533203,40.751220703125,364.13,2559,2559,2600.8599999999997,2988.66,41.85999999999967,23.670000000000186,1.065004256721501
18939,-73.98725128173827,40.757678985595696,-74.01144409179686,40.71018600463867,1210.86,2559,2559,-1.0,-1.0,-1,-1,0.0
18940,-73.97920227050781,40.777359008789055,-73.96395111083984,40.761268615722656,771.17,2559,2559,2676.86,3448.03,117.86000000000013,1.1368683772161603e-13,1.0000000000000002
18941,-73.96344757080078,40.75447082519531,-73.9881820678711,40.75914764404297,978.1,2559,2559,2731.86,3709.96,172.86000000000013,-1.1368683772161603e-13,0.9999999999999999
18942,-73.9898681640625,40.75701141357422,-73.99908447265625,40.740013122558594,517.43,2559,2559,-1.0,-1.0,-1,-1,0.0
18943,-73.95897674560547,40.78074264526367,-73.9522933959961,40.79148483276367,187.25,2559,2559,2598.2999999999997,2785.55,39.29999999999973,4.547473508864641e-13,1.0000000000000024
18944,-73.95751190185547,40.7701301574707,-73.97222900390625,40.753231048583984,608.81,2559,2559,-1.0,-1.0,-1,-1,0.0
18945,-73.97322845458984,40.7900619506836,-73.95893096923827,40.781028747558594,384.9,2560,2560,2641.45,3026.35,81.44999999999982,1.1368683772161603e-13,1.0000000000000002
18946,-74.00691223144531,40.70539474487305,-73.97648620605469,40.757755279541016,1135.24,2560,2560,-1.0,-1.0,-1,-1,0.0
18947,-73.96923065185547,40.761043548583984,-73.95462036132812,40.77777862548828,395.71,2560,2560,2632.75,3028.46,72.75,5.684341886080802e-14,1.0000000000000002
18948,-73.99247741699219,40.72437286376953,-73.99211120605469,40.739421844482415,526.76,2560,2560,2660.59,3187.35,100.59000000000015,-2.2737367544323206e-13,0.9999999999999996
18949,-73.96179962158203,40.76430130004883,-73.96808624267578,40.75542449951172,253.88,2560,2560,2599.86,2853.74,39.86000000000013,-3.410605131648481e-13,0.9999999999999987
18950,-73.99091339111328,40.75061416625977,-73.96952056884766,40.763668060302734,848.04,2560,2560,-1.0,-1.0,-1,-1,0.0
18951,-73.95741271972656,40.7659912109375,-74.00952911376955,40.72380065917969,1348.55,2560,2560,-1.0,-1.0,-1,-1,0.0
18952,-73.9495849609375,40.77265548706055,-73.93217468261719,40.79499435424805,446.64,2560,2560,-1.0,-1.0,-1,-1,0.0
18953,-73.97889709472656,40.74064254760742,-73.98876190185547,40.72709655761719,261.85,2560,2560,2585.71,2847.56,25.710000000000036,-1.1368683772161603e-13,0.9999999999999996
18954,-73.97054290771484,40.75620651245117,-73.99797058105469,40.72105026245117,1128.02,2560,2560,-1.0,-1.0,-1,-1,0.0
18955,-73.99226379394531,40.7489013671875,-73.990478515625,40.756080627441406,319.09,2561,2561,-1.0,-1.0,-1,-1,0.0
18956,-74.00808715820312,40.740398406982415,-74.00731658935547,40.71609878540039,630.45,2561,2561,-1.0,-1.0,-1,-1,0.0
18957,-74.00713348388672,40.74360275268555,-73.99153900146483,40.75492858886719,406.08,2561,2561,-1.0,-1.0,-1,-1,0.0
18958,-73.97595977783203,40.74881362915039,-73.9656524658203,40.7627182006836,375.54,2561,2561,2590.45,2965.99,29.449999999999818,-5.684341886080802e-14,0.9999999999999999
18959,-73.951416015625,40.77030563354492,-73.95333099365234,40.78852462768555,541.37,2561,2561,2651.0,3192.37,90.0,-1.1368683772161603e-13,0.9999999999999998
18960,-73.98030853271484,40.761661529541016,-73.98303985595702,40.77168655395508,378.2,2561,2561,2702.13,3080.33,141.1300000000001,-1.7053025658242404e-13,0.9999999999999996
18961,-73.98018646240234,40.76567840576172,-73.95382690429686,40.78546142578125,714.64,2561,2561,-1.0,-1.0,-1,-1,0.0
18962,-74.00772094726562,40.74074172973633,-74.0077133178711,40.7327995300293,239.0,2562,2562,-1.0,-1.0,-1,-1,0.0
18963,-74.0082778930664,40.73412322998047,-73.99158477783203,40.72695541381836,672.05,2562,2562,2664.91,3336.96,102.90999999999985,2.2737367544323206e-13,1.0000000000000004
18964,-73.98341369628906,40.74133682250977,-73.98635101318358,40.737247467041016,181.0,2562,2562,2647.08,2828.08,85.07999999999993,0.0,1.0
18965,-73.97689819335938,40.766056060791016,-73.96976470947266,40.76535415649415,207.3,2562,2562,-1.0,-1.0,-1,-1,0.0
18966,-73.9725570678711,40.75652313232422,-73.99834442138672,40.76403427124024,945.31,2562,2562,-1.0,-1.0,-1,-1,0.0
18967,-74.00569915771484,40.73881149291992,-73.99496459960938,40.75005340576172,329.79,2562,2562,2580.0,2909.79,18.0,-5.684341886080802e-14,0.9999999999999998
18968,-73.96871948242188,40.757488250732415,-73.96242523193358,40.76339721679688,258.58,2562,2562,-1.0,-1.0,-1,-1,0.0
18969,-73.964111328125,40.77038192749024,-73.95378875732422,40.78497314453125,329.28,2562,2562,2596.77,2981.93,34.76999999999998,55.87999999999988,1.1697035957240036
18970,-73.99287414550781,40.75193786621094,-73.978515625,40.7411003112793,735.67,2563,2563,2584.5,3372.75,21.5,52.58000000000004,1.0714722633789608
18971,-73.96607208251955,40.76820373535156,-73.99945068359375,40.72870635986328,1257.08,2563,2563,2641.0,3898.08,78.0,0.0,1.0
18972,-74.00144958496094,40.731201171875,-73.99205780029298,40.72578048706055,401.54,2563,2563,-1.0,-1.0,-1,-1,0.0
18973,-73.98566436767578,40.740886688232415,-74.00556945800781,40.72578811645508,625.19,2563,2563,-1.0,-1.0,-1,-1,0.0
18974,-73.96687316894531,40.75775146484375,-73.98397064208984,40.78216171264648,1080.07,2563,2563,-1.0,-1.0,-1,-1,0.0
18975,-73.99467468261719,40.7503318786621,-74.00396728515625,40.75090789794922,308.71,2563,2563,2588.87,2897.58,25.86999999999989,5.684341886080802e-14,1.0000000000000002
18976,-73.9588851928711,40.81173324584961,-73.98250579833984,40.77234649658203,729.72,2563,2563,2604.62,3334.34,41.61999999999989,2.2737367544323206e-13,1.0000000000000002
18977,-73.98291015625,40.75714111328125,-73.9732666015625,40.79015731811523,843.78,2563,2563,-1.0,-1.0,-1,-1,0.0
18978,-73.9646987915039,40.7724609375,-73.96327209472656,40.768951416015625,195.14,2564,2564,-1.0,-1.0,-1,-1,0.0
18979,-73.99625396728516,40.75352096557617,-73.98509216308595,40.76031875610352,449.52,2564,2564,-1.0,-1.0,-1,-1,0.0
18980,-73.9732666015625,40.7484245300293,-73.98533630371094,40.72197341918945,630.87,2564,2564,2678.26,3309.13,114.26000000000022,-1.1368683772161603e-13,0.9999999999999998
18981,-73.93798065185547,40.80461883544922,-73.95323181152342,40.80749130249024,422.77,2564,2564,2580.0,3002.77,16.0,0.0,1.0
18982,-74.00783538818358,40.74103164672852,-73.9932632446289,40.72428894042969,779.88,2564,2564,-1.0,-1.0,-1,-1,0.0
18983,-74.00138854980467,40.7275505065918,-74.00853729248048,40.715049743652344,394.13,2564,2564,2599.02,2993.15,35.01999999999998,1.1368683772161603e-13,1.0000000000000002
18984,-73.9618911743164,40.77629852294922,-73.9732437133789,40.78274154663085,238.16,2565,2565,2603.42,2841.58,38.42000000000007,-1.4210854715202004e-13,0.9999999999999994
18985,-73.9544677734375,40.76966857910156,-73.96588897705078,40.77421951293945,383.38,2565,2565,2601.0,2989.46,36.0,5.080000000000041,1.0132505608012938
18986,-73.96884155273438,40.76445007324219,-74.00434875488281,40.74235916137695,1125.93,2565,2565,2599.03,3736.92,34.0300000000002,11.959999999999809,1.01062232998499
18987,-73.9810562133789,40.77447128295898,-73.9947967529297,40.760440826416016,493.34,2565,2565,2611.63,3104.97,46.63000000000011,-2.8421709430404007e-13,0.9999999999999994
18988,-73.97877502441406,40.7448616027832,-73.96204376220702,40.76775360107422,574.23,2565,2565,-1.0,-1.0,-1,-1,0.0
18989,-73.96954345703125,40.80018997192383,-73.98988342285155,40.74158096313477,1358.94,2565,2565,2648.91,4007.85,83.90999999999985,0.0,1.0
18990,-73.9615936279297,40.78044128417969,-73.94924163818358,40.78176879882813,320.66,2566,2566,-1.0,-1.0,-1,-1,0.0
18991,-73.9516372680664,40.766300201416016,-73.95976257324219,40.76020812988281,241.85,2566,2566,-1.0,-1.0,-1,-1,0.0
18992,-73.97200775146483,40.79464340209961,-73.95411682128906,40.80644226074219,449.62,2566,2566,2634.75,3084.37,68.75,-1.1368683772161603e-13,0.9999999999999998
18993,-74.00390625,40.74776077270508,-73.99381256103516,40.721107482910156,995.1,2566,2566,2603.04,3598.1400000000003,37.039999999999964,3.410605131648481e-13,1.0000000000000004
18994,-73.96283721923827,40.77817153930664,-74.00096893310547,40.73619079589844,1247.39,2566,2566,-1.0,-1.0,-1,-1,0.0
18995,-74.0045394897461,40.75216293334961,-73.99557495117188,40.718711853027344,1027.83,2566,2566,-1.0,-1.0,-1,-1,0.0
18996,-74.00556945800781,40.72570037841797,-74.00871276855469,40.71703338623047,210.24,2567,2567,-1.0,-1.0,-1,-1,0.0
18997,-73.99400329589844,40.73535919189453,-73.9881591796875,40.75949096679688,778.77,2567,2567,-1.0,-1.0,-1,-1,0.0
18998,-74.00250244140625,40.73957824707031,-74.0035858154297,40.75158309936523,383.37,2567,2567,2607.84,3012.56,40.840000000000146,21.349999999999795,1.0556903252732341
18999,-73.9742889404297,40.79151153564453,-73.98251342773438,40.76221084594727,745.05,2567,2567,2610.46,3428.3,43.460000000000036,72.79000000000019,1.0976981410643583
19000,-73.9948959350586,40.74529647827149,-73.98847961425781,40.73711013793945,329.24,2568,2568,-1.0,-1.0,-1,-1,0.0
19001,-73.99698638916014,40.74231338500977,-73.9925079345703,40.7140007019043,987.27,2568,2568,-1.0,-1.0,-1,-1,0.0
19002,-74.0056915283203,40.74055480957031,-73.9859390258789,40.73506164550781,637.25,2568,2568,-1.0,-1.0,-1,-1,0.0
19003,-73.98052978515625,40.74436569213867,-73.95552062988281,40.78538131713867,1003.69,2568,2568,2615.4900000000002,3648.01,47.49000000000024,28.829999999999927,1.0287240084089708
19004,-73.99156951904298,40.75012969970703,-74.00411224365234,40.75101852416992,376.71,2568,2568,2617.15,3009.63,49.15000000000009,15.770000000000039,1.0418624406041783
19005,-73.9600067138672,40.79817962646485,-73.99266052246094,40.7594108581543,912.8,2569,2569,-1.0,-1.0,-1,-1,0.0
19006,-73.97609710693358,40.75157165527344,-74.01158142089844,40.70473861694336,943.45,2569,2569,2614.85,3564.48,45.84999999999991,6.180000000000064,1.0065504266256824
19007,-73.96331024169923,40.77186584472656,-73.95306396484375,40.78579330444336,341.01,2569,2569,2627.1,2968.11,58.09999999999991,2.2737367544323206e-13,1.0000000000000007
19008,-73.97919464111328,40.78509521484375,-73.96983337402342,40.78558349609375,272.89,2569,2569,2623.66,2896.55,54.659999999999854,3.410605131648481e-13,1.0000000000000013
19009,-73.95800018310547,40.76945877075195,-73.97801208496094,40.741783142089844,706.55,2569,2569,-1.0,-1.0,-1,-1,0.0
19010,-73.98453521728516,40.72875213623047,-73.98342895507811,40.75602722167969,863.51,2570,2570,2586.75,3539.82,16.75,89.56000000000017,1.1037162279533534
19011,-73.96891784667969,40.761451721191406,-73.98320770263672,40.78184127807617,855.54,2570,2570,-1.0,-1.0,-1,-1,0.0
19012,-73.97170257568358,40.78657531738281,-73.95652770996094,40.78448486328125,331.91,2570,2570,-1.0,-1.0,-1,-1,0.0
19013,-73.97613525390625,40.755714416503906,-73.97358703613281,40.76301956176758,267.76,2570,2570,-1.0,-1.0,-1,-1,0.0
19014,-73.98738861083984,40.73317337036133,-73.98594665527344,40.71926498413085,515.23,2570,2570,2656.67,3171.9,86.67000000000007,0.0,1.0
19015,-73.98123931884766,40.76801300048828,-73.98452758789062,40.76065444946289,310.62,2570,2570,-1.0,-1.0,-1,-1,0.0
19016,-73.96870422363281,40.759239196777344,-73.99720001220702,40.7349739074707,939.8,2570,2570,-1.0,-1.0,-1,-1,0.0
19017,-73.99276733398438,40.763347625732415,-73.98652648925781,40.75548934936523,425.71,2570,2570,-1.0,-1.0,-1,-1,0.0
19018,-73.98053741455078,40.766448974609375,-73.97522735595702,40.75279998779297,603.47,2570,2570,-1.0,-1.0,-1,-1,0.0
19019,-73.9788360595703,40.74760818481445,-73.98278045654298,40.758644104003906,521.51,2571,2571,2748.38,3269.89,177.3800000000001,-2.2737367544323206e-13,0.9999999999999996
19020,-73.96336364746094,40.774749755859375,-73.97193908691406,40.76568984985352,334.39,2571,2571,-1.0,-1.0,-1,-1,0.0
19021,-73.93404388427734,40.80237197875977,-73.97225189208984,40.75588989257813,1085.49,2571,2571,2952.82,4038.31,381.82000000000016,-2.2737367544323206e-13,0.9999999999999998
19022,-74.00324249267578,40.749210357666016,-73.96329498291014,40.75587844848633,1040.06,2571,2571,2612.7400000000002,3729.84,41.74000000000024,77.03999999999996,1.0740726496548276
19023,-73.97991943359375,40.76142120361328,-73.97815704345702,40.78343200683594,614.2,2571,2571,-1.0,-1.0,-1,-1,0.0
19024,-73.99092102050781,40.73017883300781,-73.99449157714845,40.75053024291992,676.47,2571,2571,2629.82,3306.29,58.820000000000164,-2.2737367544323206e-13,0.9999999999999997
19025,-73.9773941040039,40.77433395385742,-74.00150299072266,40.73207092285156,1174.19,2571,2571,-1.0,-1.0,-1,-1,0.0
19026,-73.97749328613281,40.75493621826172,-74.001708984375,40.73656463623047,747.96,2571,2571,-1.0,-1.0,-1,-1,0.0
19027,-73.99822998046875,40.756046295166016,-73.96269989013672,40.76244354248047,1025.3,2571,2571,-1.0,-1.0,-1,-1,0.0
19028,-74.0051498413086,40.74114227294922,-73.99851989746094,40.7229881286621,664.26,2572,2572,2585.23,3353.82,13.230000000000018,104.33000000000015,1.1570619937976097
19029,-73.98249816894531,40.76425552368164,-73.9805145263672,40.78022384643555,515.93,2572,2572,-1.0,-1.0,-1,-1,0.0
19030,-74.00019073486328,40.71783065795898,-74.00867462158203,40.71370315551758,343.39,2572,2572,2682.95,3026.34,110.94999999999982,3.410605131648481e-13,1.0000000000000009
19031,-73.94833374023438,40.78263473510742,-73.95838165283203,40.77468490600585,281.49,2572,2572,2672.25,2953.74,100.25,-2.2737367544323206e-13,0.9999999999999992
19032,-73.99264526367188,40.76889419555664,-73.99362182617188,40.75883865356445,328.52,2573,2573,-1.0,-1.0,-1,-1,0.0
19033,-73.96585845947266,40.80556869506836,-74.0038833618164,40.73189926147461,1548.47,2573,2573,2677.75,4226.22,104.75,2.2737367544323206e-13,1.0000000000000002
19034,-73.97763061523438,40.738296508789055,-73.96537017822266,40.757827758789055,398.69,2573,2573,2584.29,2982.98,11.289999999999964,5.684341886080802e-14,1.0000000000000002
19035,-73.99925231933594,40.724876403808594,-73.9939956665039,40.74138259887695,415.91,2573,2573,-1.0,-1.0,-1,-1,0.0
19036,-73.99656677246094,40.723628997802734,-74.00496673583984,40.71562194824219,346.22,2573,2573,-1.0,-1.0,-1,-1,0.0
19037,-73.97610473632812,40.75102233886719,-73.99136352539062,40.74235916137695,489.5,2573,2573,2582.81,3114.7000000000003,9.809999999999945,42.39000000000033,1.0865985699693572
19038,-73.99539184570312,40.72486877441406,-73.99140930175781,40.7490348815918,724.39,2573,2573,3017.3599999999997,3741.7499999999995,444.3599999999997,-1.1368683772161603e-13,0.9999999999999999
19039,-73.982177734375,40.74005126953125,-73.99246215820312,40.74280166625977,343.24,2573,2573,-1.0,-1.0,-1,-1,0.0
19040,-73.98714447021484,40.756023406982415,-73.98536682128906,40.72915267944336,882.0,2573,2573,2580.0,3462.0,7.0,0.0,1.0
19041,-73.99154663085938,40.74993133544922,-73.94949340820312,40.82027053833008,1414.54,2573,2573,2624.35,4038.89,51.34999999999991,0.0,1.0
19042,-73.9687271118164,40.761543273925774,-73.95987701416014,40.77119064331055,264.44,2573,2573,-1.0,-1.0,-1,-1,0.0
19043,-73.99478149414062,40.73479843139648,-73.9664306640625,40.76050567626953,986.4,2574,2574,-1.0,-1.0,-1,-1,0.0
19044,-73.96571350097656,40.79547119140625,-73.98594665527344,40.76792907714844,536.27,2574,2574,-1.0,-1.0,-1,-1,0.0
19045,-73.95623779296875,40.77201461791992,-73.94881439208984,40.77758026123047,204.08,2574,2574,-1.0,-1.0,-1,-1,0.0
19046,-73.99942779541014,40.7615966796875,-73.9798583984375,40.74661636352539,828.46,2574,2574,-1.0,-1.0,-1,-1,0.0
19047,-74.01093292236328,40.702484130859375,-73.98316192626955,40.73069381713867,657.7,2574,2574,-1.0,-1.0,-1,-1,0.0
19048,-73.98213958740234,40.77505874633789,-73.98198699951173,40.76860046386719,297.32,2575,2575,-1.0,-1.0,-1,-1,0.0
19049,-73.98103332519531,40.74773025512695,-73.98863220214844,40.73686599731445,258.0,2575,2575,-1.0,-1.0,-1,-1,0.0
19050,-73.99563598632812,40.72089385986328,-74.00450134277344,40.73777389526367,584.97,2575,2575,2733.17,3318.14,158.17000000000007,-2.2737367544323206e-13,0.9999999999999996
19051,-73.98673248291014,40.74273681640625,-74.01113891601562,40.715835571289055,916.65,2575,2575,-1.0,-1.0,-1,-1,0.0
19052,-73.99124908447266,40.75037002563477,-73.98385620117188,40.766319274902344,544.52,2575,2575,-1.0,-1.0,-1,-1,0.0
19053,-73.98070526123048,40.75013732910156,-73.99079895019531,40.75117111206055,328.74,2575,2575,-1.0,-1.0,-1,-1,0.0
19054,-74.00468444824219,40.75248336791992,-74.0037841796875,40.72235107421875,694.89,2575,2575,-1.0,-1.0,-1,-1,0.0
19055,-73.95265960693358,40.79081726074219,-73.95054626464845,40.784095764160156,259.17,2575,2575,2683.95,2943.12,108.94999999999982,5.684341886080802e-14,1.0000000000000002
19056,-73.98209381103516,40.75345993041992,-73.98509979248048,40.76861190795898,673.3,2575,2575,-1.0,-1.0,-1,-1,0.0
19057,-73.96306610107422,40.77502822875977,-73.98228454589844,40.78144073486328,500.05,2575,2575,2599.31,3194.0699999999997,24.309999999999945,94.70999999999975,1.1894010598940101
19058,-73.97881317138672,40.74758529663085,-73.98628997802734,40.73619079589844,325.78,2575,2575,-1.0,-1.0,-1,-1,0.0
19059,-73.97550964355469,40.757301330566406,-73.95256042480467,40.77644348144531,676.21,2576,2576,-1.0,-1.0,-1,-1,0.0
19060,-74.01090240478516,40.71681594848633,-73.92864227294923,40.859352111816406,1905.03,2576,2576,2678.58,4583.610000000001,102.57999999999993,6.821210263296962e-13,1.0000000000000004
19061,-73.95465087890625,40.783912658691406,-73.95789337158203,40.76861953735352,451.15,2576,2576,2628.28,3079.4300000000003,52.2800000000002,1.1368683772161603e-13,1.0000000000000002
19062,-73.95567321777344,40.77646255493164,-73.97399139404298,40.779144287109375,478.87,2576,2576,2590.04,3068.91,14.039999999999964,-1.1368683772161603e-13,0.9999999999999998
19063,-73.97572326660156,40.78937149047852,-73.95716094970702,40.783103942871094,459.53,2576,2576,-1.0,-1.0,-1,-1,0.0
19064,-73.98439025878906,40.7432861328125,-73.99339294433594,40.72816848754883,409.14,2577,2577,-1.0,-1.0,-1,-1,0.0
19065,-73.96942901611328,40.75795364379883,-73.95929718017578,40.76570129394531,278.33,2577,2577,2636.5,2914.8300000000004,59.5,3.979039320256561e-13,1.0000000000000013
19066,-73.98759460449219,40.76549530029297,-74.00035095214845,40.74369430541992,610.7,2577,2577,-1.0,-1.0,-1,-1,0.0
19067,-73.94546508789062,40.77824401855469,-73.96472930908203,40.75931930541992,647.12,2577,2577,2580.0,3319.56,3.0,92.43999999999994,1.1428483125231796
19068,-73.98744201660156,40.73298263549805,-73.98243713378906,40.72760009765625,245.96,2577,2577,2609.33,2898.74,32.32999999999993,43.44999999999985,1.1766547406082284
19069,-73.98262786865234,40.769287109375,-73.9765396118164,40.78073501586913,386.2,2578,2578,-1.0,-1.0,-1,-1,0.0
19070,-73.978271484375,40.76327133178711,-73.99082946777342,40.75074768066406,525.7,2578,2578,2581.87,3107.57,3.869999999999891,2.2737367544323206e-13,1.0000000000000004
19071,-74.00736236572266,40.74114990234375,-73.99478149414062,40.7234001159668,806.79,2578,2578,-1.0,-1.0,-1,-1,0.0
19072,-73.95391845703125,40.778770446777344,-73.94486236572266,40.77893829345703,224.12,2578,2578,2581.99,2806.11,3.9899999999997817,3.410605131648481e-13,1.0000000000000016
19073,-73.99626159667969,40.748390197753906,-73.99222564697266,40.75405883789063,180.59,2578,2578,-1.0,-1.0,-1,-1,0.0
19074,-73.96007537841797,40.77112197875977,-73.96382141113281,40.76131820678711,343.3,2578,2578,-1.0,-1.0,-1,-1,0.0
19075,-74.01597595214845,40.7112693786621,-74.00881958007811,40.71921920776367,303.41,2579,2579,-1.0,-1.0,-1,-1,0.0
19076,-73.97689056396483,40.780128479003906,-73.98362731933594,40.780948638916016,213.79,2579,2579,2626.69,2909.6,47.690000000000055,69.11999999999986,1.32330791898592
19077,-73.95220947265625,40.77727127075195,-73.95427703857422,40.765480041503906,330.66,2579,2579,2598.13,2928.79,19.13000000000011,-1.7053025658242404e-13,0.9999999999999994
19078,-74.00245666503906,40.75015640258789,-74.00505828857422,40.74131393432617,263.78,2579,2579,2602.9,2866.68,23.90000000000009,-2.2737367544323206e-13,0.9999999999999991
19079,-73.96737670898438,40.803489685058594,-73.94902038574219,40.78171920776367,868.69,2579,2579,2584.26,3550.63,5.260000000000218,97.67999999999984,1.112445176069714
19080,-73.96233367919923,40.77611541748047,-73.96658325195312,40.76745223999024,269.09,2580,2580,2617.67,2886.76,37.67000000000007,1.7053025658242404e-13,1.0000000000000007
19081,-73.95467376708984,40.77313995361328,-73.95429992675781,40.78736114501953,382.2,2580,2580,2609.29,3017.24,29.289999999999964,25.74999999999983,1.0673731030873883
19082,-73.95890808105469,40.768211364746094,-73.96666717529298,40.75822830200195,308.14,2580,2580,2619.74,2927.88,39.73999999999978,3.410605131648481e-13,1.000000000000001
19083,-73.94244384765625,40.78811264038085,-73.9534912109375,40.77169418334961,416.08,2580,2580,-1.0,-1.0,-1,-1,0.0
19084,-73.9826431274414,40.75410079956055,-73.95352935791014,40.77957153320313,920.45,2580,2580,-1.0,-1.0,-1,-1,0.0
19085,-73.97937774658203,40.76276016235352,-73.9473114013672,40.771690368652344,905.56,2580,2580,-1.0,-1.0,-1,-1,0.0
19086,-73.96288299560547,40.77828979492188,-73.97265625,40.76464080810547,351.97,2580,2580,2598.0499999999997,2950.02,18.049999999999727,2.2737367544323206e-13,1.0000000000000007
19087,-73.97480010986328,40.75851821899415,-74.00611877441406,40.740398406982415,945.76,2580,2580,2636.1,3583.48,56.09999999999991,1.6200000000001182,1.0017129081373712
19088,-73.94967651367188,40.780670166015625,-73.95965576171875,40.77195739746094,285.68,2580,2580,-1.0,-1.0,-1,-1,0.0
19089,-73.98746490478516,40.72114562988281,-73.99871826171875,40.72981643676758,486.96,2580,2580,2635.58,3122.54,55.57999999999993,5.684341886080802e-14,1.0000000000000002
19090,-73.95585632324219,40.78479385375977,-73.9514923095703,40.809814453125,568.68,2580,2580,-1.0,-1.0,-1,-1,0.0
19091,-73.99669647216798,40.75280380249024,-73.95774078369139,40.77032852172852,1186.58,2580,2580,-1.0,-1.0,-1,-1,0.0
19092,-73.95087432861328,40.783363342285156,-73.95136260986328,40.77030563354492,371.28,2581,2581,2635.7599999999998,3031.12,54.75999999999976,24.080000000000155,1.0648567119155359
19093,-73.98329162597656,40.75017929077149,-73.98431396484375,40.738380432128906,359.79,2581,2581,-1.0,-1.0,-1,-1,0.0
19094,-73.99636840820312,40.743560791015625,-74.00505065917969,40.71744155883789,555.15,2581,2581,-1.0,-1.0,-1,-1,0.0
19095,-73.95305633544923,40.780269622802734,-73.95079803466798,40.790828704833984,288.82,2581,2581,2614.93,2903.75,33.929999999999836,1.7053025658242404e-13,1.0000000000000007
19096,-73.9522705078125,40.77301788330078,-73.96116638183594,40.76505661010742,364.76,2581,2581,2610.0,2974.76,29.0,2.2737367544323206e-13,1.0000000000000007
19097,-73.97584533691406,40.74909591674805,-73.95069885253906,40.774986267089844,630.42,2581,2581,2804.84,3435.2599999999998,223.84000000000015,-3.410605131648481e-13,0.9999999999999994
19098,-73.99215698242188,40.73802947998047,-74.00725555419923,40.740814208984375,447.3,2581,2581,-1.0,-1.0,-1,-1,0.0
19099,-73.98902130126955,40.75300216674805,-73.97911071777342,40.75778579711913,443.54,2581,2581,-1.0,-1.0,-1,-1,0.0
19100,-73.97296142578125,40.75831985473633,-73.97782135009766,40.73405838012695,745.14,2581,2581,-1.0,-1.0,-1,-1,0.0
19101,-73.99044036865234,40.7561912536621,-73.99198150634766,40.74264144897461,487.44,2581,2581,2634.14,3121.58,53.13999999999987,5.684341886080802e-14,1.0000000000000002
19102,-73.9712905883789,40.79521179199219,-73.95056915283203,40.82606887817383,603.51,2581,2581,-1.0,-1.0,-1,-1,0.0
19103,-73.9879150390625,40.75067138671875,-73.972900390625,40.75577926635742,817.38,2582,2582,-1.0,-1.0,-1,-1,0.0
19104,-74.0032730102539,40.748836517333984,-73.97301483154298,40.74352645874024,834.08,2582,2582,2612.7400000000002,3523.86,30.740000000000236,77.03999999999985,1.092365240744293
19105,-73.98441314697266,40.76744079589844,-73.96685791015625,40.80719757080078,737.59,2582,2582,-1.0,-1.0,-1,-1,0.0
19106,-73.95000457763672,40.76876449584961,-73.97989654541014,40.780433654785156,844.72,2582,2582,-1.0,-1.0,-1,-1,0.0
19107,-73.98245239257811,40.76252365112305,-73.9530029296875,40.78329849243164,902.39,2582,2582,-1.0,-1.0,-1,-1,0.0
19108,-74.005126953125,40.7359733581543,-74.00128173828125,40.72915649414063,269.72,2582,2582,2665.37,2935.09,83.36999999999989,2.2737367544323206e-13,1.0000000000000009
19109,-74.0032501220703,40.72771835327149,-73.99472045898438,40.74034881591797,249.2,2582,2582,2613.07,2862.27,31.070000000000164,-1.7053025658242404e-13,0.9999999999999993
19110,-73.992431640625,40.749610900878906,-73.98778533935547,40.76040267944336,442.35,2583,2583,2628.0400000000004,3070.3900000000003,45.04000000000042,-1.1368683772161603e-13,0.9999999999999998
19111,-73.99263763427734,40.72853469848633,-73.97987365722656,40.74296188354492,398.21,2583,2583,2637.34,3081.17,54.340000000000146,45.61999999999995,1.114562667939027
19112,-73.98493194580078,40.748210906982415,-74.00979614257811,40.714881896972656,829.61,2583,2583,2630.59,3460.2,47.590000000000146,-3.410605131648481e-13,0.9999999999999996
19113,-73.95664978027344,40.77813720703125,-73.96029663085938,40.78165817260742,220.32,2583,2583,-1.0,-1.0,-1,-1,0.0
19114,-73.9864273071289,40.757320404052734,-73.98101806640625,40.750770568847656,362.93,2583,2583,-1.0,-1.0,-1,-1,0.0
19115,-73.9844970703125,40.75303649902344,-73.94569396972656,40.77516174316406,1049.54,2583,2583,-1.0,-1.0,-1,-1,0.0
19116,-73.98530578613281,40.74180603027344,-73.99102020263672,40.74901580810547,438.55,2584,2584,-1.0,-1.0,-1,-1,0.0
19117,-73.9922332763672,40.72994613647461,-74.01069641113281,40.71010208129883,678.98,2584,2584,-1.0,-1.0,-1,-1,0.0
19118,-73.9805908203125,40.73828125,-74.00007629394531,40.727088928222656,544.62,2584,2584,-1.0,-1.0,-1,-1,0.0
19119,-73.94476318359375,40.77518081665039,-74.00103759765625,40.73096466064453,1356.0,2584,2584,-1.0,-1.0,-1,-1,0.0
19120,-73.96823120117188,40.76490020751953,-73.98551940917969,40.77534866333008,521.29,2584,2584,-1.0,-1.0,-1,-1,0.0
19121,-73.98758697509766,40.728965759277344,-73.98809051513672,40.7208137512207,319.16,2584,2584,2611.85,2935.86,27.84999999999991,4.850000000000193,1.0151961398671518
19122,-73.95559692382812,40.76416778564453,-73.97107696533203,40.7450065612793,339.13,2585,2585,2631.24,2970.37,46.23999999999978,1.1368683772161603e-13,1.0000000000000004
19123,-74.0069808959961,40.72834777832031,-74.01531219482422,40.715797424316406,373.13,2585,2585,-1.0,-1.0,-1,-1,0.0
19124,-73.96327209472656,40.793846130371094,-73.97339630126955,40.792724609375,208.16,2585,2585,-1.0,-1.0,-1,-1,0.0
19125,-73.95748901367188,40.779441833496094,-73.97332763671875,40.764102935791016,530.09,2585,2585,2622.89,3215.94,37.88999999999987,62.96000000000015,1.118772283951782
19126,-73.9664306640625,40.764747619628906,-73.97610473632812,40.749866485595696,467.43,2585,2585,2627.33,3094.76,42.32999999999993,2.8421709430404007e-13,1.0000000000000007
19127,-73.96537017822266,40.76617050170898,-73.98236083984375,40.77302932739258,553.12,2585,2585,-1.0,-1.0,-1,-1,0.0
19128,-73.96794891357422,40.76569366455078,-73.98301696777342,40.76663589477539,516.54,2585,2585,2642.16,3158.7,57.159999999999854,0.0,1.0
19129,-73.97242736816406,40.7866096496582,-73.9513168334961,40.785980224609375,440.95,2585,2585,2736.66,3177.6099999999997,151.65999999999985,-1.7053025658242404e-13,0.9999999999999997
19130,-73.97366333007811,40.763008117675774,-73.98717498779298,40.76542282104492,389.0,2585,2585,-1.0,-1.0,-1,-1,0.0
19131,-73.95780944824219,40.77634048461913,-73.98739624023438,40.7489013671875,1169.72,2586,2586,-1.0,-1.0,-1,-1,0.0
19132,-73.98272705078125,40.77153778076172,-73.96116638183594,40.76066970825195,844.13,2586,2586,2637.04,3481.17,51.039999999999964,1.1368683772161603e-13,1.0000000000000002
19133,-73.99043273925781,40.75130462646485,-73.98873901367188,40.74293899536133,343.07,2586,2586,-1.0,-1.0,-1,-1,0.0
19134,-73.98519134521484,40.75078582763672,-73.98108673095702,40.7815818786621,855.04,2586,2586,2620.53,3557.55,34.5300000000002,81.98000000000002,1.0958785553892216
19135,-73.95191192626955,40.7692985534668,-73.96452331542969,40.75580978393555,398.32,2586,2586,-1.0,-1.0,-1,-1,0.0
19136,-73.9795913696289,40.75496292114258,-73.98568725585938,40.736061096191406,534.39,2586,2586,2629.12,3170.42,43.11999999999989,6.9100000000001955,1.0129306311869613
19137,-73.94895172119139,40.828460693359375,-73.93318176269531,40.85004806518555,369.1,2586,2586,2905.42,3274.52,319.4200000000001,-1.1368683772161603e-13,0.9999999999999997
19138,-74.00371551513672,40.732154846191406,-74.0033645629883,40.708194732666016,757.34,2586,2586,2610.9900000000002,3368.33,24.990000000000236,-3.410605131648481e-13,0.9999999999999996
19139,-73.95845031738281,40.77571868896485,-73.96813201904298,40.76501846313477,384.08,2586,2586,-1.0,-1.0,-1,-1,0.0
19140,-73.98670196533203,40.76163101196289,-73.9625015258789,40.76231384277344,752.69,2586,2586,2624.8399999999997,3377.5299999999997,38.83999999999969,0.0,1.0
19141,-74.00203704833984,40.72822570800781,-73.99705505371094,40.74152755737305,335.7,2587,2587,-1.0,-1.0,-1,-1,0.0
19142,-73.99336242675781,40.74724197387695,-73.99079132080078,40.73982238769531,235.95,2587,2587,2644.84,2880.79,57.840000000000146,-1.7053025658242404e-13,0.9999999999999992
19143,-73.9586410522461,40.778419494628906,-73.98554992675781,40.74333953857422,1090.38,2587,2587,2702.16,3792.54,115.15999999999985,0.0,1.0
19144,-73.98133850097656,40.78104782104492,-73.96601867675781,40.79570770263672,415.38,2587,2587,2648.33,3063.71,61.32999999999993,1.1368683772161603e-13,1.0000000000000002
19145,-74.00051116943358,40.74762344360352,-74.00354766845702,40.7253532409668,583.83,2587,2587,-1.0,-1.0,-1,-1,0.0
19146,-74.00265502929686,40.74479675292969,-74.00641632080078,40.73882293701172,227.56,2587,2587,-1.0,-1.0,-1,-1,0.0
19147,-74.006103515625,40.735023498535156,-73.98802947998048,40.720680236816406,822.89,2587,2587,2801.08,3623.9700000000003,214.07999999999993,3.410605131648481e-13,1.0000000000000004
19148,-73.9974365234375,40.733489990234375,-74.00333404541014,40.73530960083008,262.92,2587,2587,2619.259999999999,2882.179999999999,32.259999999998854,5.684341886080802e-14,1.0000000000000002
19149,-73.98860931396483,40.75029754638672,-74.00284576416014,40.7604866027832,548.54,2587,2587,-1.0,-1.0,-1,-1,0.0
19150,-73.99506378173827,40.71851348876953,-73.98311614990234,40.71913528442383,455.23,2587,2587,2704.12,3159.35,117.11999999999989,0.0,1.0
19151,-73.9957275390625,40.76465225219727,-73.98774719238281,40.755897521972656,486.01,2587,2587,-1.0,-1.0,-1,-1,0.0
19152,-73.98188781738281,40.72535705566406,-74.0037384033203,40.72850036621094,616.77,2587,2587,2711.87,3328.64,124.86999999999989,0.0,1.0
19153,-73.95411682128906,40.77869033813477,-73.9415054321289,40.81020736694336,582.37,2588,2588,2620.41,3202.78,32.409999999999854,3.410605131648481e-13,1.0000000000000007
19154,-73.99762725830078,40.723388671875,-73.9361572265625,40.794769287109375,1541.02,2588,2588,-1.0,-1.0,-1,-1,0.0
19155,-73.97888946533203,40.720115661621094,-73.97966766357422,40.73289108276367,368.96,2588,2588,-1.0,-1.0,-1,-1,0.0
19156,-73.97956848144531,40.76588821411133,-73.987548828125,40.769676208496094,262.55,2588,2588,-1.0,-1.0,-1,-1,0.0
19157,-73.99320983886719,40.73672103881836,-73.98580169677734,40.72687149047852,439.45,2588,2588,-1.0,-1.0,-1,-1,0.0
19158,-73.98573303222656,40.75284957885742,-73.9856185913086,40.74237823486328,401.52,2588,2588,-1.0,-1.0,-1,-1,0.0
19159,-73.994873046875,40.750221252441406,-73.98863983154298,40.72735977172852,937.14,2588,2588,-1.0,-1.0,-1,-1,0.0
19160,-73.97691345214844,40.7557487487793,-73.97985076904298,40.77265930175781,532.93,2588,2588,2647.12,3180.05,59.11999999999989,3.410605131648481e-13,1.0000000000000007
19161,-73.94600677490234,40.77568054199219,-73.97671508789062,40.75234603881836,893.3,2589,2589,-1.0,-1.0,-1,-1,0.0
19162,-73.99268341064453,40.748401641845696,-74.0117645263672,40.70501327514648,1166.62,2589,2589,2634.17,3800.7900000000004,45.17000000000007,4.547473508864641e-13,1.0000000000000004
19163,-74.0004653930664,40.73738479614258,-74.00370788574219,40.75077819824219,422.32,2589,2589,2627.42,3128.12,38.42000000000007,78.37999999999982,1.185593862473953
19164,-73.96833038330078,40.76518249511719,-73.98283386230467,40.75944900512695,656.3,2589,2589,2636.06,3293.94,47.059999999999945,1.5800000000001546,1.0024074356239527
19165,-73.99119567871094,40.750389099121094,-73.97628021240234,40.741943359375,659.41,2590,2590,-1.0,-1.0,-1,-1,0.0
19166,-73.95447540283203,40.76411437988281,-73.95578002929686,40.7820701599121,562.25,2590,2590,2610.0,3176.12,20.0,3.869999999999891,1.0068830591373943
19167,-73.99132537841797,40.73308181762695,-74.0006332397461,40.726070404052734,296.0,2590,2590,-1.0,-1.0,-1,-1,0.0
19168,-73.9716796875,40.79455947875977,-73.95248413085938,40.78962326049805,599.57,2590,2590,2624.78,3247.01,34.7800000000002,22.659999999999968,1.0377937521890688
19169,-74.00074768066406,40.71677780151367,-73.99684143066406,40.71351623535156,274.99,2590,2590,2797.09,3072.08,207.09000000000015,-2.2737367544323206e-13,0.9999999999999992
19170,-73.9737777709961,40.77919006347656,-73.98284149169923,40.751331329345696,909.78,2590,2590,-1.0,-1.0,-1,-1,0.0
19171,-73.99576568603516,40.714256286621094,-74.00188446044923,40.75092315673828,1024.94,2590,2590,2718.84,3743.7800000000007,128.84000000000015,4.547473508864641e-13,1.0000000000000004
19172,-73.97388458251955,40.7630615234375,-73.97772216796875,40.786842346191406,738.53,2590,2590,2630.29,3430.11,40.289999999999964,61.29000000000019,1.0829891812113255
19173,-73.98462677001955,40.74262619018555,-73.9781951904297,40.751163482666016,249.16,2590,2590,-1.0,-1.0,-1,-1,0.0
19174,-74.0006103515625,40.75776290893555,-73.98594665527344,40.758880615234375,480.97,2591,2591,-1.0,-1.0,-1,-1,0.0
19175,-73.98483276367188,40.75015640258789,-73.977294921875,40.7263069152832,721.38,2591,2591,-1.0,-1.0,-1,-1,0.0
19176,-73.99615478515625,40.743408203125,-74.00608825683594,40.72391128540039,377.12,2591,2591,-1.0,-1.0,-1,-1,0.0
19177,-73.9845962524414,40.74541091918945,-73.9623794555664,40.76736068725585,755.62,2591,2591,-1.0,-1.0,-1,-1,0.0
19178,-73.95865631103516,40.76485824584961,-73.97998046875,40.77799987792969,710.63,2591,2591,2649.92,3411.96,58.92000000000007,51.40999999999997,1.0723442579119935
19179,-73.99017333984375,40.74076843261719,-73.9844970703125,40.72563171386719,563.12,2591,2591,-1.0,-1.0,-1,-1,0.0
19180,-73.98289489746094,40.745033264160156,-73.982421875,40.75477981567383,398.92,2592,2592,-1.0,-1.0,-1,-1,0.0
19181,-73.9724349975586,40.78094100952149,-73.97075653076173,40.79425048828125,278.57,2592,2592,2622.07,2951.95,30.070000000000164,51.30999999999966,1.184190688157374
19182,-73.98448181152342,40.74588012695313,-74.00668334960938,40.73630905151367,654.83,2592,2592,-1.0,-1.0,-1,-1,0.0
19183,-73.96946716308594,40.76050567626953,-73.96552276611328,40.75669479370117,210.08,2592,2592,-1.0,-1.0,-1,-1,0.0
19184,-73.98222351074219,40.76832962036133,-73.99187469482422,40.769752502441406,338.78,2592,2592,-1.0,-1.0,-1,-1,0.0
19185,-73.97838592529298,40.74838638305664,-73.9898681640625,40.75226974487305,484.78,2592,2592,2639.46,3143.12,47.460000000000036,18.87999999999988,1.0389455010520234
19186,-74.00285339355469,40.73107147216797,-73.96976470947266,40.765937805175774,1093.36,2592,2592,-1.0,-1.0,-1,-1,0.0
19187,-73.95523071289062,40.77993774414063,-73.9462890625,40.772945404052734,340.95,2593,2593,2618.78,3051.03,25.7800000000002,91.30000000000001,1.2677811995893826
19188,-73.97003173828125,40.768741607666016,-73.98233032226562,40.76805114746094,380.79,2593,2593,2616.46,3024.92,23.460000000000036,27.670000000000016,1.072664723338323
19189,-73.95633697509766,40.775657653808594,-73.95874786376955,40.78080368041992,192.49,2593,2593,2633.4,2825.89,40.40000000000009,-2.2737367544323206e-13,0.9999999999999988
19190,-74.01276397705078,40.71697235107422,-74.00370025634766,40.73854064941406,411.76,2593,2593,2623.54,3035.3,30.539999999999964,2.2737367544323206e-13,1.0000000000000004
19191,-73.9875717163086,40.74089050292969,-73.99881744384766,40.73418045043945,325.79,2593,2593,-1.0,-1.0,-1,-1,0.0
19192,-73.97059631347656,40.7567138671875,-74.00416564941406,40.73122024536133,1050.0,2593,2593,-1.0,-1.0,-1,-1,0.0
19193,-73.99363708496094,40.7518310546875,-73.97442626953125,40.747657775878906,632.26,2593,2593,-1.0,-1.0,-1,-1,0.0
19194,-74.0037841796875,40.72611618041992,-74.00269317626955,40.74972915649415,548.16,2593,2593,2720.17,3268.33,127.17000000000007,-1.1368683772161603e-13,0.9999999999999998
19195,-73.968994140625,40.7611198425293,-73.98033142089844,40.78036880493164,735.5,2594,2594,-1.0,-1.0,-1,-1,0.0
19196,-73.9840087890625,40.73756408691406,-74.00684356689453,40.70594024658203,779.03,2594,2594,2649.83,3465.11,55.82999999999993,36.25000000000023,1.046532225973326
19197,-73.97941589355469,40.756309509277344,-73.9810562133789,40.742012023925774,453.12,2594,2594,2617.33,3133.33,23.329999999999927,62.879999999999995,1.138771186440678
19198,-73.98825073242188,40.72368621826172,-73.98377227783203,40.762054443359375,1188.09,2594,2594,2813.35,4001.4400000000005,219.3499999999999,6.821210263296962e-13,1.0000000000000007
19199,-73.94683074951173,40.77220153808594,-73.95406341552734,40.78160095214844,358.86,2594,2594,2645.21,3004.07,51.210000000000036,1.1368683772161603e-13,1.0000000000000002
19200,-73.9823226928711,40.76313018798828,-73.99114990234375,40.75038146972656,422.49,2594,2594,-1.0,-1.0,-1,-1,0.0
19201,-73.98882293701173,40.73651123046875,-73.98787689208984,40.744178771972656,305.21,2595,2595,-1.0,-1.0,-1,-1,0.0
19202,-73.9875717163086,40.77522659301758,-73.94202423095702,40.786933898925774,1059.06,2595,2595,2645.12,3752.3800000000006,50.11999999999989,48.20000000000073,1.0455120578626336
19203,-73.98560333251955,40.75281143188477,-73.97339630126955,40.748477935791016,428.84,2595,2595,-1.0,-1.0,-1,-1,0.0
19204,-73.99192047119139,40.74979019165039,-73.98932647705078,40.738990783691406,332.28,2595,2595,-1.0,-1.0,-1,-1,0.0
19205,-73.96238708496094,40.76740646362305,-73.9516067504883,40.783653259277344,298.22,2596,2596,2651.37,2949.59,55.36999999999989,2.2737367544323206e-13,1.0000000000000007
19206,-74.01082611083984,40.74700546264648,-73.99453735351562,40.7504768371582,369.48,2596,2596,2610.0,2979.48,14.0,0.0,1.0
19207,-73.95539093017578,40.76430130004883,-73.9842071533203,40.75715255737305,923.75,2596,2596,-1.0,-1.0,-1,-1,0.0
19208,-73.97024536132812,40.79926681518555,-73.97856903076173,40.78321075439453,381.41,2596,2596,2624.35,3084.63,28.34999999999991,78.87000000000018,1.2067853490993947
19209,-74.00848388671875,40.7464256286621,-73.97347259521484,40.783653259277344,866.58,2596,2596,2615.33,3518.94,19.329999999999927,37.030000000000086,1.0427311961965429
19210,-73.99744415283203,40.72450256347656,-73.97457122802734,40.7567253112793,1054.19,2596,2596,2610.89,3665.08,14.889999999999873,0.0,1.0
19211,-73.98101806640625,40.74991226196289,-73.9820556640625,40.7391471862793,304.45,2596,2596,-1.0,-1.0,-1,-1,0.0
19212,-73.97920989990234,40.74699783325195,-73.97743225097656,40.764068603515625,661.39,2596,2596,-1.0,-1.0,-1,-1,0.0
19213,-73.99170684814453,40.733497619628906,-74.00028228759766,40.72653579711913,260.71,2596,2596,2641.38,2902.09,45.38000000000011,5.684341886080802e-14,1.0000000000000002
19214,-73.99063110351562,40.76760864257813,-73.98648834228516,40.75255966186523,656.95,2597,2597,2616.93,3368.46,19.929999999999836,94.58000000000015,1.1439683385341353
19215,-73.95279693603516,40.783016204833984,-73.94499206542969,40.78022384643555,274.71,2597,2597,2632.39,2965.92,35.38999999999987,58.82000000000022,1.2141167048887926
19216,-73.97503662109375,40.788028717041016,-73.99211883544923,40.730293273925774,1508.36,2597,2597,2648.84,4168.99,51.840000000000146,11.789999999999736,1.0078164363944946
19217,-73.9848098754883,40.77423477172852,-73.97457122802734,40.78822326660156,267.07,2597,2597,2625.37,2892.44,28.36999999999989,1.7053025658242404e-13,1.0000000000000007
19218,-73.9871597290039,40.755279541015625,-73.97856903076173,40.75398635864258,340.45,2597,2597,-1.0,-1.0,-1,-1,0.0
19219,-73.99485015869139,40.74031066894531,-73.97337341308594,40.74828720092773,672.61,2598,2598,2624.7000000000003,3387.86,26.700000000000273,90.54999999999984,1.1346248197320883
19220,-73.99800109863281,40.740970611572266,-74.00592041015625,40.73466491699219,253.5,2598,2598,-1.0,-1.0,-1,-1,0.0
19221,-73.97888946533203,40.71954727172852,-73.98880004882812,40.7412338256836,790.44,2598,2598,-1.0,-1.0,-1,-1,0.0
19222,-74.00692749023438,40.71184921264648,-73.97364044189453,40.75159072875977,1095.17,2598,2598,-1.0,-1.0,-1,-1,0.0
19223,-73.97859954833984,40.77727127075195,-73.96092987060547,40.7752799987793,475.1,2598,2598,-1.0,-1.0,-1,-1,0.0
19224,-73.96405029296875,40.771202087402344,-73.98388671875,40.75569534301758,750.3,2598,2598,-1.0,-1.0,-1,-1,0.0
19225,-73.9625015258789,40.76652145385742,-74.00332641601562,40.74102020263672,1254.84,2598,2598,2715.58,3970.42,117.57999999999993,2.2737367544323206e-13,1.0000000000000002
19226,-74.00608825683594,40.71480941772461,-73.96041107177734,40.76966857910156,1475.39,2598,2598,2783.05,4258.44,185.05000000000018,-6.821210263296962e-13,0.9999999999999996
19227,-73.9697036743164,40.78466033935547,-73.95697784423827,40.8022689819336,365.43,2599,2599,2624.25,2989.68,25.25,-1.7053025658242404e-13,0.9999999999999996
19228,-73.95008087158203,40.776100158691406,-73.95049285888672,40.78316879272461,180.32,2599,2599,2635.54,2815.86,36.539999999999964,1.7053025658242404e-13,1.0000000000000009
19229,-73.98101806640625,40.78522491455078,-73.97798156738281,40.7539291381836,1031.87,2599,2599,2624.08,3655.95,25.079999999999927,0.0,1.0
19230,-73.99064636230467,40.74909973144531,-73.98179626464844,40.78179931640625,920.93,2599,2599,2650.96,3571.89,51.960000000000036,-1.1368683772161603e-13,0.9999999999999999
19231,-73.98650360107422,40.740249633789055,-73.99996185302734,40.74274063110352,389.4,2599,2599,2622.77,3012.17,23.769999999999982,1.1368683772161603e-13,1.0000000000000002
19232,-74.00846099853516,40.7209587097168,-74.00038146972656,40.73469924926758,382.87,2599,2599,2644.09,3026.96,45.090000000000146,-1.1368683772161603e-13,0.9999999999999997
19233,-73.98370361328125,40.75609970092773,-73.97171020507811,40.75077819824219,501.92,2599,2599,-1.0,-1.0,-1,-1,0.0
19234,-73.9662094116211,40.76873016357422,-73.99072265625,40.7558708190918,949.27,2599,2599,2616.11,3574.63,17.110000000000127,9.25,1.0097443298534663
19235,-73.97055053710938,40.76485061645508,-73.96292114257811,40.77225875854492,224.76,2599,2599,2621.48,2846.24,22.480000000000018,-2.2737367544323206e-13,0.999999999999999
19236,-73.98565673828125,40.78062057495117,-73.95510864257811,40.805976867675774,760.08,2599,2599,-1.0,-1.0,-1,-1,0.0
19237,-73.99038696289062,40.73722839355469,-73.9920196533203,40.76422882080078,811.44,2600,2600,2659.86,3471.3,59.86000000000013,0.0,1.0
19238,-73.9837875366211,40.76549911499024,-73.98310089111328,40.771671295166016,192.31,2600,2600,-1.0,-1.0,-1,-1,0.0
19239,-73.99694061279298,40.74219131469727,-73.98941040039062,40.74382019042969,250.79,2600,2600,-1.0,-1.0,-1,-1,0.0
19240,-73.99861145019531,40.71715927124024,-73.98139953613281,40.74214172363281,715.03,2600,2600,-1.0,-1.0,-1,-1,0.0
19241,-73.953857421875,40.76697540283203,-73.95777130126955,40.7796630859375,417.31,2600,2600,2619.65,3038.37,19.65000000000009,1.4099999999997976,1.0033787831588024
19242,-73.98399353027342,40.74237060546875,-73.96708679199219,40.79518127441406,1275.65,2600,2600,2625.32,3900.9700000000003,25.320000000000164,0.0,1.0
19243,-74.00740051269531,40.70500946044922,-74.00897216796875,40.72637939453125,607.83,2600,2600,-1.0,-1.0,-1,-1,0.0
19244,-73.96536254882812,40.774818420410156,-73.97234344482422,40.7652702331543,256.64,2600,2600,2652.76,2909.4,52.76000000000022,-1.1368683772161603e-13,0.9999999999999996
19245,-73.9988555908203,40.73476791381836,-73.99274444580078,40.747913360595696,394.28,2600,2600,2645.45,3099.65,45.44999999999982,59.9200000000003,1.1519732170031458
19246,-74.0016098022461,40.730712890625,-74.00527954101562,40.748138427734375,502.4,2600,2600,2611.18,3216.87,11.179999999999836,103.29000000000008,1.2055931528662422
19247,-73.98150634765625,40.7471809387207,-73.99015045166014,40.75096130371094,292.37,2601,2601,2619.9900000000002,2912.36,18.990000000000236,-1.1368683772161603e-13,0.9999999999999996
19248,-73.97776794433594,40.746498107910156,-73.98621368408203,40.750221252441406,384.99,2601,2601,-1.0,-1.0,-1,-1,0.0
19249,-73.98606872558594,40.74085998535156,-73.96634674072266,40.75994110107422,633.07,2601,2601,2649.2,3346.95,48.19999999999982,64.67999999999995,1.1021687964995972
19250,-73.95806121826173,40.80038070678711,-73.94956970214845,40.77695846557617,706.79,2601,2601,2836.0,3542.79,235.0,0.0,1.0
19251,-73.98409271240234,40.75820541381836,-73.97804260253906,40.75379180908203,321.49,2601,2601,-1.0,-1.0,-1,-1,0.0
19252,-73.9729766845703,40.79320907592773,-73.97125244140625,40.7827377319336,302.33,2601,2601,2631.3799999999997,2933.71,30.379999999999654,3.979039320256561e-13,1.0000000000000013
19253,-73.97904968261719,40.75596618652344,-73.98026275634766,40.748699188232415,267.75,2601,2601,-1.0,-1.0,-1,-1,0.0
19254,-73.9937744140625,40.72707748413085,-73.97837829589844,40.75156784057617,670.23,2601,2601,-1.0,-1.0,-1,-1,0.0
19255,-73.97876739501955,40.74100875854492,-73.9900131225586,40.72544860839844,311.27,2601,2601,2610.0,2921.27,9.0,0.0,1.0
19256,-74.0102005004883,40.72001647949219,-73.97821044921875,40.75236892700195,1104.06,2602,2602,2820.97,3925.03,218.9699999999998,4.547473508864641e-13,1.0000000000000004
19257,-73.97697448730467,40.73892211914063,-73.93891906738281,40.82201766967773,1426.81,2602,2602,2610.12,4036.9300000000003,8.11999999999989,4.547473508864641e-13,1.0000000000000002
19258,-73.99852752685547,40.72613143920898,-73.98074340820312,40.72977066040039,503.41,2602,2602,2622.84,3154.09,20.840000000000146,27.839999999999975,1.0553028346675672
19259,-74.01554107666014,40.71451187133789,-73.998046875,40.75677108764648,665.43,2602,2602,2621.31,3286.74,19.309999999999945,-1.1368683772161603e-13,0.9999999999999998
19260,-73.94613647460938,40.777359008789055,-73.97697448730467,40.74343872070313,750.79,2602,2602,2634.83,3451.66,32.82999999999993,66.03999999999996,1.0879606814155756
19261,-73.96810150146483,40.75577926635742,-74.01593780517578,40.71168899536133,1015.54,2602,2602,-1.0,-1.0,-1,-1,0.0
19262,-73.98885345458984,40.77780151367188,-73.99378204345702,40.72010040283203,1586.55,2602,2602,-1.0,-1.0,-1,-1,0.0
19263,-73.98295593261719,40.7436752319336,-73.95307159423827,40.781009674072266,938.84,2602,2602,2612.39,3582.97,10.389999999999873,31.739999999999895,1.0338076775595415
19264,-73.95889282226562,40.77510070800781,-73.9947280883789,40.7187385559082,1468.68,2602,2602,2678.83,4147.51,76.82999999999993,2.2737367544323206e-13,1.0000000000000002
19265,-73.9815673828125,40.74683380126953,-73.98037719726562,40.785343170166016,1149.58,2602,2602,-1.0,-1.0,-1,-1,0.0
19266,-74.00461578369139,40.73033905029297,-74.00462341308595,40.72246551513672,207.0,2603,2603,2711.95,2918.95,108.94999999999982,0.0,1.0
19267,-73.96693420410156,40.772403717041016,-73.9541473388672,40.78446960449219,357.22,2603,2603,-1.0,-1.0,-1,-1,0.0
19268,-73.97915649414062,40.76176834106445,-73.96942901611328,40.80198287963867,948.21,2603,2603,2620.71,3666.34,17.710000000000036,97.42000000000007,1.1027409540080784
19269,-73.95507049560547,40.78299331665039,-73.98406219482422,40.722312927246094,1291.24,2603,2603,2624.71,3915.95,21.710000000000036,-2.2737367544323206e-13,0.9999999999999998
19270,-73.97206115722656,40.7603759765625,-73.98265075683594,40.78506088256836,882.87,2603,2603,2625.21,3531.37,22.210000000000036,23.28999999999985,1.0263798747267432
19271,-73.99699401855469,40.72576141357422,-74.00871276855469,40.741920471191406,572.2,2603,2603,-1.0,-1.0,-1,-1,0.0
19272,-73.97931671142578,40.73590469360352,-73.9826431274414,40.750503540039055,634.32,2603,2603,2641.34,3275.66,38.340000000000146,-3.410605131648481e-13,0.9999999999999994
19273,-73.95531463623048,40.80458068847656,-73.98099517822266,40.78833770751953,614.92,2603,2603,2899.03,3513.9500000000003,296.0300000000002,1.1368683772161603e-13,1.0000000000000002
19274,-74.00318145751955,40.72746658325195,-73.9930419921875,40.71787643432617,560.79,2603,2603,-1.0,-1.0,-1,-1,0.0
19275,-74.0020751953125,40.74549102783203,-73.99002838134766,40.76696014404297,459.38,2603,2603,2639.34,3126.46,36.340000000000146,27.739999999999895,1.0603857372980972
19276,-74.01473236083984,40.7099494934082,-73.9783935546875,40.75738143920898,1327.08,2603,2603,-1.0,-1.0,-1,-1,0.0
19277,-73.97689056396483,40.7641487121582,-73.97637939453125,40.759143829345696,217.12,2604,2604,-1.0,-1.0,-1,-1,0.0
19278,-73.99380493164062,40.74661636352539,-73.98931121826173,40.71824645996094,1047.3,2604,2604,2610.0,3681.22,6.0,23.919999999999845,1.0228396829943662
19279,-73.97781372070312,40.766395568847656,-73.97999572753906,40.777915954589844,296.66,2604,2604,-1.0,-1.0,-1,-1,0.0
19280,-73.97379302978516,40.78424072265625,-73.98172760009766,40.77347183227539,224.51,2604,2604,2636.91,2861.42,32.909999999999854,2.2737367544323206e-13,1.000000000000001
19281,-74.00406646728516,40.71316909790039,-73.9581527709961,40.759780883789055,1196.16,2604,2604,-1.0,-1.0,-1,-1,0.0
19282,-73.98845672607422,40.75910949707031,-73.9653091430664,40.76890182495117,667.98,2605,2605,-1.0,-1.0,-1,-1,0.0
19283,-74.000732421875,40.725887298583984,-73.99156951904298,40.74250793457031,402.99,2605,2605,2663.86,3066.85,58.86000000000013,-2.2737367544323206e-13,0.9999999999999994
19284,-73.97924041748048,40.78703308105469,-73.99634552001955,40.76491928100585,424.66,2605,2605,-1.0,-1.0,-1,-1,0.0
19285,-73.95458984375,40.76715087890625,-73.96546173095702,40.76885986328125,380.38,2605,2605,2641.17,3021.55,36.17000000000007,1.1368683772161603e-13,1.0000000000000002
19286,-73.9933853149414,40.74213790893555,-73.95394134521484,40.80550384521485,1523.44,2605,2605,-1.0,-1.0,-1,-1,0.0
19287,-73.993408203125,40.74210739135742,-74.0041732788086,40.751060485839844,415.7,2605,2605,-1.0,-1.0,-1,-1,0.0
19288,-73.97942352294923,40.76158142089844,-74.00794982910156,40.751930236816406,914.35,2605,2605,2631.71,3546.06,26.710000000000036,-1.1368683772161603e-13,0.9999999999999999
19289,-73.95867919921875,40.7648811340332,-73.97904968261719,40.780086517333984,762.18,2606,2606,2659.78,3421.96,53.7800000000002,-1.1368683772161603e-13,0.9999999999999999
19290,-73.95995330810547,40.77659606933594,-73.95934295654298,40.76726913452149,331.73,2606,2606,-1.0,-1.0,-1,-1,0.0
19291,-74.00550079345702,40.751136779785156,-73.99385070800781,40.76197814941406,329.42,2606,2606,2746.03,3075.45,140.0300000000002,-3.979039320256561e-13,0.9999999999999988
19292,-73.97093200683594,40.78834915161133,-73.98674011230467,40.75928115844727,710.32,2606,2606,2672.74,3383.06,66.73999999999978,1.1368683772161603e-13,1.0000000000000002
19293,-73.9832534790039,40.73805618286133,-73.97745513916014,40.7266845703125,393.2,2606,2606,2631.5,3024.7,25.5,-1.7053025658242404e-13,0.9999999999999996
19294,-73.97341918945312,40.764259338378906,-73.98484802246094,40.74840545654297,449.0,2606,2606,2653.05,3102.05,47.05000000000018,0.0,1.0
19295,-73.96586608886719,40.76187133789063,-73.953857421875,40.7851791381836,507.29,2606,2606,-1.0,-1.0,-1,-1,0.0
19296,-73.9743881225586,40.75875473022461,-73.96107482910156,40.76905059814453,431.84,2606,2606,2641.84,3086.0,35.840000000000146,12.31999999999988,1.0285290848462392
19297,-74.00218963623048,40.7504997253418,-73.98890686035155,40.76488876342773,403.29,2607,2607,2636.5099999999998,3081.81,29.509999999999764,42.01000000000016,1.1041682164199464
19298,-73.94058990478516,40.79997634887695,-73.96589660644531,40.79523086547852,598.08,2607,2607,2781.95,3380.03,174.94999999999982,3.410605131648481e-13,1.0000000000000007
19299,-73.9625473022461,40.768310546875,-73.98477172851562,40.76409149169922,833.87,2607,2607,2651.02,3484.89,44.01999999999998,-1.1368683772161603e-13,0.9999999999999999
19300,-73.98202514648438,40.779151916503906,-73.98100280761719,40.78875732421875,309.66,2607,2607,2643.08,3007.95,36.07999999999993,55.209999999999866,1.1782923206097005
19301,-73.9854507446289,40.76828002929688,-73.9685821533203,40.78643035888672,511.08,2607,2607,2610.0,3121.08,3.0,-5.684341886080802e-14,0.9999999999999999
19302,-74.00984191894531,40.71159362792969,-73.9890899658203,40.74787902832031,769.11,2607,2607,-1.0,-1.0,-1,-1,0.0
19303,-74.00012969970702,40.74293899536133,-73.98902893066406,40.758148193359375,428.64,2607,2607,2613.33,3041.97,6.329999999999927,-1.1368683772161603e-13,0.9999999999999998
19304,-73.98208618164062,40.77497100830078,-73.95553588867188,40.76927947998047,757.67,2607,2607,2664.87,3422.54,57.86999999999989,1.1368683772161603e-13,1.0000000000000002
19305,-73.9994888305664,40.72684860229492,-73.97384643554686,40.7944564819336,1274.12,2608,2608,-1.0,-1.0,-1,-1,0.0
19306,-73.99823760986328,40.74554061889648,-73.99764251708984,40.75654983520508,287.83,2608,2608,-1.0,-1.0,-1,-1,0.0
19307,-73.979248046875,40.74428939819336,-73.96815490722656,40.75295639038085,360.39,2608,2608,2662.29,3022.6800000000003,54.289999999999964,3.410605131648481e-13,1.0000000000000009
19308,-73.96585083007811,40.758460998535156,-73.97280883789062,40.75561141967773,249.96,2608,2608,-1.0,-1.0,-1,-1,0.0
19309,-73.9716567993164,40.7505111694336,-73.98056030273438,40.72716522216797,558.99,2608,2608,-1.0,-1.0,-1,-1,0.0
19310,-74.00464630126955,40.74189376831055,-73.98313140869139,40.72236633300781,915.2,2608,2608,2629.9100000000003,3604.4,21.91000000000031,59.289999999999736,1.0647836538461535
19311,-74.0064697265625,40.73438262939453,-74.00166320800781,40.73158645629883,235.09,2608,2608,-1.0,-1.0,-1,-1,0.0
19312,-73.98137664794923,40.76200866699219,-73.95659637451173,40.77984619140625,795.84,2608,2608,-1.0,-1.0,-1,-1,0.0
19313,-74.00457000732422,40.75194549560547,-73.98861694335938,40.74862289428711,475.25,2608,2608,2646.08,3143.11,38.07999999999993,21.7800000000002,1.0458285113098373
19314,-73.99786376953125,40.72605895996094,-74.00589752197266,40.73303985595703,296.93,2608,2608,-1.0,-1.0,-1,-1,0.0
19315,-73.95336151123048,40.77154541015625,-73.9656753540039,40.762859344482415,470.96,2608,2608,-1.0,-1.0,-1,-1,0.0
19316,-73.9449234008789,40.7749137878418,-73.96194458007811,40.76408004760742,517.36,2608,2608,2661.03,3178.39,53.0300000000002,-3.410605131648481e-13,0.9999999999999993
19317,-73.96666717529298,40.76739883422852,-73.9560317993164,40.78469848632813,366.01,2608,2608,2710.72,3076.73,102.7199999999998,2.2737367544323206e-13,1.0000000000000007
19318,-73.99456787109375,40.75580596923828,-74.00164794921875,40.73089218139648,664.49,2609,2609,-1.0,-1.0,-1,-1,0.0
19319,-73.99030303955078,40.73468017578125,-73.98138427734375,40.742202758789055,297.53,2609,2609,2645.05,3014.04,36.05000000000018,71.45999999999981,1.2401774610963594
19320,-73.9962387084961,40.753360748291016,-73.97813415527344,40.748741149902344,617.42,2609,2609,-1.0,-1.0,-1,-1,0.0
19321,-74.00754547119139,40.743080139160156,-73.95361328125,40.80696487426758,1345.81,2609,2609,-1.0,-1.0,-1,-1,0.0
19322,-73.99041748046875,40.7510871887207,-73.98572540283203,40.75230407714844,222.25,2609,2609,2627.12,2849.37,18.11999999999989,0.0,1.0
19323,-73.99676513671875,40.75294876098633,-74.00181579589844,40.73939895629883,365.86,2610,2610,2630.1,3063.72,20.09999999999991,67.75999999999988,1.1852074564040886
19324,-73.9662551879883,40.77088928222656,-73.95591735839844,40.78054809570313,263.8,2610,2610,2668.93,2957.97,58.929999999999836,25.239999999999952,1.0956785443517814
19325,-73.95651245117188,40.77133560180664,-73.96168518066406,40.76770782470703,210.63,2610,2610,-1.0,-1.0,-1,-1,0.0
19326,-73.99101257324219,40.733901977539055,-73.99533081054686,40.72161865234375,403.01,2610,2610,2630.75,3033.7599999999998,20.75,-2.2737367544323206e-13,0.9999999999999994
19327,-73.9771957397461,40.774280548095696,-73.97236633300781,40.75633239746094,714.38,2610,2610,2619.11,3431.83,9.110000000000127,98.3399999999998,1.1376578291665498
19328,-73.96586608886719,40.76853942871094,-73.97637176513672,40.75198745727539,540.84,2610,2610,-1.0,-1.0,-1,-1,0.0
19329,-73.9549331665039,40.77731704711913,-73.95277404785155,40.79845809936523,508.87,2610,2610,2658.85,3167.7200000000003,48.84999999999991,3.410605131648481e-13,1.0000000000000007
19330,-74.0066680908203,40.74241638183594,-74.0013427734375,40.72417831420898,633.47,2611,2611,-1.0,-1.0,-1,-1,0.0
19331,-73.96806335449219,40.792152404785156,-73.98035430908203,40.775611877441406,299.58,2611,2611,2724.62,3024.2,113.61999999999989,-5.684341886080802e-14,0.9999999999999998
19332,-74.00678253173827,40.73027420043945,-73.9825210571289,40.741035461425774,720.37,2611,2611,-1.0,-1.0,-1,-1,0.0
19333,-73.94552612304686,40.77441787719727,-73.9669418334961,40.765052795410156,633.31,2611,2611,2743.33,3376.64,132.32999999999993,0.0,1.0
19334,-73.99444580078125,40.76623153686523,-73.97416687011719,40.7572021484375,749.62,2612,2612,-1.0,-1.0,-1,-1,0.0
19335,-73.99962615966798,40.71956634521485,-74.00438690185547,40.72106552124024,194.21,2612,2612,-1.0,-1.0,-1,-1,0.0
19336,-73.95862579345702,40.76474380493164,-73.98540496826173,40.73882293701172,782.92,2612,2612,-1.0,-1.0,-1,-1,0.0
19337,-73.97129821777344,40.74691009521485,-73.9602813720703,40.76207733154297,265.22,2612,2612,2645.78,2911.0,33.7800000000002,-2.2737367544323206e-13,0.9999999999999991
19338,-73.9810562133789,40.74760437011719,-73.99195098876955,40.7258415222168,617.51,2612,2612,-1.0,-1.0,-1,-1,0.0
19339,-74.00570678710938,40.740440368652344,-73.9876251220703,40.74474716186523,603.17,2612,2612,2661.39,3264.56,49.38999999999987,1.1368683772161603e-13,1.0000000000000002
19340,-73.96173095703125,40.76443099975585,-73.97225952148438,40.74533081054688,452.15,2612,2612,2661.4100000000003,3113.56,49.41000000000031,-3.410605131648481e-13,0.9999999999999992
19341,-73.99896240234375,40.719551086425774,-73.98830413818358,40.73771667480469,503.9,2613,2613,2769.5,3273.4,156.5,1.1368683772161603e-13,1.0000000000000002
19342,-73.97560119628906,40.78178024291992,-73.96209716796875,40.76763153076172,731.79,2613,2613,-1.0,-1.0,-1,-1,0.0
19343,-74.007568359375,40.74262237548828,-74.00491333007811,40.73174285888672,442.64,2613,2613,-1.0,-1.0,-1,-1,0.0
19344,-73.98770904541014,40.76533126831055,-73.98856353759766,40.760120391845696,224.28,2613,2613,-1.0,-1.0,-1,-1,0.0
19345,-73.96765899658203,40.75613021850585,-73.95811462402342,40.76873397827149,355.4,2613,2613,-1.0,-1.0,-1,-1,0.0
19346,-73.97799682617188,40.755027770996094,-73.9586639404297,40.76860046386719,602.48,2613,2613,-1.0,-1.0,-1,-1,0.0
19347,-73.99933624267578,40.73883819580078,-74.00743103027342,40.73291778564453,255.33,2613,2613,-1.0,-1.0,-1,-1,0.0
19348,-73.98384094238281,40.760459899902344,-73.95507049560547,40.7741584777832,935.17,2613,2613,-1.0,-1.0,-1,-1,0.0
19349,-73.98985290527344,40.76734924316406,-73.9495620727539,40.77672958374024,971.98,2614,2614,2646.74,3689.36,32.73999999999978,70.64000000000033,1.0726763925183649
19350,-73.96956634521484,40.7534065246582,-73.99264526367188,40.745113372802734,697.46,2614,2614,2795.84,3493.3,181.84000000000015,0.0,1.0
19351,-73.99136352539062,40.72386932373047,-74.00243377685547,40.72517395019531,333.29,2614,2614,2712.26,3045.5499999999997,98.26000000000022,-5.115907697472721e-13,0.9999999999999984
19352,-73.98223876953125,40.76847839355469,-73.98195648193358,40.7791404724121,352.19,2614,2614,-1.0,-1.0,-1,-1,0.0
19353,-73.9887466430664,40.719139099121094,-74.00666046142578,40.705390930175774,555.15,2614,2614,-1.0,-1.0,-1,-1,0.0
19354,-73.97586059570312,40.78893661499024,-73.97409057617188,40.796958923339844,205.58,2614,2614,2666.9300000000003,2899.83,52.93000000000029,27.319999999999624,1.1328923046988988
19355,-73.97821807861328,40.75136184692383,-73.99623107910156,40.71966552734375,939.68,2615,2615,2748.96,3688.64,133.96000000000004,-1.1368683772161603e-13,0.9999999999999999
19356,-73.9498519897461,40.77227020263672,-73.9555435180664,40.779579162597656,293.41,2615,2615,-1.0,-1.0,-1,-1,0.0
19357,-73.98641204833984,40.76728820800781,-73.96771240234375,40.7692985534668,535.6,2615,2615,-1.0,-1.0,-1,-1,0.0
19358,-74.00300598144531,40.74966049194336,-74.00817108154298,40.73807144165039,417.94,2615,2615,-1.0,-1.0,-1,-1,0.0
19359,-74.00579833984375,40.74042510986328,-73.97795104980467,40.7459831237793,813.57,2615,2615,2648.04,3461.61,33.039999999999964,1.1368683772161603e-13,1.0000000000000002
19360,-74.00016021728516,40.74246597290039,-73.97562408447266,40.749698638916016,694.98,2616,2616,2655.75,3389.98,39.75,39.25,1.0564764453653344
19361,-73.99494171142578,40.727851867675774,-74.00882720947266,40.73826217651367,576.5,2616,2616,2792.09,3368.59,176.09000000000015,0.0,1.0
19362,-73.99970245361328,40.727134704589844,-74.00754547119139,40.7408561706543,482.87,2616,2616,-1.0,-1.0,-1,-1,0.0
19363,-73.99585723876955,40.75387191772461,-73.98358154296875,40.773658752441406,558.03,2616,2616,-1.0,-1.0,-1,-1,0.0
19364,-73.95201873779298,40.76943588256836,-73.97166442871094,40.74551010131836,468.46,2616,2616,-1.0,-1.0,-1,-1,0.0
19365,-73.94823455810547,40.77447128295898,-73.98563385009766,40.758548736572266,1237.84,2616,2616,-1.0,-1.0,-1,-1,0.0
19366,-73.99131774902342,40.74510955810547,-73.9840316772461,40.75494003295898,274.75,2617,2617,-1.0,-1.0,-1,-1,0.0
19367,-73.97154998779298,40.76038360595703,-73.96095275878906,40.77505874633789,383.42,2617,2617,-1.0,-1.0,-1,-1,0.0
19368,-73.9716567993164,40.75091171264648,-73.98822021484375,40.74874877929688,655.7,2617,2617,-1.0,-1.0,-1,-1,0.0
19369,-74.00210571289062,40.73874282836913,-73.99028778076173,40.72580337524415,624.24,2617,2617,-1.0,-1.0,-1,-1,0.0
19370,-73.99188232421875,40.731929779052734,-74.0065155029297,40.71931457519531,587.13,2617,2617,2660.7200000000003,3247.8500000000004,43.720000000000255,1.1368683772161603e-13,1.0000000000000002
19371,-73.98253631591797,40.7730598449707,-73.98439788818358,40.74314880371094,1049.57,2617,2617,2752.87,3802.44,135.8699999999999,2.2737367544323206e-13,1.0000000000000002
19372,-73.96942138671875,40.75780487060547,-73.95022583007811,40.775554656982415,471.74,2617,2617,-1.0,-1.0,-1,-1,0.0
19373,-73.97677612304686,40.74759292602539,-73.967041015625,40.76117706298828,366.96,2617,2617,2657.38,3024.34,40.38000000000011,5.684341886080802e-14,1.0000000000000002
19374,-73.96478271484375,40.7671012878418,-73.96974945068358,40.7636604309082,195.74,2618,2618,-1.0,-1.0,-1,-1,0.0
19375,-73.96337890625,40.7747459411621,-73.95124816894531,40.78263473510742,311.36,2618,2618,-1.0,-1.0,-1,-1,0.0
19376,-73.99240112304686,40.74897766113281,-73.99469757080078,40.728111267089844,593.2,2618,2618,-1.0,-1.0,-1,-1,0.0
19377,-73.95993041992188,40.77788162231445,-73.95812225341797,40.7736701965332,189.59,2618,2618,2664.56,2854.15,46.559999999999945,1.4210854715202004e-13,1.0000000000000007
19378,-73.9815673828125,40.75263595581055,-73.99593353271484,40.75397491455078,436.17,2618,2618,2645.22,3132.18,27.2199999999998,50.79000000000002,1.1164454226563039
19379,-73.97870635986328,40.75074005126953,-73.99651336669923,40.73212814331055,625.87,2618,2618,2654.3399999999997,3314.33,36.33999999999969,34.12000000000023,1.054516113569911
19380,-73.99159240722656,40.731609344482415,-73.98980712890625,40.72060012817383,452.24,2618,2618,-1.0,-1.0,-1,-1,0.0
19381,-73.9821014404297,40.77425384521485,-73.95411682128906,40.78223419189453,745.33,2618,2618,2651.0,3407.1600000000003,33.0,10.830000000000268,1.014530476433258
19382,-73.99127960205078,40.73957443237305,-73.98160552978516,40.76313400268555,777.56,2618,2618,-1.0,-1.0,-1,-1,0.0
19383,-73.98506164550781,40.77397155761719,-73.99189758300781,40.76311111450195,373.58,2618,2618,-1.0,-1.0,-1,-1,0.0
19384,-73.9852523803711,40.741981506347656,-74.0077896118164,40.74053955078125,695.51,2619,2619,-1.0,-1.0,-1,-1,0.0
19385,-73.98301696777342,40.766300201416016,-73.98177337646483,40.78350830078125,476.09,2619,2619,-1.0,-1.0,-1,-1,0.0
19386,-73.97967529296875,40.73476791381836,-73.95457458496094,40.769920349121094,579.43,2619,2619,2640.7999999999997,3220.23,21.799999999999727,3.410605131648481e-13,1.0000000000000007
19387,-74.00560760498048,40.75094223022461,-73.99476623535155,40.75037384033203,300.34,2619,2619,2746.03,3046.37,127.0300000000002,-2.8421709430404007e-13,0.999999999999999
19388,-73.97457885742188,40.757286071777344,-74.00393676757811,40.74023818969727,989.6,2619,2619,-1.0,-1.0,-1,-1,0.0
19389,-73.98651885986328,40.76078414916992,-73.98336791992188,40.754638671875,324.86,2619,2619,-1.0,-1.0,-1,-1,0.0
19390,-73.96587371826173,40.76208114624024,-73.97899627685547,40.77224349975585,488.87,2619,2619,-1.0,-1.0,-1,-1,0.0
19391,-73.99654388427734,40.723945617675774,-74.01121520996094,40.71559143066406,580.18,2619,2619,2832.33,3412.51,213.32999999999993,3.410605131648481e-13,1.0000000000000007
19392,-73.95509338378906,40.77939987182617,-73.95562744140625,40.770938873291016,247.05,2619,2619,2667.15,2914.2,48.15000000000009,-2.8421709430404007e-13,0.9999999999999989
19393,-73.9538803100586,40.766849517822266,-73.9754409790039,40.7636604309082,693.19,2620,2620,2647.71,3367.01,27.710000000000036,26.110000000000127,1.0376664406584055
19394,-73.99195861816406,40.74257278442383,-73.98131561279298,40.7380485534668,316.11,2620,2620,2640.0,2956.11,20.0,1.1368683772161603e-13,1.0000000000000004
19395,-73.96916961669923,40.75369644165039,-73.97062683105469,40.745601654052734,263.45,2620,2620,-1.0,-1.0,-1,-1,0.0
19396,-73.95077514648438,40.7750129699707,-74.00857543945312,40.74556350708008,1459.85,2620,2620,2647.2,4164.29,27.199999999999818,57.24000000000024,1.0392095078261467
19397,-74.01521301269531,40.71464538574219,-73.95524597167969,40.76898956298828,1247.6,2620,2620,-1.0,-1.0,-1,-1,0.0
19398,-74.00347137451173,40.72697830200195,-73.9854965209961,40.75505447387695,700.87,2620,2620,-1.0,-1.0,-1,-1,0.0
19399,-73.98214721679686,40.77370834350585,-73.97499084472656,40.78786849975585,275.96,2620,2620,2654.25,2960.78,34.25,30.57000000000022,1.1107769241919128
19400,-74.00760650634766,40.74098205566406,-73.9872817993164,40.72836685180664,751.41,2620,2620,-1.0,-1.0,-1,-1,0.0
19401,-73.99370574951173,40.767173767089844,-74.004638671875,40.75223922729492,270.51,2620,2620,2677.8,3001.02,57.80000000000018,52.70999999999981,1.1948541643562154
19402,-74.0152816772461,40.70941925048828,-73.99060821533203,40.7564811706543,965.3,2620,2620,-1.0,-1.0,-1,-1,0.0
19403,-74.01045227050781,40.71026992797852,-74.005126953125,40.71844100952149,208.91,2620,2620,-1.0,-1.0,-1,-1,0.0
19404,-73.98123931884766,40.73325729370117,-74.00483703613281,40.7416877746582,647.17,2621,2621,2772.79,3419.96,151.78999999999996,1.1368683772161603e-13,1.0000000000000002
19405,-73.9766616821289,40.78811645507813,-73.9576187133789,40.778621673583984,431.37,2621,2621,2702.53,3133.9,81.5300000000002,-1.1368683772161603e-13,0.9999999999999998
19406,-73.95955657958984,40.77407455444336,-73.96853637695312,40.76402282714844,346.32,2621,2621,-1.0,-1.0,-1,-1,0.0
19407,-73.97442626953125,40.75127029418945,-73.95851898193358,40.76454162597656,413.81,2621,2621,-1.0,-1.0,-1,-1,0.0
19408,-73.98086547851562,40.78499221801758,-73.97213745117188,40.796531677246094,257.98,2621,2621,-1.0,-1.0,-1,-1,0.0
19409,-73.98670959472656,40.740058898925774,-73.9736099243164,40.73807907104492,409.76,2621,2621,-1.0,-1.0,-1,-1,0.0
19410,-73.99273681640625,40.73733520507813,-73.98267364501955,40.72783660888672,487.17,2621,2621,-1.0,-1.0,-1,-1,0.0
19411,-73.981689453125,40.76824188232422,-73.9959487915039,40.7623291015625,451.57,2622,2622,-1.0,-1.0,-1,-1,0.0
19412,-74.00398254394531,40.74800491333008,-73.9957504272461,40.74890518188477,209.97,2622,2622,2672.04,2882.0099999999998,50.039999999999964,-1.9895196601282805e-13,0.999999999999999
19413,-73.9759292602539,40.751651763916016,-73.985107421875,40.76396179199219,615.19,2622,2622,2658.25,3273.44,36.25,0.0,1.0
19414,-74.01418304443358,40.70446014404297,-74.00547790527344,40.75075912475585,810.83,2622,2622,2695.41,3506.2400000000002,73.40999999999985,3.410605131648481e-13,1.0000000000000004
19415,-73.96126556396483,40.761009216308594,-73.99301147460938,40.757667541503906,1091.73,2622,2622,2672.45,3796.77,50.44999999999982,32.590000000000146,1.0298517032599637
19416,-74.01017761230467,40.719913482666016,-73.9888916015625,40.75347900390625,847.73,2622,2622,-1.0,-1.0,-1,-1,0.0
19417,-73.97840881347656,40.745620727539055,-73.96917724609375,40.75807189941406,340.95,2622,2622,-1.0,-1.0,-1,-1,0.0
19418,-73.98818969726562,40.76465225219727,-73.98545837402342,40.75267791748047,560.86,2622,2622,2653.82,3214.68,31.820000000000164,-3.410605131648481e-13,0.9999999999999994
19419,-73.99189758300781,40.72224044799805,-74.00948333740234,40.70711898803711,599.89,2622,2622,2640.0,3239.89,18.0,-1.1368683772161603e-13,0.9999999999999998
19420,-73.97256469726562,40.74504852294922,-73.97916412353516,40.762203216552734,725.04,2623,2623,2905.26,3630.2999999999997,282.2600000000002,-4.547473508864641e-13,0.9999999999999993
19421,-73.9886703491211,40.75897979736328,-73.98226165771484,40.77205276489258,363.36,2623,2623,2681.73,3092.37,58.73000000000002,47.27999999999986,1.1301188903566706
19422,-73.99226379394531,40.725059509277344,-73.96005249023438,40.77051162719727,1054.34,2623,2623,2675.71,3730.05,52.710000000000036,2.2737367544323206e-13,1.0000000000000002
19423,-73.9709701538086,40.75500106811523,-73.95709228515625,40.782730102539055,665.81,2623,2623,2656.92,3322.73,33.92000000000007,0.0,1.0
19424,-73.9869384765625,40.739559173583984,-73.95177459716798,40.78620529174805,1147.31,2623,2623,2666.44,3860.64,43.440000000000055,46.88999999999987,1.0408695121632339
19425,-73.97039794921875,40.765480041503906,-73.97560119628906,40.75545120239258,407.75,2623,2623,-1.0,-1.0,-1,-1,0.0
19426,-73.99193572998048,40.71609878540039,-74.00962829589844,40.71403884887695,750.94,2623,2623,2811.34,3562.2799999999997,188.34000000000015,-4.547473508864641e-13,0.9999999999999994
19427,-73.97521209716798,40.782386779785156,-73.98640441894531,40.75761795043945,743.56,2623,2623,2882.01,3625.57,259.0100000000002,0.0,1.0
19428,-73.95262145996094,40.7768669128418,-73.96443176269531,40.75383758544922,696.4,2623,2623,2676.09,3372.49,53.090000000000146,-3.410605131648481e-13,0.9999999999999996
19429,-74.00578308105469,40.75056838989258,-73.99092102050781,40.736682891845696,560.74,2623,2623,2678.85,3258.3,55.84999999999991,18.710000000000264,1.0333666226771772
19430,-74.00140380859375,40.7319450378418,-73.9914779663086,40.75004577636719,550.07,2623,2623,-1.0,-1.0,-1,-1,0.0
19431,-73.9859390258789,40.74085998535156,-73.97845458984375,40.75106430053711,240.96,2623,2623,2649.2,2890.16,26.199999999999818,2.842170943040401e-14,1.0000000000000002
19432,-73.98009490966798,40.78371810913085,-73.97183227539062,40.78461456298828,198.51,2623,2623,-1.0,-1.0,-1,-1,0.0
19433,-73.9518051147461,40.78195190429688,-73.97373962402342,40.79130172729492,614.02,2624,2624,3054.13,3668.15,430.1300000000001,0.0,1.0
19434,-73.99410247802734,40.75149917602539,-73.98471069335938,40.75106430053711,383.8,2624,2624,-1.0,-1.0,-1,-1,0.0
19435,-73.97814178466798,40.762840270996094,-73.98448944091797,40.759441375732415,270.04,2624,2624,-1.0,-1.0,-1,-1,0.0
19436,-73.98683166503906,40.74253845214844,-73.99034881591797,40.71960830688477,751.27,2624,2624,-1.0,-1.0,-1,-1,0.0
19437,-73.96336364746094,40.757827758789055,-73.95681762695312,40.783538818359375,600.49,2624,2624,2651.67,3252.16,27.670000000000073,-2.2737367544323206e-13,0.9999999999999997
19438,-73.98558807373048,40.729148864746094,-73.96182250976562,40.760398864746094,544.82,2624,2624,2661.84,3206.66,37.840000000000146,-3.410605131648481e-13,0.9999999999999993
19439,-73.97392272949219,40.763179779052734,-73.98255157470702,40.751121520996094,353.59,2625,2625,2646.43,3000.02,21.429999999999836,1.7053025658242404e-13,1.0000000000000004
19440,-74.01579284667969,40.71480178833008,-73.96823120117188,40.79320907592773,1359.77,2625,2625,-1.0,-1.0,-1,-1,0.0
19441,-73.9656982421875,40.76859664916992,-73.95982360839844,40.77627182006836,191.8,2625,2625,-1.0,-1.0,-1,-1,0.0
19442,-74.00654602050781,40.73670959472656,-73.99334716796875,40.720008850097656,866.72,2625,2625,2674.91,3541.63,49.909999999999854,2.2737367544323206e-13,1.0000000000000002
19443,-73.99420166015625,40.76321029663085,-73.99029541015625,40.74658203125,733.81,2626,2626,2668.05,3404.5099999999998,42.05000000000018,2.649999999999636,1.0036112890257691
19444,-73.97329711914062,40.757808685302734,-73.98484802246094,40.736549377441406,595.0,2626,2626,-1.0,-1.0,-1,-1,0.0
19445,-73.98777770996094,40.75453186035156,-73.93121337890625,40.853965759277344,1511.78,2626,2626,-1.0,-1.0,-1,-1,0.0
19446,-73.96318817138672,40.76913070678711,-73.96906280517578,40.75418090820313,485.8,2626,2626,2654.28,3140.08,28.2800000000002,-2.8421709430404007e-13,0.9999999999999994
19447,-73.96742248535155,40.7578010559082,-73.97356414794923,40.74793243408203,222.42,2627,2627,2676.48,2898.9,49.48000000000002,8.526512829121202e-14,1.0000000000000004
19448,-73.98050689697266,40.76509475708008,-73.9864730834961,40.7377815246582,902.59,2627,2627,2668.96,3571.55,41.960000000000036,1.1368683772161603e-13,1.0000000000000002
19449,-73.9571762084961,40.76660537719727,-73.94700622558595,40.77245330810547,248.0,2627,2627,2659.63,2907.63,32.63000000000011,0.0,1.0
19450,-73.975830078125,40.75682830810547,-74.00071716308595,40.72745132446289,890.3,2627,2627,-1.0,-1.0,-1,-1,0.0
19451,-73.98014831542969,40.742530822753906,-73.95858001708984,40.768760681152344,677.13,2627,2627,2779.93,3457.06,152.92999999999984,1.1368683772161603e-13,1.0000000000000002
19452,-73.9880599975586,40.76483917236328,-73.98091888427734,40.75878143310547,372.57,2627,2627,-1.0,-1.0,-1,-1,0.0
19453,-73.95185852050781,40.76956176757813,-73.95510101318358,40.77730178833008,277.61,2627,2627,-1.0,-1.0,-1,-1,0.0
19454,-73.9549331665039,40.78015899658203,-73.96135711669923,40.81129837036133,819.2,2627,2627,-1.0,-1.0,-1,-1,0.0
19455,-73.99706268310547,40.722450256347656,-73.98158264160156,40.738059997558594,500.41,2627,2627,-1.0,-1.0,-1,-1,0.0
19456,-73.99790954589844,40.75642013549805,-73.9688491821289,40.78675079345703,747.34,2627,2627,2670.49,3417.8300000000004,43.48999999999978,5.684341886080801e-13,1.0000000000000007
19457,-73.96659851074219,40.75299072265625,-73.95974731445312,40.7627182006836,180.81,2628,2628,2654.47,2835.2799999999997,26.4699999999998,-5.684341886080802e-14,0.9999999999999997
19458,-73.9588394165039,40.78073120117188,-73.95587158203125,40.772369384765625,329.87,2628,2628,2681.88,3063.05,53.88000000000011,51.30000000000007,1.1555158092581927
19459,-73.990478515625,40.71895980834961,-73.98816680908203,40.744178771972656,822.3,2628,2628,-1.0,-1.0,-1,-1,0.0
19460,-73.98770904541014,40.76520156860352,-73.9747085571289,40.74055862426758,1147.77,2628,2628,2668.0,3846.8399999999997,40.0,31.06999999999971,1.0270698833389962
19461,-73.9891357421875,40.75350570678711,-74.00943756103516,40.723724365234375,762.09,2628,2628,-1.0,-1.0,-1,-1,0.0
19462,-73.98121643066406,40.7291145324707,-73.98711395263672,40.73890686035156,397.03,2628,2628,-1.0,-1.0,-1,-1,0.0
19463,-73.98221588134766,40.76731872558594,-73.97692108154298,40.76160049438477,317.03,2628,2628,-1.0,-1.0,-1,-1,0.0
19464,-73.9520492553711,40.77775192260742,-73.95537567138672,40.76921081542969,247.92,2628,2628,2665.5,2913.42,37.5,8.526512829121202e-14,1.0000000000000004
19465,-73.96417236328125,40.77361679077149,-73.98041534423827,40.78990936279297,528.0,2628,2628,2672.27,3225.14,44.26999999999998,24.86999999999989,1.0471022727272725
19466,-73.97051239013672,40.75619888305664,-73.96436309814453,40.7646598815918,199.79,2628,2628,2670.11,2869.9,42.11000000000013,-2.842170943040401e-14,0.9999999999999999
19467,-74.00202941894531,40.75076293945313,-73.98146820068358,40.78007125854492,586.35,2628,2628,2686.89,3321.16,58.88999999999987,47.91999999999996,1.0817259316108125
19468,-73.99012756347656,40.73041915893555,-73.9996566772461,40.719459533691406,464.72,2628,2628,-1.0,-1.0,-1,-1,0.0
19469,-73.94537353515625,40.77837371826172,-73.99382019042969,40.720603942871094,1328.68,2628,2628,2685.0,4016.6299999999997,57.0,2.9499999999995907,1.0022202486678504
19470,-73.9571304321289,40.785888671875,-73.980712890625,40.784912109375,501.35,2628,2628,2735.79,3242.38,107.78999999999996,5.240000000000123,1.0104517801934778
19471,-73.99288940429686,40.728424072265625,-73.98429107666014,40.728702545166016,214.69,2628,2628,2685.84,2900.5299999999997,57.840000000000146,-3.979039320256561e-13,0.9999999999999981
19472,-73.96405029296875,40.770938873291016,-73.97628021240234,40.74495697021485,792.02,2629,2629,-1.0,-1.0,-1,-1,0.0
19473,-74.00395965576173,40.75307846069336,-74.00666046142578,40.74303436279297,212.57,2629,2629,2708.54,2921.11,79.53999999999996,1.7053025658242404e-13,1.0000000000000009
19474,-73.98333740234375,40.76497650146485,-73.95968627929686,40.76853561401367,714.56,2629,2629,-1.0,-1.0,-1,-1,0.0
19475,-73.9861602783203,40.7786979675293,-73.97427368164062,40.78887939453125,290.67,2629,2629,2685.21,2975.88,56.210000000000036,5.684341886080802e-14,1.0000000000000002
19476,-73.98177337646483,40.77876663208008,-73.9759521484375,40.78908157348633,209.92,2629,2629,2665.87,2875.79,36.86999999999989,8.526512829121202e-14,1.0000000000000004
19477,-73.98895263671875,40.734954833984375,-73.9871826171875,40.72239685058594,578.24,2630,2630,2640.0,3218.2400000000002,10.0,2.2737367544323206e-13,1.0000000000000004
19478,-73.99321746826173,40.757415771484375,-74.01039123535155,40.73333358764648,673.61,2630,2630,2651.17,3383.61,21.170000000000073,58.83000000000004,1.0873354017903536
19479,-74.01173400878906,40.70822143554688,-73.98182678222656,40.748695373535156,1156.99,2630,2630,2663.96,3820.95,33.960000000000036,-2.2737367544323206e-13,0.9999999999999998
19480,-73.94146728515625,40.813392639160156,-73.94158935546875,40.824405670166016,311.08,2630,2630,2862.54,3173.62,232.53999999999996,-5.684341886080802e-14,0.9999999999999998
19481,-73.9914779663086,40.76998901367188,-73.99684143066406,40.73654174804688,871.04,2630,2630,2661.13,3562.36,31.13000000000011,30.190000000000055,1.034659717119765
19482,-73.97422790527344,40.79158020019531,-73.97217559814453,40.75152587890625,1293.27,2630,2630,2670.13,4038.29,40.13000000000011,74.88999999999987,1.0579074748505726
19483,-73.98422241210938,40.73746109008789,-74.00498962402342,40.728660583496094,630.69,2630,2630,2791.25,3421.94,161.25,0.0,1.0
19484,-73.994140625,40.75146484375,-74.00240325927734,40.76042175292969,366.71,2630,2630,-1.0,-1.0,-1,-1,0.0
19485,-73.9690170288086,40.76322937011719,-73.93855285644531,40.79394912719727,757.6,2630,2630,-1.0,-1.0,-1,-1,0.0
19486,-74.0032730102539,40.71387100219727,-73.98689270019531,40.71559143066406,488.63,2631,2631,-1.0,-1.0,-1,-1,0.0
19487,-73.9894790649414,40.76287078857422,-73.99121856689453,40.75603866577149,299.45,2631,2631,2682.4,2981.85,51.40000000000009,-1.7053025658242404e-13,0.9999999999999994
19488,-73.98195648193358,40.72099304199219,-73.99483489990234,40.72504806518555,310.79,2631,2631,2743.0,3053.79,112.0,-5.684341886080802e-14,0.9999999999999998
19489,-73.998779296875,40.734050750732415,-73.992431640625,40.743499755859375,216.53,2631,2631,2650.63,2867.16,19.63000000000011,-2.5579538487363607e-13,0.9999999999999988
19490,-73.98763275146483,40.73306274414063,-73.9917984008789,40.726524353027344,198.74,2631,2631,-1.0,-1.0,-1,-1,0.0
19491,-74.00418090820312,40.7219123840332,-73.98674011230467,40.75112533569336,708.4,2631,2631,-1.0,-1.0,-1,-1,0.0
19492,-73.95747375488281,40.76598358154297,-73.95307922363281,40.77426528930664,208.09,2631,2631,2677.41,2885.5,46.409999999999854,1.4210854715202004e-13,1.0000000000000007
19493,-73.98216247558594,40.77317810058594,-73.97846221923827,40.790611267089844,483.7,2632,2632,-1.0,-1.0,-1,-1,0.0
19494,-73.99536895751955,40.71725082397461,-73.97933197021484,40.73479843139648,507.41,2632,2632,-1.0,-1.0,-1,-1,0.0
19495,-73.97342681884766,40.75061798095703,-73.9556655883789,40.767826080322266,466.51,2632,2632,-1.0,-1.0,-1,-1,0.0
19496,-73.98009490966798,40.775554656982415,-73.96659088134766,40.75563049316406,859.22,2632,2632,2660.08,3562.81,28.079999999999927,43.50999999999999,1.0506389516072716
19497,-73.98939514160156,40.73448181152344,-73.99718475341797,40.735801696777344,258.24,2633,2633,2688.18,2946.42,55.179999999999836,2.2737367544323206e-13,1.0000000000000009
19498,-73.96993255615234,40.76302337646485,-73.9725570678711,40.753753662109375,359.14,2633,2633,-1.0,-1.0,-1,-1,0.0
19499,-73.95690155029298,40.76818084716797,-73.95220947265625,40.78057861328125,271.54,2633,2633,-1.0,-1.0,-1,-1,0.0
19500,-74.00527954101562,40.74087142944336,-73.9912109375,40.74528884887695,418.42,2633,2633,-1.0,-1.0,-1,-1,0.0
19501,-73.995849609375,40.76439666748047,-73.98106384277344,40.75876235961913,458.33,2633,2633,2745.63,3203.96,112.63000000000011,-5.684341886080802e-14,0.9999999999999999
19502,-73.97183990478516,40.760250091552734,-73.95967864990234,40.76105117797852,363.41,2633,2633,-1.0,-1.0,-1,-1,0.0
19503,-73.96305084228516,40.7584114074707,-73.9522933959961,40.76860809326172,271.32,2633,2633,2661.6,2965.04,28.59999999999991,32.12000000000006,1.1183841957835767
19504,-73.9725341796875,40.75032806396485,-74.00051879882812,40.747467041015625,813.37,2633,2633,2725.46,3538.83,92.46000000000004,-1.1368683772161603e-13,0.9999999999999999
19505,-73.96237182617188,40.77333068847656,-73.96885681152342,40.764381408691406,264.16,2633,2633,2687.79,3008.7,54.789999999999964,56.74999999999983,1.2148319200484547
19506,-73.97764587402342,40.75387191772461,-73.99123382568358,40.74900817871094,495.96,2633,2633,-1.0,-1.0,-1,-1,0.0
19507,-73.97100830078125,40.76109313964844,-73.99745178222656,40.74486923217773,923.38,2633,2633,-1.0,-1.0,-1,-1,0.0
19508,-73.97374725341797,40.75764465332031,-73.98592376708984,40.7410545349121,529.55,2634,2634,-1.0,-1.0,-1,-1,0.0
19509,-73.93990325927734,40.80546569824219,-73.94002532958984,40.8252182006836,515.44,2634,2634,2657.65,3173.0899999999997,23.65000000000009,-4.547473508864641e-13,0.9999999999999991
19510,-73.96292877197266,40.775428771972656,-73.95366668701173,40.779563903808594,237.53,2634,2634,-1.0,-1.0,-1,-1,0.0
19511,-73.98424530029298,40.744102478027344,-73.98192596435547,40.76322555541992,723.34,2634,2634,-1.0,-1.0,-1,-1,0.0
19512,-73.96659851074219,40.76231384277344,-73.98131561279298,40.769004821777344,549.34,2635,2635,-1.0,-1.0,-1,-1,0.0
19513,-73.99815368652342,40.76063919067383,-73.9855728149414,40.76374816894531,400.92,2635,2635,2643.87,3044.79,8.86999999999989,5.684341886080802e-14,1.0000000000000002
19514,-74.01409912109375,40.71685028076172,-74.00068664550781,40.7238883972168,483.74,2635,2635,-1.0,-1.0,-1,-1,0.0
19515,-73.99165344238281,40.74715042114258,-73.99004364013672,40.7606315612793,585.8,2635,2635,-1.0,-1.0,-1,-1,0.0
19516,-73.97637176513672,40.76045227050781,-73.98565673828125,40.73825454711913,626.48,2635,2635,2659.2,3289.54,24.199999999999818,3.8600000000001273,1.0061614097816374
19517,-73.98268127441406,40.76373672485352,-73.97863006591797,40.75436019897461,514.2,2635,2635,2656.91,3172.12,21.909999999999854,1.009999999999991,1.0019642162582652
19518,-73.97407531738281,40.75164031982422,-73.9537582397461,40.764812469482415,611.9,2636,2636,-1.0,-1.0,-1,-1,0.0
19519,-73.98291015625,40.7718505859375,-73.97543334960938,40.75185012817383,842.86,2636,2636,2671.04,3534.28,35.039999999999964,20.380000000000223,1.0241795790522747
19520,-73.99490356445312,40.731544494628906,-73.98019409179686,40.732200622558594,362.05,2636,2636,2675.75,3085.79,39.75,47.98999999999995,1.1325507526584724
19521,-73.94751739501955,40.77537536621094,-73.9533920288086,40.77109146118164,190.42,2636,2636,-1.0,-1.0,-1,-1,0.0
19522,-73.9783477783203,40.75313949584961,-73.98876190185547,40.73123168945313,749.02,2636,2636,2686.05,3435.07,50.05000000000018,0.0,1.0
19523,-73.97734832763672,40.75441360473633,-73.97831726074219,40.76492309570313,401.92,2636,2636,2684.41,3124.96,48.409999999999854,38.630000000000166,1.0961136544585992
19524,-73.99675750732422,40.742767333984375,-74.00341796875,40.74263000488281,184.95,2637,2637,-1.0,-1.0,-1,-1,0.0
19525,-73.97831726074219,40.75647354125977,-73.9886474609375,40.74592590332031,331.68,2637,2637,2718.5,3050.18,81.5,-1.7053025658242404e-13,0.9999999999999994
19526,-73.98396301269531,40.76085662841797,-74.00181579589844,40.76155853271485,507.13,2637,2637,-1.0,-1.0,-1,-1,0.0
19527,-73.9759292602539,40.76308822631836,-73.9669418334961,40.7586784362793,306.71,2637,2637,2679.12,2985.83,42.11999999999989,5.684341886080802e-14,1.0000000000000002
19528,-73.97882080078125,40.7724494934082,-73.95218658447266,40.76958465576172,729.67,2637,2637,2677.2,3406.87,40.19999999999982,1.1368683772161603e-13,1.0000000000000002
19529,-73.95223236083984,40.76951599121094,-73.97864532470702,40.747745513916016,764.45,2637,2637,-1.0,-1.0,-1,-1,0.0
19530,-73.99927520751955,40.72015380859375,-73.99007415771484,40.73249435424805,360.37,2637,2637,-1.0,-1.0,-1,-1,0.0
19531,-73.95831298828125,40.78459930419922,-73.98753356933594,40.78063201904297,696.42,2637,2637,-1.0,-1.0,-1,-1,0.0
19532,-73.99231719970702,40.730628967285156,-73.99111938476562,40.71746826171875,580.91,2638,2638,2697.61,3293.48,59.61000000000013,14.959999999999923,1.0257526983525846
19533,-73.97636413574219,40.7601318359375,-73.98086547851562,40.74770736694336,441.42,2638,2638,-1.0,-1.0,-1,-1,0.0
19534,-74.01425170898438,40.71401977539063,-73.98738098144531,40.74094009399415,874.27,2638,2638,2657.9300000000003,3534.9399999999996,19.93000000000029,2.739999999999327,1.0031340432589466
19535,-73.97138214111328,40.757484436035156,-74.01341247558595,40.71533966064453,1238.83,2638,2638,2670.41,3909.2400000000002,32.409999999999854,4.547473508864641e-13,1.0000000000000004
19536,-73.98147583007811,40.78081893920898,-73.96920013427734,40.7905502319336,328.25,2638,2638,2672.41,3000.66,34.409999999999854,0.0,1.0
19537,-73.96903991699219,40.761054992675774,-73.95291137695312,40.78317260742188,514.25,2638,2638,2678.79,3193.04,40.789999999999964,0.0,1.0
19538,-73.95584869384766,40.76396179199219,-73.9915313720703,40.75006103515625,1010.15,2638,2638,2722.17,3732.32,84.17000000000007,1.1368683772161603e-13,1.0000000000000002
19539,-73.94847869873048,40.7824821472168,-73.99480438232422,40.74202346801758,1411.65,2639,2639,2693.17,4115.03,54.17000000000007,10.209999999999582,1.0072326709878507
19540,-73.95671081542969,40.7711181640625,-73.9632110595703,40.75849914550781,442.43,2639,2639,2680.42,3122.85,41.42000000000007,-1.7053025658242404e-13,0.9999999999999997
19541,-73.96365356445312,40.75781631469727,-73.96096801757811,40.77595901489258,447.87,2639,2639,2661.2999999999997,3109.1699999999996,22.299999999999727,-1.1368683772161603e-13,0.9999999999999998
19542,-74.00539398193358,40.7398681640625,-74.00263214111328,40.76069641113281,554.76,2639,2639,-1.0,-1.0,-1,-1,0.0
19543,-73.97665405273438,40.76499557495117,-73.9797134399414,40.737464904785156,862.46,2639,2639,-1.0,-1.0,-1,-1,0.0
19544,-73.99227142333984,40.73086929321289,-73.9917984008789,40.74914932250977,716.11,2639,2639,-1.0,-1.0,-1,-1,0.0
19545,-73.95437622070312,40.76409530639648,-73.974365234375,40.77856063842773,763.33,2639,2639,-1.0,-1.0,-1,-1,0.0
19546,-73.9604263305664,40.781639099121094,-73.98523712158203,40.76683044433594,615.2,2639,2639,-1.0,-1.0,-1,-1,0.0
19547,-73.95228576660156,40.76886367797852,-73.95765686035155,40.76128768920898,188.61,2639,2639,-1.0,-1.0,-1,-1,0.0
19548,-73.95691680908203,40.78088760375977,-73.96408081054686,40.76946258544922,274.8,2639,2639,-1.0,-1.0,-1,-1,0.0
19549,-73.97645568847656,40.76581954956055,-73.97032928466798,40.78669357299805,571.92,2639,2639,-1.0,-1.0,-1,-1,0.0
19550,-73.98690795898438,40.75599670410156,-73.9471664428711,40.77589797973633,1089.47,2640,2640,2641.66,3836.71,1.6599999999998545,105.58000000000015,1.0969095064572683
19551,-73.99730682373048,40.72412872314453,-74.0016098022461,40.74567031860352,718.38,2640,2640,-1.0,-1.0,-1,-1,0.0
19552,-73.97212219238281,40.75988388061523,-73.98107147216798,40.74742126464844,419.29,2640,2640,-1.0,-1.0,-1,-1,0.0
19553,-73.99771118164062,40.7082633972168,-73.98443603515625,40.745704650878906,1087.54,2640,2640,-1.0,-1.0,-1,-1,0.0
19554,-73.98731231689453,40.740394592285156,-74.00702667236328,40.74158096313477,583.3,2640,2640,-1.0,-1.0,-1,-1,0.0
19555,-73.94817352294923,40.78146743774415,-73.98851776123048,40.73967742919922,1304.28,2640,2640,2677.53,4054.2200000000003,37.5300000000002,72.41000000000008,1.0555172202287852
19556,-73.95327758789062,40.78570938110352,-73.9693603515625,40.76359176635742,581.41,2640,2640,2831.25,3412.66,191.25,-1.1368683772161603e-13,0.9999999999999998
19557,-73.9649658203125,40.7724838256836,-73.97364044189453,40.76428604125977,350.73,2640,2640,-1.0,-1.0,-1,-1,0.0
19558,-73.97338104248048,40.755069732666016,-73.98732757568358,40.72198867797852,884.56,2640,2640,2659.13,3628.96,19.13000000000011,85.26999999999998,1.0963982092791897
19559,-73.99003601074219,40.762062072753906,-73.9949722290039,40.749977111816406,426.94,2640,2640,-1.0,-1.0,-1,-1,0.0
19560,-73.9586639404297,40.815574645996094,-73.96670532226562,40.804386138916016,203.99,2640,2640,-1.0,-1.0,-1,-1,0.0
19561,-73.9490966796875,40.77348327636719,-73.97246551513672,40.76528549194336,726.39,2641,2641,-1.0,-1.0,-1,-1,0.0
19562,-73.9916763305664,40.744941711425774,-73.97396850585938,40.779701232910156,946.75,2641,2641,-1.0,-1.0,-1,-1,0.0
19563,-73.97749328613281,40.787109375,-73.96617126464845,40.79489135742188,284.41,2641,2641,-1.0,-1.0,-1,-1,0.0
19564,-73.9654541015625,40.76843643188477,-73.964111328125,40.757957458496094,473.05,2641,2641,-1.0,-1.0,-1,-1,0.0
19565,-74.00160217285155,40.75191879272461,-73.97769927978516,40.74222183227539,803.55,2641,2641,-1.0,-1.0,-1,-1,0.0
19566,-73.9675521850586,40.76280975341797,-74.01546478271484,40.70926284790039,1228.21,2642,2642,-1.0,-1.0,-1,-1,0.0
19567,-73.95404815673827,40.766544342041016,-73.97128295898438,40.758544921875,552.28,2642,2642,2675.5,3286.7400000000002,33.5,58.960000000000264,1.1067574418773092
19568,-73.99309539794923,40.739967346191406,-73.99667358398438,40.7476806640625,253.83,2642,2642,2693.94,2969.69,51.940000000000055,21.919999999999987,1.0863570105976441
19569,-73.97052001953125,40.75928115844727,-73.94989013671875,40.77606964111328,520.91,2642,2642,-1.0,-1.0,-1,-1,0.0
19570,-73.97415161132812,40.756591796875,-73.98745727539062,40.72192001342773,999.47,2642,2642,-1.0,-1.0,-1,-1,0.0
19571,-73.95445251464845,40.766151428222656,-73.95275115966798,40.783470153808594,441.63,2642,2642,-1.0,-1.0,-1,-1,0.0
19572,-73.98724365234375,40.738990783691406,-73.97828674316406,40.75128173828125,367.62,2642,2642,-1.0,-1.0,-1,-1,0.0
19573,-73.98648834228516,40.74256896972656,-73.99192810058595,40.72011184692383,736.97,2642,2642,-1.0,-1.0,-1,-1,0.0
19574,-73.98417663574219,40.77006912231445,-73.96029663085938,40.76944351196289,698.97,2642,2642,2713.91,3444.83,71.90999999999985,31.950000000000045,1.045710116314005
19575,-73.96792602539062,40.80221176147461,-73.96170043945312,40.77112579345703,866.48,2643,2643,2686.21,3561.0,43.210000000000036,8.309999999999945,1.0095905271904717
19576,-73.97807312011719,40.752307891845696,-73.98332214355469,40.75882339477539,409.5,2643,2643,2695.3800000000006,3104.8800000000006,52.380000000000564,0.0,1.0
19577,-73.96864318847656,40.754966735839844,-73.98651885986328,40.7302360534668,471.24,2643,2643,-1.0,-1.0,-1,-1,0.0
19578,-73.99092102050781,40.72832489013672,-73.98831176757811,40.72405624389648,210.51,2643,2643,2691.56,2902.07,48.559999999999945,2.2737367544323206e-13,1.000000000000001
19579,-73.98591613769531,40.7635612487793,-73.9808120727539,40.77340316772461,260.39,2643,2643,-1.0,-1.0,-1,-1,0.0
19580,-73.960693359375,40.775550842285156,-73.96336364746094,40.75798034667969,654.04,2643,2643,2690.74,3344.78,47.73999999999978,4.547473508864641e-13,1.0000000000000007
19581,-73.98635101318358,40.73453140258789,-73.97142028808595,40.75286102294922,536.46,2644,2644,-1.0,-1.0,-1,-1,0.0
19582,-73.98236846923827,40.77450942993164,-73.97632598876955,40.7657470703125,359.82,2644,2644,2718.12,3077.94,74.11999999999989,1.7053025658242404e-13,1.0000000000000004
19583,-73.98501586914062,40.76881790161133,-73.9902114868164,40.76170349121094,187.45,2644,2644,-1.0,-1.0,-1,-1,0.0
19584,-73.97512054443358,40.752296447753906,-73.97698974609375,40.743412017822266,287.75,2644,2644,-1.0,-1.0,-1,-1,0.0
19585,-73.97212982177734,40.76560974121094,-74.0099868774414,40.74598693847656,1054.95,2644,2644,2698.48,3769.36,54.48000000000002,15.930000000000064,1.015100241717617
19586,-73.95067596435547,40.77737045288085,-73.98029327392578,40.755859375,954.02,2644,2644,-1.0,-1.0,-1,-1,0.0
19587,-73.98275756835938,40.7550163269043,-74.00936889648438,40.7339973449707,865.15,2644,2644,-1.0,-1.0,-1,-1,0.0
19588,-73.9809341430664,40.73072052001953,-73.98978424072266,40.756214141845696,990.26,2644,2644,2670.0,3729.99,26.0,69.72999999999979,1.0704158503827275
19589,-74.00106048583984,40.731460571289055,-74.00456237792969,40.74146270751953,340.24,2644,2644,-1.0,-1.0,-1,-1,0.0
19590,-73.96830749511719,40.75446319580078,-73.97989654541014,40.73010635375977,541.2,2644,2644,-1.0,-1.0,-1,-1,0.0
19591,-73.9841537475586,40.75453567504883,-73.9758071899414,40.74150848388672,610.54,2644,2644,-1.0,-1.0,-1,-1,0.0
19592,-73.96105194091797,40.77502059936523,-74.00602722167969,40.72584915161133,1518.22,2644,2644,2696.8900000000003,4258.39,52.89000000000033,43.27999999999997,1.0285070674869254
19593,-73.99390411376955,40.756660461425774,-73.998779296875,40.76382827758789,313.16,2645,2645,-1.0,-1.0,-1,-1,0.0
19594,-73.97061920166014,40.76119613647461,-73.95960235595702,40.77984619140625,421.89,2645,2645,-1.0,-1.0,-1,-1,0.0
19595,-73.98218536376955,40.77229690551758,-73.98152160644531,40.78014755249024,232.32,2645,2645,2684.7599999999998,2917.08,39.75999999999976,1.7053025658242404e-13,1.0000000000000007
19596,-73.98735809326173,40.7330436706543,-73.97701263427734,40.726722717285156,324.04,2645,2645,-1.0,-1.0,-1,-1,0.0
19597,-74.00550842285155,40.75102996826172,-74.00281524658203,40.73977661132813,366.5,2645,2645,-1.0,-1.0,-1,-1,0.0
19598,-73.98094940185547,40.7636833190918,-73.97411346435547,40.76034164428711,341.62,2645,2645,-1.0,-1.0,-1,-1,0.0
19599,-73.9953842163086,40.76354598999024,-73.9837188720703,40.753074645996094,571.18,2645,2645,2796.97,3368.15,151.9699999999998,3.410605131648481e-13,1.0000000000000007
19600,-73.96770477294923,40.76602554321289,-73.985107421875,40.7593002319336,704.12,2646,2646,2672.09,3465.08,26.090000000000146,88.86999999999978,1.1262142816565355
19601,-73.97193145751955,40.746406555175774,-73.95985412597656,40.76258850097656,283.55,2646,2646,2686.86,2970.41,40.86000000000013,-2.8421709430404007e-13,0.999999999999999
19602,-73.99244689941406,40.74346923828125,-74.01660919189453,40.70471954345703,991.99,2646,2646,-1.0,-1.0,-1,-1,0.0
19603,-73.96150207519531,40.76597213745117,-73.96700286865234,40.76387023925781,213.37,2646,2646,2728.75,2942.12,82.75,-1.1368683772161603e-13,0.9999999999999994
19604,-73.9852523803711,40.74180603027344,-74.00521087646483,40.72881317138672,585.24,2646,2646,-1.0,-1.0,-1,-1,0.0
19605,-73.97512817382812,40.78253173828125,-73.96984100341797,40.76279067993164,716.53,2646,2646,-1.0,-1.0,-1,-1,0.0
19606,-73.99085998535155,40.74499130249024,-73.98772430419923,40.76046371459961,495.6,2646,2646,-1.0,-1.0,-1,-1,0.0
19607,-73.97440338134766,40.75766372680664,-73.95734405517578,40.77170181274415,543.31,2646,2646,-1.0,-1.0,-1,-1,0.0
19608,-74.00586700439453,40.74029541015625,-73.99508666992188,40.76611709594727,684.13,2646,2646,-1.0,-1.0,-1,-1,0.0
19609,-73.99213409423827,40.76435852050781,-73.96378326416014,40.759666442871094,820.19,2647,2647,-1.0,-1.0,-1,-1,0.0
19610,-73.97544860839844,40.75014877319336,-74.01167297363281,40.70484161376953,884.75,2647,2647,2679.73,3564.48,32.73000000000002,0.0,1.0
19611,-73.95040893554686,40.80633544921875,-73.96472930908203,40.79681396484375,423.32,2647,2647,2963.86,3387.18,316.8600000000001,-2.8421709430404007e-13,0.9999999999999993
19612,-74.0042495727539,40.747501373291016,-74.00276947021484,40.73984909057617,291.11,2647,2647,2703.93,3023.29,56.929999999999836,28.250000000000114,1.0970423551234931
19613,-73.95902252197266,40.77187728881836,-73.95956420898438,40.77961730957031,246.97,2647,2647,-1.0,-1.0,-1,-1,0.0
19614,-74.00552368164062,40.7507209777832,-73.98741912841797,40.766090393066406,502.92,2647,2647,-1.0,-1.0,-1,-1,0.0
19615,-73.97472381591797,40.7830810546875,-73.98820495605469,40.76445388793945,411.91,2647,2647,2702.79,3114.7,55.789999999999964,-1.7053025658242404e-13,0.9999999999999996
19616,-73.95520782470702,40.80681228637695,-73.9600830078125,40.8139533996582,291.0,2647,2647,2781.12,3072.12,134.1199999999999,0.0,1.0
19617,-73.98465728759766,40.764015197753906,-73.98291778564453,40.77717208862305,333.53,2647,2647,2701.84,3035.37,54.840000000000146,-2.2737367544323206e-13,0.9999999999999993
19618,-73.95722961425781,40.77442169189453,-73.94400787353516,40.77796173095703,329.68,2648,2648,2678.55,3008.4,30.550000000000182,0.16999999999990223,1.0005156515408877
19619,-73.97286987304686,40.752628326416016,-73.99900817871094,40.73408126831055,788.33,2648,2648,-1.0,-1.0,-1,-1,0.0
19620,-73.97281646728516,40.75625228881836,-73.98950958251955,40.74652099609375,617.0,2648,2648,-1.0,-1.0,-1,-1,0.0
19621,-73.97554779052734,40.75202178955078,-73.9803466796875,40.74287033081055,268.04,2648,2648,-1.0,-1.0,-1,-1,0.0
19622,-73.9892349243164,40.72101211547852,-73.99556732177734,40.766273498535156,1378.5,2648,2648,-1.0,-1.0,-1,-1,0.0
19623,-73.97229766845702,40.75933074951172,-73.96128845214845,40.77758026123047,446.0,2648,2648,-1.0,-1.0,-1,-1,0.0
19624,-73.99563598632812,40.75236892700195,-73.95771026611328,40.76548385620117,1190.0,2648,2648,-1.0,-1.0,-1,-1,0.0
19625,-73.99653625488281,40.73802185058594,-74.00708770751955,40.73460006713867,327.76,2648,2648,-1.0,-1.0,-1,-1,0.0
19626,-73.98511505126955,40.74783325195313,-73.98120880126955,40.74210739135742,314.43,2648,2648,-1.0,-1.0,-1,-1,0.0
19627,-73.97010040283203,40.7525520324707,-73.95316314697266,40.77187728881836,428.93,2648,2648,2675.850000000001,3104.7800000000007,27.85000000000082,-1.7053025658242404e-13,0.9999999999999996
19628,-73.99158477783203,40.739051818847656,-73.98130798339844,40.73894119262695,384.31,2648,2648,-1.0,-1.0,-1,-1,0.0
19629,-73.98817443847656,40.75949096679688,-73.98226928710938,40.77320861816406,388.73,2649,2649,2681.73,3070.46,32.73000000000002,0.0,1.0
19630,-73.97408294677734,40.75144958496094,-73.97421264648438,40.75999069213867,387.48,2649,2649,-1.0,-1.0,-1,-1,0.0
19631,-73.9688949584961,40.76110458374024,-74.00734710693358,40.71849822998047,1301.52,2649,2649,2671.65,4056.6299999999997,22.65000000000009,83.45999999999958,1.064125023049972
19632,-73.99327850341797,40.752605438232415,-73.97225189208984,40.7532958984375,668.38,2650,2650,2692.44,3425.11,42.440000000000055,64.29000000000008,1.096187797360783
19633,-73.99710845947266,40.72211837768555,-73.99150085449219,40.7316780090332,376.76,2650,2650,2831.33,3208.09,181.32999999999993,2.2737367544323206e-13,1.0000000000000007
19634,-73.96559143066406,40.77424621582031,-73.97643280029298,40.786598205566406,500.29,2650,2650,-1.0,-1.0,-1,-1,0.0
19635,-73.97473907470702,40.787910461425774,-73.962158203125,40.80218124389648,324.45,2650,2650,2672.0,2996.4500000000003,22.0,2.8421709430404007e-13,1.0000000000000009
19636,-73.98847961425781,40.75830841064453,-73.95027160644531,40.76953887939453,1070.53,2650,2650,2708.42,3778.95,58.42000000000007,-2.2737367544323206e-13,0.9999999999999998
19637,-73.97775268554686,40.79214096069336,-73.97978973388672,40.78113174438477,321.62,2650,2650,2741.29,3062.91,91.28999999999996,-1.1368683772161603e-13,0.9999999999999997
19638,-73.97998809814453,40.75645065307617,-73.98889923095702,40.72686004638672,773.69,2650,2650,-1.0,-1.0,-1,-1,0.0
19639,-73.97386932373048,40.76041030883789,-73.98314666748048,40.760990142822266,395.09,2650,2650,-1.0,-1.0,-1,-1,0.0
19640,-73.97947692871094,40.77656936645508,-74.00840759277344,40.74663162231445,846.23,2651,2651,2670.0,3516.23,19.0,0.0,1.0
19641,-73.97750854492188,40.752403259277344,-73.99102020263672,40.75776290893555,410.42,2651,2651,2710.17,3120.5899999999997,59.17000000000007,-3.979039320256561e-13,0.999999999999999
19642,-73.9799575805664,40.75983047485352,-74.00746154785155,40.74328994750977,921.83,2651,2651,-1.0,-1.0,-1,-1,0.0
19643,-73.98464965820312,40.75379943847656,-73.98379516601562,40.76215744018555,286.22,2651,2651,2707.33,2993.55,56.32999999999993,2.2737367544323206e-13,1.0000000000000009
19644,-73.9725341796875,40.75890350341797,-73.9615936279297,40.768455505371094,343.07,2651,2651,-1.0,-1.0,-1,-1,0.0
19645,-73.98945617675781,40.75204849243164,-73.96976470947266,40.757137298583984,662.12,2651,2651,-1.0,-1.0,-1,-1,0.0
19646,-73.98873901367188,40.74850082397461,-73.99828338623048,40.75677108764648,370.07,2651,2651,2716.75,3086.82,65.75,1.7053025658242404e-13,1.0000000000000004
19647,-73.96382904052734,40.79811096191406,-73.93919372558595,40.813377380371094,673.7,2651,2651,2866.45,3540.15,215.44999999999982,2.2737367544323206e-13,1.0000000000000004
19648,-73.9869384765625,40.76146697998047,-73.9566879272461,40.78396987915039,808.31,2651,2651,-1.0,-1.0,-1,-1,0.0
19649,-73.99279022216798,40.73738098144531,-73.9834976196289,40.76582717895508,892.14,2651,2651,-1.0,-1.0,-1,-1,0.0
19650,-73.98795318603516,40.72399520874024,-73.97946166992188,40.723575592041016,226.84,2651,2651,2818.0,3044.84,167.0,1.4210854715202004e-13,1.0000000000000007
19651,-73.95568084716798,40.77942276000977,-73.94776153564453,40.77126693725585,358.03,2651,2651,2824.29,3182.32,173.28999999999996,2.2737367544323206e-13,1.0000000000000007
19652,-73.98226165771484,40.74597930908203,-74.00753784179686,40.74094009399415,756.77,2652,2652,-1.0,-1.0,-1,-1,0.0
19653,-73.99150848388672,40.73765182495117,-73.9898452758789,40.75622177124024,652.84,2652,2652,-1.0,-1.0,-1,-1,0.0
19654,-73.96791076660156,40.76280975341797,-73.98870849609375,40.757080078125,787.85,2652,2652,-1.0,-1.0,-1,-1,0.0
19655,-73.9690170288086,40.79590606689453,-73.98336791992188,40.77507400512695,564.53,2652,2652,2768.66,3333.19,116.65999999999985,2.2737367544323206e-13,1.0000000000000004
19656,-73.98976135253906,40.77445983886719,-73.97064971923827,40.75437927246094,939.71,2652,2652,2850.13,3789.84,198.1300000000001,0.0,1.0
19657,-73.95245361328125,40.77703857421875,-73.9622802734375,40.76342391967773,362.89,2653,2653,-1.0,-1.0,-1,-1,0.0
19658,-73.98902893066406,40.73967742919922,-74.00559997558595,40.74113464355469,429.63,2653,2653,-1.0,-1.0,-1,-1,0.0
19659,-74.01121520996094,40.71028137207031,-73.98648071289062,40.75615310668945,1072.49,2653,2653,-1.0,-1.0,-1,-1,0.0
19660,-73.99183654785155,40.75491714477539,-73.98808288574219,40.763938903808594,305.69,2653,2653,-1.0,-1.0,-1,-1,0.0
19661,-73.99903106689453,40.74148178100585,-73.99166107177734,40.73508071899415,250.75,2653,2653,-1.0,-1.0,-1,-1,0.0
19662,-73.96119689941406,40.75759887695313,-73.9618911743164,40.77680206298828,584.83,2653,2653,2743.96,3328.79,90.96000000000004,-1.1368683772161603e-13,0.9999999999999998
19663,-73.9999008178711,40.72846984863281,-73.98638153076173,40.73049926757813,450.97,2654,2654,-1.0,-1.0,-1,-1,0.0
19664,-73.9916763305664,40.75055313110352,-74.00614166259766,40.70819854736328,1067.32,2654,2654,2689.5299999999997,3756.85,35.529999999999745,2.2737367544323206e-13,1.0000000000000002
19665,-73.96885681152342,40.76464080810547,-73.95389556884766,40.781986236572266,475.95,2654,2654,-1.0,-1.0,-1,-1,0.0
19666,-73.9935302734375,40.74993133544922,-73.95571899414062,40.77780151367188,1192.6,2654,2654,-1.0,-1.0,-1,-1,0.0
19667,-73.97138214111328,40.760520935058594,-73.99183654785155,40.74934387207031,766.7,2654,2654,-1.0,-1.0,-1,-1,0.0
19668,-73.97254180908203,40.75899124145508,-73.95490264892578,40.78633117675781,604.5,2654,2654,-1.0,-1.0,-1,-1,0.0
19669,-73.98780822753906,40.7375373840332,-73.96479034423827,40.76242446899415,773.15,2654,2654,2679.16,3452.31,25.159999999999854,1.1368683772161603e-13,1.0000000000000002
19670,-73.98208618164062,40.7718162536621,-73.97262573242188,40.782325744628906,319.13,2654,2654,-1.0,-1.0,-1,-1,0.0
19671,-73.97329711914062,40.76021194458008,-73.96566009521484,40.76291275024415,278.62,2655,2655,2700.28,2978.9,45.2800000000002,-1.1368683772161603e-13,0.9999999999999996
19672,-73.9906692504883,40.76120376586913,-73.97515869140625,40.74453353881836,854.2,2655,2655,-1.0,-1.0,-1,-1,0.0
19673,-73.9827880859375,40.76776885986328,-73.99285888671875,40.77040100097656,295.78,2655,2655,-1.0,-1.0,-1,-1,0.0
19674,-73.98273468017578,40.74527359008789,-73.99526977539062,40.73978805541992,404.38,2655,2655,-1.0,-1.0,-1,-1,0.0
19675,-73.98271179199219,40.78229522705078,-73.98181915283203,40.76982116699219,349.73,2655,2655,2676.9,3124.46,21.90000000000009,97.82999999999993,1.279730077488348
19676,-73.98656463623048,40.73008346557617,-73.97584533691406,40.76261520385742,1053.03,2655,2655,2695.87,3758.15,40.86999999999989,9.250000000000227,1.0087841751896909
19677,-73.96214294433594,40.77365112304688,-73.97588348388672,40.7637825012207,534.59,2655,2655,2713.47,3276.06,58.4699999999998,28.000000000000114,1.0523765876653137
19678,-73.98640441894531,40.74599075317383,-73.98070526123048,40.74188995361328,279.64,2656,2656,2797.54,3077.18,141.53999999999996,-1.1368683772161603e-13,0.9999999999999996
19679,-73.99279022216798,40.75442504882813,-74.00047302246094,40.76240921020508,398.11,2656,2656,2688.22,3086.33,32.2199999999998,1.1368683772161603e-13,1.0000000000000002
19680,-73.99240112304686,40.75505447387695,-73.98548126220702,40.76052474975585,240.52,2656,2656,-1.0,-1.0,-1,-1,0.0
19681,-73.99736785888672,40.725852966308594,-73.9876708984375,40.73007583618164,290.48,2656,2656,2713.5,3025.89,57.5,21.909999999999854,1.0754268796474795
19682,-73.98973846435547,40.73682022094727,-74.0022735595703,40.72648239135742,497.09,2656,2656,-1.0,-1.0,-1,-1,0.0
19683,-74.00924682617188,40.7261848449707,-73.98656463623048,40.750938415527344,737.53,2656,2656,2700.83,3438.36,44.82999999999993,2.2737367544323206e-13,1.0000000000000002
19684,-73.96814727783203,40.75902557373047,-73.94720458984375,40.771648406982415,551.42,2656,2656,-1.0,-1.0,-1,-1,0.0
19685,-74.00852966308595,40.73392105102539,-73.9881134033203,40.74880981445313,624.51,2656,2656,2806.13,3430.64,150.1300000000001,-2.2737367544323206e-13,0.9999999999999997
19686,-73.97093200683594,40.7860221862793,-73.95552062988281,40.78261184692383,369.2,2656,2656,2681.52,3122.0499999999997,25.519999999999982,71.32999999999976,1.1932015167930654
19687,-73.97477722167969,40.78002166748047,-73.97140502929686,40.79764175415039,458.45,2656,2656,2714.53,3172.98,58.5300000000002,-1.7053025658242404e-13,0.9999999999999997
19688,-74.00437927246094,40.75817108154297,-73.9716567993164,40.78734970092773,752.05,2656,2656,2767.46,3519.51,111.46000000000004,2.2737367544323206e-13,1.0000000000000002
19689,-73.99609375,40.75378036499024,-73.97147369384766,40.79875946044922,866.46,2656,2656,-1.0,-1.0,-1,-1,0.0
19690,-73.97222900390625,40.75970077514648,-73.9975357055664,40.72185897827149,1159.01,2656,2656,2673.4999999999995,3934.3399999999997,17.499999999999545,101.83000000000015,1.0878594662686258
19691,-73.97859191894531,40.777191162109375,-73.96968078613281,40.79130172729492,367.41,2656,2656,-1.0,-1.0,-1,-1,0.0
19692,-73.98123931884766,40.73298645019531,-73.9651107788086,40.76258850097656,626.11,2656,2656,2701.87,3327.98,45.86999999999989,1.1368683772161603e-13,1.0000000000000002
19693,-73.9886016845703,40.74360275268555,-73.98088836669923,40.74685668945313,248.0,2657,2657,2699.08,3007.62,42.07999999999993,60.539999999999964,1.2441129032258063
19694,-74.01000213623048,40.71015167236328,-74.00469207763672,40.74251174926758,701.97,2657,2657,2803.63,3505.6,146.6300000000001,-2.2737367544323206e-13,0.9999999999999997
19695,-73.9534683227539,40.77936935424805,-73.9652786254883,40.80366134643555,748.66,2657,2657,2709.07,3457.73,52.070000000000164,-1.1368683772161603e-13,0.9999999999999999
19696,-73.99015045166014,40.73194122314453,-73.99990844726562,40.72032165527344,486.31,2657,2657,2670.0000000000005,3156.3100000000004,13.000000000000455,-5.684341886080802e-14,0.9999999999999999
19697,-73.98686981201173,40.756141662597656,-73.97984313964845,40.7333869934082,782.8,2657,2657,2699.71,3543.59,42.710000000000036,61.080000000000155,1.0780275932549823
19698,-73.95602416992188,40.77622604370117,-73.95809936523438,40.76491165161133,454.8,2657,2657,2699.46,3154.2599999999998,42.460000000000036,-2.8421709430404007e-13,0.9999999999999993
19699,-73.9725112915039,40.78670120239258,-73.99075317382812,40.77405166625977,507.19,2657,2657,2712.1400000000003,3233.5600000000004,55.14000000000033,14.230000000000075,1.028056546856208
19700,-73.9752197265625,40.78020477294922,-73.95774841308594,40.78461456298828,523.25,2657,2657,2680.38,3203.63,23.38000000000011,0.0,1.0
19701,-73.9746551513672,40.75519943237305,-74.0045166015625,40.73078918457031,901.71,2657,2657,-1.0,-1.0,-1,-1,0.0
19702,-73.9647445678711,40.80749130249024,-73.98069763183594,40.78291320800781,486.06,2657,2657,-1.0,-1.0,-1,-1,0.0
19703,-73.98200988769531,40.7557487487793,-73.95446014404298,40.7670783996582,892.52,2657,2657,2670.66,3575.77,13.659999999999854,12.590000000000146,1.0141061264733564
19704,-73.94457244873048,40.779598236083984,-73.95308685302734,40.76779174804688,241.03,2658,2658,2702.36,2943.39,44.36000000000013,-2.5579538487363607e-13,0.9999999999999989
19705,-73.98395538330078,40.74323272705078,-73.98809051513672,40.72813415527344,398.9,2658,2658,-1.0,-1.0,-1,-1,0.0
19706,-73.97628784179686,40.77590942382813,-73.96067810058595,40.76633071899415,611.21,2658,2658,-1.0,-1.0,-1,-1,0.0
19707,-73.99594116210938,40.764408111572266,-73.99698638916014,40.73971176147461,607.52,2658,2658,2671.86,3323.31,13.860000000000127,43.929999999999836,1.0723103766131155
19708,-73.98736572265625,40.73889923095703,-73.9951171875,40.72717666625977,279.26,2658,2658,-1.0,-1.0,-1,-1,0.0
19709,-73.978759765625,40.76221084594727,-73.95587921142578,40.77199935913085,702.58,2659,2659,-1.0,-1.0,-1,-1,0.0
19710,-73.9883270263672,40.77478790283203,-73.99314880371094,40.753639221191406,590.38,2659,2659,2699.29,3289.67,40.289999999999964,1.1368683772161603e-13,1.0000000000000002
19711,-73.98204040527344,40.775962829589844,-73.97430419921875,40.78862380981445,231.34,2659,2659,-1.0,-1.0,-1,-1,0.0
19712,-73.9969482421875,40.73712158203125,-73.98403930664062,40.72539138793945,550.16,2659,2659,-1.0,-1.0,-1,-1,0.0
19713,-73.96827697753906,40.76191329956055,-73.96944427490234,40.75686645507813,193.24,2659,2659,-1.0,-1.0,-1,-1,0.0
19714,-73.96945190429686,40.76089859008789,-73.97611236572266,40.74842071533203,371.22,2659,2659,2717.42,3088.64,58.42000000000007,-2.2737367544323206e-13,0.9999999999999993
19715,-73.9696044921875,40.74891662597656,-73.95441436767578,40.770015716552734,364.59,2659,2659,2715.71,3080.2999999999997,56.710000000000036,-2.8421709430404007e-13,0.9999999999999992
19716,-73.96469116210938,40.7968864440918,-73.94612884521484,40.82078170776367,537.67,2659,2659,2749.58,3287.25,90.57999999999993,1.1368683772161603e-13,1.0000000000000002
19717,-73.99394226074219,40.75159072875977,-74.00276947021484,40.7606315612793,418.13,2659,2659,-1.0,-1.0,-1,-1,0.0
19718,-73.9913101196289,40.750282287597656,-73.98870086669923,40.75573348999024,431.41,2659,2659,2712.35,3159.73,53.34999999999991,15.970000000000084,1.037018149787905
19719,-73.9749755859375,40.75584030151367,-73.97136688232422,40.74687576293945,433.87,2659,2659,-1.0,-1.0,-1,-1,0.0
19720,-74.00823211669923,40.75127029418945,-73.98918151855469,40.74806594848633,539.0,2659,2659,-1.0,-1.0,-1,-1,0.0
19721,-73.98201751708984,40.77462768554688,-73.99394226074219,40.764026641845696,370.52,2659,2659,-1.0,-1.0,-1,-1,0.0
19722,-73.965576171875,40.76298904418945,-73.95285797119139,40.780437469482415,310.22,2659,2659,-1.0,-1.0,-1,-1,0.0
19723,-74.01329040527344,40.715858459472656,-73.9818801879883,40.76460647583008,1084.22,2660,2660,2789.2,3873.42,129.19999999999982,2.2737367544323206e-13,1.0000000000000002
19724,-73.98883056640625,40.73673629760742,-73.97272491455078,40.758949279785156,632.07,2660,2660,-1.0,-1.0,-1,-1,0.0
19725,-73.96253967285155,40.77301025390625,-73.95303344726562,40.783294677734375,339.87,2660,2660,-1.0,-1.0,-1,-1,0.0
19726,-73.98299407958984,40.769630432128906,-73.9593505859375,40.80914688110352,754.87,2661,2661,2689.75,3444.62,28.75,-1.1368683772161603e-13,0.9999999999999999
19727,-74.00005340576173,40.71782684326172,-73.99893188476562,40.72653198242188,331.7,2661,2661,2902.32,3234.02,241.32000000000016,-1.7053025658242404e-13,0.9999999999999994
19728,-73.97112274169923,40.751480102539055,-73.98245239257811,40.731201171875,412.87,2661,2661,-1.0,-1.0,-1,-1,0.0
19729,-73.99925994873048,40.739273071289055,-73.99828338623048,40.74550247192383,182.74,2661,2661,-1.0,-1.0,-1,-1,0.0
19730,-73.95577239990234,40.779239654541016,-73.95317840576173,40.77275085449219,256.0,2661,2661,-1.0,-1.0,-1,-1,0.0
19731,-73.96957397460938,40.749038696289055,-73.95425415039062,40.77040481567383,362.63,2661,2661,2674.66,3037.29,13.659999999999854,1.1368683772161603e-13,1.0000000000000002
19732,-73.99500274658203,40.74490737915039,-74.00775909423827,40.73556137084961,371.84,2661,2661,-1.0,-1.0,-1,-1,0.0
19733,-73.98534393310547,40.76342010498047,-73.95348358154298,40.783607482910156,863.19,2661,2661,2670.0,3537.11,9.0,3.9200000000000728,1.0045412945006316
19734,-73.95113372802734,40.77920913696289,-73.96106719970702,40.76517868041992,362.55,2661,2661,-1.0,-1.0,-1,-1,0.0
19735,-74.00468444824219,40.74799728393555,-73.99488830566406,40.75008010864258,242.18,2661,2661,2672.04,2914.22,11.039999999999964,-1.7053025658242404e-13,0.9999999999999993
19736,-73.97044372558594,40.76237869262695,-74.00618743896483,40.70869827270508,1406.68,2661,2661,-1.0,-1.0,-1,-1,0.0
19737,-73.9583969116211,40.77299118041992,-73.98088073730467,40.78089141845703,584.1,2661,2661,2670.0,3254.1,9.0,-1.1368683772161603e-13,0.9999999999999998
19738,-74.0070571899414,40.72900390625,-74.00456237792969,40.74067687988281,260.29,2661,2661,2702.31,2962.6,41.309999999999945,-5.684341886080802e-14,0.9999999999999998
19739,-73.9818801879883,40.77096176147461,-73.96440124511719,40.77299118041992,481.58,2662,2662,-1.0,-1.0,-1,-1,0.0
19740,-73.99247741699219,40.74929428100585,-73.96337890625,40.758548736572266,901.35,2662,2662,2716.63,3617.98,54.63000000000011,-1.1368683772161603e-13,0.9999999999999999
19741,-73.9749298095703,40.75542068481445,-73.98021697998048,40.785621643066406,996.15,2662,2662,-1.0,-1.0,-1,-1,0.0
19742,-73.96827697753906,40.75101089477539,-73.94963836669923,40.776588439941406,448.93,2662,2662,-1.0,-1.0,-1,-1,0.0
19743,-73.99650573730467,40.7257194519043,-73.98928833007811,40.72759628295898,290.77,2662,2662,-1.0,-1.0,-1,-1,0.0
19744,-73.9623489379883,40.77545928955078,-73.98004913330078,40.760780334472656,659.63,2662,2662,-1.0,-1.0,-1,-1,0.0
19745,-73.97863006591797,40.7564697265625,-74.01477813720702,40.7168197631836,1165.83,2662,2662,2730.08,3895.9100000000003,68.07999999999993,4.547473508864641e-13,1.0000000000000004
19746,-73.97718811035155,40.743179321289055,-74.00154113769531,40.73577117919922,597.53,2662,2662,-1.0,-1.0,-1,-1,0.0
19747,-73.95645141601562,40.778099060058594,-73.95146942138672,40.76633834838867,427.16,2662,2662,2696.32,3148.7,34.320000000000164,25.21999999999963,1.0590411087180438
19748,-73.94097900390625,40.7925910949707,-73.98248291015625,40.77251052856445,935.46,2662,2662,2750.33,3685.79,88.32999999999993,0.0,1.0
19749,-73.96057891845702,40.757625579833984,-73.94690704345702,40.77626419067383,439.9,2662,2662,-1.0,-1.0,-1,-1,0.0
19750,-73.97887420654298,40.761756896972656,-74.00420379638672,40.74221420288085,875.6,2663,2663,-1.0,-1.0,-1,-1,0.0
19751,-73.97421264648438,40.75323867797852,-73.9738998413086,40.74406051635742,371.28,2663,2663,-1.0,-1.0,-1,-1,0.0
19752,-73.9711685180664,40.755218505859375,-73.95511627197266,40.77735137939453,468.18,2663,2663,-1.0,-1.0,-1,-1,0.0
19753,-73.96014404296875,40.77619552612305,-73.98472595214844,40.75934982299805,891.29,2663,2663,2705.39,3659.64,42.38999999999987,62.960000000000036,1.07063918589909
19754,-73.97189331054686,40.7613410949707,-73.99657440185547,40.72213363647461,1159.51,2663,2663,2696.83,3932.1300000000006,33.82999999999993,75.79000000000065,1.0653638174746234
19755,-73.96792602539062,40.76550674438477,-73.98351287841797,40.77531814575195,491.66,2663,2663,-1.0,-1.0,-1,-1,0.0
19756,-73.97550964355469,40.7508201599121,-73.9540023803711,40.76790237426758,626.26,2663,2663,-1.0,-1.0,-1,-1,0.0
19757,-73.97012329101562,40.76240158081055,-74.00453186035155,40.72272872924805,1259.93,2663,2663,-1.0,-1.0,-1,-1,0.0
19758,-73.99803161621094,40.734474182128906,-73.99442291259766,40.72214889526367,591.23,2663,2663,-1.0,-1.0,-1,-1,0.0
19759,-73.9718017578125,40.75032043457031,-73.98635864257811,40.73029708862305,370.66,2663,2663,2683.16,3053.82,20.159999999999854,2.8421709430404007e-13,1.0000000000000007
19760,-73.96041107177734,40.81308364868164,-73.9457778930664,40.807960510253906,404.28,2663,2663,2759.29,3163.57,96.28999999999996,2.2737367544323206e-13,1.0000000000000007
19761,-74.00994110107422,40.7208251953125,-73.98990631103516,40.73301315307617,728.22,2664,2664,-1.0,-1.0,-1,-1,0.0
19762,-73.99102020263672,40.75657653808594,-73.95054626464845,40.77116775512695,1090.5,2664,2664,2678.59,3769.09,14.590000000000146,0.0,1.0
19763,-73.98754119873048,40.738189697265625,-73.99549102783203,40.72163009643555,508.27,2664,2664,-1.0,-1.0,-1,-1,0.0
19764,-73.99467468261719,40.72610473632813,-73.976806640625,40.72887420654297,437.02,2664,2664,2747.91,3184.93,83.90999999999985,0.0,1.0
19765,-73.97956085205078,40.761009216308594,-73.94497680664062,40.78002166748047,948.21,2664,2664,2685.89,3701.46,21.889999999999873,67.36000000000013,1.07103911580768
19766,-73.9847640991211,40.77409744262695,-73.95606231689453,40.78800964355469,714.69,2664,2664,-1.0,-1.0,-1,-1,0.0
19767,-73.99191284179686,40.74988555908203,-73.98789978027342,40.76024627685547,442.93,2664,2664,-1.0,-1.0,-1,-1,0.0
19768,-74.0168685913086,40.70771408081055,-74.00874328613281,40.71926879882813,411.51,2664,2664,-1.0,-1.0,-1,-1,0.0
19769,-73.98705291748048,40.77604675292969,-73.95606994628906,40.78165054321289,750.35,2665,2665,2670.0,3420.35,5.0,-1.1368683772161603e-13,0.9999999999999999
19770,-73.97391510009766,40.762489318847656,-73.98712158203125,40.744224548339844,480.39,2665,2665,2678.64,3159.0299999999997,13.639999999999873,-1.1368683772161603e-13,0.9999999999999998
19771,-73.9583740234375,40.76876831054688,-73.98118591308595,40.76321029663085,796.96,2665,2665,-1.0,-1.0,-1,-1,0.0
19772,-73.96112060546875,40.7566032409668,-73.9814453125,40.77997589111328,1017.92,2665,2665,2675.82,3735.84,10.820000000000164,42.10000000000002,1.0413588494184218
19773,-73.98760223388672,40.753849029541016,-73.97811126708984,40.7820701599121,773.99,2665,2665,-1.0,-1.0,-1,-1,0.0
19774,-74.01588439941406,40.71121597290039,-74.01451110839844,40.70340347290039,203.95,2665,2665,-1.0,-1.0,-1,-1,0.0
19775,-73.98197174072266,40.72814559936523,-73.98678588867188,40.74195861816406,539.85,2665,2665,2811.34,3351.19,146.34000000000015,-1.1368683772161603e-13,0.9999999999999998
19776,-73.98695373535155,40.75588607788085,-73.94947052001955,40.7852783203125,1085.85,2665,2665,2720.5099999999998,3806.36,55.50999999999976,4.547473508864641e-13,1.0000000000000004
19777,-74.00012969970702,40.73291015625,-73.98980712890625,40.72587966918945,428.37,2666,2666,-1.0,-1.0,-1,-1,0.0
19778,-73.99917602539062,40.75448226928711,-73.9929962158203,40.73411178588867,722.11,2666,2666,-1.0,-1.0,-1,-1,0.0
19779,-73.9674301147461,40.76356506347656,-73.95694732666014,40.78002548217773,413.12,2666,2666,-1.0,-1.0,-1,-1,0.0
19780,-73.96791076660156,40.80059051513672,-73.96897888183594,40.76115036010742,1147.55,2666,2666,2692.23,3895.9900000000002,26.230000000000018,56.210000000000264,1.0489826151365955
19781,-73.98941040039062,40.74174118041992,-73.99683380126955,40.73165893554688,222.57,2666,2666,-1.0,-1.0,-1,-1,0.0
19782,-73.98258209228516,40.76298141479492,-73.9877700805664,40.74433135986328,669.06,2666,2666,-1.0,-1.0,-1,-1,0.0
19783,-73.99456787109375,40.75029373168945,-73.95692443847656,40.80225372314453,1226.35,2666,2666,-1.0,-1.0,-1,-1,0.0
19784,-73.94693756103516,40.779109954833984,-73.95578765869139,40.77538299560547,260.55,2666,2666,-1.0,-1.0,-1,-1,0.0
19785,-73.98411560058595,40.76165771484375,-74.00818634033203,40.74763870239258,689.32,2667,2667,-1.0,-1.0,-1,-1,0.0
19786,-73.97498321533203,40.75221252441406,-73.99401092529298,40.7207145690918,848.26,2667,2667,-1.0,-1.0,-1,-1,0.0
19787,-73.97225952148438,40.76559066772461,-73.98204040527344,40.77398681640625,433.21,2667,2667,2673.67,3169.84,6.670000000000073,62.96000000000009,1.1453336718912308
19788,-73.99978637695312,40.7435302734375,-73.96926116943358,40.7979621887207,1081.41,2667,2667,2705.88,3787.29,38.88000000000011,-2.2737367544323206e-13,0.9999999999999998
19789,-74.00839233398438,40.70779800415039,-73.98979949951173,40.73958587646485,935.61,2667,2667,2911.57,3847.18,244.57000000000016,-3.410605131648481e-13,0.9999999999999997
19790,-73.95902252197266,40.77174377441406,-73.9908676147461,40.75604248046875,1154.73,2667,2667,2673.24,3864.83,6.239999999999782,36.86000000000013,1.0319208819377692
19791,-73.94833374023438,40.774356842041016,-73.99443054199219,40.7608528137207,1309.24,2667,2667,-1.0,-1.0,-1,-1,0.0
19792,-73.99907684326173,40.744441986083984,-73.9913558959961,40.755226135253906,303.93,2667,2667,2698.59,3002.52,31.590000000000146,-1.7053025658242404e-13,0.9999999999999994
19793,-73.97339630126955,40.76411819458008,-73.95684814453125,40.76662826538085,510.81,2667,2667,-1.0,-1.0,-1,-1,0.0
19794,-73.99469757080078,40.74029922485352,-73.98661804199219,40.710670471191406,1095.77,2667,2667,2680.28,3878.09,13.2800000000002,102.03999999999996,1.093121731750276
19795,-73.98369598388672,40.75524139404297,-73.9776840209961,40.763538360595696,224.38,2668,2668,2698.37,2922.75,30.36999999999989,1.1368683772161603e-13,1.0000000000000004
19796,-73.96720886230467,40.7585563659668,-73.98086547851562,40.78823852539063,1067.03,2668,2668,-1.0,-1.0,-1,-1,0.0
19797,-73.99822235107422,40.717227935791016,-73.99464416503906,40.7609977722168,1070.44,2668,2668,-1.0,-1.0,-1,-1,0.0
19798,-73.98625183105469,40.75931167602539,-73.9802474975586,40.749908447265625,656.75,2668,2668,2670.0,3326.75,2.0,0.0,1.0
19799,-73.99939727783203,40.75482177734375,-73.93949127197266,40.85131072998047,1208.33,2668,2668,-1.0,-1.0,-1,-1,0.0
19800,-73.97931671142578,40.74435043334961,-73.96746826171875,40.76848983764648,726.56,2668,2668,2699.21,3425.77,31.210000000000036,0.0,1.0
19801,-73.9731216430664,40.748348236083984,-73.96076202392578,40.76900100708008,552.22,2668,2668,-1.0,-1.0,-1,-1,0.0
19802,-73.96939849853516,40.76013946533203,-73.9596176147461,40.76749038696289,315.78,2668,2668,-1.0,-1.0,-1,-1,0.0
19803,-74.00619506835938,40.73401641845703,-73.99634552001955,40.74818420410156,306.25,2669,2669,2770.84,3077.09,101.84000000000015,0.0,1.0
19804,-73.97010803222656,40.74906921386719,-73.99170684814453,40.74592971801758,625.33,2669,2669,-1.0,-1.0,-1,-1,0.0
19805,-73.96434020996094,40.77129364013672,-73.98648834228516,40.75777053833008,848.46,2669,2669,2691.75,3540.21,22.75,0.0,1.0
19806,-73.98339080810547,40.74127960205078,-73.99703979492188,40.74712753295898,483.7,2669,2669,2716.49,3200.19,47.48999999999978,2.8421709430404007e-13,1.0000000000000007
19807,-74.00691986083984,40.74264144897461,-73.99131774902342,40.752349853515625,552.45,2669,2669,-1.0,-1.0,-1,-1,0.0
19808,-73.96717834472656,40.7723503112793,-73.98213958740234,40.76264190673828,566.68,2669,2669,-1.0,-1.0,-1,-1,0.0
19809,-73.99091339111328,40.75521087646485,-73.9802474975586,40.758060455322266,349.88,2669,2669,-1.0,-1.0,-1,-1,0.0
19810,-73.97261810302734,40.76136016845703,-73.95957946777344,40.763031005859375,388.83,2669,2669,2710.9399999999996,3099.77,41.9399999999996,3.979039320256561e-13,1.000000000000001
19811,-73.9753646850586,40.75112915039063,-73.96848297119139,40.75621032714844,303.26,2670,2670,2670.0,3032.89,0.0,59.62999999999988,1.1966299544944927
19812,-73.96708679199219,40.76914978027344,-73.9739990234375,40.75164031982422,689.01,2670,2670,-1.0,-1.0,-1,-1,0.0
19813,-74.00908660888672,40.71382522583008,-73.98574829101562,40.73540878295898,773.78,2670,2670,2699.32,3541.45,29.320000000000164,68.34999999999968,1.0883326009976992
19814,-73.9615249633789,40.771499633789055,-73.97677612304686,40.74380111694336,792.67,2670,2670,2696.66,3521.62,26.659999999999854,32.29000000000008,1.0407357412290108
19815,-73.99974060058595,40.75389862060547,-73.9783935546875,40.75125503540039,631.47,2670,2670,-1.0,-1.0,-1,-1,0.0
19816,-73.96652221679686,40.757568359375,-74.00675964355469,40.73070907592773,1080.99,2671,2671,2727.5,3859.38,56.5,50.8900000000001,1.0470772162554696
19817,-73.98635864257811,40.722110748291016,-73.98121643066406,40.74446105957031,607.72,2671,2671,2747.71,3355.43,76.71000000000004,-2.2737367544323206e-13,0.9999999999999997
19818,-73.95441436767578,40.76629638671875,-73.99394226074219,40.7647705078125,1082.33,2671,2671,-1.0,-1.0,-1,-1,0.0
19819,-73.97572326660156,40.76308822631836,-73.96823120117188,40.765151977539055,228.88,2671,2671,2725.39,2972.35,54.38999999999987,18.08000000000004,1.0789933589653968
19820,-73.96491241455078,40.759929656982415,-73.9620590209961,40.76372909545898,266.12,2671,2671,-1.0,-1.0,-1,-1,0.0
19821,-73.96561431884766,40.759037017822266,-73.97215270996094,40.74870300292969,268.05,2672,2672,-1.0,-1.0,-1,-1,0.0
19822,-73.97249603271484,40.78676223754883,-73.98043060302734,40.78220748901367,232.98,2672,2672,2706.7,2939.68,34.69999999999982,2.842170943040401e-14,1.0000000000000002
19823,-73.99053955078125,40.771575927734375,-73.9809341430664,40.76464080810547,359.7,2672,2672,2868.29,3227.9900000000002,196.28999999999996,2.8421709430404007e-13,1.0000000000000009
19824,-73.9949951171875,40.750205993652344,-74.00276947021484,40.74969100952149,276.92,2672,2672,2792.55,3069.47,120.55000000000018,-3.979039320256561e-13,0.9999999999999986
19825,-74.0062255859375,40.73385238647461,-73.987548828125,40.76033020019531,672.23,2672,2672,-1.0,-1.0,-1,-1,0.0
19826,-73.96665954589844,40.76746368408203,-73.95635986328125,40.78418350219727,357.26,2672,2672,2710.72,3067.98,38.7199999999998,2.2737367544323206e-13,1.0000000000000007
19827,-74.0037841796875,40.7225456237793,-74.00588226318358,40.70633316040039,672.9,2672,2672,2721.87,3394.7699999999995,49.86999999999989,-3.410605131648481e-13,0.9999999999999994
19828,-73.99451446533203,40.75038528442383,-74.00752258300781,40.74318313598633,425.2,2673,2673,-1.0,-1.0,-1,-1,0.0
19829,-73.98673248291014,40.76189422607422,-73.9957275390625,40.76454544067383,260.92,2673,2673,2832.42,3093.34,159.42000000000007,5.684341886080802e-14,1.0000000000000002
19830,-73.97434234619139,40.75106430053711,-73.95848846435547,40.78080368041992,752.11,2673,2673,-1.0,-1.0,-1,-1,0.0
19831,-73.98020172119139,40.76575469970703,-74.00768280029298,40.74591064453125,789.74,2673,2673,2704.46,3494.2,31.460000000000036,-2.2737367544323206e-13,0.9999999999999997
19832,-73.98213958740234,40.76824188232422,-73.99093627929686,40.734199523925774,1075.0,2673,2673,-1.0,-1.0,-1,-1,0.0
19833,-74.00775909423827,40.742759704589844,-73.97755432128906,40.77614212036133,822.06,2673,2673,-1.0,-1.0,-1,-1,0.0
19834,-73.95372772216798,40.7786865234375,-73.94515991210938,40.79658508300781,394.32,2674,2674,2707.37,3101.69,33.36999999999989,1.7053025658242404e-13,1.0000000000000004
19835,-73.99126434326173,40.74993896484375,-73.98078155517578,40.76507186889648,686.97,2674,2674,-1.0,-1.0,-1,-1,0.0
19836,-73.989990234375,40.74724960327149,-73.98492431640625,40.753753662109375,180.92,2674,2674,-1.0,-1.0,-1,-1,0.0
19837,-73.9439697265625,40.77606964111328,-73.99372100830078,40.733646392822266,1167.39,2674,2674,-1.0,-1.0,-1,-1,0.0
19838,-73.95172119140625,40.76950073242188,-73.97584533691406,40.791664123535156,852.98,2674,2674,-1.0,-1.0,-1,-1,0.0
19839,-73.96175384521484,40.75632095336913,-73.95659637451173,40.77573013305664,465.41,2674,2674,-1.0,-1.0,-1,-1,0.0
19840,-73.96961975097656,40.76884078979492,-73.96560668945312,40.75351333618164,608.51,2675,2675,2717.88,3361.3,42.88000000000011,34.91000000000008,1.0573696405975253
19841,-73.9885025024414,40.75490951538085,-73.96233367919923,40.763538360595696,873.78,2675,2675,-1.0,-1.0,-1,-1,0.0
19842,-73.9472427368164,40.7715950012207,-73.98562622070312,40.748130798339844,981.22,2675,2675,-1.0,-1.0,-1,-1,0.0
19843,-74.01409149169923,40.71331024169922,-73.95724487304686,40.77333068847656,1411.3,2675,2675,-1.0,-1.0,-1,-1,0.0
19844,-73.96322631835938,40.771881103515625,-74.00363159179686,40.7475700378418,1173.37,2675,2675,-1.0,-1.0,-1,-1,0.0
19845,-73.95217895507811,40.76639175415039,-73.96051025390625,40.77228164672852,340.88,2675,2675,-1.0,-1.0,-1,-1,0.0
19846,-74.00682830810547,40.71966552734375,-74.01589965820312,40.70637130737305,440.0,2676,2676,2706.73,3176.27,30.730000000000018,29.539999999999964,1.0671363636363635
19847,-73.9941177368164,40.745460510253906,-73.99980163574219,40.73455047607422,239.95,2676,2676,-1.0,-1.0,-1,-1,0.0
19848,-73.97457885742188,40.77825164794922,-73.94709014892578,40.80577087402344,766.44,2676,2676,2702.02,3479.6699999999996,26.019999999999982,11.209999999999582,1.0146260633578619
19849,-74.01022338867188,40.711669921875,-73.98866271972656,40.75875854492188,1086.01,2676,2676,2850.63,3936.6399999999994,174.6300000000001,-6.821210263296962e-13,0.9999999999999993
19850,-73.97877502441406,40.72857284545898,-73.9912567138672,40.7177963256836,563.83,2676,2676,2885.5,3449.33,209.5,-1.1368683772161603e-13,0.9999999999999998
19851,-73.98773193359375,40.750312805175774,-74.00320434570312,40.74732208251953,425.0,2676,2676,-1.0,-1.0,-1,-1,0.0
19852,-74.00872039794923,40.71593856811523,-74.00286865234375,40.723487854003906,314.7,2676,2676,2721.04,3035.74,45.039999999999964,-1.7053025658242404e-13,0.9999999999999994
19853,-73.98526763916014,40.74198913574219,-73.9852523803711,40.753379821777344,450.44,2676,2676,-1.0,-1.0,-1,-1,0.0
19854,-73.96585845947266,40.76235961914063,-73.96553039550781,40.79204940795898,753.92,2676,2676,-1.0,-1.0,-1,-1,0.0
19855,-73.9733123779297,40.75278854370117,-73.95985412597656,40.76916885375977,397.75,2677,2677,-1.0,-1.0,-1,-1,0.0
19856,-73.96363067626955,40.77433776855469,-73.96190643310547,40.76401901245117,449.01,2677,2677,-1.0,-1.0,-1,-1,0.0
19857,-73.9937973022461,40.75172805786133,-73.97828674316406,40.76486587524415,587.56,2677,2677,-1.0,-1.0,-1,-1,0.0
19858,-73.98103332519531,40.78425979614258,-73.96810150146483,40.753997802734375,1108.94,2677,2677,2717.0,3859.62,40.0,33.679999999999836,1.0303713456093204
19859,-73.99226379394531,40.75339889526367,-73.98239135742188,40.75736999511719,357.19,2677,2677,2725.55,3123.36,48.55000000000018,40.61999999999995,1.1137209888294743
19860,-73.9898681640625,40.75635147094727,-73.95995330810547,40.76383972167969,907.24,2677,2677,-1.0,-1.0,-1,-1,0.0
19861,-73.97051239013672,40.76506042480469,-73.97847747802734,40.7882194519043,683.05,2677,2677,-1.0,-1.0,-1,-1,0.0
19862,-73.96105194091797,40.76087951660156,-73.95172119140625,40.77360916137695,202.04,2677,2677,2711.25,2913.29,34.25,-2.842170943040401e-14,0.9999999999999999
19863,-73.98060607910156,40.74443817138672,-73.99179077148438,40.74085235595703,279.05,2677,2677,2736.8500000000004,3015.9,59.850000000000364,-2.8421709430404007e-13,0.999999999999999
19864,-73.97916412353516,40.76406478881836,-73.98932647705078,40.74178695678711,619.23,2677,2677,-1.0,-1.0,-1,-1,0.0
19865,-73.97979736328125,40.7659912109375,-73.99103546142578,40.750579833984375,535.16,2677,2677,-1.0,-1.0,-1,-1,0.0
19866,-73.97361755371094,40.74980163574219,-73.99074554443358,40.73092651367188,525.2,2677,2677,-1.0,-1.0,-1,-1,0.0
19867,-73.9861602783203,40.74349212646485,-73.98136138916014,40.75899887084961,502.98,2678,2678,-1.0,-1.0,-1,-1,0.0
19868,-73.9747085571289,40.790611267089844,-73.97956848144531,40.777774810791016,320.31,2678,2678,2777.75,3098.06,99.75,-5.684341886080802e-14,0.9999999999999998
19869,-73.9857406616211,40.7468376159668,-74.00762939453125,40.74089813232422,608.22,2678,2678,2721.09,3402.89,43.090000000000146,73.5799999999997,1.120975962645095
19870,-73.95958709716798,40.76730346679688,-73.9724349975586,40.74938201904297,494.1,2678,2678,2707.7,3201.8,29.699999999999818,3.410605131648481e-13,1.0000000000000007
19871,-73.9747543334961,40.76370239257813,-73.98475646972656,40.75593566894531,425.2,2678,2678,-1.0,-1.0,-1,-1,0.0
19872,-74.0079345703125,40.74047470092773,-74.00262451171875,40.71695327758789,752.27,2679,2679,-1.0,-1.0,-1,-1,0.0
19873,-74.00594329833984,40.739990234375,-73.9885482788086,40.7445182800293,585.83,2679,2679,-1.0,-1.0,-1,-1,0.0
19874,-73.95413970947266,40.77269744873047,-73.98865509033203,40.7572135925293,1189.7,2679,2679,2738.96,3928.66,59.960000000000036,-2.2737367544323206e-13,0.9999999999999998
19875,-73.98394775390625,40.75137710571289,-73.99766540527344,40.72296142578125,758.22,2679,2679,-1.0,-1.0,-1,-1,0.0
19876,-73.96487426757811,40.769622802734375,-73.9559097290039,40.78201293945313,303.7,2679,2679,2731.13,3034.83,52.13000000000011,-1.7053025658242404e-13,0.9999999999999994
19877,-73.96916961669923,40.75381088256836,-73.9866943359375,40.75510025024415,629.83,2679,2679,-1.0,-1.0,-1,-1,0.0
19878,-74.00070953369139,40.7421760559082,-73.96807861328125,40.76877975463867,1041.62,2680,2680,2722.0299999999997,3766.57,42.029999999999745,2.9200000000005275,1.002803325588987
19879,-73.97569274902342,40.75547790527344,-73.98826599121094,40.73757553100585,508.41,2680,2680,-1.0,-1.0,-1,-1,0.0
19880,-73.9861831665039,40.77224731445313,-73.98084259033203,40.78259658813477,240.89,2680,2680,2720.66,2961.5499999999997,40.659999999999854,-1.1368683772161603e-13,0.9999999999999996
19881,-74.01619720458984,40.7110481262207,-74.00932312011719,40.7058982849121,381.37,2680,2680,-1.0,-1.0,-1,-1,0.0
19882,-73.98562622070312,40.722129821777344,-74.00697326660156,40.733009338378906,619.06,2680,2680,2980.03,3599.09,300.0300000000002,0.0,1.0
19883,-74.00376892089844,40.748268127441406,-73.98301696777342,40.77170181274415,561.57,2680,2680,2919.15,3480.72,239.1500000000001,-3.410605131648481e-13,0.9999999999999994
19884,-73.98892974853516,40.74392318725585,-73.97856903076173,40.75103759765625,339.0,2680,2680,2756.16,3095.16,76.15999999999985,0.0,1.0
19885,-73.98031616210938,40.78050231933594,-73.9522476196289,40.78636169433594,586.29,2680,2680,2720.29,3306.58,40.289999999999964,0.0,1.0
19886,-73.97257232666014,40.759010314941406,-73.9686508178711,40.748252868652344,518.18,2680,2680,-1.0,-1.0,-1,-1,0.0
19887,-73.99752807617188,40.74156188964844,-74.00081634521484,40.7323112487793,232.75,2680,2680,-1.0,-1.0,-1,-1,0.0
19888,-73.95059967041014,40.77128601074219,-73.95677185058595,40.77742004394531,285.7,2680,2680,-1.0,-1.0,-1,-1,0.0
19889,-73.95118713378906,40.78559112548828,-73.96351623535155,40.79544448852539,395.7,2680,2680,2809.21,3204.9100000000003,129.21000000000004,2.8421709430404007e-13,1.0000000000000007
19890,-73.99875640869139,40.72614288330078,-73.99734497070312,40.722328186035156,230.09,2681,2681,2833.54,3063.63,152.53999999999996,1.4210854715202004e-13,1.0000000000000007
19891,-73.98584747314453,40.74374008178711,-73.9675521850586,40.78786849975585,1077.72,2681,2681,-1.0,-1.0,-1,-1,0.0
19892,-73.98102569580078,40.7335319519043,-73.94986724853516,40.78550720214844,915.72,2681,2681,2701.87,3711.19,20.86999999999989,93.60000000000014,1.10221465076661
19893,-73.97444915771484,40.75070190429688,-73.94734191894531,40.772621154785156,692.14,2681,2681,-1.0,-1.0,-1,-1,0.0
19894,-73.98331451416014,40.76124954223633,-73.98359680175781,40.77579879760742,491.95,2681,2681,-1.0,-1.0,-1,-1,0.0
19895,-73.98110961914062,40.7681884765625,-73.94384765625,40.81703186035156,1152.69,2681,2681,2707.86,3860.55,26.860000000000127,0.0,1.0
19896,-73.94438171386719,40.77560043334961,-73.97190856933594,40.78216171264648,639.45,2681,2681,-1.0,-1.0,-1,-1,0.0
19897,-74.0069351196289,40.74412155151367,-74.01221466064453,40.71694564819336,500.33,2681,2681,-1.0,-1.0,-1,-1,0.0
19898,-73.99423217773438,40.75152969360352,-73.95710754394531,40.78635025024415,1162.58,2681,2681,-1.0,-1.0,-1,-1,0.0
19899,-73.9906997680664,40.74024200439453,-73.98921966552734,40.745338439941406,277.87,2681,2681,2849.57,3127.44,168.57000000000016,-1.1368683772161603e-13,0.9999999999999996
19900,-73.98533630371094,40.7358512878418,-73.97830200195312,40.75579833984375,721.94,2681,2681,2760.54,3482.48,79.53999999999996,0.0,1.0
19901,-73.99136352539062,40.74969482421875,-73.9858169555664,40.75839614868164,482.39,2682,2682,-1.0,-1.0,-1,-1,0.0
19902,-73.98160552978516,40.78065872192383,-73.96656799316406,40.772708892822266,511.8,2682,2682,2753.37,3265.17,71.36999999999989,1.7053025658242404e-13,1.0000000000000004
19903,-73.98369598388672,40.75777053833008,-74.00373077392578,40.73206329345703,764.92,2682,2682,-1.0,-1.0,-1,-1,0.0
19904,-73.97718048095702,40.74705123901367,-73.95462036132812,40.77567672729492,739.31,2682,2682,2785.21,3524.52,103.21000000000004,0.0,1.0
19905,-73.97457885742188,40.79094314575195,-73.98139953613281,40.78040313720703,218.62,2682,2682,2800.8,3019.42,118.80000000000018,-1.1368683772161603e-13,0.9999999999999994
19906,-73.95064544677734,40.77947616577149,-73.96333312988281,40.76207733154297,463.76,2682,2682,2785.41,3249.17,103.40999999999985,2.2737367544323206e-13,1.0000000000000004
19907,-73.97514343261719,40.741523742675774,-73.98943328857422,40.73992538452149,506.4,2682,2682,-1.0,-1.0,-1,-1,0.0
19908,-73.95195007324219,40.77399444580078,-73.97306060791014,40.75900268554688,770.5,2682,2682,2709.46,3498.65,27.460000000000036,18.690000000000055,1.0242569759896172
19909,-73.97012329101562,40.78421020507813,-73.96575164794923,40.805259704589844,444.59,2683,2683,2764.08,3208.67,81.07999999999993,1.7053025658242404e-13,1.0000000000000004
19910,-74.00110626220702,40.74665832519531,-73.99116516113281,40.73798370361328,337.33,2683,2683,-1.0,-1.0,-1,-1,0.0
19911,-73.99220275878906,40.76424789428711,-73.9804458618164,40.76127624511719,419.71,2683,2683,2728.92,3148.63,45.92000000000007,5.684341886080802e-14,1.0000000000000002
19912,-73.98092651367188,40.769378662109375,-73.95280456542969,40.783294677734375,730.62,2683,2683,2740.75,3471.37,57.75,-1.1368683772161603e-13,0.9999999999999999
19913,-73.99736022949219,40.756980895996094,-73.95484161376955,40.778167724609375,1053.69,2683,2683,2704.46,3758.15,21.460000000000036,0.0,1.0
19914,-73.97296142578125,40.780460357666016,-73.9814453125,40.77999877929688,204.21,2683,2683,-1.0,-1.0,-1,-1,0.0
19915,-73.97189331054686,40.75416564941406,-73.95217895507811,40.76886367797852,520.77,2684,2684,-1.0,-1.0,-1,-1,0.0
19916,-73.98065948486328,40.7649803161621,-73.97512054443358,40.75217056274415,615.3,2684,2684,-1.0,-1.0,-1,-1,0.0
19917,-73.98347473144531,40.76063537597656,-74.00792694091797,40.75213623046875,708.21,2684,2684,2707.28,3452.26,23.2800000000002,36.76999999999998,1.0519196283588201
19918,-73.9824676513672,40.76470184326172,-74.0072708129883,40.74118041992188,929.97,2684,2684,-1.0,-1.0,-1,-1,0.0
19919,-73.94544982910156,40.77815246582031,-73.95299530029298,40.76777267456055,222.95,2684,2684,2709.35,2974.13,25.34999999999991,41.83000000000021,1.1876205427225845
19920,-73.96890258789062,40.76107025146485,-73.97811126708984,40.74880599975585,322.26,2684,2684,2700.23,3022.4900000000002,16.230000000000018,2.2737367544323206e-13,1.0000000000000007
19921,-73.9774169921875,40.753944396972656,-73.9539794921875,40.77289581298828,762.33,2684,2684,-1.0,-1.0,-1,-1,0.0
19922,-73.98867797851562,40.7528190612793,-74.00285339355469,40.760440826416016,511.38,2685,2685,-1.0,-1.0,-1,-1,0.0
19923,-73.99440002441406,40.728248596191406,-74.00618743896483,40.74040985107422,567.24,2685,2685,2794.08,3361.32,109.07999999999993,2.2737367544323206e-13,1.0000000000000004
19924,-73.99237060546875,40.74346923828125,-73.9798126220703,40.74971008300781,420.25,2685,2685,-1.0,-1.0,-1,-1,0.0
19925,-73.98297882080078,40.73505401611328,-74.00313568115234,40.72430038452149,582.59,2685,2685,2705.91,3319.15,20.909999999999854,30.650000000000205,1.0526098971832683
19926,-73.99689483642578,40.76287078857422,-73.9839859008789,40.77378463745117,324.91,2685,2685,-1.0,-1.0,-1,-1,0.0
19927,-74.0091323852539,40.71712493896485,-74.00843811035155,40.737659454345696,415.18,2685,2685,-1.0,-1.0,-1,-1,0.0
19928,-73.99203491210938,40.7265739440918,-73.97453308105469,40.7572021484375,910.39,2685,2685,2734.84,3684.0,49.840000000000146,38.76999999999987,1.0425861443996527
19929,-73.95072937011719,40.77583312988281,-73.96116638183594,40.76580429077149,366.8,2685,2685,-1.0,-1.0,-1,-1,0.0
19930,-74.00002288818358,40.733154296875,-74.00589752197266,40.74387741088867,424.7,2686,2686,2814.42,3239.12,128.42000000000007,-1.7053025658242404e-13,0.9999999999999996
19931,-73.94896697998048,40.77342987060547,-73.96383666992188,40.77381134033203,440.26,2686,2686,-1.0,-1.0,-1,-1,0.0
19932,-73.9742660522461,40.76392364501953,-73.95623779296875,40.78424072265625,513.31,2686,2686,-1.0,-1.0,-1,-1,0.0
19933,-73.96652984619139,40.7889518737793,-73.9809341430664,40.76456069946289,647.49,2686,2686,2728.0499999999997,3422.83,42.04999999999973,47.29000000000019,1.0730358770019617
19934,-73.98381805419923,40.75004959106445,-73.9945068359375,40.72484970092773,667.6,2686,2686,2792.24,3459.8399999999997,106.23999999999978,-1.1368683772161603e-13,0.9999999999999998
19935,-74.01715850830078,40.70534896850585,-74.01061248779298,40.704986572265625,357.16,2687,2687,-1.0,-1.0,-1,-1,0.0
19936,-73.97795104980467,40.74626922607422,-73.97045135498048,40.76218032836913,609.09,2687,2687,-1.0,-1.0,-1,-1,0.0
19937,-74.005615234375,40.75096130371094,-73.99519348144531,40.74986267089844,284.42,2687,2687,2734.32,3018.74,47.320000000000164,-3.979039320256561e-13,0.9999999999999986
19938,-73.96094512939453,40.77014541625977,-73.98258972167969,40.7542839050293,873.26,2687,2687,2799.91,3673.17,112.90999999999985,2.2737367544323206e-13,1.0000000000000002
19939,-73.98298645019531,40.7389030456543,-73.99166870117188,40.75035095214844,575.03,2687,2687,2723.92,3377.2799999999997,36.92000000000007,78.3299999999997,1.13621897987931
19940,-73.97888946533203,40.76544189453125,-73.97933197021484,40.72657012939453,1226.45,2687,2687,2712.36,4028.81,25.360000000000127,89.99999999999977,1.0733825268050061
19941,-73.96247863769531,40.77255630493164,-73.968017578125,40.76520538330078,246.25,2687,2687,2718.16,2964.41,31.159999999999854,0.0,1.0
19942,-73.96769714355469,40.7929801940918,-73.95609283447266,40.80609130859375,368.74,2687,2687,2738.21,3145.49,51.210000000000036,38.539999999999736,1.1045180886261314
19943,-73.97977447509766,40.76580047607422,-74.01521301269531,40.71652221679688,1221.8,2687,2687,2728.7500000000005,3950.5500000000006,41.750000000000455,2.2737367544323206e-13,1.0000000000000002
19944,-73.97989654541014,40.755195617675774,-73.98841094970702,40.72585678100585,758.32,2688,2688,-1.0,-1.0,-1,-1,0.0
19945,-73.99523162841797,40.75482940673828,-74.00466918945312,40.75217056274415,226.16,2688,2688,-1.0,-1.0,-1,-1,0.0
19946,-73.96051788330078,40.77233123779297,-73.9713592529297,40.78189086914063,355.61,2688,2688,-1.0,-1.0,-1,-1,0.0
19947,-73.97561645507811,40.75911331176758,-73.9925765991211,40.73757553100585,629.02,2688,2688,-1.0,-1.0,-1,-1,0.0
19948,-73.97024536132812,40.78367233276367,-73.9776611328125,40.75384521484375,938.97,2688,2688,-1.0,-1.0,-1,-1,0.0
19949,-73.98226928710938,40.77703857421875,-73.97904205322266,40.74467468261719,1155.37,2688,2688,2760.91,3916.28,72.90999999999985,4.547473508864641e-13,1.0000000000000004
19950,-74.00196838378906,40.74425888061523,-73.99581146240234,40.733001708984375,442.13,2688,2688,2700.0,3142.13,12.0,1.1368683772161603e-13,1.0000000000000002
19951,-73.97512817382812,40.752456665039055,-73.9740982055664,40.74013900756836,457.66,2688,2688,-1.0,-1.0,-1,-1,0.0
19952,-73.94595336914062,40.777915954589844,-73.95706176757811,40.78269958496094,365.04,2689,2689,3214.92,3579.96,525.9200000000001,-5.684341886080802e-14,0.9999999999999999
19953,-74.0156707763672,40.71484375,-73.98199462890625,40.770015716552734,1135.75,2689,2689,2700.0,3915.7999999999997,11.0,80.04999999999973,1.0704820603125687
19954,-74.00527954101562,40.74042510986328,-73.9918670654297,40.723838806152344,750.24,2689,2689,2748.96,3499.2000000000003,59.960000000000036,2.2737367544323206e-13,1.0000000000000002
19955,-73.97313690185547,40.76457977294922,-73.9637680053711,40.807960510253906,1026.5,2689,2689,-1.0,-1.0,-1,-1,0.0
19956,-73.9861831665039,40.758201599121094,-73.9875717163086,40.7442512512207,454.94,2689,2689,-1.0,-1.0,-1,-1,0.0
19957,-73.95993041992188,40.758167266845696,-74.00498962402342,40.72094345092773,1313.48,2689,2689,2792.71,4106.19,103.71000000000004,-4.547473508864641e-13,0.9999999999999997
19958,-73.99140167236328,40.749824523925774,-73.97232055664062,40.75582885742188,768.8,2689,2689,-1.0,-1.0,-1,-1,0.0
19959,-74.00011444091797,40.72049331665039,-73.9842529296875,40.72554016113281,535.15,2690,2690,2804.87,3340.02,114.86999999999989,1.1368683772161603e-13,1.0000000000000002
19960,-73.97823333740234,40.78643035888672,-73.9847183227539,40.76496887207031,561.21,2690,2690,2706.34,3267.55,16.340000000000146,0.0,1.0
19961,-73.99410247802734,40.75157165527344,-73.97222137451173,40.75745010375977,844.1,2690,2690,-1.0,-1.0,-1,-1,0.0
19962,-74.00334930419923,40.713863372802734,-73.95992279052734,40.77881622314453,1618.39,2690,2690,-1.0,-1.0,-1,-1,0.0
19963,-74.00563049316406,40.7457389831543,-73.98628997802734,40.73044967651367,737.32,2690,2690,2761.91,3499.23,71.90999999999985,1.1368683772161603e-13,1.0000000000000002
19964,-73.99664306640625,40.72550964355469,-73.99808502197266,40.74034881591797,425.22,2690,2690,2738.71,3163.9300000000003,48.710000000000036,2.2737367544323206e-13,1.0000000000000004
19965,-73.99971008300781,40.73426055908203,-74.00885772705078,40.73051834106445,277.97,2691,2691,2710.94,2994.31,19.940000000000055,5.399999999999864,1.0194265568226781
19966,-73.98995971679686,40.74158096313477,-74.00516510009766,40.72317123413085,595.19,2691,2691,2717.5099999999998,3397.36,26.509999999999764,84.66000000000031,1.142240293015676
19967,-74.00624084472656,40.73379898071289,-73.9916763305664,40.72377014160156,635.9,2691,2691,-1.0,-1.0,-1,-1,0.0
19968,-73.97701263427734,40.76488876342773,-73.95060729980467,40.77117156982422,738.98,2691,2691,-1.0,-1.0,-1,-1,0.0
19969,-73.97473907470702,40.74202346801758,-73.9903564453125,40.750938415527344,605.1,2691,2691,-1.0,-1.0,-1,-1,0.0
19970,-73.99971008300781,40.726898193359375,-74.00215148925781,40.7381591796875,318.27,2691,2691,-1.0,-1.0,-1,-1,0.0
19971,-73.99419403076173,40.73260116577149,-73.99485015869139,40.7260971069336,226.79,2691,2691,-1.0,-1.0,-1,-1,0.0
19972,-73.98639678955078,40.734352111816406,-74.00891876220702,40.7138786315918,813.82,2691,2691,-1.0,-1.0,-1,-1,0.0
19973,-73.98493957519531,40.76440048217773,-73.98280334472656,40.777381896972656,333.53,2691,2691,2701.84,3035.37,10.840000000000146,-2.2737367544323206e-13,0.9999999999999993
19974,-73.98162841796875,40.74399185180664,-73.98927307128906,40.734840393066406,293.38,2692,2692,-1.0,-1.0,-1,-1,0.0
19975,-73.98475646972656,40.774280548095696,-73.95712280273438,40.77447128295898,672.41,2692,2692,2727.27,3427.47,35.26999999999998,27.78999999999985,1.0413289510863906
19976,-73.95265197753906,40.77209854125977,-73.95974731445312,40.77366638183594,198.91,2692,2692,-1.0,-1.0,-1,-1,0.0
19977,-73.96514129638672,40.7552604675293,-73.97505187988281,40.76144027709961,498.51,2692,2692,2735.01,3233.52,43.01000000000022,-2.2737367544323206e-13,0.9999999999999996
19978,-73.96632385253906,40.804683685302734,-73.96806335449219,40.792327880859375,324.5,2692,2692,2802.66,3127.16,110.65999999999985,0.0,1.0
19979,-73.97159576416014,40.746578216552734,-73.98833465576173,40.762454986572266,875.48,2692,2692,2729.2599999999998,3643.04,37.25999999999976,38.30000000000018,1.0437474299812677
19980,-74.01717376708984,40.7075424194336,-74.00621795654298,40.7449607849121,606.7,2693,2693,-1.0,-1.0,-1,-1,0.0
19981,-73.99237060546875,40.746742248535156,-73.95538330078125,40.77350234985352,1147.13,2693,2693,-1.0,-1.0,-1,-1,0.0
19982,-74.00070953369139,40.737281799316406,-74.00791931152342,40.74007034301758,337.16,2693,2693,2750.86,3088.02,57.86000000000013,-1.7053025658242404e-13,0.9999999999999994
19983,-74.00409698486328,40.72531127929688,-73.95098114013672,40.77056121826172,1325.02,2693,2693,2714.79,4039.81,21.789999999999964,0.0,1.0
19984,-73.99008178710938,40.73342895507813,-74.00775146484375,40.73627471923828,595.74,2693,2693,2736.23,3331.9700000000003,43.23000000000002,2.2737367544323206e-13,1.0000000000000004
19985,-73.9824676513672,40.74876022338867,-73.97077178955078,40.759929656982415,474.34,2693,2693,-1.0,-1.0,-1,-1,0.0
19986,-73.98211669921875,40.76869583129883,-73.96739196777344,40.788101196289055,487.88,2693,2693,2737.71,3225.59,44.710000000000036,1.1368683772161603e-13,1.0000000000000002
19987,-73.98497772216798,40.72412109375,-74.00769805908203,40.73291015625,709.48,2693,2693,2704.64,3430.83,11.639999999999873,16.710000000000036,1.023552460957321
19988,-73.98736572265625,40.72912979125977,-73.999755859375,40.7269401550293,376.38,2693,2693,2718.71,3122.87,25.710000000000036,27.77999999999986,1.0738083851426745
19989,-73.98131561279298,40.7646369934082,-73.9874496459961,40.73866653442383,832.51,2694,2694,-1.0,-1.0,-1,-1,0.0
19990,-73.9513168334961,40.78511047363281,-73.94534301757811,40.78255081176758,229.84,2694,2694,2854.26,3084.1,160.26000000000022,-3.126388037344441e-13,0.9999999999999987
19991,-73.98424530029298,40.765151977539055,-73.98484802246094,40.77913665771485,413.09,2694,2694,-1.0,-1.0,-1,-1,0.0
19992,-73.96978759765625,40.75320816040039,-73.98858642578125,40.72729110717773,501.27,2694,2694,-1.0,-1.0,-1,-1,0.0
19993,-73.97139739990234,40.75555419921875,-73.96780395507811,40.76776123046875,437.87,2694,2694,-1.0,-1.0,-1,-1,0.0
19994,-73.99401092529298,40.72879028320313,-73.98737335205078,40.720558166503906,446.38,2694,2694,2733.12,3184.74,39.11999999999989,5.239999999999895,1.0117388771898381
19995,-73.9545364379883,40.76991271972656,-73.93860626220702,40.80580520629883,667.07,2694,2694,2770.46,3437.53,76.46000000000004,1.1368683772161603e-13,1.0000000000000002
19996,-73.97773742675781,40.75495529174805,-73.98222351074219,40.764686584472656,501.51,2694,2694,-1.0,-1.0,-1,-1,0.0
19997,-73.99483489990234,40.75027084350585,-73.96681976318358,40.79339599609375,1026.32,2695,2695,2752.2900000000004,3809.1000000000004,57.29000000000042,30.49000000000001,1.0297080832488892
19998,-73.96720886230467,40.77241897583008,-73.98365020751955,40.75722122192383,636.56,2695,2695,2716.4300000000003,3352.9900000000002,21.43000000000029,0.0,1.0
19999,-73.98558807373048,40.7576560974121,-73.99081420898438,40.750770568847656,212.21,2695,2695,2728.27,2940.48,33.26999999999998,2.842170943040401e-14,1.0000000000000002
20000,-73.990234375,40.756736755371094,-73.9795379638672,40.75883865356445,320.6,2695,2695,-1.0,-1.0,-1,-1,0.0
20001,-73.98377990722656,40.738182067871094,-73.98482513427734,40.72895050048828,263.24,2695,2695,2788.0,3051.24,93.0,-2.2737367544323206e-13,0.9999999999999991
20002,-73.99888610839844,40.734371185302734,-74.009521484375,40.73053359985352,293.05,2695,2695,2739.07,3032.12,44.070000000000164,-2.8421709430404007e-13,0.999999999999999
20003,-74.00656890869139,40.72884368896485,-73.9937515258789,40.73271179199219,395.04,2695,2695,-1.0,-1.0,-1,-1,0.0
20004,-73.98989868164062,40.74170684814453,-73.99315643310547,40.72998809814453,316.92,2695,2695,2722.89,3054.35,27.889999999999873,14.54000000000002,1.0458790862047205
20005,-73.96762084960938,40.80236053466797,-73.92830657958984,40.86584854125977,903.83,2696,2696,2700.0,3603.83,4.0,-1.1368683772161603e-13,0.9999999999999999
20006,-74.00082397460938,40.74705505371094,-74.00566864013672,40.73711013793945,251.32,2696,2696,2728.5299999999997,2979.85,32.529999999999745,1.7053025658242404e-13,1.0000000000000007
20007,-73.98294067382812,40.75107955932617,-73.99352264404298,40.72808074951172,604.85,2696,2696,-1.0,-1.0,-1,-1,0.0
20008,-73.98365020751955,40.75616836547852,-73.97269439697266,40.78254318237305,693.5,2696,2696,-1.0,-1.0,-1,-1,0.0
20009,-74.00454711914062,40.73091125488281,-74.00392150878906,40.742130279541016,359.55,2696,2696,-1.0,-1.0,-1,-1,0.0
20010,-73.9529571533203,40.78325271606445,-73.95988464355469,40.77350616455078,215.4,2696,2696,2711.38,2926.78,15.38000000000011,8.526512829121202e-14,1.0000000000000004
20011,-74.00556182861328,40.74077987670898,-74.01331329345702,40.702392578125,900.74,2696,2696,2721.9,3629.5,25.90000000000009,6.8599999999999,1.0076159602104935
20012,-73.96920776367188,40.75786590576172,-73.95174407958984,40.76953125,470.19,2696,2696,-1.0,-1.0,-1,-1,0.0
20013,-73.9720001220703,40.75666427612305,-74.00340270996094,40.7237548828125,1010.97,2696,2696,-1.0,-1.0,-1,-1,0.0
20014,-73.98973846435547,40.73455429077149,-74.00648498535155,40.74319076538085,552.59,2696,2696,2744.58,3297.17,48.57999999999993,1.1368683772161603e-13,1.0000000000000002
20015,-73.96897888183594,40.75767135620117,-73.94788360595702,40.77872848510742,522.52,2696,2696,-1.0,-1.0,-1,-1,0.0
20016,-74.00821685791014,40.7374382019043,-73.99227905273438,40.74184036254883,409.26,2697,2697,-1.0,-1.0,-1,-1,0.0
20017,-73.94573211669923,40.777793884277344,-73.97703552246094,40.75917434692383,972.05,2697,2697,2728.77,3750.99,31.769999999999982,50.169999999999845,1.0516125713697853
20018,-73.99422454833984,40.741188049316406,-73.97455596923827,40.763835906982415,735.14,2697,2697,-1.0,-1.0,-1,-1,0.0
20019,-73.95704650878906,40.77109146118164,-73.9397964477539,40.79375457763672,467.5,2697,2697,-1.0,-1.0,-1,-1,0.0
20020,-73.96862030029298,40.76151657104492,-73.98629760742188,40.74644088745117,614.59,2697,2697,-1.0,-1.0,-1,-1,0.0
20021,-73.99174499511719,40.73848342895508,-73.98059844970702,40.7424430847168,370.03,2697,2697,-1.0,-1.0,-1,-1,0.0
20022,-73.95584869384766,40.77956008911133,-73.94864654541014,40.78989028930664,240.24,2697,2697,-1.0,-1.0,-1,-1,0.0
20023,-73.9767837524414,40.7766990661621,-73.94715118408203,40.77248001098633,737.51,2697,2697,2744.26,3481.77,47.26000000000022,-2.2737367544323206e-13,0.9999999999999997
20024,-73.99561309814453,40.72338104248047,-73.98604583740234,40.72653579711913,319.78,2697,2697,2825.25,3145.03,128.25,2.2737367544323206e-13,1.0000000000000007
20025,-73.95973205566406,40.77091979980469,-73.95832061767578,40.77861022949219,246.82,2697,2697,2711.04,2957.86,14.039999999999964,1.7053025658242404e-13,1.0000000000000007
20026,-74.00363159179686,40.72660827636719,-74.00582122802734,40.74018859863281,402.12,2697,2697,2700.28,3196.44,3.2800000000002,94.03999999999985,1.2338605391425441
20027,-73.9573974609375,40.77021408081055,-73.96617126464845,40.764984130859375,313.75,2697,2697,-1.0,-1.0,-1,-1,0.0
20028,-73.99491882324219,40.74510955810547,-73.98526000976562,40.74748992919922,363.25,2697,2697,2754.29,3117.54,57.289999999999964,0.0,1.0
20029,-73.9937515258789,40.76213836669922,-73.9468994140625,40.77755737304688,1124.76,2698,2698,2703.38,3900.92,5.380000000000109,72.77999999999997,1.0647071375226715
20030,-73.97538757324219,40.74951934814453,-73.96942138671875,40.7634162902832,482.97,2698,2698,2710.33,3270.62,12.329999999999927,77.31999999999994,1.1600927593846406
20031,-73.99148559570312,40.73506164550781,-73.98472595214844,40.742488861083984,321.66,2698,2698,-1.0,-1.0,-1,-1,0.0
20032,-74.00807189941406,40.71910858154297,-73.98384094238281,40.72946166992188,794.13,2698,2698,-1.0,-1.0,-1,-1,0.0
20033,-73.96741485595702,40.80326843261719,-73.97904205322266,40.789405822753906,291.35,2698,2698,2818.75,3110.1,120.75,-1.1368683772161603e-13,0.9999999999999996
20034,-73.98310089111328,40.743858337402344,-73.9690170288086,40.76919937133789,720.09,2698,2698,2773.04,3493.13,75.03999999999996,1.1368683772161603e-13,1.0000000000000002
20035,-73.97704315185547,40.7509994506836,-73.98863983154298,40.74890899658203,472.95,2698,2698,-1.0,-1.0,-1,-1,0.0
20036,-73.97735595703125,40.75168228149415,-73.94895172119139,40.7784309387207,745.51,2699,2699,-1.0,-1.0,-1,-1,0.0
20037,-73.95598602294923,40.76386260986328,-73.94577026367188,40.77780532836913,332.41,2699,2699,2926.5,3258.91,227.5,-1.7053025658242404e-13,0.9999999999999994
20038,-73.98776245117188,40.76302337646485,-73.9642105102539,40.7579231262207,807.79,2699,2699,-1.0,-1.0,-1,-1,0.0
20039,-73.99198913574219,40.73537063598633,-74.00001525878906,40.74322128295898,365.71,2699,2699,-1.0,-1.0,-1,-1,0.0
20040,-74.0080337524414,40.71498107910156,-73.98181915283203,40.74630355834961,896.18,2699,2699,2756.13,3685.1,57.13000000000011,32.78999999999985,1.0365886317480861
20041,-73.99490356445312,40.74005126953125,-73.99205017089844,40.74934387207031,317.92,2699,2699,2755.11,3073.03,56.11000000000013,5.684341886080802e-14,1.0000000000000002
20042,-73.97725677490234,40.74300003051758,-73.99224853515625,40.725379943847656,427.57,2699,2699,2747.9900000000002,3175.5600000000004,48.99000000000024,1.7053025658242404e-13,1.0000000000000004
20043,-73.98171997070312,40.770599365234375,-73.95764923095702,40.81129837036133,764.91,2699,2699,2724.04,3488.95,25.039999999999964,-1.1368683772161603e-13,0.9999999999999999
20044,-73.97493743896483,40.76258087158203,-73.99162292480467,40.738861083984375,563.3,2700,2700,2703.47,3266.77,3.4699999999998,2.2737367544323206e-13,1.0000000000000004
20045,-74.00975036621094,40.72155380249024,-73.98611450195312,40.722480773925774,794.21,2700,2700,2816.51,3610.72,116.51000000000022,-4.547473508864641e-13,0.9999999999999994
20046,-73.99205017089844,40.74266815185547,-73.98396301269531,40.73776626586913,289.32,2700,2700,2716.46,3005.7799999999997,16.460000000000036,-2.8421709430404007e-13,0.999999999999999
20047,-73.94975280761719,40.77288055419922,-73.985595703125,40.76812362670898,933.94,2700,2700,-1.0,-1.0,-1,-1,0.0
20048,-74.00360870361328,40.748512268066406,-73.99891662597656,40.7612533569336,284.86,2700,2700,-1.0,-1.0,-1,-1,0.0
20049,-73.99119567871094,40.74998474121094,-74.00505065917969,40.74109649658203,381.6,2700,2700,-1.0,-1.0,-1,-1,0.0
20050,-73.9710693359375,40.760417938232415,-73.97966003417969,40.78631210327149,821.46,2700,2700,-1.0,-1.0,-1,-1,0.0
20051,-73.95018768310547,40.786720275878906,-73.98355102539062,40.77936935424805,766.78,2700,2700,2796.46,3563.24,96.46000000000004,-2.2737367544323206e-13,0.9999999999999997
20052,-73.95222473144531,40.7690544128418,-73.96237182617188,40.77050018310547,276.1,2700,2700,-1.0,-1.0,-1,-1,0.0
20053,-73.95174407958984,40.766395568847656,-73.96847534179686,40.76643753051758,595.03,2701,2701,-1.0,-1.0,-1,-1,0.0
20054,-73.99188995361328,40.7499885559082,-73.96575927734375,40.80027770996094,1163.6,2701,2701,-1.0,-1.0,-1,-1,0.0
20055,-74.00833129882812,40.74605178833008,-73.96073913574219,40.766380310058594,1280.75,2701,2701,2978.12,4258.87,277.1199999999999,0.0,1.0
20056,-74.00904083251955,40.70355987548828,-73.98741149902342,40.74396896362305,1052.38,2701,2701,2802.42,3854.8,101.42000000000007,0.0,1.0
20057,-73.99556732177734,40.73953247070313,-73.99481201171875,40.726951599121094,396.3,2701,2701,2731.5,3128.55,30.5,0.7500000000001705,1.0018925056775174
20058,-73.95582580566406,40.77973556518555,-73.96379852294923,40.77207565307617,242.51,2701,2701,-1.0,-1.0,-1,-1,0.0
20059,-74.00277709960938,40.71420669555664,-73.99806976318358,40.72260284423828,400.0,2701,2701,-1.0,-1.0,-1,-1,0.0
20060,-73.99417114257811,40.75167846679688,-73.98230743408203,40.763858795166016,458.98,2701,2701,-1.0,-1.0,-1,-1,0.0
20061,-73.99890899658203,40.744537353515625,-74.0063247680664,40.73944854736328,298.77,2701,2701,-1.0,-1.0,-1,-1,0.0
20062,-74.00679016113281,40.70661163330078,-73.98332214355469,40.72200775146485,562.19,2701,2701,-1.0,-1.0,-1,-1,0.0
20063,-74.00581359863281,40.70578384399415,-73.99176788330078,40.74898147583008,1180.61,2702,2702,2753.32,3947.56,51.320000000000164,13.629999999999882,1.011544879342035
20064,-73.96139526367188,40.76859664916992,-73.95072174072266,40.77169418334961,269.39,2702,2702,-1.0,-1.0,-1,-1,0.0
20065,-73.99533081054686,40.73674774169922,-73.97867584228516,40.7256088256836,667.53,2702,2702,-1.0,-1.0,-1,-1,0.0
20066,-73.97583770751955,40.74504470825195,-73.9781723022461,40.751365661621094,367.08,2702,2702,-1.0,-1.0,-1,-1,0.0
20067,-73.97898864746094,40.76409912109375,-74.00221252441406,40.72642517089844,1128.31,2702,2702,-1.0,-1.0,-1,-1,0.0
20068,-73.97012329101562,40.7841796875,-73.94627380371094,40.78340148925781,536.99,2702,2702,-1.0,-1.0,-1,-1,0.0
20069,-73.97491455078125,40.75339126586913,-73.93048095703125,40.855918884277344,1835.0,2702,2702,-1.0,-1.0,-1,-1,0.0
20070,-73.9643020629883,40.76803970336913,-73.98175048828125,40.773521423339844,435.13,2702,2702,-1.0,-1.0,-1,-1,0.0
20071,-74.00682067871094,40.735618591308594,-73.98751068115234,40.76008605957031,675.68,2702,2702,-1.0,-1.0,-1,-1,0.0
20072,-73.95674133300781,40.77498245239258,-73.95435333251955,40.787010192871094,309.24,2702,2702,2732.98,3042.33,30.980000000000018,0.10999999999989996,1.0003557107748025
20073,-73.97236633300781,40.75962829589844,-73.99320983886719,40.739906311035156,792.6,2702,2702,-1.0,-1.0,-1,-1,0.0
20074,-74.00345611572266,40.72684860229492,-74.00555419921875,40.75094223022461,630.28,2702,2702,2860.12,3490.4,158.1199999999999,2.2737367544323206e-13,1.0000000000000004
20075,-73.97191619873048,40.7627067565918,-73.94888305664062,40.78294372558594,615.78,2703,2703,-1.0,-1.0,-1,-1,0.0
20076,-73.98143768310547,40.76859664916992,-73.97675323486328,40.77991104125977,315.75,2703,2703,-1.0,-1.0,-1,-1,0.0
20077,-73.9851303100586,40.75384140014648,-73.9776611328125,40.76417922973633,275.01,2703,2703,2749.34,3024.3500000000004,46.340000000000146,2.2737367544323206e-13,1.0000000000000009
20078,-73.98458099365234,40.74311828613281,-73.98011016845702,40.77800750732422,1077.93,2703,2703,-1.0,-1.0,-1,-1,0.0
20079,-73.98211669921875,40.7789192199707,-73.98310852050781,40.765960693359375,376.72,2703,2703,2747.79,3124.51,44.789999999999964,2.2737367544323206e-13,1.0000000000000007
20080,-73.97279357910156,40.75596618652344,-73.98829650878906,40.75091171264648,553.72,2703,2703,-1.0,-1.0,-1,-1,0.0
20081,-73.96727752685547,40.75630187988281,-73.98027038574219,40.7541618347168,499.92,2703,2703,-1.0,-1.0,-1,-1,0.0
20082,-73.94602966308595,40.777503967285156,-73.95796966552734,40.76932907104492,323.17,2704,2704,2742.97,3099.84,38.9699999999998,33.70000000000033,1.104279481387506
20083,-73.97772216796875,40.75968933105469,-74.0045394897461,40.74070358276367,810.77,2704,2704,-1.0,-1.0,-1,-1,0.0
20084,-73.95530700683594,40.78844833374024,-73.97274017333984,40.757850646972656,823.26,2704,2704,2904.79,3728.0499999999997,200.78999999999996,-2.2737367544323206e-13,0.9999999999999998
20085,-73.97166442871094,40.75509643554688,-73.97119140625,40.78268051147461,773.57,2704,2704,-1.0,-1.0,-1,-1,0.0
20086,-73.95613098144531,40.78451919555664,-73.94384765625,40.80133819580078,272.47,2704,2704,-1.0,-1.0,-1,-1,0.0
20087,-73.99121856689453,40.75006866455078,-74.00611877441406,40.743030548095696,489.1,2704,2704,-1.0,-1.0,-1,-1,0.0
20088,-73.96945953369139,40.7608642578125,-73.98796844482422,40.741058349609375,619.17,2704,2704,-1.0,-1.0,-1,-1,0.0
20089,-74.00160217285155,40.74605178833008,-73.96659088134766,40.76136016845703,1061.65,2704,2704,-1.0,-1.0,-1,-1,0.0
20090,-73.95549774169923,40.78276062011719,-73.96755981445312,40.79047393798828,447.0,2704,2704,-1.0,-1.0,-1,-1,0.0
20091,-73.95571899414062,40.776363372802734,-73.9771957397461,40.75909423828125,768.88,2704,2704,2748.44,3517.32,44.440000000000055,1.1368683772161603e-13,1.0000000000000002
20092,-73.98880004882812,40.74535751342773,-73.97817993164062,40.72944641113281,586.4,2704,2704,-1.0,-1.0,-1,-1,0.0
20093,-73.98526763916014,40.76352310180664,-73.9490966796875,40.76995468139648,956.1,2704,2704,-1.0,-1.0,-1,-1,0.0
20094,-73.96388244628906,40.7651481628418,-73.96014404296875,40.77456665039063,233.9,2705,2705,2781.17,3015.07,76.17000000000007,8.526512829121202e-14,1.0000000000000004
20095,-73.97831726074219,40.78577423095703,-73.96206665039062,40.76374053955078,881.34,2705,2705,2857.65,3738.99,152.6500000000001,-3.410605131648481e-13,0.9999999999999997
20096,-73.99109649658203,40.73969268798828,-74.01443481445312,40.71702194213867,801.61,2705,2705,-1.0,-1.0,-1,-1,0.0
20097,-74.01065826416014,40.70446014404297,-73.98703002929686,40.7388916015625,931.41,2705,2705,-1.0,-1.0,-1,-1,0.0
20098,-73.99075317382812,40.74002075195313,-73.99256134033203,40.725189208984375,494.8,2705,2705,-1.0,-1.0,-1,-1,0.0
20099,-73.9668960571289,40.75310134887695,-73.98748779296875,40.74421310424805,679.76,2706,2706,-1.0,-1.0,-1,-1,0.0
20100,-73.97823333740234,40.75278091430664,-73.97028350830078,40.75703048706055,341.69,2706,2706,2730.0,3071.69,24.0,5.684341886080802e-14,1.0000000000000002
20101,-74.0143280029297,40.71715927124024,-74.00794219970702,40.731536865234375,313.97,2706,2706,-1.0,-1.0,-1,-1,0.0
20102,-73.9767074584961,40.74771118164063,-73.96304321289062,40.76916122436523,610.86,2706,2706,-1.0,-1.0,-1,-1,0.0
20103,-73.99134063720702,40.750221252441406,-73.98133850097656,40.78041076660156,836.52,2706,2706,-1.0,-1.0,-1,-1,0.0
20104,-73.9918212890625,40.74994659423828,-73.97274017333984,40.756309509277344,768.8,2706,2706,-1.0,-1.0,-1,-1,0.0
20105,-73.95106506347656,40.77886962890625,-73.96847534179686,40.75514602661133,637.36,2706,2706,3073.4500000000003,3710.8100000000004,367.4500000000003,1.1368683772161603e-13,1.0000000000000002
20106,-73.9996566772461,40.728370666503906,-74.00009155273438,40.71934127807617,425.56,2706,2706,2764.4900000000002,3190.05,58.49000000000024,-5.684341886080802e-14,0.9999999999999999
20107,-73.9617462158203,40.80086135864258,-73.9737319946289,40.78974151611328,252.12,2706,2706,2856.97,3109.09,150.9699999999998,3.410605131648481e-13,1.0000000000000013
20108,-73.97367095947266,40.76343536376953,-73.99703979492188,40.76277542114258,638.71,2706,2706,-1.0,-1.0,-1,-1,0.0
20109,-74.00395965576173,40.72246170043945,-73.98732757568358,40.75048065185547,689.32,2706,2706,2802.75,3492.07,96.75,1.1368683772161603e-13,1.0000000000000002
20110,-74.00260162353516,40.714332580566406,-73.99563598632812,40.72164916992188,363.74,2706,2706,-1.0,-1.0,-1,-1,0.0
20111,-73.98387145996094,40.72957229614258,-73.98038482666014,40.73765563964844,228.42,2706,2706,2749.1699999999996,2977.5899999999997,43.16999999999962,8.526512829121202e-14,1.0000000000000004
20112,-73.96709442138672,40.77239608764648,-73.96355438232422,40.764495849609375,350.25,2706,2706,-1.0,-1.0,-1,-1,0.0
20113,-74.0064468383789,40.74969100952149,-73.96771240234375,40.80466842651367,906.54,2707,2707,2752.21,3658.7500000000005,45.210000000000036,4.547473508864641e-13,1.0000000000000004
20114,-73.97428131103516,40.762638092041016,-73.99103546142578,40.75059509277344,596.42,2707,2707,-1.0,-1.0,-1,-1,0.0
20115,-73.95747375488281,40.76575469970703,-73.95252990722656,40.77742004394531,212.63,2707,2707,2732.02,2944.65,25.019999999999982,1.1368683772161603e-13,1.0000000000000004
20116,-73.9879150390625,40.73789978027344,-73.9911117553711,40.72779083251953,298.92,2707,2707,-1.0,-1.0,-1,-1,0.0
20117,-73.99179077148438,40.72956085205078,-73.98797607421875,40.74398040771485,477.24,2707,2707,-1.0,-1.0,-1,-1,0.0
20118,-73.97696685791014,40.764930725097656,-73.96702575683594,40.763671875,378.71,2707,2707,-1.0,-1.0,-1,-1,0.0
20119,-73.99761199951173,40.76536560058594,-73.98367309570312,40.761322021484375,408.87,2707,2707,2815.76,3224.63,108.76000000000022,-1.1368683772161603e-13,0.9999999999999997
20120,-73.9852523803711,40.71318435668945,-74.00635528564453,40.71427536010742,589.52,2707,2707,-1.0,-1.0,-1,-1,0.0
20121,-73.99289703369139,40.7478904724121,-74.00940704345702,40.72349166870117,610.41,2707,2707,-1.0,-1.0,-1,-1,0.0
20122,-73.96959686279298,40.7630729675293,-73.97991180419923,40.74943161010742,512.18,2707,2707,-1.0,-1.0,-1,-1,0.0
20123,-73.98800659179686,40.75988006591797,-73.98687744140625,40.76658248901367,203.42,2708,2708,2744.21,2947.63,36.210000000000036,8.526512829121202e-14,1.0000000000000004
20124,-73.95252990722656,40.79240417480469,-73.9603271484375,40.78174591064453,188.43,2708,2708,2806.45,2994.88,98.44999999999982,2.8421709430404007e-13,1.0000000000000016
20125,-73.95197296142578,40.77777099609375,-73.95960998535155,40.76726913452149,261.59,2708,2708,2737.78,2999.37,29.7800000000002,-2.8421709430404007e-13,0.9999999999999989
20126,-73.98168182373048,40.74478530883789,-73.98231506347656,40.75718688964844,531.42,2708,2708,-1.0,-1.0,-1,-1,0.0
20127,-74.01256561279298,40.70251846313477,-73.99581909179686,40.71644973754883,399.46,2708,2708,2897.2,3296.66,189.19999999999982,5.684341886080802e-14,1.0000000000000002
20128,-73.97798919677734,40.78677368164063,-73.95475006103516,40.76554489135742,887.5,2709,2709,3160.39,4047.89,451.3899999999999,0.0,1.0
20129,-73.9613265991211,40.774085998535156,-73.99108123779298,40.73151016235352,1192.65,2709,2709,2730.0,3996.11,21.0,73.46000000000004,1.061593929484761
20130,-74.0044937133789,40.74224853515625,-74.00849914550781,40.73429870605469,254.17,2709,2709,-1.0,-1.0,-1,-1,0.0
20131,-73.99453735351562,40.72488021850585,-73.9906997680664,40.720699310302734,268.46,2709,2709,3052.17,3320.63,343.1700000000001,5.684341886080802e-14,1.0000000000000002
20132,-73.98856353759766,40.73722839355469,-73.9783935546875,40.751140594482415,356.33,2709,2709,-1.0,-1.0,-1,-1,0.0
20133,-73.97054290771484,40.79669189453125,-73.98397827148438,40.779598236083984,386.7,2709,2709,2758.58,3145.28,49.57999999999993,2.8421709430404007e-13,1.0000000000000007
20134,-73.9823989868164,40.76905059814453,-74.00284576416014,40.7604866027832,553.46,2709,2709,2834.13,3387.59,125.13000000000011,0.0,1.0
20135,-73.98037719726562,40.73846435546875,-73.99018096923827,40.72335433959961,368.6,2709,2709,2769.0,3137.6000000000004,60.0,3.410605131648481e-13,1.0000000000000009
20136,-73.99303436279298,40.7324333190918,-73.99122619628906,40.71453475952149,796.66,2710,2710,-1.0,-1.0,-1,-1,0.0
20137,-73.95497131347656,40.7653694152832,-73.97191619873048,40.78226089477539,623.85,2710,2710,-1.0,-1.0,-1,-1,0.0
20138,-73.96244049072266,40.77278518676758,-73.97286224365234,40.76473617553711,362.47,2710,2710,2730.97,3121.44,20.9699999999998,28.000000000000227,1.0772477722294265
20139,-73.94595336914062,40.773353576660156,-73.97132873535155,40.781776428222656,618.2,2710,2710,2781.46,3430.0699999999997,71.46000000000004,30.409999999999627,1.0491912002588153
20140,-73.958984375,40.78337860107422,-73.9634780883789,40.77132415771485,352.09,2710,2710,2828.0,3180.09,118.0,1.7053025658242404e-13,1.0000000000000004
20141,-74.00565338134766,40.75105667114258,-74.00743865966798,40.74114990234375,382.25,2710,2710,2754.37,3136.62,44.36999999999989,0.0,1.0
20142,-73.96038055419923,40.766300201416016,-73.98238372802734,40.77333068847656,599.49,2710,2710,-1.0,-1.0,-1,-1,0.0
20143,-73.97872924804686,40.762428283691406,-73.95596313476562,40.77273941040039,686.75,2710,2710,-1.0,-1.0,-1,-1,0.0
20144,-73.95609283447266,40.76448059082031,-73.96597290039062,40.753089904785156,448.91,2711,2711,-1.0,-1.0,-1,-1,0.0
20145,-73.99405670166014,40.751319885253906,-73.94187927246094,40.82458877563477,1548.17,2711,2711,-1.0,-1.0,-1,-1,0.0
20146,-73.98558044433594,40.75130462646485,-74.00061798095702,40.73068618774415,589.25,2711,2711,2795.33,3384.58,84.32999999999993,0.0,1.0
20147,-74.00320434570312,40.727046966552734,-73.9818115234375,40.769508361816406,1103.64,2711,2711,2730.9,3853.28,19.90000000000009,18.74000000000001,1.0169801746946467
20148,-73.97042083740234,40.75649642944336,-73.97750854492188,40.76128387451172,443.93,2711,2711,-1.0,-1.0,-1,-1,0.0
20149,-74.00624084472656,40.74501037597656,-73.99092102050781,40.74557876586913,358.84,2711,2711,2745.7,3104.54,34.69999999999982,1.7053025658242404e-13,1.0000000000000004
20150,-73.99407196044923,40.75119018554688,-73.979248046875,40.76531982421875,507.68,2711,2711,-1.0,-1.0,-1,-1,0.0
20151,-73.9803237915039,40.76744079589844,-73.9794692993164,40.76282119750977,276.71,2711,2711,-1.0,-1.0,-1,-1,0.0
20152,-73.97874450683594,40.737117767333984,-73.99214172363281,40.742767333984375,465.58,2711,2711,-1.0,-1.0,-1,-1,0.0
20153,-73.95391845703125,40.78767776489258,-73.97229766845702,40.78631210327149,368.66,2711,2711,2730.0,3098.66,19.0,-1.7053025658242404e-13,0.9999999999999996
20154,-73.97676849365234,40.78800582885742,-73.97700500488281,40.77668380737305,344.18,2711,2711,2745.4700000000003,3089.65,34.470000000000255,-1.7053025658242404e-13,0.9999999999999996
20155,-73.98079681396483,40.74508285522461,-73.99231719970702,40.7493896484375,492.54,2711,2711,2756.37,3248.91,45.36999999999989,-5.684341886080802e-14,0.9999999999999999
20156,-73.99174499511719,40.74928283691406,-73.98758697509766,40.72535705566406,775.79,2712,2712,-1.0,-1.0,-1,-1,0.0
20157,-73.95841979980467,40.77840805053711,-73.95390319824219,40.7749137878418,216.38,2712,2712,-1.0,-1.0,-1,-1,0.0
20158,-73.98854064941406,40.7371482849121,-73.98219299316406,40.766426086425774,1014.08,2712,2712,-1.0,-1.0,-1,-1,0.0
20159,-73.98031616210938,40.76562881469727,-73.97534942626955,40.78961181640625,615.4,2712,2712,-1.0,-1.0,-1,-1,0.0
20160,-73.99900817871094,40.729339599609375,-74.01685333251955,40.70783996582031,752.72,2712,2712,2818.79,3571.5099999999998,106.78999999999996,-2.2737367544323206e-13,0.9999999999999997
20161,-73.99205017089844,40.744117736816406,-73.9531707763672,40.77690124511719,1151.21,2712,2712,-1.0,-1.0,-1,-1,0.0
20162,-73.99466705322266,40.750431060791016,-73.97435760498048,40.754539489746094,799.83,2712,2712,-1.0,-1.0,-1,-1,0.0
20163,-73.98482513427734,40.76422500610352,-73.94615173339844,40.79964065551758,1014.11,2712,2712,-1.0,-1.0,-1,-1,0.0
20164,-73.98192596435547,40.766109466552734,-73.97671508789062,40.75859451293945,371.0,2713,2713,-1.0,-1.0,-1,-1,0.0
20165,-73.9652786254883,40.75516128540039,-73.96379852294923,40.77108383178711,437.19,2713,2713,-1.0,-1.0,-1,-1,0.0
20166,-73.96224212646483,40.77910614013672,-73.96910858154298,40.75823593139648,686.45,2713,2713,-1.0,-1.0,-1,-1,0.0
20167,-73.9760513305664,40.76057815551758,-73.95496368408203,40.7832260131836,688.39,2713,2713,2751.43,3439.8199999999997,38.429999999999836,-1.1368683772161603e-13,0.9999999999999999
20168,-73.9875717163086,40.72942733764648,-73.99431610107422,40.76321411132813,1052.08,2713,2713,2900.25,3952.3300000000004,187.25,4.547473508864641e-13,1.0000000000000004
20169,-73.9579086303711,40.76510620117188,-73.98239135742188,40.76385116577149,923.8,2713,2713,2761.0,3754.05,48.0,69.25000000000023,1.0749621130114746
20170,-73.97603607177734,40.77609634399415,-73.94999694824219,40.78035354614258,636.8,2713,2713,2757.07,3432.11,44.070000000000164,38.24000000000001,1.0600502512562815
20171,-73.99947357177734,40.743900299072266,-73.98542022705078,40.72347259521485,844.19,2713,2713,-1.0,-1.0,-1,-1,0.0
20172,-73.99388122558594,40.76176834106445,-73.9749984741211,40.784278869628906,496.27,2713,2713,-1.0,-1.0,-1,-1,0.0
20173,-73.98591613769531,40.76246643066406,-73.97277069091797,40.780555725097656,393.81,2713,2713,2755.64,3149.45,42.63999999999987,-5.684341886080802e-14,0.9999999999999999
20174,-73.9799575805664,40.75461959838867,-73.989501953125,40.739845275878906,341.97,2714,2714,-1.0,-1.0,-1,-1,0.0
20175,-73.99806976318358,40.73564147949219,-73.9851837158203,40.755367279052734,499.58,2714,2714,2758.88,3258.46,44.88000000000011,-5.684341886080802e-14,0.9999999999999999
20176,-73.99149322509766,40.739158630371094,-73.99404907226562,40.72106170654297,629.27,2714,2714,-1.0,-1.0,-1,-1,0.0
20177,-73.98927307128906,40.73020553588867,-73.96620178222656,40.75384521484375,581.09,2714,2714,2747.96,3329.05,33.960000000000036,1.1368683772161603e-13,1.0000000000000002
20178,-73.99536895751955,40.7602767944336,-73.98179626464844,40.75217056274415,609.47,2714,2714,-1.0,-1.0,-1,-1,0.0
20179,-73.98210906982422,40.762882232666016,-73.97953033447266,40.755088806152344,373.46,2714,2714,-1.0,-1.0,-1,-1,0.0
20180,-73.99144744873048,40.71970748901367,-73.98234558105469,40.73998260498047,509.14,2715,2715,2746.3599999999997,3290.58,31.359999999999673,35.08000000000027,1.0689004988804656
20181,-73.97429656982422,40.763050079345696,-73.98397064208984,40.72515106201172,1043.65,2715,2715,-1.0,-1.0,-1,-1,0.0
20182,-73.98641204833984,40.7620506286621,-73.97926330566406,40.765098571777344,195.49,2715,2715,-1.0,-1.0,-1,-1,0.0
20183,-73.94745635986328,40.83074951171875,-73.9449234008789,40.82403945922852,238.93,2715,2715,3047.68,3286.61,332.67999999999984,2.8421709430404007e-13,1.000000000000001
20184,-73.9751968383789,40.761009216308594,-73.9641342163086,40.756702423095696,427.28,2715,2715,-1.0,-1.0,-1,-1,0.0
20185,-73.95601654052734,40.785499572753906,-73.97274780273438,40.764732360839844,545.8,2715,2715,2772.52,3318.32,57.51999999999998,2.2737367544323206e-13,1.0000000000000004
20186,-73.98058319091797,40.75989151000977,-73.9768829345703,40.75520324707031,309.33,2715,2715,-1.0,-1.0,-1,-1,0.0
20187,-73.96192169189453,40.77397155761719,-73.96758270263672,40.76769256591797,230.33,2715,2715,-1.0,-1.0,-1,-1,0.0
20188,-74.00810241699219,40.739463806152344,-73.99478912353516,40.719703674316406,918.24,2715,2715,-1.0,-1.0,-1,-1,0.0
20189,-73.99082946777342,40.75093078613281,-73.99024200439453,40.744178771972656,301.24,2715,2715,2748.55,3049.79,33.55000000000018,-2.2737367544323206e-13,0.9999999999999992
20190,-73.97303771972656,40.76272201538085,-73.97657775878906,40.74836349487305,492.55,2715,2715,-1.0,-1.0,-1,-1,0.0
20191,-74.00016784667969,40.718238830566406,-73.98899841308595,40.74134063720703,738.58,2716,2716,2856.62,3595.2,140.6199999999999,-1.1368683772161603e-13,0.9999999999999999
20192,-73.9983901977539,40.72523498535156,-73.98982238769531,40.71892166137695,547.88,2716,2716,2757.2799999999997,3305.16,41.279999999999745,1.1368683772161603e-13,1.0000000000000002
20193,-73.98320007324219,40.744712829589844,-73.99386596679686,40.73439407348633,350.05,2716,2716,-1.0,-1.0,-1,-1,0.0
20194,-73.98757934570312,40.738445281982415,-74.00599670410156,40.711761474609375,875.83,2716,2716,-1.0,-1.0,-1,-1,0.0
20195,-73.9715347290039,40.76111221313477,-73.95628356933594,40.78135299682617,487.61,2716,2716,-1.0,-1.0,-1,-1,0.0
20196,-73.96277618408203,40.77483749389648,-73.97575378417969,40.76519775390625,490.19,2716,2716,-1.0,-1.0,-1,-1,0.0
20197,-73.97358703613281,40.75192642211913,-73.9576644897461,40.77029418945313,503.96,2716,2716,2744.2400000000002,3305.53,28.240000000000236,57.329999999999984,1.1137590284943248
20198,-73.97261810302734,40.75273132324219,-73.96276092529298,40.75867462158203,278.29,2717,2717,-1.0,-1.0,-1,-1,0.0
20199,-73.96573638916014,40.753360748291016,-73.95960235595702,40.77128982543945,399.01,2717,2717,-1.0,-1.0,-1,-1,0.0
20200,-73.98020172119139,40.74256134033203,-73.98583221435547,40.74982833862305,406.06,2717,2717,2730.29,3184.38,13.289999999999964,48.03000000000014,1.1182830123627054
20201,-73.97091674804686,40.76424026489258,-73.97503662109375,40.77732849121094,442.39,2717,2717,-1.0,-1.0,-1,-1,0.0
20202,-73.97007751464845,40.75745010375977,-73.98615264892578,40.74523162841797,623.76,2717,2717,-1.0,-1.0,-1,-1,0.0
20203,-74.01556396484375,40.71432876586913,-73.9760208129883,40.75115203857422,1081.96,2718,2718,2730.0,3811.96,12.0,0.0,1.0
20204,-73.98149108886719,40.7808837890625,-73.97154998779298,40.784523010253906,311.55,2718,2718,2823.24,3134.79,105.23999999999978,1.7053025658242404e-13,1.0000000000000004
20205,-73.98634338378906,40.75674057006836,-73.99556732177734,40.7440185546875,326.53,2718,2718,2776.31,3102.84,58.309999999999945,2.2737367544323206e-13,1.0000000000000007
20206,-73.98953247070312,40.735694885253906,-73.99927520751955,40.739200592041016,293.14,2719,2719,2765.5200000000004,3058.6600000000003,46.52000000000044,-1.1368683772161603e-13,0.9999999999999997
20207,-74.0026092529297,40.73382186889648,-74.01560974121094,40.71559524536133,518.75,2719,2719,-1.0,-1.0,-1,-1,0.0
20208,-74.00196838378906,40.74583053588867,-74.00025177001955,40.731353759765625,460.59,2719,2719,2756.08,3287.29,37.07999999999993,70.62000000000006,1.153325083045659
20209,-73.99321746826173,40.73899841308594,-73.97425079345702,40.75778579711913,691.94,2719,2719,-1.0,-1.0,-1,-1,0.0
20210,-73.98041534423827,40.76468276977539,-73.98126220703125,40.781341552734375,559.22,2719,2719,-1.0,-1.0,-1,-1,0.0
20211,-73.97779846191406,40.748756408691406,-73.96601104736328,40.754127502441406,336.37,2719,2719,2821.37,3157.7400000000002,102.36999999999989,3.410605131648481e-13,1.000000000000001
20212,-73.9571762084961,40.770332336425774,-73.96305084228516,40.76232528686523,236.63,2720,2720,2753.88,2990.51,33.88000000000011,1.1368683772161603e-13,1.0000000000000004
20213,-74.00679779052734,40.73054122924805,-74.00447845458984,40.75035095214844,498.2,2720,2720,-1.0,-1.0,-1,-1,0.0
20214,-73.99520874023438,40.73930358886719,-74.00440979003906,40.7360954284668,260.18,2720,2720,-1.0,-1.0,-1,-1,0.0
20215,-73.97530364990234,40.76057815551758,-73.98255157470702,40.78497314453125,836.46,2720,2720,-1.0,-1.0,-1,-1,0.0
20216,-73.9869613647461,40.73931121826172,-73.98714447021484,40.7508201599121,425.99,2720,2720,-1.0,-1.0,-1,-1,0.0
20217,-74.00006103515625,40.718997955322266,-73.99152374267578,40.748966217041016,887.88,2720,2720,-1.0,-1.0,-1,-1,0.0
20218,-73.97902679443358,40.75606155395508,-73.98247528076173,40.7425651550293,399.16,2721,2721,-1.0,-1.0,-1,-1,0.0
20219,-73.98851013183594,40.76417922973633,-73.9794921875,40.74448013305664,891.69,2721,2721,-1.0,-1.0,-1,-1,0.0
20220,-73.97370147705078,40.78736877441406,-73.9544219970703,40.7789306640625,501.58,2721,2721,2764.42,3266.0,43.42000000000007,-5.684341886080802e-14,0.9999999999999999
20221,-73.99463653564453,40.74052810668945,-73.93705749511719,40.81595230102539,1730.31,2721,2721,-1.0,-1.0,-1,-1,0.0
20222,-73.96853637695312,40.7619743347168,-74.01422119140625,40.711997985839844,1257.21,2721,2721,2748.7799999999997,4037.0299999999997,27.779999999999745,31.039999999999964,1.0246895904423285
20223,-73.9674072265625,40.7676010131836,-73.95748138427734,40.78268814086913,337.93,2721,2721,-1.0,-1.0,-1,-1,0.0
20224,-73.96193695068358,40.77067565917969,-73.96812438964845,40.75632095336913,480.8,2721,2721,-1.0,-1.0,-1,-1,0.0
20225,-73.97566986083984,40.75899887084961,-73.96945190429686,40.802070617675774,1051.72,2721,2721,-1.0,-1.0,-1,-1,0.0
20226,-73.98912048339844,40.75852966308594,-73.98827362060547,40.7640495300293,185.85,2722,2722,2747.92,2933.77,25.920000000000073,-8.526512829121202e-14,0.9999999999999996
20227,-73.98419952392578,40.7701416015625,-74.0025634765625,40.74884033203125,637.79,2722,2722,2773.91,3459.83,51.909999999999854,48.13000000000011,1.0754637106257547
20228,-73.97982025146483,40.76171112060547,-73.98381805419923,40.73918151855469,808.27,2722,2722,-1.0,-1.0,-1,-1,0.0
20229,-73.98625183105469,40.77896118164063,-73.98088836669923,40.78171920776367,188.86,2722,2722,2886.87,3075.73,164.8699999999999,1.1368683772161603e-13,1.0000000000000007
20230,-74.00411987304686,40.742759704589844,-73.98973846435547,40.715599060058594,1193.42,2722,2722,2777.62,3979.8399999999997,55.61999999999989,8.799999999999727,1.0073737661510613
20231,-73.97215270996094,40.75952911376953,-73.95716094970702,40.77473068237305,440.31,2722,2722,-1.0,-1.0,-1,-1,0.0
20232,-73.99030303955078,40.75090026855469,-73.97738647460938,40.784427642822266,782.19,2722,2722,2747.12,3615.94,25.11999999999989,86.63000000000011,1.1107531418197627
20233,-74.00758361816406,40.751628875732415,-73.99771118164062,40.75661087036133,265.49,2722,2722,2788.42,3053.91,66.42000000000007,-2.2737367544323206e-13,0.9999999999999991
20234,-73.97631072998048,40.77598190307617,-73.96854400634766,40.75475692749024,862.64,2722,2722,2769.13,3636.36,47.13000000000011,4.590000000000032,1.0053208754521006
20235,-73.99123382568358,40.73085403442383,-73.9874267578125,40.72196578979492,444.33,2723,2723,-1.0,-1.0,-1,-1,0.0
20236,-73.98104095458984,40.76015853881836,-73.96729278564453,40.7724494934082,436.51,2723,2723,-1.0,-1.0,-1,-1,0.0
20237,-73.95378875732422,40.77507400512695,-73.96096801757811,40.76570129394531,265.96,2723,2723,2769.88,3035.84,46.88000000000011,5.684341886080802e-14,1.0000000000000002
20238,-73.95661926269531,40.7712516784668,-73.96304321289062,40.76914978027344,217.46,2723,2723,2768.5,2985.96,45.5,2.842170943040401e-14,1.0000000000000002
20239,-73.96882629394531,40.76093673706055,-73.98233795166014,40.77976608276367,741.37,2723,2723,-1.0,-1.0,-1,-1,0.0
20240,-73.9856948852539,40.74102020263672,-73.99227142333984,40.729019165039055,281.09,2723,2723,-1.0,-1.0,-1,-1,0.0
20241,-73.98114776611328,40.75872039794922,-73.97431945800781,40.75736618041992,304.38,2723,2723,-1.0,-1.0,-1,-1,0.0
20242,-74.00127410888672,40.736793518066406,-74.01277923583984,40.70431900024415,847.79,2723,2723,2757.97,3605.76,34.9699999999998,4.547473508864641e-13,1.0000000000000004
20243,-73.99366760253906,40.72722244262695,-73.99964141845702,40.74192428588867,543.49,2723,2723,2870.42,3413.91,147.42000000000007,-2.2737367544323206e-13,0.9999999999999996
20244,-73.9810791015625,40.75952911376953,-74.00906372070312,40.72636413574219,1039.46,2723,2723,-1.0,-1.0,-1,-1,0.0
20245,-73.99557495117188,40.717151641845696,-73.9619598388672,40.76824188232422,1170.29,2723,2723,2771.92,3942.21,48.92000000000007,0.0,1.0
20246,-74.00843811035155,40.711570739746094,-73.99056243896483,40.77131271362305,1197.13,2724,2724,2783.09,3980.2200000000003,59.090000000000146,0.0,1.0
20247,-73.99598693847656,40.72639083862305,-74.009521484375,40.72599792480469,419.84,2724,2724,-1.0,-1.0,-1,-1,0.0
20248,-73.9837417602539,40.75505065917969,-73.961181640625,40.760650634765625,730.2,2724,2724,-1.0,-1.0,-1,-1,0.0
20249,-73.98152923583984,40.73287963867188,-73.98200988769531,40.73204040527344,195.91,2724,2724,2982.13,3178.04,258.1300000000001,-1.4210854715202004e-13,0.9999999999999992
20250,-73.99092102050781,40.75072479248047,-73.98137664794923,40.76616668701172,481.14,2724,2724,2780.89,3262.03,56.88999999999987,3.410605131648481e-13,1.0000000000000007
20251,-73.97364807128906,40.7636833190918,-73.96050262451173,40.76961135864258,398.89,2724,2724,-1.0,-1.0,-1,-1,0.0
20252,-74.0015869140625,40.7409782409668,-73.97554779052734,40.73310089111328,744.67,2724,2724,2762.92,3507.59,38.92000000000007,1.1368683772161603e-13,1.0000000000000002
20253,-73.98379516601562,40.747047424316406,-73.99781036376955,40.72372055053711,636.73,2724,2724,2733.06,3369.79,9.059999999999945,0.0,1.0
20254,-73.98568725585938,40.76805114746094,-74.00385284423827,40.753089904785156,451.76,2724,2724,2747.7000000000003,3240.67,23.700000000000273,41.20999999999981,1.091221002302107
20255,-73.96534729003906,40.77171325683594,-73.96685791015625,40.764015197753906,288.09,2725,2725,2844.5,3132.59,119.5,1.7053025658242404e-13,1.0000000000000007
20256,-73.9696273803711,40.75360870361328,-73.98255920410156,40.73864364624024,379.42,2725,2725,-1.0,-1.0,-1,-1,0.0
20257,-74.00531005859375,40.74600601196289,-73.9561004638672,40.806053161621094,1264.06,2725,2725,2779.33,4043.39,54.32999999999993,0.0,1.0
20258,-73.99110412597656,40.74541473388672,-73.9982681274414,40.733882904052734,390.95,2725,2725,2741.96,3132.9100000000003,16.960000000000036,2.8421709430404007e-13,1.0000000000000007
20259,-73.96765899658203,40.801456451416016,-73.92169189453125,40.868431091308594,966.78,2726,2726,2750.97,3717.75,24.9699999999998,2.2737367544323206e-13,1.0000000000000002
20260,-73.99594116210938,40.75389862060547,-73.99063873291014,40.77539825439453,555.46,2726,2726,-1.0,-1.0,-1,-1,0.0
20261,-73.9998550415039,40.71797180175781,-74.01701354980467,40.70803833007813,633.48,2726,2726,-1.0,-1.0,-1,-1,0.0
20262,-73.96289825439453,40.76982879638672,-73.9564208984375,40.77806854248047,303.74,2726,2726,-1.0,-1.0,-1,-1,0.0
20263,-73.9949493408203,40.74003219604492,-74.00270080566406,40.7355842590332,293.83,2726,2726,-1.0,-1.0,-1,-1,0.0
20264,-73.98251342773438,40.77521133422852,-73.97271728515625,40.79336929321289,381.6,2726,2726,2833.99,3215.59,107.98999999999978,3.410605131648481e-13,1.0000000000000009
20265,-73.97305297851562,40.76408767700195,-73.94964599609375,40.83008575439453,1316.08,2726,2726,2775.81,4153.37,49.809999999999945,61.48000000000002,1.0467144854416146
20266,-73.96569061279298,40.77446365356445,-73.99270629882812,40.7569580078125,834.97,2727,2727,2775.4100000000003,3652.59,48.41000000000031,42.20999999999981,1.0505527144687832
20267,-73.97525024414062,40.74570846557617,-73.98533630371094,40.74724960327149,380.86,2727,2727,-1.0,-1.0,-1,-1,0.0
20268,-73.98989868164062,40.7566795349121,-74.00372314453125,40.75085067749024,412.95,2727,2727,-1.0,-1.0,-1,-1,0.0
20269,-73.9845962524414,40.77560043334961,-73.94698333740234,40.77983093261719,881.4,2727,2727,2750.89,3660.08,23.889999999999873,27.790000000000077,1.0315293850692082
20270,-74.00930786132812,40.703880310058594,-73.99034881591797,40.71913146972656,420.87,2727,2727,2779.9,3200.77,52.90000000000009,-1.1368683772161603e-13,0.9999999999999998
20271,-73.97498321533203,40.75548934936523,-73.97935485839844,40.73643493652344,596.29,2727,2727,-1.0,-1.0,-1,-1,0.0
20272,-73.96894836425781,40.75437927246094,-73.9820785522461,40.73625564575195,352.5,2727,2727,2783.45,3135.95,56.44999999999982,0.0,1.0
20273,-73.98870849609375,40.750186920166016,-74.0030517578125,40.731460571289055,513.64,2727,2727,2759.45,3273.09,32.44999999999982,3.410605131648481e-13,1.0000000000000007
20274,-73.9571762084961,40.77511978149415,-73.944580078125,40.77656936645508,289.31,2727,2727,2745.22,3045.62,18.2199999999998,11.090000000000089,1.0383325844250115
20275,-73.9816665649414,40.76743698120117,-73.9940414428711,40.76002502441406,460.47,2728,2728,2745.77,3283.06,17.769999999999982,76.81999999999994,1.1668295437270613
20276,-73.99203491210938,40.72908020019531,-73.99562835693358,40.766300201416016,1147.81,2728,2728,2755.8199999999983,3903.6299999999983,27.819999999998345,0.0,1.0
20277,-73.96519470214845,40.763538360595696,-73.9547576904297,40.77788162231445,267.51,2728,2728,2769.41,3036.92,41.409999999999854,2.2737367544323206e-13,1.0000000000000009
20278,-73.97916412353516,40.7767333984375,-73.97581481933594,40.78900146484375,291.72,2728,2728,2842.38,3134.1,114.38000000000011,-2.2737367544323206e-13,0.9999999999999992
20279,-73.97969055175781,40.78401565551758,-73.95201873779298,40.77755355834961,689.5,2728,2728,2759.96,3449.46,31.960000000000036,0.0,1.0
20280,-73.99127960205078,40.7603759765625,-74.00631713867188,40.73374938964844,773.82,2728,2728,2730.0,3503.8200000000006,2.0,5.684341886080801e-13,1.0000000000000007
20281,-73.96366882324219,40.75759887695313,-73.9631118774414,40.76837158203125,344.14,2728,2728,2742.33,3107.82,14.329999999999927,21.35000000000025,1.062038705178126
20282,-73.99749755859375,40.72137451171875,-73.97869110107422,40.76267623901367,1106.52,2729,2729,2868.33,3974.85,139.32999999999993,0.0,1.0
20283,-73.97369384765625,40.76057815551758,-73.9713134765625,40.786216735839844,644.8,2729,2729,-1.0,-1.0,-1,-1,0.0
20284,-73.9914779663086,40.742408752441406,-73.98755645751955,40.7253303527832,620.79,2729,2729,2774.19,3394.98,45.190000000000055,0.0,1.0
20285,-73.99337005615234,40.73612976074219,-73.9896926879883,40.72309875488281,543.54,2729,2729,2768.19,3311.73,39.190000000000055,0.0,1.0
20286,-73.98336029052734,40.767932891845696,-73.96273040771484,40.77655029296875,535.73,2730,2730,2753.7,3289.43,23.699999999999818,0.0,1.0
20287,-73.97433471679686,40.75670623779297,-73.95317840576173,40.77680587768555,640.3,2730,2730,2754.86,3434.8199999999997,24.860000000000127,39.65999999999963,1.0619397157582378
20288,-73.98033142089844,40.7428092956543,-73.95584106445312,40.772220611572266,743.5,2730,2730,2741.0,3547.13,11.0,62.63000000000011,1.0842367182246135
20289,-73.98350524902342,40.7513542175293,-73.966552734375,40.76171875,560.5,2730,2730,2736.33,3358.54,6.329999999999927,61.710000000000036,1.1100981266726138
20290,-74.0146255493164,40.7170524597168,-73.99250030517578,40.74857711791992,806.19,2730,2730,2782.51,3588.7,52.51000000000022,-4.547473508864641e-13,0.9999999999999994
20291,-73.98758697509766,40.72784423828125,-74.00057983398438,40.72093200683594,458.88,2730,2730,2777.94,3236.82,47.940000000000055,1.1368683772161603e-13,1.0000000000000002
20292,-74.00418090820312,40.72397994995117,-73.95140838623048,40.78361892700195,1555.26,2730,2730,2887.89,4443.15,157.88999999999987,-2.2737367544323206e-13,0.9999999999999999
20293,-73.97138214111328,40.755943298339844,-73.99011993408203,40.75161743164063,765.64,2730,2730,-1.0,-1.0,-1,-1,0.0
20294,-74.01492309570312,40.71392059326172,-73.97637939453125,40.75238037109375,1063.42,2730,2730,2833.83,3897.25,103.82999999999993,0.0,1.0
20295,-73.9893569946289,40.74762344360352,-73.98365783691406,40.77356338500977,771.66,2731,2731,2854.0,3625.6600000000003,123.0,3.410605131648481e-13,1.0000000000000004
20296,-73.96930694580078,40.76364517211913,-73.94628143310547,40.772850036621094,676.67,2731,2731,2760.0,3476.41,29.0,39.739999999999895,1.0587287747350997
20297,-73.96530151367188,40.77540969848633,-73.98780059814453,40.76502990722656,586.87,2731,2731,2762.53,3391.61,31.5300000000002,42.20999999999992,1.071923935454189
20298,-74.0053482055664,40.719871520996094,-73.99413299560547,40.72285842895508,522.16,2731,2731,2833.66,3355.82,102.65999999999985,3.410605131648481e-13,1.0000000000000007
20299,-73.98161315917969,40.76861190795898,-73.96229553222656,40.77552032470703,488.53,2731,2731,2788.07,3276.6,57.070000000000164,-2.2737367544323206e-13,0.9999999999999996
20300,-74.00457000732422,40.733314514160156,-73.98123931884766,40.72509765625,735.58,2731,2731,-1.0,-1.0,-1,-1,0.0
20301,-73.98584747314453,40.763431549072266,-74.0008316040039,40.74631118774415,548.65,2731,2731,-1.0,-1.0,-1,-1,0.0
20302,-73.95579528808595,40.77226638793945,-73.98069763183594,40.778263092041016,654.29,2732,2732,-1.0,-1.0,-1,-1,0.0
20303,-74.00572967529298,40.736629486083984,-74.00456237792969,40.71929168701172,523.96,2732,2732,-1.0,-1.0,-1,-1,0.0
20304,-73.9532241821289,40.822898864746094,-73.94282531738281,40.84352111816406,458.02,2732,2732,2941.37,3399.39,209.3699999999999,0.0,1.0
20305,-73.98844146728516,40.759143829345696,-73.98136901855469,40.75040054321289,495.06,2732,2732,2775.38,3270.44,43.38000000000011,-5.684341886080802e-14,0.9999999999999999
20306,-73.96336364746094,40.77183532714844,-73.9699935913086,40.74615859985352,784.04,2733,2733,-1.0,-1.0,-1,-1,0.0
20307,-73.98921203613281,40.736366271972656,-73.99176025390625,40.754070281982415,693.5,2733,2733,-1.0,-1.0,-1,-1,0.0
20308,-74.0152587890625,40.7146110534668,-73.99022674560547,40.74670028686523,852.99,2733,2733,-1.0,-1.0,-1,-1,0.0
20309,-73.99723815917969,40.71434020996094,-73.98893737792969,40.72752380371094,453.64,2733,2733,2940.34,3393.98,207.34000000000015,-1.1368683772161603e-13,0.9999999999999998
20310,-73.97669982910156,40.75871276855469,-73.97320556640625,40.787052154541016,802.13,2733,2733,-1.0,-1.0,-1,-1,0.0
20311,-73.99147033691406,40.75008010864258,-73.98042297363281,40.78033065795898,853.02,2733,2733,-1.0,-1.0,-1,-1,0.0
20312,-73.98946380615234,40.7213020324707,-74.00601959228516,40.735023498535156,684.1,2733,2733,2932.58,3616.68,199.57999999999993,-1.1368683772161603e-13,0.9999999999999999
20313,-73.9799270629883,40.72703170776367,-73.97635650634766,40.73971176147461,327.18,2733,2733,2830.71,3157.89,97.71000000000004,-1.7053025658242404e-13,0.9999999999999994
20314,-73.95575714111328,40.76426315307617,-73.97525024414062,40.737220764160156,396.13,2733,2733,-1.0,-1.0,-1,-1,0.0
20315,-73.98455047607422,40.742652893066406,-73.98011016845702,40.748680114746094,187.99,2733,2733,-1.0,-1.0,-1,-1,0.0
20316,-74.00585174560547,40.736061096191406,-73.99169921875,40.73515701293945,362.08,2733,2733,-1.0,-1.0,-1,-1,0.0
20317,-73.95903778076173,40.77217102050781,-73.97434997558594,40.78850936889648,541.08,2733,2733,2763.88,3359.29,30.88000000000011,54.329999999999814,1.1004102905300506
20318,-73.97663879394531,40.75676727294922,-73.95027923583984,40.77155685424805,723.51,2733,2733,-1.0,-1.0,-1,-1,0.0
20319,-73.97817993164062,40.74572372436523,-73.96707916259766,40.760643005371094,412.25,2734,2734,-1.0,-1.0,-1,-1,0.0
20320,-73.98834228515625,40.73737335205078,-73.99884796142578,40.73454666137695,314.05,2734,2734,2771.09,3085.14,37.090000000000146,-2.8421709430404007e-13,0.9999999999999991
20321,-73.96197509765625,40.764404296875,-73.97511291503906,40.763275146484375,459.41,2734,2734,-1.0,-1.0,-1,-1,0.0
20322,-73.96245574951173,40.804931640625,-73.95606994628906,40.803409576416016,282.22,2734,2734,2909.88,3192.1,175.8800000000001,-2.2737367544323206e-13,0.9999999999999992
20323,-73.96636199951173,40.76784133911133,-73.97530364990234,40.755859375,408.32,2734,2734,-1.0,-1.0,-1,-1,0.0
20324,-73.99416351318358,40.75120162963867,-74.0078582763672,40.751651763916016,375.36,2734,2734,-1.0,-1.0,-1,-1,0.0
20325,-73.94739532470702,40.7802734375,-73.96793365478516,40.76234817504883,673.24,2734,2734,2774.87,3448.11,40.86999999999989,2.2737367544323206e-13,1.0000000000000004
20326,-73.9711380004883,40.765602111816406,-74.0041275024414,40.74805068969727,984.85,2734,2734,2786.57,3811.06,52.570000000000164,39.63999999999976,1.040249784231101
20327,-73.96758270263672,40.80311965942383,-73.97101593017578,40.783069610595696,470.9,2734,2734,2799.29,3296.15,65.28999999999996,25.96000000000015,1.0551284773837335
20328,-73.98789978027342,40.7646484375,-73.98182678222656,40.77136993408203,288.48,2734,2734,-1.0,-1.0,-1,-1,0.0
20329,-73.97000122070312,40.763099670410156,-73.9860076904297,40.74126052856445,651.43,2734,2734,2771.01,3470.69,37.01000000000022,48.249999999999886,1.0740678200267102
20330,-73.97931671142578,40.75545883178711,-73.98670959472656,40.73688125610352,533.3,2734,2734,-1.0,-1.0,-1,-1,0.0
20331,-74.0058364868164,40.74016189575195,-74.00463104248048,40.72549819946289,499.31,2735,2735,2841.91,3341.22,106.90999999999985,-5.684341886080802e-14,0.9999999999999999
20332,-73.98219299316406,40.77098083496094,-73.9806900024414,40.78921890258789,535.57,2735,2735,2795.58,3331.15,60.57999999999993,1.1368683772161603e-13,1.0000000000000002
20333,-73.96834564208984,40.786766052246094,-73.95665740966798,40.77582550048828,431.37,2735,2735,2777.66,3235.2400000000002,42.659999999999854,26.210000000000377,1.0607599044903455
20334,-73.97529602050781,40.74859619140625,-73.97922515869139,40.74521255493164,264.97,2735,2735,-1.0,-1.0,-1,-1,0.0
20335,-73.98204803466798,40.77398300170898,-73.98072052001955,40.76486587524415,314.27,2735,2735,2832.16,3146.43,97.15999999999985,0.0,1.0
20336,-73.96961975097656,40.754600524902344,-73.98614501953125,40.75197982788085,629.01,2735,2735,-1.0,-1.0,-1,-1,0.0
20337,-73.97154998779298,40.782241821289055,-73.98245239257811,40.772666931152344,285.96,2735,2735,2786.29,3072.25,51.289999999999964,5.684341886080802e-14,1.0000000000000002
20338,-73.99424743652342,40.75092697143555,-73.9831771850586,40.766361236572266,405.81,2735,2735,2786.2900000000004,3192.1000000000004,51.29000000000042,-5.684341886080802e-14,0.9999999999999999
20339,-73.96663665771484,40.75818634033203,-73.99287414550781,40.74700546264648,901.02,2736,2736,2760.0,3721.44,24.0,60.42000000000007,1.0670573350203103
20340,-73.9894790649414,40.74402618408203,-73.9876480102539,40.72130966186523,790.59,2736,2736,-1.0,-1.0,-1,-1,0.0
20341,-73.98322296142578,40.758018493652344,-73.95616149902342,40.775875091552734,779.5,2736,2736,2892.24,3671.7400000000002,156.23999999999978,4.547473508864641e-13,1.0000000000000007
20342,-73.95284271240234,40.79166030883789,-73.96859741210938,40.76079940795898,806.62,2736,2736,-1.0,-1.0,-1,-1,0.0
20343,-73.98834991455078,40.73757553100585,-73.96378326416014,40.75756072998047,638.69,2737,2737,2781.08,3474.89,44.07999999999993,55.11999999999989,1.0863016486871564
20344,-73.9533462524414,40.779598236083984,-73.94923400878906,40.79020690917969,233.74,2737,2737,2783.4,3017.14,46.40000000000009,-2.2737367544323206e-13,0.999999999999999
20345,-73.97520446777344,40.7508544921875,-73.95346069335938,40.77354049682617,609.91,2737,2737,2789.2,3399.11,52.19999999999982,3.410605131648481e-13,1.0000000000000007
20346,-73.98504638671875,40.73651123046875,-74.01029968261719,40.7187614440918,872.27,2737,2737,2780.29,3713.27,43.289999999999964,60.710000000000036,1.0696000091714721
20347,-73.98271179199219,40.76190948486328,-73.98460388183594,40.72962188720703,1095.28,2737,2737,-1.0,-1.0,-1,-1,0.0
20348,-73.96526336669923,40.7752799987793,-73.99585723876955,40.73295974731445,1059.53,2737,2737,-1.0,-1.0,-1,-1,0.0
20349,-73.97254943847656,40.755069732666016,-73.98269653320312,40.77212905883789,810.59,2737,2737,-1.0,-1.0,-1,-1,0.0
20350,-73.99407958984375,40.751258850097656,-73.99532318115234,40.73994827270508,485.0,2737,2737,-1.0,-1.0,-1,-1,0.0
20351,-73.98747253417969,40.77037048339844,-73.97183227539062,40.79708862304688,482.93,2737,2737,2792.43,3329.42,55.429999999999836,54.06000000000023,1.1119416892717375
20352,-73.96075439453125,40.772438049316406,-73.9902114868164,40.719890594482415,1228.43,2737,2737,2782.84,4067.4700000000007,45.840000000000146,56.2000000000005,1.0457494525532594
20353,-73.96702575683594,40.76374053955078,-73.95621490478516,40.771308898925774,386.4,2737,2737,-1.0,-1.0,-1,-1,0.0
20354,-74.00670623779298,40.74419784545898,-73.9983901977539,40.72612380981445,692.91,2738,2738,2885.13,3578.04,147.1300000000001,-1.1368683772161603e-13,0.9999999999999999
20355,-73.98494720458984,40.76868438720703,-73.99495697021484,40.760417938232415,350.77,2738,2738,-1.0,-1.0,-1,-1,0.0
20356,-73.99540710449219,40.739200592041016,-73.98619842529298,40.75507354736328,469.21,2738,2738,2848.75,3317.96,110.75,5.684341886080802e-14,1.0000000000000002
20357,-73.9644546508789,40.76735305786133,-73.9972915649414,40.7248420715332,1151.43,2738,2738,2784.32,3935.75,46.320000000000164,-2.2737367544323206e-13,0.9999999999999998
20358,-73.98059844970702,40.75410079956055,-73.96623992919923,40.76166534423828,516.59,2738,2738,-1.0,-1.0,-1,-1,0.0
20359,-73.9985122680664,40.745059967041016,-73.99369812011719,40.76633834838867,563.96,2738,2738,-1.0,-1.0,-1,-1,0.0
20360,-74.00492095947266,40.72977828979492,-73.98889923095702,40.725929260253906,539.22,2738,2738,-1.0,-1.0,-1,-1,0.0
20361,-74.01078033447266,40.7202262878418,-74.00634765625,40.74858093261719,484.07,2738,2738,-1.0,-1.0,-1,-1,0.0
20362,-73.96009063720702,40.76191711425781,-73.96749877929686,40.76321792602539,271.83,2739,2739,-1.0,-1.0,-1,-1,0.0
20363,-73.9827423095703,40.75798034667969,-73.95758819580078,40.7701416015625,765.8,2739,2739,-1.0,-1.0,-1,-1,0.0
20364,-73.98143768310547,40.76774597167969,-73.96096801757811,40.7666244506836,595.32,2739,2739,-1.0,-1.0,-1,-1,0.0
20365,-73.9900894165039,40.73834991455078,-73.99053955078125,40.75028991699219,466.92,2739,2739,-1.0,-1.0,-1,-1,0.0
20366,-73.98319244384766,40.76467895507813,-73.98728942871094,40.75880813598633,380.49,2739,2739,-1.0,-1.0,-1,-1,0.0
20367,-73.9874267578125,40.73290252685547,-73.97408294677734,40.761375427246094,912.61,2739,2739,2790.15,3760.78,51.15000000000009,58.020000000000095,1.0635758977000034
20368,-73.98319244384766,40.76467895507813,-73.98728942871094,40.75880813598633,380.49,2739,2739,-1.0,-1.0,-1,-1,0.0
20369,-73.98586273193358,40.767593383789055,-73.9912567138672,40.75958633422852,238.9,2739,2739,2770.24,3009.14,31.23999999999978,8.526512829121202e-14,1.0000000000000004
20370,-73.97747039794923,40.754558563232415,-73.96555328369139,40.75468826293945,415.38,2739,2739,2814.58,3251.82,75.57999999999993,21.86000000000024,1.052626510664934
20371,-73.95641326904298,40.78129196166992,-73.95343017578125,40.764739990234375,606.44,2740,2740,2775.48,3381.92,35.48000000000002,0.0,1.0
20372,-73.9716567993164,40.794837951660156,-73.95555877685547,40.81740951538085,464.09,2740,2740,2779.55,3260.2599999999998,39.55000000000018,16.619999999999607,1.035812019220409
20373,-73.98161315917969,40.75410842895508,-73.97454071044923,40.763755798339844,442.88,2740,2740,-1.0,-1.0,-1,-1,0.0
20374,-73.9720230102539,40.749847412109375,-73.9920196533203,40.72578811645508,562.15,2740,2740,2778.3400000000006,3340.4900000000007,38.3400000000006,1.1368683772161603e-13,1.0000000000000002
20375,-73.97007751464845,40.78895950317383,-73.95527648925781,40.805259704589844,414.71,2740,2740,2889.95,3304.66,149.94999999999982,5.684341886080802e-14,1.0000000000000002
20376,-74.00728607177734,40.70505142211913,-73.9775161743164,40.75205993652344,917.12,2740,2740,-1.0,-1.0,-1,-1,0.0
20377,-73.97364807128906,40.75508117675781,-73.98191833496094,40.75979995727539,407.95,2741,2741,-1.0,-1.0,-1,-1,0.0
20378,-73.9817886352539,40.74616622924805,-74.00066375732422,40.73779678344727,547.37,2741,2741,-1.0,-1.0,-1,-1,0.0
20379,-73.99519348144531,40.75218963623047,-73.99500274658203,40.76355361938477,418.8,2741,2741,-1.0,-1.0,-1,-1,0.0
20380,-73.97050476074219,40.78547668457031,-73.95527648925781,40.7828369140625,301.28,2741,2741,-1.0,-1.0,-1,-1,0.0
20381,-74.00930023193358,40.71357727050781,-73.99308013916014,40.72213745117188,633.25,2742,2742,-1.0,-1.0,-1,-1,0.0
20382,-73.9808120727539,40.77975845336913,-73.97930145263672,40.789512634277344,246.93,2742,2742,2784.22,3051.36,42.2199999999998,20.21000000000032,1.0818450573036906
20383,-73.99542999267578,40.71734237670898,-73.98545837402342,40.72852325439453,378.28,2742,2742,2771.92,3150.2,29.920000000000073,-2.2737367544323206e-13,0.9999999999999994
20384,-73.9798355102539,40.75229263305664,-73.96600341796875,40.76246643066406,478.71,2742,2742,-1.0,-1.0,-1,-1,0.0
20385,-74.00379943847656,40.72539138793945,-73.98605346679686,40.718914031982415,629.16,2742,2742,2848.59,3477.75,106.59000000000015,-1.1368683772161603e-13,0.9999999999999998
20386,-73.9914779663086,40.75993728637695,-74.015625,40.709999084472656,1013.78,2742,2742,-1.0,-1.0,-1,-1,0.0
20387,-73.98281860351562,40.76184844970703,-74.00996398925781,40.714561462402344,1093.55,2742,2742,2760.83,3854.38,18.829999999999927,2.2737367544323206e-13,1.0000000000000002
20388,-74.0052719116211,40.71739196777344,-73.99198150634766,40.72584915161133,510.96,2742,2742,2791.53,3302.49,49.5300000000002,-3.979039320256561e-13,0.9999999999999992
20389,-73.9979019165039,40.75605010986328,-73.97003936767578,40.75363159179688,883.38,2743,2743,2974.71,3858.09,231.71000000000004,1.1368683772161603e-13,1.0000000000000002
20390,-73.99263763427734,40.7381706237793,-74.00785064697266,40.75143814086913,583.82,2743,2743,2781.29,3371.71,38.289999999999964,6.600000000000023,1.0113048542358947
20391,-73.94622039794923,40.77311706542969,-73.95214080810547,40.783935546875,350.7,2743,2743,2812.25,3162.95,69.25,-1.7053025658242404e-13,0.9999999999999996
20392,-73.97901153564453,40.762840270996094,-73.95701599121094,40.77154159545898,668.5,2743,2743,-1.0,-1.0,-1,-1,0.0
20393,-74.00202178955078,40.74052810668945,-73.99490356445312,40.75021743774415,232.13,2743,2743,2846.21,3078.34,103.21000000000004,1.1368683772161603e-13,1.0000000000000004
20394,-73.98748016357422,40.73263549804688,-74.00263214111328,40.72755813598633,463.75,2743,2743,2775.46,3239.21,32.460000000000036,0.0,1.0
20395,-73.97167205810547,40.79447555541992,-73.94894409179686,40.80590057373047,561.17,2744,2744,2774.46,3335.63,30.460000000000036,1.1368683772161603e-13,1.0000000000000002
20396,-73.9803695678711,40.7453727722168,-73.953125,40.7725830078125,745.62,2744,2744,-1.0,-1.0,-1,-1,0.0
20397,-73.9827651977539,40.75933456420898,-73.95034790039062,40.77546691894531,996.32,2744,2744,-1.0,-1.0,-1,-1,0.0
20398,-73.96892547607422,40.764408111572266,-73.97599792480467,40.76025390625,288.71,2744,2744,2796.41,3085.12,52.409999999999854,5.684341886080802e-14,1.0000000000000002
20399,-73.9735107421875,40.74800109863281,-73.9832534790039,40.7266731262207,449.03,2744,2744,-1.0,-1.0,-1,-1,0.0
20400,-73.96993255615234,40.75281143188477,-73.97151947021484,40.78211975097656,845.94,2744,2744,-1.0,-1.0,-1,-1,0.0
20401,-74.00401306152342,40.7255859375,-73.98934173583984,40.758113861083984,838.51,2744,2744,-1.0,-1.0,-1,-1,0.0
20402,-74.01495361328125,40.70496368408203,-73.97771453857422,40.73822021484375,753.83,2745,2745,2845.29,3599.12,100.28999999999996,-1.1368683772161603e-13,0.9999999999999999
20403,-73.9734115600586,40.76354598999024,-73.99111938476562,40.74419021606445,624.22,2745,2745,2781.62,3405.84,36.61999999999989,2.2737367544323206e-13,1.0000000000000004
20404,-73.989501953125,40.76279830932617,-74.00269317626955,40.760658264160156,369.92,2745,2745,2787.0499999999997,3201.28,42.04999999999973,44.31000000000046,1.1197826557093438
20405,-73.96916198730467,40.7611198425293,-73.98280334472656,40.742130279541016,456.21,2745,2745,-1.0,-1.0,-1,-1,0.0
20406,-73.96090698242188,40.76922225952149,-73.96732330322266,40.79340744018555,668.01,2745,2745,-1.0,-1.0,-1,-1,0.0
20407,-73.97343444824219,40.757976531982415,-73.95862579345702,40.77234268188477,448.94,2745,2745,2795.19,3244.13,50.190000000000055,5.684341886080802e-14,1.0000000000000002
20408,-73.97876739501955,40.77251052856445,-73.97360229492188,40.79471969604492,549.17,2745,2745,2777.0,3406.19,32.0,80.0200000000001,1.1457107999344467
20409,-74.00811004638672,40.73950958251953,-74.00247955322266,40.76070022583008,466.12,2745,2745,-1.0,-1.0,-1,-1,0.0
20410,-73.96617126464845,40.76215362548828,-73.9549331665039,40.77072525024415,304.08,2745,2745,2858.5,3162.58,113.5,-5.684341886080802e-14,0.9999999999999998
20411,-73.97962188720702,40.74945068359375,-73.99347686767578,40.72792053222656,582.26,2745,2745,2780.4700000000003,3403.85,35.470000000000255,41.11999999999966,1.070621371895716
20412,-73.98946380615234,40.76288604736328,-74.00047302246094,40.76278305053711,320.22,2745,2745,-1.0,-1.0,-1,-1,0.0
20413,-73.98612976074219,40.77775955200195,-73.98504638671875,40.763648986816406,444.17,2745,2745,2782.4,3226.57,37.40000000000009,5.684341886080802e-14,1.0000000000000002
20414,-73.96170806884766,40.77111053466797,-73.95346069335938,40.779460906982415,226.72,2745,2745,2836.2,3062.92,91.19999999999982,2.5579538487363607e-13,1.000000000000001
20415,-73.97125244140625,40.7828369140625,-73.98284912109375,40.77169418334961,320.79,2746,2746,-1.0,-1.0,-1,-1,0.0
20416,-73.99365997314453,40.720375061035156,-73.9820785522461,40.75830841064453,1084.34,2746,2746,2785.9,3870.2400000000002,39.90000000000009,2.2737367544323206e-13,1.0000000000000002
20417,-73.9996566772461,40.73345947265625,-73.9840316772461,40.73017120361328,427.29,2746,2746,2789.67,3216.96,43.67000000000007,-5.684341886080802e-14,0.9999999999999999
20418,-73.9880599975586,40.74374771118164,-73.97964477539062,40.733222961425774,464.82,2746,2746,-1.0,-1.0,-1,-1,0.0
20419,-73.96363067626955,40.766090393066406,-73.95085906982422,40.77581787109375,309.76,2746,2746,-1.0,-1.0,-1,-1,0.0
20420,-73.98175048828125,40.781063079833984,-73.97624969482422,40.79239273071289,300.04,2746,2746,2788.41,3120.2799999999997,42.409999999999854,31.82999999999987,1.1060858552193036
20421,-73.94477844238281,40.77927780151367,-73.9535140991211,40.77565002441406,202.12,2746,2746,3168.04,3370.16,422.03999999999996,-1.1368683772161603e-13,0.9999999999999994
20422,-73.98405456542969,40.76470565795898,-73.97061157226562,40.76171875,418.99,2747,2747,-1.0,-1.0,-1,-1,0.0
20423,-73.99169158935547,40.72972869873047,-73.99874114990234,40.74505615234375,569.58,2747,2747,-1.0,-1.0,-1,-1,0.0
20424,-73.96155548095702,40.7645263671875,-73.9684066772461,40.75503921508789,267.26,2747,2747,2803.04,3070.3,56.039999999999964,2.2737367544323206e-13,1.0000000000000009
20425,-73.97382354736328,40.7546272277832,-73.98393249511719,40.73799133300781,371.12,2747,2747,-1.0,-1.0,-1,-1,0.0
20426,-74.00334167480467,40.73250198364258,-73.98970794677734,40.74166870117188,434.41,2747,2747,2761.4,3195.81,14.400000000000091,-1.7053025658242404e-13,0.9999999999999996
20427,-73.98478698730467,40.77426528930664,-73.97183227539062,40.787254333496094,353.53,2747,2747,2840.3,3193.83,93.30000000000018,-2.2737367544323206e-13,0.9999999999999993
20428,-73.94803619384766,40.77859878540039,-73.98854064941406,40.75770950317383,1325.25,2747,2747,2791.12,4185.77,44.11999999999989,69.40000000000055,1.0523674778343712
20429,-73.96026611328125,40.76967239379883,-73.97268676757811,40.7509994506836,565.39,2747,2747,-1.0,-1.0,-1,-1,0.0
20430,-73.98515319824219,40.767738342285156,-73.97769927978516,40.773681640625,243.81,2747,2747,-1.0,-1.0,-1,-1,0.0
20431,-73.99332427978516,40.755462646484375,-73.9921646118164,40.74345016479492,393.62,2747,2747,2771.12,3237.68,24.11999999999989,72.93999999999994,1.185305624714191
20432,-73.98899078369139,40.748443603515625,-73.95330810546875,40.7854881286621,1051.65,2748,2748,-1.0,-1.0,-1,-1,0.0
20433,-73.99018859863281,40.74753952026367,-73.97407531738281,40.73110580444336,727.24,2748,2748,2786.63,3513.87,38.63000000000011,-2.2737367544323206e-13,0.9999999999999997
20434,-73.99412536621094,40.75111770629883,-73.97061920166014,40.76140594482422,801.26,2748,2748,2796.1,3656.87,48.09999999999991,59.50999999999999,1.0742705239248185
20435,-73.97782897949219,40.74155044555664,-73.9797592163086,40.72439956665039,446.66,2748,2748,2792.2400000000002,3259.53,44.24000000000024,20.62999999999994,1.0461872565262167
20436,-73.99172973632812,40.726470947265625,-73.99748992919923,40.71414184570313,435.81,2748,2748,2958.0,3393.81,210.0,-5.684341886080802e-14,0.9999999999999999
20437,-73.9860076904297,40.7540397644043,-73.95301055908203,40.78582000732422,995.89,2749,2749,2830.62,3826.51,81.61999999999989,3.410605131648481e-13,1.0000000000000004
20438,-74.00455474853516,40.74848175048828,-74.00601959228516,40.71960067749024,728.44,2749,2749,2808.0,3542.9500000000003,59.0,6.510000000000218,1.0089369062654443
20439,-73.95468139648438,40.78411483764648,-73.96097564697266,40.774261474609375,265.3,2749,2749,2842.75,3108.05,93.75,1.7053025658242404e-13,1.0000000000000007
20440,-73.98109436035155,40.75564575195313,-73.95318603515625,40.76829147338867,832.02,2749,2749,-1.0,-1.0,-1,-1,0.0
20441,-73.97978210449219,40.78631210327149,-73.97061157226562,40.79619598388672,243.71,2749,2749,2863.08,3106.79,114.07999999999993,2.842170943040401e-14,1.0000000000000002
20442,-73.95728302001955,40.77027893066406,-73.96910858154298,40.7610740661621,433.17,2749,2749,2804.0,3237.17,55.0,5.684341886080802e-14,1.0000000000000002
20443,-73.97843933105469,40.763099670410156,-73.98357391357422,40.77579879760742,444.36,2749,2749,-1.0,-1.0,-1,-1,0.0
20444,-73.98889923095702,40.763370513916016,-73.97798156738281,40.7534294128418,615.71,2749,2749,-1.0,-1.0,-1,-1,0.0
20445,-73.95950317382812,40.76743698120117,-73.9803009033203,40.750938415527344,820.81,2750,2750,-1.0,-1.0,-1,-1,0.0
20446,-73.9818801879883,40.7689208984375,-73.96755981445312,40.75598907470703,693.03,2750,2750,2769.82,3462.85,19.820000000000164,-2.2737367544323206e-13,0.9999999999999997
20447,-73.97380065917969,40.76306915283203,-73.99003601074219,40.7607307434082,526.32,2750,2750,2792.81,3319.13,42.809999999999945,1.1368683772161603e-13,1.0000000000000002
20448,-73.99115753173827,40.72896957397461,-73.99904632568358,40.73421096801758,314.66,2750,2750,-1.0,-1.0,-1,-1,0.0
20449,-73.97986602783203,40.761173248291016,-73.96097564697266,40.766807556152344,675.58,2751,2751,-1.0,-1.0,-1,-1,0.0
20450,-73.97332000732422,40.76411056518555,-73.97783660888672,40.78667831420898,682.99,2751,2751,2810.49,3493.48,59.48999999999978,2.2737367544323206e-13,1.0000000000000002
20451,-73.99234008789062,40.749000549316406,-73.996826171875,40.73242950439453,417.11,2751,2751,-1.0,-1.0,-1,-1,0.0
20452,-73.99177551269531,40.74994659423828,-73.97296905517578,40.7366943359375,757.57,2751,2751,2803.25,3616.49,52.25,55.66999999999973,1.073484958485684
20453,-73.99178314208984,40.73133087158203,-73.98616790771484,40.73064041137695,229.25,2751,2751,-1.0,-1.0,-1,-1,0.0
20454,-73.96888732910156,40.79880905151367,-73.96590423583984,40.795082092285156,180.12,2751,2751,2761.11,3039.77,10.110000000000127,98.53999999999985,1.547079724628025
20455,-73.9832763671875,40.73887634277344,-73.9557113647461,40.7726936340332,790.06,2751,2751,2863.46,3653.52,112.46000000000004,0.0,1.0
20456,-73.95955657958984,40.776893615722656,-73.96600341796875,40.76955795288085,214.43,2751,2751,2789.7,3004.13,38.69999999999982,2.8421709430404007e-13,1.0000000000000013
20457,-73.977294921875,40.77694320678711,-73.97920227050781,40.765323638916016,331.0,2751,2751,2847.16,3178.16,96.15999999999985,0.0,1.0
20458,-73.94634246826173,40.7771873474121,-73.95555114746094,40.7795295715332,225.75,2752,2752,2802.57,3028.32,50.570000000000164,0.0,1.0
20459,-73.9945755004883,40.71898651123047,-73.97808837890625,40.72943115234375,488.14,2752,2752,3059.12,3547.2599999999998,307.1199999999999,-1.1368683772161603e-13,0.9999999999999998
20460,-74.00809478759766,40.73949813842773,-73.99574279785155,40.75420379638672,519.29,2752,2752,2805.06,3383.27,53.059999999999945,58.92000000000007,1.1134626124131026
20461,-73.99588775634766,40.73291015625,-73.99291229248048,40.72516632080078,317.01,2752,2752,2772.46,3089.47,20.460000000000036,-2.2737367544323206e-13,0.9999999999999993
20462,-73.9625473022461,40.75924682617188,-73.96786499023438,40.76548385620117,326.37,2752,2752,2806.4,3132.77,54.40000000000009,-1.1368683772161603e-13,0.9999999999999997
20463,-73.99043273925781,40.71947860717773,-73.99239349365234,40.7493896484375,1010.63,2752,2752,2854.79,3865.42,102.78999999999996,1.1368683772161603e-13,1.0000000000000002
20464,-73.95069885253906,40.77085876464844,-73.97296905517578,40.78519821166992,643.29,2753,2753,-1.0,-1.0,-1,-1,0.0
20465,-73.9921646118164,40.72508239746094,-73.97335052490234,40.74390411376953,504.88,2753,2753,3195.4,3700.28,442.4000000000001,1.1368683772161603e-13,1.0000000000000002
20466,-73.98534393310547,40.74451065063477,-73.98098754882812,40.77336120605469,885.7,2753,2753,-1.0,-1.0,-1,-1,0.0
20467,-73.95673370361328,40.7840232849121,-73.98311614990234,40.78200912475585,578.33,2753,2753,-1.0,-1.0,-1,-1,0.0
20468,-73.97406005859375,40.79465103149415,-73.9832763671875,40.77349090576172,460.52,2753,2753,3642.17,4102.6900000000005,889.1700000000001,4.547473508864641e-13,1.0000000000000009
20469,-73.98844146728516,40.72751998901367,-73.9901123046875,40.733489990234375,245.56,2753,2753,2935.25,3180.81,182.25,-5.684341886080802e-14,0.9999999999999998
20470,-73.96757507324219,40.76010513305664,-73.99449157714845,40.72478103637695,936.15,2753,2753,2806.52,3742.6700000000005,53.51999999999998,5.684341886080801e-13,1.0000000000000007
20471,-73.99280548095702,40.72829055786133,-74.00249481201173,40.72482681274415,386.21,2753,2753,2926.2,3312.41,173.19999999999982,5.684341886080802e-14,1.0000000000000002
20472,-73.98235321044923,40.76290893554688,-73.9734649658203,40.75520706176758,546.74,2753,2753,-1.0,-1.0,-1,-1,0.0
20473,-73.9828109741211,40.72737121582031,-73.99594116210938,40.72349166870117,455.4,2754,2754,2791.11,3246.5099999999998,37.11000000000013,-3.410605131648481e-13,0.9999999999999992
20474,-73.99266052246094,40.755046844482415,-73.99124145507811,40.75049591064453,191.49,2754,2754,-1.0,-1.0,-1,-1,0.0
20475,-74.01042938232422,40.718841552734375,-74.00074768066406,40.739891052246094,415.46,2754,2754,-1.0,-1.0,-1,-1,0.0
20476,-73.99710083007811,40.736980438232415,-74.00537109375,40.74029159545898,244.54,2754,2754,-1.0,-1.0,-1,-1,0.0
20477,-73.96541595458984,40.76606750488281,-73.97480010986328,40.76531600952149,413.34,2754,2754,-1.0,-1.0,-1,-1,0.0
20478,-73.98181915283203,40.76527786254883,-73.94993591308595,40.77600860595703,916.72,2754,2754,2866.5,3783.2200000000003,112.5,2.2737367544323206e-13,1.0000000000000002
20479,-73.99658966064453,40.75295639038085,-73.98027801513672,40.7425537109375,671.25,2754,2754,-1.0,-1.0,-1,-1,0.0
20480,-73.9662094116211,40.76486206054688,-73.95502471923827,40.76577758789063,384.58,2754,2754,-1.0,-1.0,-1,-1,0.0
20481,-74.00122833251955,40.73098754882813,-73.9810791015625,40.75040817260742,653.47,2754,2754,2760.45,3470.46,6.449999999999818,56.54000000000019,1.0865227171867113
20482,-73.97933959960938,40.74473190307617,-73.97308349609375,40.750991821289055,188.56,2755,2755,2778.62,2967.18,23.61999999999989,-5.684341886080802e-14,0.9999999999999997
20483,-73.96637725830078,40.75668716430664,-74.01536560058594,40.70991134643555,1016.33,2755,2755,2762.64,3887.96,7.639999999999873,108.99000000000012,1.1072387905503136
20484,-73.9735107421875,40.76398849487305,-73.9827651977539,40.763835906982415,322.37,2755,2755,-1.0,-1.0,-1,-1,0.0
20485,-73.96610260009766,40.75818634033203,-73.99140930175781,40.759929656982415,959.68,2755,2755,2791.95,3751.63,36.94999999999982,3.410605131648481e-13,1.0000000000000004
20486,-74.00697326660156,40.71629333496094,-74.01018524169923,40.72449111938477,289.43,2755,2755,2843.5,3132.93,88.5,-1.7053025658242404e-13,0.9999999999999994
20487,-73.97573852539062,40.78174209594727,-73.99492645263672,40.73321533203125,1304.38,2755,2755,2786.58,4164.62,31.579999999999927,73.65999999999985,1.0564712737085817
20488,-73.967529296875,40.76306915283203,-73.9803695678711,40.737701416015625,615.8,2755,2755,-1.0,-1.0,-1,-1,0.0
20489,-73.97929382324219,40.77858352661133,-73.99757385253906,40.72565460205078,1465.96,2755,2755,2794.34,4340.59,39.340000000000146,80.28999999999996,1.0547695707932003
20490,-73.9551239013672,40.773250579833984,-73.9654998779297,40.7584114074707,439.1,2756,2756,2810.92,3250.02,54.92000000000007,-1.1368683772161603e-13,0.9999999999999998
20491,-73.98204803466798,40.77041244506836,-73.98624420166014,40.76093673706055,359.27,2756,2756,-1.0,-1.0,-1,-1,0.0
20492,-73.97627258300781,40.7598991394043,-73.95885467529298,40.780670166015625,541.85,2756,2756,2773.35,3315.2,17.34999999999991,-1.1368683772161603e-13,0.9999999999999998
20493,-73.98194885253906,40.7365608215332,-73.99589538574219,40.726810455322266,412.42,2756,2756,-1.0,-1.0,-1,-1,0.0
20494,-73.99423217773438,40.75243377685547,-73.99043273925781,40.75904083251953,286.88,2756,2756,2806.66,3093.54,50.659999999999854,1.1368683772161603e-13,1.0000000000000004
20495,-74.0016098022461,40.740909576416016,-73.9394302368164,40.84828186035156,1484.38,2756,2756,2916.38,4400.76,160.3800000000001,0.0,1.0
20496,-73.97241973876955,40.7563705444336,-74.00148773193358,40.726051330566406,917.34,2757,2757,-1.0,-1.0,-1,-1,0.0
20497,-73.96729278564453,40.77235794067383,-73.98492431640625,40.75906372070313,679.72,2757,2757,2811.67,3491.39,54.67000000000007,-2.2737367544323206e-13,0.9999999999999997
20498,-73.97542572021484,40.75271606445313,-73.99525451660156,40.74077224731445,572.62,2757,2757,-1.0,-1.0,-1,-1,0.0
20499,-73.97163391113281,40.7872428894043,-73.99192047119139,40.75942611694336,647.15,2757,2757,2808.77,3455.92,51.76999999999998,1.1368683772161603e-13,1.0000000000000002
20500,-74.00387573242188,40.74189376831055,-73.98722839355469,40.72063446044922,988.62,2757,2757,2796.0,3784.62,39.0,-1.1368683772161603e-13,0.9999999999999999
20501,-73.98223114013672,40.77349853515625,-73.97726440429686,40.76150894165039,513.73,2757,2757,2805.3,3319.03,48.30000000000018,0.0,1.0
20502,-73.98193359375,40.778656005859375,-73.95561218261719,40.769378662109375,803.17,2757,2757,2782.29,3585.46,25.289999999999964,1.1368683772161603e-13,1.0000000000000002
20503,-73.97090911865234,40.76831817626953,-73.9566421508789,40.76702117919922,396.25,2757,2757,2772.15,3168.4,15.150000000000091,0.0,1.0
20504,-73.95542907714845,40.782901763916016,-73.96469116210938,40.77238082885742,311.84,2757,2757,-1.0,-1.0,-1,-1,0.0
20505,-73.97711181640625,40.76440048217773,-73.96633148193358,40.7619514465332,371.11,2758,2758,2779.43,3197.18,21.429999999999836,46.639999999999986,1.1256770229850988
20506,-73.98088073730467,40.76487350463867,-73.99214935302734,40.74980926513672,502.94,2758,2758,2760.6,3263.54,2.599999999999909,5.684341886080802e-14,1.0000000000000002
20507,-73.99715423583984,40.72209167480469,-74.0023422241211,40.729408264160156,271.43,2758,2758,-1.0,-1.0,-1,-1,0.0
20508,-74.01010131835938,40.73294448852539,-73.9808120727539,40.78421401977539,854.45,2758,2758,2799.69,3654.1400000000003,41.690000000000055,2.2737367544323206e-13,1.0000000000000002
20509,-73.97258758544923,40.786781311035156,-73.98162078857422,40.780418395996094,260.62,2758,2758,2773.42,3039.66,15.420000000000073,5.619999999999777,1.0215639628577997
20510,-73.98335266113281,40.766380310058594,-73.99961853027342,40.743328094482415,743.62,2760,2760,2794.36,3537.98,34.36000000000013,-1.1368683772161603e-13,0.9999999999999999
20511,-74.01065063476562,40.71812057495117,-74.0070571899414,40.70384979248047,527.25,2760,2760,-1.0,-1.0,-1,-1,0.0
20512,-73.98068237304686,40.75054931640625,-73.9603958129883,40.77261734008789,653.9,2760,2760,2778.96,3432.86,18.960000000000036,1.1368683772161603e-13,1.0000000000000002
20513,-73.9926223754883,40.74925231933594,-73.97988891601562,40.76570510864258,665.93,2760,2760,-1.0,-1.0,-1,-1,0.0
20514,-73.9821014404297,40.777103424072266,-73.95262908935547,40.78160095214844,729.37,2760,2760,2800.21,3529.58,40.210000000000036,-1.1368683772161603e-13,0.9999999999999999
20515,-73.95589447021484,40.77932357788085,-73.94679260253906,40.772285461425774,336.74,2760,2760,2813.67,3150.41,53.67000000000007,-2.2737367544323206e-13,0.9999999999999993
20516,-73.99325561523438,40.75308227539063,-73.99305725097656,40.76287841796875,356.3,2761,2761,-1.0,-1.0,-1,-1,0.0
20517,-73.9733123779297,40.76382064819336,-74.00264739990234,40.76063919067383,794.42,2761,2761,-1.0,-1.0,-1,-1,0.0
20518,-73.97474670410156,40.763858795166016,-73.9825439453125,40.77067565917969,371.12,2761,2761,-1.0,-1.0,-1,-1,0.0
20519,-73.99008178710938,40.75712966918945,-73.98301696777342,40.77181243896485,383.99,2761,2761,-1.0,-1.0,-1,-1,0.0
20520,-73.9692153930664,40.75766372680664,-73.94307708740234,40.76904678344727,723.0,2761,2761,-1.0,-1.0,-1,-1,0.0
20521,-73.9747085571289,40.753318786621094,-73.98314666748048,40.771499633789055,793.62,2761,2761,-1.0,-1.0,-1,-1,0.0
20522,-73.9646987915039,40.76984024047852,-73.95732116699219,40.77985000610352,244.03,2761,2761,2857.5,3101.53,96.5,1.9895196601282805e-13,1.0000000000000009
20523,-73.97611236572266,40.7594108581543,-73.9908676147461,40.745418548583984,493.01,2761,2761,2799.92,3292.93,38.92000000000007,-2.2737367544323206e-13,0.9999999999999996
20524,-73.98131561279298,40.724964141845696,-73.99122619628906,40.74507141113281,746.55,2761,2761,2918.75,3665.3,157.75,2.2737367544323206e-13,1.0000000000000002
20525,-73.97039794921875,40.759708404541016,-73.989990234375,40.76700210571289,742.24,2762,2762,-1.0,-1.0,-1,-1,0.0
20526,-73.99989318847656,40.74323272705078,-74.00123596191406,40.73652648925781,191.55,2762,2762,-1.0,-1.0,-1,-1,0.0
20527,-73.97978973388672,40.75230026245117,-73.9988021850586,40.72947311401367,679.42,2762,2762,-1.0,-1.0,-1,-1,0.0
20528,-73.96379852294923,40.7661018371582,-73.9805679321289,40.77322006225585,471.33,2762,2762,-1.0,-1.0,-1,-1,0.0
20529,-73.98985290527344,40.767311096191406,-73.99274444580078,40.74824905395508,708.85,2763,2763,2791.41,3552.8300000000004,28.409999999999854,52.570000000000505,1.0741623756789174
20530,-73.98687744140625,40.73932647705078,-73.96253967285155,40.75566101074219,619.24,2763,2763,-1.0,-1.0,-1,-1,0.0
20531,-74.0030746459961,40.71801376342773,-74.00572967529298,40.710533142089844,331.56,2763,2763,-1.0,-1.0,-1,-1,0.0
20532,-73.96366882324219,40.77431869506836,-73.94889068603516,40.77617263793945,352.91,2763,2763,-1.0,-1.0,-1,-1,0.0
20533,-73.96416473388672,40.77630233764648,-73.98661041259766,40.73979949951172,1008.19,2763,2763,2801.67,3809.86,38.67000000000007,0.0,1.0
20534,-73.98257446289062,40.76154708862305,-73.98234558105469,40.767826080322266,212.28,2764,2764,-1.0,-1.0,-1,-1,0.0
20535,-74.0071563720703,40.70447158813477,-73.99729919433594,40.721885681152344,569.35,2764,2764,-1.0,-1.0,-1,-1,0.0
20536,-73.9911880493164,40.750164031982415,-74.00468444824219,40.75228118896485,387.75,2764,2764,-1.0,-1.0,-1,-1,0.0
20537,-73.97238922119139,40.794281005859375,-73.91809844970702,40.87080001831055,951.97,2764,2764,2900.29,3852.2599999999998,136.28999999999996,-2.2737367544323206e-13,0.9999999999999998
20538,-73.99514770507811,40.73976516723633,-73.98635864257811,40.75500869750977,454.75,2764,2764,2863.21,3317.96,99.21000000000004,0.0,1.0
20539,-73.97061920166014,40.79363632202149,-73.96026611328125,40.773136138916016,615.65,2764,2764,2942.41,3558.06,178.40999999999985,1.1368683772161603e-13,1.0000000000000002
20540,-73.95703125,40.77483749389648,-73.93872833251955,40.80501174926758,505.5,2764,2764,2824.08,3329.58,60.07999999999993,0.0,1.0
20541,-73.9803466796875,40.785850524902344,-73.97303009033203,40.79418563842773,215.48,2765,2765,2920.88,3136.36,155.8800000000001,2.842170943040401e-14,1.0000000000000002
20542,-73.9867630004883,40.73669815063477,-73.96482849121094,40.76976013183594,967.66,2765,2765,-1.0,-1.0,-1,-1,0.0
20543,-73.98789978027342,40.74979782104492,-73.96675109863281,40.76989364624024,691.23,2765,2765,2810.08,3501.31,45.07999999999993,0.0,1.0
20544,-73.9869842529297,40.733665466308594,-74.00282287597656,40.73379135131836,427.28,2765,2765,-1.0,-1.0,-1,-1,0.0
20545,-73.99063873291014,40.74012756347656,-74.0166015625,40.70951461791992,948.94,2765,2765,2823.16,3832.8999999999996,58.159999999999854,60.79999999999973,1.0640714902944335
20546,-73.99449920654298,40.73463821411133,-73.98751068115234,40.728511810302734,301.05,2766,2766,2801.6400000000003,3102.69,35.64000000000033,-2.8421709430404007e-13,0.999999999999999
20547,-73.97716522216798,40.76169204711913,-73.98489379882812,40.74763870239258,520.35,2766,2766,-1.0,-1.0,-1,-1,0.0
20548,-73.96793365478516,40.802330017089844,-74.01528930664062,40.71567916870117,1547.08,2766,2766,2902.04,4449.120000000001,136.03999999999996,9.094947017729282e-13,1.0000000000000007
20549,-73.98845672607422,40.77455139160156,-73.96639251708984,40.79249954223633,490.01,2766,2766,-1.0,-1.0,-1,-1,0.0
20550,-73.97669982910156,40.751258850097656,-73.9923095703125,40.73067092895508,501.58,2766,2766,-1.0,-1.0,-1,-1,0.0
20551,-74.0054702758789,40.738243103027344,-73.98934173583984,40.71872329711913,967.02,2766,2766,2794.3,3761.32,28.300000000000182,0.0,1.0
20552,-73.97174835205078,40.78719711303711,-73.96593475341797,40.7652702331543,687.72,2766,2766,2819.24,3513.04,53.23999999999978,6.080000000000155,1.0088408073052988
20553,-73.97705841064453,40.765132904052734,-73.981689453125,40.743797302246094,732.08,2766,2766,2817.04,3549.12,51.039999999999964,-1.1368683772161603e-13,0.9999999999999999
20554,-73.96990203857422,40.78461837768555,-73.95523071289062,40.76735305786133,646.11,2766,2766,-1.0,-1.0,-1,-1,0.0
20555,-73.94888305664062,40.77685546875,-73.9693603515625,40.75325393676758,695.48,2766,2766,2816.79,3521.86,50.789999999999964,9.590000000000146,1.0137890377868524
20556,-73.96553039550781,40.76269912719727,-73.95773315429686,40.76509094238281,214.21,2766,2766,-1.0,-1.0,-1,-1,0.0
20557,-74.00951385498048,40.73812103271485,-73.99444580078125,40.724205017089844,686.91,2766,2766,2892.66,3579.5699999999997,126.65999999999985,-1.1368683772161603e-13,0.9999999999999999
20558,-73.98918151855469,40.74214172363281,-74.00309753417969,40.726959228515625,448.61,2766,2766,-1.0,-1.0,-1,-1,0.0
20559,-73.96855926513672,40.75037002563477,-73.95204162597656,40.76948928833008,421.01,2766,2766,2996.67,3417.68,230.67000000000007,-2.2737367544323206e-13,0.9999999999999994
20560,-73.97964477539062,40.763343811035156,-73.9522933959961,40.77303695678711,735.93,2766,2766,-1.0,-1.0,-1,-1,0.0
20561,-74.00916290283203,40.706459045410156,-74.00514221191406,40.72084045410156,472.12,2767,2767,-1.0,-1.0,-1,-1,0.0
20562,-73.96903991699219,40.7658805847168,-73.96977996826173,40.78477096557617,447.04,2767,2767,-1.0,-1.0,-1,-1,0.0
20563,-73.97882843017578,40.75667190551758,-73.972412109375,40.74631881713867,504.3,2767,2767,-1.0,-1.0,-1,-1,0.0
20564,-73.98551940917969,40.73262023925781,-74.00174713134766,40.73944091796875,438.01,2767,2767,2845.33,3283.34,78.32999999999993,2.2737367544323206e-13,1.0000000000000004
20565,-73.98539733886719,40.758548736572266,-73.96969604492188,40.75378036499024,589.8,2767,2767,2792.35,3382.1499999999996,25.34999999999991,-2.2737367544323206e-13,0.9999999999999997
20566,-73.95112609863281,40.78606796264648,-73.96652984619139,40.792457580566406,411.41,2768,2768,2868.57,3279.98,100.57000000000016,-1.7053025658242404e-13,0.9999999999999996
20567,-73.99639129638672,40.7372932434082,-74.00166320800781,40.751197814941406,432.24,2768,2768,2807.46,3300.2599999999998,39.460000000000036,60.55999999999972,1.140107347769757
20568,-73.94792938232422,40.774578094482415,-73.96656799316406,40.76445007324219,580.78,2768,2768,2805.88,3395.13,37.88000000000011,8.470000000000027,1.0145838355315266
20569,-73.96846008300781,40.7620506286621,-73.96924591064453,40.75335311889648,287.05,2768,2768,2795.14,3082.19,27.139999999999873,1.7053025658242404e-13,1.0000000000000007
20570,-73.96925354003906,40.76050567626953,-73.98000335693358,40.74469757080078,398.88,2768,2768,-1.0,-1.0,-1,-1,0.0
20571,-73.96163940429686,40.77982711791992,-73.99130249023438,40.7504768371582,1063.21,2769,2769,-1.0,-1.0,-1,-1,0.0
20572,-73.97401428222656,40.75779724121094,-73.99475860595702,40.76673126220703,711.63,2769,2769,-1.0,-1.0,-1,-1,0.0
20573,-73.98339080810547,40.725975036621094,-74.0011978149414,40.731529235839844,655.17,2769,2769,2912.88,3568.0499999999997,143.8800000000001,-3.410605131648481e-13,0.9999999999999994
20574,-73.98582458496094,40.762710571289055,-74.00800323486328,40.75175476074219,626.05,2769,2769,-1.0,-1.0,-1,-1,0.0
20575,-73.98895263671875,40.74531555175781,-74.00221252441406,40.7265853881836,614.92,2769,2769,-1.0,-1.0,-1,-1,0.0
20576,-73.97901153564453,40.76202774047852,-73.9871597290039,40.744773864746094,577.48,2769,2769,-1.0,-1.0,-1,-1,0.0
20577,-73.96592712402342,40.758548736572266,-73.97689819335938,40.74332046508789,341.63,2769,2769,2807.42,3149.05,38.42000000000007,1.1368683772161603e-13,1.0000000000000002
20578,-73.9942626953125,40.75096893310547,-73.98522186279298,40.768550872802734,549.66,2769,2769,-1.0,-1.0,-1,-1,0.0
20579,-73.97529602050781,40.74141311645508,-73.94440460205078,40.7755012512207,701.54,2769,2769,2812.47,3514.01,43.4699999999998,4.547473508864641e-13,1.0000000000000007
20580,-73.99168395996094,40.76482391357422,-73.93968963623048,40.83505630493164,978.58,2770,2770,-1.0,-1.0,-1,-1,0.0
20581,-74.00581359863281,40.7403564453125,-74.00577545166014,40.74541473388672,212.97,2770,2770,2805.13,3018.1,35.13000000000011,-1.9895196601282805e-13,0.9999999999999991
20582,-73.98370361328125,40.781150817871094,-73.97139739990234,40.787818908691406,321.3,2770,2770,-1.0,-1.0,-1,-1,0.0
20583,-73.9739761352539,40.76420593261719,-73.9886474609375,40.7572021484375,598.0,2770,2770,-1.0,-1.0,-1,-1,0.0
20584,-73.9864501953125,40.75599670410156,-73.98313140869139,40.771629333496094,474.2,2770,2770,-1.0,-1.0,-1,-1,0.0
20585,-73.94952392578125,40.771240234375,-73.98117065429686,40.75708770751953,1102.28,2770,2770,2796.84,3979.18,26.840000000000146,80.05999999999972,1.0726312733606704
20586,-73.98408508300781,40.746395111083984,-73.98357391357422,40.755535125732415,336.6,2770,2770,-1.0,-1.0,-1,-1,0.0
20587,-73.9733123779297,40.78511047363281,-73.97866821289062,40.76671981811523,472.71,2770,2770,2864.34,3337.05,94.34000000000015,5.684341886080802e-14,1.0000000000000002
20588,-74.00414276123048,40.742435455322266,-74.0099868774414,40.721046447753906,550.98,2770,2770,3095.71,3646.69,325.71000000000004,0.0,1.0
20589,-73.94099426269531,40.792686462402344,-73.95474243164062,40.77363204956055,319.03,2770,2770,2882.94,3201.9700000000003,112.94000000000005,2.2737367544323206e-13,1.0000000000000007
20590,-73.95597839355469,40.77907943725585,-73.9548568725586,40.76927947998047,333.71,2771,2771,2804.2,3217.12,33.19999999999982,79.2100000000001,1.2373617811872586
20591,-73.9903793334961,40.76668167114258,-73.95676422119139,40.7808723449707,806.74,2771,2771,2790.62,3686.85,19.61999999999989,89.49000000000001,1.1109279321714556
20592,-73.98844909667969,40.76421737670898,-73.96929168701173,40.75447463989258,812.37,2771,2771,-1.0,-1.0,-1,-1,0.0
20593,-73.9917984008789,40.7529411315918,-73.99620056152342,40.73255157470703,639.26,2771,2771,-1.0,-1.0,-1,-1,0.0
20594,-73.99072265625,40.7561912536621,-73.95916748046875,40.8118553161621,1042.01,2771,2771,2798.6,3840.6099999999997,27.59999999999991,-2.2737367544323206e-13,0.9999999999999998
20595,-73.98202514648438,40.76820755004883,-73.98683929443358,40.76356887817383,326.4,2771,2771,2825.04,3151.44,54.039999999999964,1.1368683772161603e-13,1.0000000000000004
20596,-73.95346069335938,40.767578125,-73.95964813232422,40.77031707763672,186.71,2771,2771,2881.17,3067.88,110.17000000000007,2.842170943040401e-14,1.0000000000000002
20597,-73.97454833984375,40.7510986328125,-73.95183563232422,40.76925277709961,583.93,2771,2771,-1.0,-1.0,-1,-1,0.0
20598,-74.00494384765625,40.72285461425781,-73.98200988769531,40.720867156982415,658.99,2771,2771,-1.0,-1.0,-1,-1,0.0
20599,-73.9813232421875,40.75011444091797,-73.96266174316406,40.75822448730469,508.98,2771,2771,2817.4300000000003,3326.4100000000003,46.43000000000029,0.0,1.0
20600,-74.0040283203125,40.70765686035156,-73.99427795410156,40.72257614135742,451.76,2771,2771,-1.0,-1.0,-1,-1,0.0
20601,-73.96044158935547,40.77017211914063,-73.9744415283203,40.787506103515625,562.58,2772,2772,-1.0,-1.0,-1,-1,0.0
20602,-73.97442626953125,40.747840881347656,-73.9645004272461,40.75617980957031,264.69,2772,2772,-1.0,-1.0,-1,-1,0.0
20603,-73.97433471679686,40.782981872558594,-73.94790649414062,40.77203750610352,680.38,2772,2772,2802.38,3482.76,30.38000000000011,1.1368683772161603e-13,1.0000000000000002
20604,-73.9815444946289,40.7252311706543,-73.98896026611328,40.77434158325195,1481.45,2772,2772,2803.94,4320.23,31.940000000000055,34.83999999999946,1.0235174997468692
20605,-74.01396942138672,40.71271896362305,-73.97705841064453,40.75164031982422,1125.13,2773,2773,-1.0,-1.0,-1,-1,0.0
20606,-73.96997833251955,40.75988388061523,-73.98033142089844,40.74922180175781,385.97,2773,2773,-1.0,-1.0,-1,-1,0.0
20607,-73.9707489013672,40.75864791870117,-73.94692993164062,40.780235290527344,638.27,2773,2773,-1.0,-1.0,-1,-1,0.0
20608,-73.98253631591797,40.74945068359375,-73.96212768554686,40.7595100402832,565.61,2773,2773,-1.0,-1.0,-1,-1,0.0
20609,-73.9782943725586,40.76266479492188,-73.96526336669923,40.79106521606445,697.39,2773,2773,-1.0,-1.0,-1,-1,0.0
20610,-73.98416900634766,40.78305435180664,-73.96826171875,40.78681564331055,406.6,2773,2773,-1.0,-1.0,-1,-1,0.0
20611,-73.94908142089844,40.77695846557617,-73.93406677246094,40.7978401184082,277.06,2774,2774,2920.96,3198.02,146.96000000000004,-5.684341886080802e-14,0.9999999999999998
20612,-73.98966217041014,40.739158630371094,-73.99321746826173,40.72268676757813,559.77,2774,2774,-1.0,-1.0,-1,-1,0.0
20613,-73.9682083129883,40.78694152832031,-73.96109008789062,40.76520156860352,732.81,2774,2774,2803.87,3591.0299999999997,29.86999999999989,54.34999999999991,1.0741665643209015
20614,-73.9891128540039,40.747913360595696,-73.9902801513672,40.75654220581055,351.33,2774,2774,-1.0,-1.0,-1,-1,0.0
20615,-73.96538543701173,40.76607131958008,-73.98662567138672,40.75668716430664,817.33,2775,2775,2823.33,3709.84,48.32999999999993,69.18000000000018,1.084641454492066
20616,-73.9856948852539,40.75282669067383,-74.00578308105469,40.74517059326172,558.75,2775,2775,-1.0,-1.0,-1,-1,0.0
20617,-73.95399475097656,40.78375625610352,-73.9534683227539,40.77177047729492,405.0,2775,2775,2822.02,3227.02,47.01999999999998,0.0,1.0
20618,-73.95413970947266,40.76631164550781,-73.95366668701173,40.78779983520508,596.09,2775,2775,2871.5,3467.59,96.5,1.1368683772161603e-13,1.0000000000000002
20619,-73.97002410888672,40.76565933227539,-73.95747375488281,40.779781341552734,358.35,2775,2775,-1.0,-1.0,-1,-1,0.0
20620,-73.9885025024414,40.77857971191406,-73.98303985595702,40.75640106201172,840.01,2775,2775,-1.0,-1.0,-1,-1,0.0
20621,-73.99259185791014,40.73774719238281,-73.99942779541014,40.72272872924805,495.5,2775,2775,2820.25,3316.5,45.25,0.75,1.001513622603431
20622,-73.96630859375,40.75316619873047,-73.97023010253906,40.796791076660156,1096.45,2775,2775,2824.79,3921.24,49.789999999999964,-2.2737367544323206e-13,0.9999999999999998
20623,-73.96344757080078,40.75603866577149,-74.00279998779298,40.71794509887695,1223.13,2776,2776,2819.2200000000003,4042.350000000001,43.220000000000255,4.547473508864641e-13,1.0000000000000004
20624,-73.9796142578125,40.76639938354492,-73.9722671508789,40.762428283691406,249.88,2776,2776,-1.0,-1.0,-1,-1,0.0
20625,-73.97795867919923,40.76394271850585,-73.98302459716798,40.78163528442383,596.9,2776,2776,-1.0,-1.0,-1,-1,0.0
20626,-73.99127960205078,40.75019073486328,-73.97358703613281,40.74816131591797,706.53,2776,2776,2821.42,3595.7,45.42000000000007,67.74999999999977,1.0958911865030498
20627,-73.9680404663086,40.76526641845703,-73.95362854003906,40.78497314453125,457.84,2776,2776,2880.79,3338.63,104.78999999999996,1.7053025658242404e-13,1.0000000000000004
20628,-73.98190307617188,40.76308059692383,-73.98799133300781,40.759590148925774,309.83,2776,2776,2824.24,3134.07,48.23999999999978,3.979039320256561e-13,1.0000000000000013
20629,-73.99333953857422,40.75251007080078,-73.97962188720702,40.75933074951172,451.89,2776,2776,2826.6,3297.04,50.59999999999991,18.550000000000068,1.0410498130075905
20630,-73.9824676513672,40.76763916015625,-73.98236083984375,40.77812194824219,299.35,2776,2776,-1.0,-1.0,-1,-1,0.0
20631,-73.95918273925781,40.771705627441406,-73.95801544189453,40.77902603149415,195.62,2777,2777,2793.83,3074.36,16.829999999999927,84.9100000000002,1.4340558225130364
20632,-73.96031188964844,40.778770446777344,-73.9395980834961,40.805274963378906,463.71,2777,2777,2864.8,3328.5099999999998,87.80000000000018,-3.979039320256561e-13,0.9999999999999991
20633,-73.99211883544923,40.7442512512207,-73.98825073242188,40.75700378417969,444.34,2777,2777,-1.0,-1.0,-1,-1,0.0
20634,-73.99327087402342,40.752052307128906,-73.95244598388672,40.778221130371094,1205.43,2777,2777,-1.0,-1.0,-1,-1,0.0
20635,-73.99877166748048,40.71983337402344,-73.98471069335938,40.73049545288085,468.93,2777,2777,2905.67,3374.6,128.67000000000007,-1.7053025658242404e-13,0.9999999999999997
20636,-73.98210906982422,40.76966094970703,-73.9937744140625,40.75395965576172,618.09,2777,2777,2824.72,3481.43,47.7199999999998,38.620000000000005,1.0624828099467716
20637,-74.00399017333984,40.7222785949707,-74.0082015991211,40.73790740966797,556.28,2777,2777,2921.25,3477.53,144.25,2.2737367544323206e-13,1.0000000000000004
20638,-73.97187805175781,40.75962448120117,-73.99698638916014,40.738365173339844,838.84,2778,2778,-1.0,-1.0,-1,-1,0.0
20639,-73.96617126464845,40.77401351928711,-73.98023223876955,40.76743698120117,494.36,2778,2778,2806.46,3381.19,28.460000000000036,80.37,1.1625738328343718
20640,-74.01592254638672,40.71528244018555,-73.9886474609375,40.75923538208008,977.86,2778,2778,2830.46,3808.32,52.460000000000036,1.1368683772161603e-13,1.0000000000000002
20641,-73.99012756347656,40.756492614746094,-73.9541473388672,40.76707458496094,1031.12,2778,2778,-1.0,-1.0,-1,-1,0.0
20642,-73.9629898071289,40.77151870727539,-73.9714584350586,40.766029357910156,303.39,2778,2778,-1.0,-1.0,-1,-1,0.0
20643,-73.97942352294923,40.746986389160156,-74.01564025878906,40.70823669433594,944.9,2778,2778,-1.0,-1.0,-1,-1,0.0
20644,-73.99123382568358,40.72341537475585,-74.00202178955078,40.71533584594727,466.51,2778,2778,2835.0099999999998,3336.71,57.00999999999976,35.19000000000028,1.0754324666137924
20645,-73.95276641845702,40.8106803894043,-73.95662689208984,40.78689575195313,587.57,2778,2778,2961.59,3549.1600000000003,183.59000000000015,1.1368683772161603e-13,1.0000000000000002
20646,-73.96857452392578,40.78640747070313,-73.97892761230467,40.781681060791016,255.35,2778,2778,2817.1,3072.45,39.09999999999991,-8.526512829121202e-14,0.9999999999999997
20647,-73.98087310791014,40.763484954833984,-73.95040130615234,40.78073120117188,900.15,2778,2778,2856.58,3777.4500000000003,78.57999999999993,20.72000000000037,1.0230183858245852
20648,-73.94678497314453,40.78478622436523,-73.99864959716798,40.74017333984375,1562.44,2778,2778,3056.13,4618.570000000001,278.1300000000001,4.547473508864641e-13,1.0000000000000002
20649,-73.97219848632812,40.749908447265625,-73.98027801513672,40.73517990112305,332.37,2778,2778,-1.0,-1.0,-1,-1,0.0
20650,-73.96510314941406,40.759498596191406,-73.97220611572266,40.78145217895508,687.93,2778,2778,-1.0,-1.0,-1,-1,0.0
20651,-73.96768188476562,40.80279541015625,-73.94644927978516,40.772552490234375,1058.57,2779,2779,2830.91,3947.15,51.909999999999854,57.6700000000003,1.0544791558423159
20652,-73.99598693847656,40.74427032470703,-73.97429656982422,40.78403091430664,976.06,2779,2779,2817.62,3872.74,38.61999999999989,79.05999999999995,1.0809991189066246
20653,-73.96498107910156,40.80688095092773,-73.97232818603516,40.794109344482415,277.61,2779,2779,2811.94,3089.5499999999997,32.940000000000055,-3.410605131648481e-13,0.9999999999999988
20654,-74.00002288818358,40.72711181640625,-74.01130676269531,40.72856140136719,281.42,2779,2779,2833.17,3114.59,54.17000000000007,5.684341886080802e-14,1.0000000000000002
20655,-73.988037109375,40.745750427246094,-73.98200225830078,40.76031494140625,512.42,2779,2779,-1.0,-1.0,-1,-1,0.0
20656,-73.98550415039062,40.75768661499024,-73.98318481445312,40.74164581298828,605.67,2780,2780,-1.0,-1.0,-1,-1,0.0
20657,-73.99160766601562,40.75548934936523,-73.99778747558594,40.758167266845696,246.79,2780,2780,-1.0,-1.0,-1,-1,0.0
20658,-73.96574401855469,40.76869583129883,-73.95272827148438,40.80431365966797,800.53,2780,2780,-1.0,-1.0,-1,-1,0.0
20659,-73.9779052734375,40.75495529174805,-73.98542785644531,40.72345352172852,944.26,2780,2780,2863.04,3817.35,83.03999999999996,10.049999999999955,1.0106432550356892
20660,-73.99656677246094,40.74446105957031,-74.00209045410156,40.723140716552734,566.45,2780,2780,2799.21,3426.08,19.210000000000036,60.419999999999845,1.1066643128254918
20661,-73.9815444946289,40.74974060058594,-73.96914672851562,40.76512908935547,476.98,2780,2780,-1.0,-1.0,-1,-1,0.0
20662,-73.97650146484375,40.75920867919922,-74.00822448730467,40.74870681762695,870.56,2780,2780,2805.14,3754.13,25.139999999999873,78.43000000000029,1.0900914353979052
20663,-73.97332000732422,40.75787734985352,-73.96670532226562,40.791786193847656,899.72,2780,2780,-1.0,-1.0,-1,-1,0.0
20664,-73.97343444824219,40.75799179077149,-74.00105285644531,40.72951126098633,923.17,2780,2780,-1.0,-1.0,-1,-1,0.0
20665,-73.9751968383789,40.75271987915039,-73.96410369873048,40.77104187011719,584.46,2780,2780,-1.0,-1.0,-1,-1,0.0
20666,-73.98161315917969,40.73251724243164,-73.97393035888672,40.73851013183594,268.14,2781,2781,-1.0,-1.0,-1,-1,0.0
20667,-73.996826171875,40.73153305053711,-73.99354553222656,40.7420654296875,277.2,2781,2781,2930.2,3207.4,149.19999999999982,2.8421709430404007e-13,1.000000000000001
20668,-74.01123046875,40.70842361450195,-73.9749984741211,40.74877548217773,956.33,2781,2781,2790.13,3746.46,9.13000000000011,-1.1368683772161603e-13,0.9999999999999999
20669,-73.97508239746094,40.75600051879883,-73.99430847167969,40.74578094482422,674.26,2781,2781,-1.0,-1.0,-1,-1,0.0
20670,-73.96587371826173,40.75423049926758,-73.94873046875,40.777793884277344,379.48,2781,2781,2817.3400000000006,3196.8200000000006,36.3400000000006,0.0,1.0
20671,-73.99362182617188,40.74732208251953,-74.00174713134766,40.74343872070313,249.99,2781,2781,-1.0,-1.0,-1,-1,0.0
20672,-73.98560333251955,40.77819061279297,-73.97022247314453,40.78548049926758,400.47,2781,2781,2823.79,3224.26,42.789999999999964,2.2737367544323206e-13,1.0000000000000007
20673,-73.99462127685547,40.76320266723633,-73.98226928710938,40.77470779418945,288.44,2781,2781,3036.63,3325.07,255.6300000000001,5.684341886080802e-14,1.0000000000000002
20674,-74.00988006591797,40.721229553222656,-73.96782684326173,40.75556182861328,1237.96,2782,2782,2942.16,4180.12,160.15999999999985,0.0,1.0
20675,-73.99092864990234,40.75075149536133,-73.97493743896483,40.72049331665039,875.34,2782,2782,2816.08,3725.42,34.07999999999993,34.000000000000114,1.0388420499463067
20676,-73.98908233642578,40.73009872436523,-73.99788665771484,40.75002670288085,758.14,2782,2782,2889.62,3647.76,107.61999999999989,3.410605131648481e-13,1.0000000000000004
20677,-73.96507263183594,40.76654052734375,-73.9933090209961,40.75130081176758,1084.29,2782,2782,2813.45,3930.9500000000003,31.449999999999818,33.21000000000049,1.030628337437402
20678,-73.96073913574219,40.772552490234375,-73.95311737060547,40.80514526367188,769.51,2783,2783,-1.0,-1.0,-1,-1,0.0
20679,-73.9822006225586,40.731971740722656,-73.98490142822266,40.7618408203125,1059.39,2783,2783,-1.0,-1.0,-1,-1,0.0
20680,-73.9652328491211,40.762638092041016,-73.99112701416014,40.75577163696289,921.22,2783,2783,-1.0,-1.0,-1,-1,0.0
20681,-73.9873046875,40.76577758789063,-73.9864501953125,40.75747680664063,371.62,2783,2783,2838.04,3209.66,55.039999999999964,-1.1368683772161603e-13,0.9999999999999997
20682,-73.98432159423827,40.76170349121094,-73.99097442626955,40.75068283081055,393.19,2783,2783,2796.86,3190.05,13.860000000000127,5.684341886080802e-14,1.0000000000000002
20683,-73.98200225830078,40.76874923706055,-74.00798797607422,40.73889541625977,993.65,2783,2783,2829.07,3822.72,46.070000000000164,-3.410605131648481e-13,0.9999999999999997
20684,-73.95587158203125,40.78219604492188,-73.97933959960938,40.74868774414063,1007.24,2783,2783,2921.63,3928.87,138.6300000000001,-2.2737367544323206e-13,0.9999999999999998
20685,-73.99933624267578,40.74406051635742,-73.97886657714845,40.74087905883789,543.96,2783,2783,-1.0,-1.0,-1,-1,0.0
20686,-73.96395874023438,40.77443313598633,-73.98928833007811,40.74195861816406,963.04,2784,2784,-1.0,-1.0,-1,-1,0.0
20687,-73.99119567871094,40.73908615112305,-73.98258209228516,40.759952545166016,664.26,2784,2784,-1.0,-1.0,-1,-1,0.0
20688,-73.95364379882812,40.7671012878418,-73.96896362304686,40.75830078125,508.23,2784,2784,2822.64,3330.87,38.63999999999987,0.0,1.0
20689,-73.9991683959961,40.75475311279297,-73.97399139404298,40.75344467163085,808.01,2784,2784,2877.16,3685.17,93.15999999999985,2.2737367544323206e-13,1.0000000000000002
20690,-74.00892639160156,40.71778106689453,-74.00674438476562,40.733001708984375,270.46,2784,2784,-1.0,-1.0,-1,-1,0.0
20691,-73.96863555908203,40.76445388793945,-74.0056381225586,40.7406005859375,1203.14,2784,2784,-1.0,-1.0,-1,-1,0.0
20692,-73.98439025878906,40.74889373779297,-73.98048400878906,40.74242401123047,356.4,2784,2784,-1.0,-1.0,-1,-1,0.0
20693,-73.97470092773438,40.74219131469727,-73.9616928100586,40.7683982849121,562.2,2785,2785,2844.35,3438.97,59.34999999999991,32.419999999999845,1.05766631092138
20694,-73.9817123413086,40.74087905883789,-73.99225616455078,40.74930191040039,534.79,2785,2785,-1.0,-1.0,-1,-1,0.0
20695,-73.9812240600586,40.781105041503906,-73.97869873046875,40.76601028442383,440.51,2785,2785,2843.600000000001,3284.1100000000006,58.60000000000082,-2.2737367544323206e-13,0.9999999999999994
20696,-73.9561767578125,40.771881103515625,-73.96350860595702,40.75522994995117,497.57,2785,2785,2794.63,3292.87,9.63000000000011,0.6699999999997885,1.001346544204835
20697,-74.00483703613281,40.741790771484375,-73.9797592163086,40.7529296875,827.53,2785,2785,2901.84,3729.37,116.84000000000015,-2.2737367544323206e-13,0.9999999999999998
20698,-73.99449920654298,40.75068283081055,-73.9769973754883,40.747520446777344,649.14,2785,2785,2816.53,3465.67,31.5300000000002,-1.1368683772161603e-13,0.9999999999999998
20699,-73.97483825683594,40.78302383422852,-73.98038482666014,40.76495742797852,508.53,2786,2786,2841.58,3367.89,55.57999999999993,17.779999999999973,1.0349635223094016
20700,-73.97750854492188,40.763938903808594,-73.97654724121094,40.77534484863281,352.11,2786,2786,-1.0,-1.0,-1,-1,0.0
20701,-73.99919128417969,40.71900177001953,-73.99254608154298,40.724525451660156,258.62,2786,2786,-1.0,-1.0,-1,-1,0.0
20702,-73.9830780029297,40.73902893066406,-73.9559326171875,40.768150329589844,647.8,2786,2786,2838.91,3507.44,52.909999999999854,20.730000000000246,1.0320006174745295
20703,-73.98235321044923,40.77387619018555,-73.98329162597656,40.78366470336913,343.0,2786,2786,2856.16,3199.16,70.15999999999985,0.0,1.0
20704,-73.97969055175781,40.75905990600585,-73.98171997070312,40.762428283691406,184.22,2786,2786,2845.18,3029.4,59.179999999999836,2.5579538487363607e-13,1.0000000000000013
20705,-73.9590835571289,40.77199935913085,-73.95077514648438,40.76970672607422,236.42,2786,2786,2811.0099999999998,3047.43,25.009999999999764,8.526512829121202e-14,1.0000000000000004
20706,-73.98873138427734,40.76900863647461,-73.96627044677734,40.76626586914063,536.88,2786,2786,2820.87,3357.75,34.86999999999989,1.1368683772161603e-13,1.0000000000000002
20707,-73.99844360351562,40.75578308105469,-73.99034118652342,40.765789031982415,208.84,2786,2786,2809.83,3018.67,23.829999999999927,1.4210854715202004e-13,1.0000000000000007
20708,-73.98263549804686,40.75720596313477,-73.97440338134766,40.788551330566406,812.33,2786,2786,2840.49,3652.82,54.48999999999978,3.410605131648481e-13,1.0000000000000004
20709,-73.98606109619139,40.74068832397461,-73.96855926513672,40.76470947265625,683.07,2787,2787,2836.96,3578.19,49.960000000000036,58.15999999999997,1.085145007100297
20710,-73.98448944091797,40.76985168457031,-73.99551391601562,40.75418090820313,438.27,2787,2787,2804.74,3243.01,17.73999999999978,4.547473508864641e-13,1.000000000000001
20711,-73.98267364501955,40.767822265625,-73.97394561767578,40.76473617553711,242.03,2787,2787,2796.37,3101.36,9.36999999999989,62.960000000000235,1.2601330413585103
20712,-73.98340606689453,40.73904037475585,-73.99323272705078,40.72258758544922,492.9,2787,2787,2833.3,3326.2000000000003,46.30000000000018,1.1368683772161603e-13,1.0000000000000002
20713,-73.98844146728516,40.75916290283203,-73.98814392089844,40.73951721191406,730.73,2787,2787,2794.46,3525.19,7.460000000000036,0.0,1.0
20714,-73.97750854492188,40.77413558959961,-73.94942474365234,40.77519607543945,675.6,2787,2787,-1.0,-1.0,-1,-1,0.0
20715,-73.96776580810547,40.75606155395508,-73.98770904541014,40.739402770996094,567.0,2787,2787,2823.13,3390.13,36.13000000000011,0.0,1.0
20716,-74.00263977050781,40.744773864746094,-74.00424194335938,40.733314514160156,330.15,2787,2787,2827.01,3157.16,40.01000000000022,-3.410605131648481e-13,0.999999999999999
20717,-73.95217132568358,40.77624130249024,-73.95500946044923,40.76403045654297,396.53,2787,2787,2831.17,3227.7,44.17000000000007,-2.2737367544323206e-13,0.9999999999999994
20718,-73.9975051879883,40.72113800048828,-73.98601531982422,40.74069595336913,518.2,2787,2787,-1.0,-1.0,-1,-1,0.0
20719,-73.96329498291014,40.7718162536621,-73.9732894897461,40.75130081176758,698.36,2787,2787,-1.0,-1.0,-1,-1,0.0
20720,-73.98802947998048,40.762489318847656,-73.98930358886719,40.75825881958008,271.78,2788,2788,-1.0,-1.0,-1,-1,0.0
20721,-73.97850036621094,40.78297424316406,-73.95697784423827,40.77827072143555,500.92,2788,2788,2809.52,3355.44,21.519999999999982,45.00000000000006,1.0898347041443746
20722,-73.9538803100586,40.779296875,-73.943359375,40.78925323486328,213.83,2788,2788,2816.66,3030.49,28.659999999999854,-8.526512829121202e-14,0.9999999999999996
20723,-73.96875,40.758953094482415,-73.97374725341797,40.78969192504883,842.52,2788,2788,2795.65,3649.21,7.650000000000091,11.039999999999964,1.013103546503347
20724,-73.9774398803711,40.75035095214844,-73.9837188720703,40.73020553588867,500.6,2788,2788,2794.3,3294.9,6.300000000000182,-1.1368683772161603e-13,0.9999999999999998
20725,-73.95793914794923,40.78217697143555,-73.96700286865234,40.7668571472168,421.88,2788,2788,2825.77,3247.65,37.76999999999998,1.1368683772161603e-13,1.0000000000000002
20726,-73.9873046875,40.73904037475585,-73.98059844970702,40.74807739257813,315.08,2789,2789,-1.0,-1.0,-1,-1,0.0
20727,-73.98878479003906,40.73688125610352,-73.9644546508789,40.7564811706543,618.32,2789,2789,-1.0,-1.0,-1,-1,0.0
20728,-73.97415924072266,40.7631721496582,-73.9876251220703,40.75019836425781,499.38,2789,2789,2793.27,3292.65,4.269999999999982,1.1368683772161603e-13,1.0000000000000002
20729,-73.98239135742188,40.7665901184082,-73.9862289428711,40.75996398925781,266.5,2789,2789,-1.0,-1.0,-1,-1,0.0
20730,-73.99433898925781,40.76126098632813,-73.98432922363281,40.77391815185547,225.63,2789,2789,2796.0,3021.63,7.0,1.1368683772161603e-13,1.0000000000000004
20731,-73.97879791259766,40.7411003112793,-73.98336029052734,40.722129821777344,501.27,2789,2789,2800.6200000000003,3368.7,11.620000000000346,66.80999999999949,1.133281465078699
20732,-73.9777603149414,40.76456832885742,-73.96685028076173,40.77246856689453,308.05,2789,2789,2833.94,3141.99,44.940000000000055,-2.8421709430404007e-13,0.9999999999999991
20733,-73.98059844970702,40.74597549438477,-73.98892211914062,40.74459457397461,278.5,2789,2789,-1.0,-1.0,-1,-1,0.0
20734,-73.97534942626955,40.75255966186523,-73.98049926757811,40.782878875732415,1104.21,2789,2789,-1.0,-1.0,-1,-1,0.0
20735,-73.98625946044923,40.75703811645508,-74.00528717041014,40.74061965942383,572.86,2789,2789,-1.0,-1.0,-1,-1,0.0
20736,-73.97864532470702,40.74496841430664,-73.97692108154298,40.76630783081055,841.34,2789,2789,2810.08,3651.42,21.079999999999927,1.1368683772161603e-13,1.0000000000000002
20737,-73.97677612304686,40.785301208496094,-73.943359375,40.839454650878906,846.03,2790,2790,2822.44,3684.71,32.440000000000055,16.24000000000001,1.0191955368012955
20738,-73.98199462890625,40.77484130859375,-73.97398376464845,40.76484680175781,448.65,2790,2790,-1.0,-1.0,-1,-1,0.0
20739,-73.95528411865234,40.82000732421875,-73.97034454345702,40.801513671875,377.87,2790,2790,3548.0,3925.87,758.0,-1.1368683772161603e-13,0.9999999999999997
20740,-73.98233795166014,40.76351165771485,-73.95262145996094,40.78153991699219,946.74,2790,2790,-1.0,-1.0,-1,-1,0.0
20741,-73.97132873535155,40.76714324951172,-73.96431732177734,40.7738037109375,240.93,2790,2790,-1.0,-1.0,-1,-1,0.0
20742,-73.97345733642578,40.75646591186523,-73.98646545410156,40.73719787597656,601.28,2790,2790,2889.04,3490.32,99.03999999999996,2.2737367544323206e-13,1.0000000000000004
20743,-73.97714233398438,40.74714660644531,-73.94549560546875,40.77620315551758,811.8,2790,2790,2790.0,3688.75,0.0,86.95000000000005,1.1071076619857108
20744,-74.00946807861328,40.710121154785156,-73.9843521118164,40.72650909423828,693.41,2791,2791,-1.0,-1.0,-1,-1,0.0
20745,-73.94745635986328,40.77548599243164,-73.9664077758789,40.756683349609375,600.36,2791,2791,2837.03,3437.39,46.0300000000002,-3.410605131648481e-13,0.9999999999999994
20746,-73.97738647460938,40.75407409667969,-73.96852111816406,40.76475524902344,433.81,2791,2791,-1.0,-1.0,-1,-1,0.0
20747,-73.97701263427734,40.78788375854492,-73.98252868652342,40.77233123779297,349.17,2791,2791,-1.0,-1.0,-1,-1,0.0
20748,-73.97537231445312,40.75844192504883,-73.9654312133789,40.79108428955078,762.36,2791,2791,-1.0,-1.0,-1,-1,0.0
20749,-73.96581268310547,40.76207733154297,-73.95597076416014,40.77620315551758,260.27,2791,2791,2845.13,3105.4,54.13000000000011,0.0,1.0
20750,-73.96361541748048,40.7741584777832,-73.95341491699219,40.76675033569336,415.59,2791,2791,-1.0,-1.0,-1,-1,0.0
20751,-73.97037506103516,40.75068664550781,-73.9950942993164,40.72248840332031,715.69,2792,2792,-1.0,-1.0,-1,-1,0.0
20752,-74.00826263427734,40.71189880371094,-73.97518920898438,40.75799179077149,1237.6,2792,2792,-1.0,-1.0,-1,-1,0.0
20753,-74.00322723388672,40.748966217041016,-73.99563598632812,40.73344039916992,570.7,2792,2792,-1.0,-1.0,-1,-1,0.0
20754,-73.99099731445312,40.745643615722656,-73.98212432861328,40.75755310058594,329.55,2792,2792,-1.0,-1.0,-1,-1,0.0
20755,-73.99188232421875,40.76304626464844,-73.93740844726562,40.8532600402832,1061.53,2792,2792,-1.0,-1.0,-1,-1,0.0
20756,-73.99246978759766,40.756553649902344,-73.98448181152342,40.74295425415039,645.61,2793,2793,-1.0,-1.0,-1,-1,0.0
20757,-73.99709320068358,40.73687744140625,-73.99016571044923,40.73444366455078,228.04,2793,2793,2950.58,3178.62,157.57999999999993,-2.842170943040401e-14,0.9999999999999999
20758,-73.98646545410156,40.75954055786133,-73.97915649414062,40.77640914916992,482.01,2793,2793,-1.0,-1.0,-1,-1,0.0
20759,-73.98309326171875,40.745094299316406,-74.00128173828125,40.72789764404297,577.23,2793,2793,-1.0,-1.0,-1,-1,0.0
20760,-74.00452423095702,40.72420883178711,-73.98313140869139,40.75601196289063,734.21,2793,2793,-1.0,-1.0,-1,-1,0.0
20761,-73.98430633544923,40.74021530151367,-73.99445343017578,40.75926971435547,852.28,2793,2793,-1.0,-1.0,-1,-1,0.0
20762,-73.97924041748048,40.76218032836913,-73.98355102539062,40.77359008789063,400.49,2793,2793,-1.0,-1.0,-1,-1,0.0
20763,-73.96886444091797,40.76426315307617,-73.9632339477539,40.769058227539055,271.08,2793,2793,-1.0,-1.0,-1,-1,0.0
20764,-73.97077941894531,40.756736755371094,-73.98245239257811,40.748699188232415,485.15,2794,2794,-1.0,-1.0,-1,-1,0.0
20765,-73.99642181396483,40.72563171386719,-73.97490692138672,40.72515487670898,566.11,2794,2794,2951.59,3517.7000000000003,157.59000000000015,1.1368683772161603e-13,1.0000000000000002
20766,-73.96144104003906,40.768699645996094,-73.9789505004883,40.77253723144531,505.75,2794,2794,-1.0,-1.0,-1,-1,0.0
20767,-73.98945617675781,40.74168014526367,-73.98692321777342,40.766845703125,822.64,2794,2794,-1.0,-1.0,-1,-1,0.0
20768,-73.98040008544923,40.76598739624024,-73.99116516113281,40.75034713745117,510.28,2794,2794,2836.94,3421.18,42.940000000000055,73.95999999999981,1.1449400329231008
20769,-73.9810562133789,40.76012802124024,-73.98662567138672,40.77170181274415,479.54,2795,2795,-1.0,-1.0,-1,-1,0.0
20770,-73.98527526855469,40.759929656982415,-74.00243377685547,40.7607536315918,586.2,2795,2795,-1.0,-1.0,-1,-1,0.0
20771,-73.99411010742188,40.751163482666016,-73.96932220458984,40.79113388061523,950.15,2795,2795,-1.0,-1.0,-1,-1,0.0
20772,-73.97344970703125,40.7795524597168,-73.96416473388672,40.80239868164063,450.71,2795,2795,2834.54,3285.25,39.539999999999964,5.684341886080802e-14,1.0000000000000002
20773,-73.97147369384766,40.79449081420898,-73.94801330566406,40.78456115722656,739.23,2795,2795,3117.15,3856.38,322.1500000000001,0.0,1.0
20774,-73.99018096923827,40.740882873535156,-74.00648498535155,40.74052047729492,435.54,2795,2795,2827.14,3262.68,32.13999999999987,-5.684341886080802e-14,0.9999999999999999
20775,-74.00828552246094,40.73712539672852,-74.001220703125,40.7373275756836,230.58,2796,2796,-1.0,-1.0,-1,-1,0.0
20776,-74.00328063964845,40.749824523925774,-73.98801422119139,40.74443817138672,498.62,2796,2796,-1.0,-1.0,-1,-1,0.0
20777,-73.97908782958984,40.78530883789063,-73.9801025390625,40.765769958496094,525.92,2796,2796,2855.96,3381.88,59.960000000000036,1.1368683772161603e-13,1.0000000000000002
20778,-73.98477935791014,40.774330139160156,-73.97210693359375,40.78407287597656,368.36,2796,2796,2821.37,3189.73,25.36999999999989,1.1368683772161603e-13,1.0000000000000002
20779,-73.96331024169923,40.7634391784668,-73.98204040527344,40.764610290527344,699.95,2796,2796,-1.0,-1.0,-1,-1,0.0
20780,-73.98423767089844,40.73207473754883,-73.9729766845703,40.755348205566406,666.8,2796,2796,3080.41,3747.21,284.40999999999985,2.2737367544323206e-13,1.0000000000000004
20781,-73.96175384521484,40.76458740234375,-73.98147583007811,40.74149703979492,627.89,2796,2796,-1.0,-1.0,-1,-1,0.0
20782,-73.99107360839844,40.74523544311523,-73.98487854003906,40.75372314453125,227.96,2796,2796,-1.0,-1.0,-1,-1,0.0
20783,-73.98287200927734,40.78020477294922,-73.9958724975586,40.764427185058594,375.43,2796,2796,-1.0,-1.0,-1,-1,0.0
20784,-73.97100067138672,40.76435852050781,-73.98291015625,40.75639724731445,521.38,2796,2796,-1.0,-1.0,-1,-1,0.0
20785,-73.9841537475586,40.73929977416992,-73.9906997680664,40.745941162109375,333.24,2796,2796,-1.0,-1.0,-1,-1,0.0
20786,-73.99243927001955,40.748985290527344,-73.97724914550781,40.76295852661133,550.43,2797,2797,-1.0,-1.0,-1,-1,0.0
20787,-74.01143646240234,40.71363067626953,-74.00853729248048,40.742271423339844,641.51,2797,2797,-1.0,-1.0,-1,-1,0.0
20788,-73.99234008789062,40.753719329833984,-73.96826934814453,40.76523971557617,808.66,2797,2797,-1.0,-1.0,-1,-1,0.0
20789,-73.98240661621094,40.76301956176758,-73.98224639892578,40.74000930786133,860.79,2797,2797,-1.0,-1.0,-1,-1,0.0
20790,-73.99922943115234,40.744083404541016,-73.98393249511719,40.74372482299805,432.33,2797,2797,-1.0,-1.0,-1,-1,0.0
20791,-73.98509216308595,40.73160171508789,-73.99411010742188,40.7321891784668,274.33,2797,2797,2841.44,3115.7700000000004,44.440000000000055,3.979039320256561e-13,1.0000000000000016
20792,-74.0097427368164,40.72914123535156,-74.00149536132812,40.74093246459961,347.53,2797,2797,-1.0,-1.0,-1,-1,0.0
20793,-73.96726989746094,40.75688934326172,-74.0082015991211,40.73616027832031,1154.7,2797,2797,2856.17,4010.87,59.17000000000007,-2.2737367544323206e-13,0.9999999999999998
20794,-73.97853851318358,40.759132385253906,-73.97747039794923,40.74716567993164,441.05,2797,2797,-1.0,-1.0,-1,-1,0.0
20795,-73.9953384399414,40.73957824707031,-73.97825622558594,40.76501846313477,699.43,2797,2797,2842.29,3541.72,45.289999999999964,-1.1368683772161603e-13,0.9999999999999999
20796,-73.99478912353516,40.72578430175781,-73.98284149169923,40.73113250732422,318.69,2797,2797,2832.5,3171.8,35.5,20.610000000000184,1.0646709968935335
20797,-74.00263977050781,40.733848571777344,-74.0070571899414,40.70396041870117,808.99,2798,2798,2845.78,3694.0,47.7800000000002,39.22999999999979,1.0484925648030257
20798,-73.98689270019531,40.74555587768555,-73.98448181152342,40.75402450561523,365.71,2798,2798,-1.0,-1.0,-1,-1,0.0
20799,-73.96437835693358,40.76782989501953,-73.96379089355469,40.75783920288085,415.47,2798,2798,-1.0,-1.0,-1,-1,0.0
20800,-73.95648193359375,40.77156066894531,-73.96549224853516,40.77447509765625,323.59,2798,2798,2837.17,3160.76,39.17000000000007,1.7053025658242404e-13,1.0000000000000004
20801,-74.0042953491211,40.7077751159668,-73.99922180175781,40.720115661621094,529.41,2799,2799,-1.0,-1.0,-1,-1,0.0
20802,-73.9950180053711,40.75001907348633,-73.99893951416014,40.76138687133789,407.33,2799,2799,2827.2,3306.96,28.199999999999818,72.43000000000023,1.1778165124100857
20803,-73.9783935546875,40.75234603881836,-73.98584747314453,40.75933074951172,413.08,2799,2799,2823.82,3279.48,24.820000000000164,42.57999999999987,1.1030793066718307
20804,-73.98226165771484,40.7716064453125,-73.98519897460938,40.757118225097656,494.73,2799,2799,-1.0,-1.0,-1,-1,0.0
20805,-73.9572525024414,40.78596496582031,-73.96294403076173,40.769546508789055,453.83,2799,2799,3019.03,3472.86,220.0300000000002,-5.684341886080802e-14,0.9999999999999999
20806,-73.99407958984375,40.751258850097656,-73.98045349121094,40.765811920166016,507.68,2799,2799,-1.0,-1.0,-1,-1,0.0
20807,-73.97160339355469,40.79486846923828,-73.98550415039062,40.76708221435547,594.92,2800,2800,-1.0,-1.0,-1,-1,0.0
20808,-73.98626708984375,40.76197052001953,-73.98274993896483,40.771690368652344,259.72,2800,2800,-1.0,-1.0,-1,-1,0.0
20809,-73.99284362792969,40.74809646606445,-73.9803695678711,40.73525619506836,557.36,2800,2800,-1.0,-1.0,-1,-1,0.0
20810,-73.9550552368164,40.78620147705078,-73.97084045410156,40.79594802856445,400.28,2800,2800,3273.54,3673.8199999999997,473.53999999999996,-2.2737367544323206e-13,0.9999999999999994
20811,-73.9806137084961,40.77025604248047,-73.98020172119139,40.765220642089844,244.11,2801,2801,2859.0,3130.78,58.0,27.670000000000186,1.1133505386915743
20812,-73.99063873291014,40.74618911743164,-73.9737777709961,40.75489044189453,644.07,2801,2801,2829.32,3478.27,28.320000000000164,4.879999999999768,1.007576816184576
20813,-73.97139739990234,40.75523376464844,-73.96076202392578,40.76948928833008,336.45,2801,2801,2823.46,3159.9100000000003,22.460000000000036,2.8421709430404007e-13,1.0000000000000009
20814,-73.98492431640625,40.74784851074219,-73.99150848388672,40.74231719970703,253.67,2801,2801,2833.38,3087.05,32.38000000000011,8.526512829121202e-14,1.0000000000000004
20815,-73.97946166992188,40.74953079223633,-73.9561004638672,40.77629089355469,732.31,2802,2802,2839.62,3633.64,37.61999999999989,61.710000000000036,1.084267591593724
20816,-73.99126434326173,40.75576400756836,-73.95977020263672,40.762710571289055,966.25,2802,2802,-1.0,-1.0,-1,-1,0.0
20817,-73.96090698242188,40.77243041992188,-73.95590209960938,40.78490829467773,317.79,2802,2802,2846.67,3164.46,44.67000000000007,-5.684341886080802e-14,0.9999999999999998
20818,-73.9855728149414,40.75872039794922,-74.00406646728516,40.73341751098633,642.23,2802,2802,-1.0,-1.0,-1,-1,0.0
20819,-73.9653091430664,40.774940490722656,-73.97823333740234,40.76681137084961,480.24,2802,2802,2820.0,3300.24,18.0,-2.2737367544323206e-13,0.9999999999999996
20820,-73.99567413330078,40.721099853515625,-73.98526763916014,40.75580596923828,1029.01,2802,2802,2975.13,4004.1400000000003,173.1300000000001,2.2737367544323206e-13,1.0000000000000002
20821,-73.95510101318358,40.78615951538085,-73.96849060058595,40.79642868041992,387.49,2802,2802,3069.45,3456.94,267.4499999999998,2.2737367544323206e-13,1.0000000000000007
20822,-73.98939514160156,40.75777816772461,-73.98117065429686,40.76533508300781,233.22,2803,2803,2828.67,3061.89,25.670000000000073,-1.9895196601282805e-13,0.9999999999999991
20823,-73.98465728759766,40.77973175048828,-73.97235107421875,40.79243850708008,319.33,2803,2803,-1.0,-1.0,-1,-1,0.0
20824,-73.95220947265625,40.76911163330078,-73.96562957763672,40.769287109375,386.98,2803,2803,2862.55,3249.53,59.55000000000018,0.0,1.0
20825,-73.9854736328125,40.75961685180664,-74.005859375,40.736305236816406,869.72,2803,2803,2856.4099999999994,3726.129999999999,53.4099999999994,-2.2737367544323206e-13,0.9999999999999998
20826,-73.95764923095702,40.80041885375977,-73.94921112060547,40.77328872680664,764.24,2803,2803,3013.46,3777.7,210.46000000000004,-2.2737367544323206e-13,0.9999999999999997
20827,-73.98983001708984,40.72575378417969,-74.0014419555664,40.73717498779297,529.46,2803,2803,2824.2,3406.97,21.199999999999818,53.309999999999945,1.1006874929173118
20828,-73.99493408203125,40.73405456542969,-73.98745727539062,40.76033020019531,809.98,2803,2803,2894.96,3704.94,91.96000000000004,0.0,1.0
20829,-73.97652435302734,40.75173568725585,-73.98224639892578,40.75541305541992,321.67,2804,2804,-1.0,-1.0,-1,-1,0.0
20830,-73.95673370361328,40.78053665161133,-73.96835327148438,40.75786972045898,690.81,2804,2804,2981.87,3672.68,177.8699999999999,0.0,1.0
20831,-73.98810577392578,40.71866226196289,-74.00484466552734,40.70947265625,615.6,2804,2804,2989.92,3605.52,185.92000000000007,-1.1368683772161603e-13,0.9999999999999998
20832,-74.00640106201173,40.733116149902344,-73.99498748779298,40.734718322753906,360.79,2804,2804,-1.0,-1.0,-1,-1,0.0
20833,-73.95468139648438,40.77824401855469,-73.97929382324219,40.78490447998047,549.83,2804,2804,3655.71,4205.54,851.71,-1.1368683772161603e-13,0.9999999999999998
20834,-73.9980926513672,40.70895004272461,-73.98690795898438,40.71149826049805,390.66,2804,2804,-1.0,-1.0,-1,-1,0.0
20835,-73.97869110107422,40.75419616699219,-73.98226928710938,40.76020812988281,358.74,2804,2804,2856.96,3215.7,52.960000000000036,-2.2737367544323206e-13,0.9999999999999993
20836,-73.96898651123048,40.7612190246582,-73.99002838134766,40.75093078613281,735.0,2805,2805,2834.77,3648.2000000000003,29.769999999999982,78.43000000000029,1.1067074829931978
20837,-73.98819732666014,40.769508361816406,-73.96073150634766,40.763179779052734,778.43,2805,2805,2833.54,3611.9700000000003,28.539999999999964,3.410605131648481e-13,1.0000000000000004
20838,-73.95263671875,40.82403945922852,-73.9356689453125,40.85708999633789,609.73,2805,2805,3004.09,3613.8199999999997,199.09000000000015,-4.547473508864641e-13,0.9999999999999992
20839,-73.96662139892578,40.76488876342773,-73.9580078125,40.78189468383789,440.8,2805,2805,2860.25,3301.05,55.25,1.7053025658242404e-13,1.0000000000000004
20840,-73.98200988769531,40.77298355102539,-73.98013305664062,40.78080368041992,183.2,2805,2805,-1.0,-1.0,-1,-1,0.0
20841,-73.97491455078125,40.75108337402344,-74.00077819824219,40.74739074707031,778.95,2805,2805,-1.0,-1.0,-1,-1,0.0
20842,-73.97926330566406,40.77163696289063,-73.96258544921875,40.76485824584961,470.17,2805,2805,2851.66,3321.83,46.659999999999854,5.684341886080802e-14,1.0000000000000002
20843,-74.00689697265625,40.7057991027832,-73.97737884521484,40.75912857055664,1250.41,2805,2805,2849.71,4100.12,44.710000000000036,-2.2737367544323206e-13,0.9999999999999998
20844,-73.96015167236328,40.76642990112305,-73.96779632568358,40.75602722167969,294.47,2805,2805,-1.0,-1.0,-1,-1,0.0
20845,-74.0129623413086,40.71607208251953,-74.00056457519531,40.73530960083008,542.86,2806,2806,2834.92,3377.78,28.920000000000073,1.1368683772161603e-13,1.0000000000000002
20846,-73.98611450195312,40.762786865234375,-73.97068786621094,40.78585433959961,516.4,2806,2806,-1.0,-1.0,-1,-1,0.0
20847,-73.9833755493164,40.76066970825195,-73.99449157714845,40.755088806152344,421.2,2806,2806,-1.0,-1.0,-1,-1,0.0
20848,-73.97993469238281,40.75181579589844,-73.98764038085938,40.74113845825195,386.93,2806,2806,2849.7200000000003,3236.65,43.720000000000255,-1.7053025658242404e-13,0.9999999999999996
20849,-74.0152816772461,40.71444320678711,-74.00958251953125,40.72417831420898,232.78,2806,2806,-1.0,-1.0,-1,-1,0.0
20850,-73.95523834228516,40.77711868286133,-73.98099517822266,40.780860900878906,636.1,2806,2806,2895.24,3531.34,89.23999999999978,3.410605131648481e-13,1.0000000000000004
20851,-74.01543426513672,40.7180061340332,-74.00169372558595,40.73042297363281,475.49,2806,2806,-1.0,-1.0,-1,-1,0.0
20852,-73.9685287475586,40.79936981201172,-73.98213958740234,40.77695846557617,489.27,2806,2806,2890.41,3379.68,84.40999999999985,0.0,1.0
20853,-73.9491195678711,40.77691650390625,-73.9767837524414,40.78853988647461,576.37,2806,2806,2827.5299999999997,3462.04,21.529999999999745,58.140000000000214,1.1008727032982288
20854,-73.98087310791014,40.76959991455078,-73.9769287109375,40.75886917114258,551.75,2807,2807,-1.0,-1.0,-1,-1,0.0
20855,-73.99561309814453,40.75914764404297,-73.9814453125,40.75877380371094,448.39,2807,2807,-1.0,-1.0,-1,-1,0.0
20856,-73.980712890625,40.738197326660156,-73.99392700195312,40.745849609375,541.12,2807,2807,3052.25,3593.37,245.25,-1.1368683772161603e-13,0.9999999999999998
20857,-73.98535919189453,40.74156188964844,-73.99523162841797,40.75994110107422,751.61,2807,2807,-1.0,-1.0,-1,-1,0.0
20858,-73.9898910522461,40.7470817565918,-73.97811126708984,40.7621955871582,415.76,2807,2807,-1.0,-1.0,-1,-1,0.0
20859,-73.98199462890625,40.76860046386719,-73.99091339111328,40.77031707763672,307.44,2807,2807,-1.0,-1.0,-1,-1,0.0
20860,-73.9635009765625,40.76583862304688,-73.95168304443358,40.78615951538085,364.21,2807,2807,2820.03,3184.2400000000002,13.0300000000002,5.684341886080802e-14,1.0000000000000002
20861,-73.9539794921875,40.78180313110352,-73.9688720703125,40.758167266845696,665.32,2807,2807,2884.66,3549.98,77.65999999999985,1.1368683772161603e-13,1.0000000000000002
20862,-73.9914321899414,40.73766708374024,-73.9759521484375,40.75663375854492,739.39,2807,2807,-1.0,-1.0,-1,-1,0.0
20863,-73.96160888671875,40.76866149902344,-73.9561996459961,40.77722930908203,209.86,2807,2807,2860.23,3101.84,53.23000000000002,31.750000000000114,1.1512913370818647
20864,-73.95845031738281,40.76433944702149,-73.96239471435547,40.778770446777344,504.47,2808,2808,2840.88,3345.35,32.88000000000011,-2.2737367544323206e-13,0.9999999999999996
20865,-73.98784637451173,40.755046844482415,-74.0066680908203,40.73506546020508,630.11,2808,2808,2836.11,3466.2200000000003,28.110000000000127,1.1368683772161603e-13,1.0000000000000002
20866,-73.95388793945312,40.76677322387695,-73.97659301757811,40.77724075317383,675.29,2808,2808,2973.08,3648.37,165.07999999999993,0.0,1.0
20867,-73.98493194580078,40.7454490661621,-73.97806549072266,40.76641082763672,714.81,2808,2808,-1.0,-1.0,-1,-1,0.0
20868,-74.01019287109375,40.71188354492188,-74.0130615234375,40.70565414428711,275.66,2808,2808,-1.0,-1.0,-1,-1,0.0
20869,-74.00299835205078,40.72786331176758,-73.9916458129883,40.73516082763672,320.7,2809,2809,2934.87,3255.5699999999997,125.86999999999989,-1.7053025658242404e-13,0.9999999999999994
20870,-73.96366119384766,40.75703048706055,-73.97035217285155,40.76219177246094,407.57,2809,2809,2821.05,3322.29,12.050000000000182,93.66999999999979,1.2298255514390162
20871,-74.00642395019531,40.73290252685547,-73.99423217773438,40.72671890258789,543.42,2809,2809,-1.0,-1.0,-1,-1,0.0
20872,-73.96280670166014,40.776615142822266,-73.96856689453125,40.762290954589844,460.16,2809,2809,-1.0,-1.0,-1,-1,0.0
20873,-73.97235107421875,40.7598991394043,-73.99385070800781,40.73271179199219,839.56,2809,2809,-1.0,-1.0,-1,-1,0.0
20874,-73.95829010009766,40.801025390625,-73.97750091552734,40.77935791015625,439.11,2809,2809,2914.84,3353.95,105.84000000000015,-3.410605131648481e-13,0.9999999999999992
20875,-73.96990203857422,40.76310348510742,-73.94680023193358,40.772071838378906,633.09,2809,2809,-1.0,-1.0,-1,-1,0.0
20876,-73.99151611328125,40.739158630371094,-74.00384521484375,40.73349380493164,348.04,2810,2810,2845.3199999999997,3193.36,35.31999999999971,3.979039320256561e-13,1.000000000000001
20877,-73.98124694824219,40.76507186889648,-73.98271179199219,40.7451400756836,753.75,2810,2810,2832.7400000000002,3605.4,22.740000000000236,18.909999999999854,1.0250878938640131
20878,-73.9527359008789,40.76644134521485,-73.97457885742188,40.778236389160156,715.68,2810,2810,2820.0,3535.6800000000003,10.0,3.410605131648481e-13,1.0000000000000004
20879,-73.9744644165039,40.79359436035156,-73.95783233642578,40.80846405029297,398.03,2810,2810,2842.17,3240.2,32.17000000000007,-2.2737367544323206e-13,0.9999999999999994
20880,-74.00447845458984,40.707313537597656,-73.97771453857422,40.75774765014648,1250.08,2810,2810,-1.0,-1.0,-1,-1,0.0
20881,-73.97612762451173,40.77610778808594,-73.98979187011719,40.76249694824219,445.15,2810,2810,-1.0,-1.0,-1,-1,0.0
20882,-73.9908905029297,40.75596618652344,-73.9890365600586,40.74850845336913,461.86,2810,2810,-1.0,-1.0,-1,-1,0.0
20883,-74.00308990478516,40.74964141845703,-73.99365997314453,40.74517059326172,264.16,2811,2811,-1.0,-1.0,-1,-1,0.0
20884,-73.9620132446289,40.77075958251953,-73.9670181274414,40.75411987304688,568.89,2811,2811,2850.36,3421.67,39.36000000000013,2.419999999999959,1.0042538979416056
20885,-73.95533752441406,40.77705001831055,-73.93838500976562,40.79320526123047,363.78,2811,2811,2953.29,3317.07,142.28999999999996,2.2737367544323206e-13,1.0000000000000007
20886,-73.98955535888672,40.754051208496094,-73.97716522216798,40.76396560668945,436.52,2811,2811,-1.0,-1.0,-1,-1,0.0
20887,-73.96925354003906,40.79060745239258,-73.98033905029298,40.77055358886719,454.96,2811,2811,3045.75,3500.71,234.75,5.684341886080802e-14,1.0000000000000002
20888,-73.99783325195312,40.76139831542969,-73.99805450439453,40.74338150024415,460.5,2811,2811,2826.14,3286.6400000000003,15.139999999999873,4.547473508864641e-13,1.0000000000000009
20889,-74.00723266601562,40.74177932739258,-73.9916000366211,40.76877212524415,619.17,2811,2811,2946.92,3566.09,135.92000000000007,1.1368683772161603e-13,1.0000000000000002
20890,-73.97896575927734,40.76691818237305,-73.99115753173827,40.77487564086913,446.2,2811,2811,2836.6600000000003,3321.48,25.66000000000031,38.61999999999972,1.0865531151949792
20891,-74.0003204345703,40.71829605102539,-74.00833129882812,40.73937225341797,701.21,2811,2811,-1.0,-1.0,-1,-1,0.0
20892,-73.99371337890625,40.74972152709961,-73.97922515869139,40.76254653930664,618.69,2812,2812,2851.96,3470.65,39.960000000000036,0.0,1.0
20893,-73.9455795288086,40.77796936035156,-73.9447021484375,40.80891418457031,705.12,2812,2812,2837.29,3542.41,25.289999999999964,-1.1368683772161603e-13,0.9999999999999999
20894,-73.986083984375,40.75822067260742,-74.00827026367188,40.71881866455078,904.81,2812,2812,-1.0,-1.0,-1,-1,0.0
20895,-73.99658966064453,40.74123001098633,-74.00948333740234,40.715198516845696,516.41,2812,2812,2864.64,3381.05,52.63999999999987,3.410605131648481e-13,1.0000000000000007
20896,-73.97090148925781,40.767391204833984,-73.96383666992188,40.76276779174805,362.18,2812,2812,-1.0,-1.0,-1,-1,0.0
20897,-73.99122619628906,40.73325729370117,-73.99443817138672,40.75083541870117,600.3,2812,2812,-1.0,-1.0,-1,-1,0.0
20898,-73.97840881347656,40.78313446044922,-73.95675659179686,40.77403259277344,488.26,2813,2813,2923.12,3411.38,110.11999999999989,2.2737367544323206e-13,1.0000000000000004
20899,-73.98509216308595,40.76372909545898,-73.96955108642578,40.7879295349121,587.49,2813,2813,2829.05,3500.6800000000003,16.050000000000182,84.1400000000001,1.1432194590546223
20900,-73.96759033203125,40.75628280639648,-73.95676422119139,40.766761779785156,275.61,2813,2813,-1.0,-1.0,-1,-1,0.0
20901,-73.98937225341797,40.741523742675774,-73.96055603027344,40.76645278930664,902.76,2813,2813,2836.2599999999998,3811.97,23.259999999999764,72.95000000000005,1.080807745137135
20902,-73.95947265625,40.76726913452149,-73.9529800415039,40.78303909301758,393.65,2813,2813,2862.7100000000005,3256.36,49.71000000000049,-3.410605131648481e-13,0.9999999999999991
20903,-73.96770477294923,40.76042938232422,-73.98529815673827,40.77360916137695,729.25,2813,2813,2834.34,3636.29,21.340000000000146,72.69999999999982,1.0996914638327047
20904,-74.00946044921875,40.70555877685547,-74.00527954101562,40.720890045166016,554.67,2814,2814,-1.0,-1.0,-1,-1,0.0
20905,-73.9789047241211,40.74758529663085,-74.0028305053711,40.743900299072266,665.82,2814,2814,-1.0,-1.0,-1,-1,0.0
20906,-73.94776916503906,40.77072143554688,-73.96935272216798,40.768470764160156,623.79,2814,2814,2863.72,3487.5099999999998,49.7199999999998,0.0,1.0
20907,-73.99012756347656,40.77578353881836,-74.0032958984375,40.750579833984375,568.17,2814,2814,-1.0,-1.0,-1,-1,0.0
20908,-74.01799774169923,40.70604705810547,-73.98966979980467,40.76707458496094,1069.8,2814,2814,-1.0,-1.0,-1,-1,0.0
20909,-74.00257110595702,40.750099182128906,-73.97657775878906,40.7566795349121,769.25,2814,2814,2820.7400000000002,3668.96,6.7400000000002365,78.9699999999998,1.1026584335391612
20910,-73.99420928955078,40.75101089477539,-73.98729705810547,40.72903823852539,888.81,2814,2814,2862.85,3754.98,48.84999999999991,3.3200000000001637,1.0037353315106718
20911,-73.99951171875,40.71852111816406,-73.98872375488281,40.727298736572266,439.59,2814,2814,-1.0,-1.0,-1,-1,0.0
20912,-73.98226928710938,40.768421173095696,-73.98867797851562,40.77497863769531,373.32,2814,2814,-1.0,-1.0,-1,-1,0.0
20913,-74.00797271728516,40.74546813964844,-74.010009765625,40.720081329345696,547.11,2814,2814,2884.71,3431.82,70.71000000000004,1.1368683772161603e-13,1.0000000000000002
20914,-73.9754867553711,40.78976440429688,-73.98193359375,40.77349090576172,394.97,2814,2814,2854.09,3249.06,40.090000000000146,-2.2737367544323206e-13,0.9999999999999994
20915,-73.95631408691406,40.76826477050781,-73.9338607788086,40.79402160644531,424.48,2815,2815,2833.16,3257.6400000000003,18.159999999999854,4.547473508864641e-13,1.000000000000001
20916,-73.99138641357422,40.76018142700195,-73.98771667480467,40.7464256286621,627.69,2815,2815,-1.0,-1.0,-1,-1,0.0
20917,-73.96309661865234,40.79901885986328,-73.97579193115234,40.760398864746094,942.69,2815,2815,2837.2599999999998,3827.66,22.259999999999764,47.710000000000036,1.0506104870105761
20918,-73.9700927734375,40.752891540527344,-73.98770904541014,40.744178771972656,553.5,2815,2815,2835.35,3388.85,20.34999999999991,0.0,1.0
20919,-73.97885131835938,40.77731704711913,-73.9601058959961,40.80474853515625,533.96,2815,2815,-1.0,-1.0,-1,-1,0.0
20920,-73.99453735351562,40.73552322387695,-73.98883819580078,40.74871444702149,378.08,2816,2816,-1.0,-1.0,-1,-1,0.0
20921,-73.972412109375,40.76491165161133,-73.97650909423827,40.75941848754883,187.79,2816,2816,2851.5699999999997,3039.36,35.56999999999971,4.263256414560601e-13,1.0000000000000022
20922,-73.99105072021484,40.75587844848633,-73.9757080078125,40.78039932250977,616.04,2816,2816,-1.0,-1.0,-1,-1,0.0
20923,-73.99937438964845,40.74904251098633,-74.01309204101562,40.70367050170898,1082.3,2816,2816,2864.72,3947.02,48.7199999999998,2.2737367544323206e-13,1.0000000000000002
20924,-74.00074005126955,40.73735809326172,-73.9996566772461,40.74386978149415,232.5,2816,2816,-1.0,-1.0,-1,-1,0.0
20925,-73.99507141113281,40.72486877441406,-73.98268127441406,40.72317123413085,351.83,2816,2816,2844.92,3196.75,28.920000000000073,-5.684341886080802e-14,0.9999999999999999
20926,-73.95733642578125,40.78020095825195,-73.96839904785155,40.76509475708008,411.5,2816,2816,2874.39,3285.89,58.38999999999987,0.0,1.0
20927,-73.9984130859375,40.71955490112305,-73.94647216796875,40.77264022827149,1337.41,2816,2816,-1.0,-1.0,-1,-1,0.0
20928,-73.99408721923827,40.74135971069336,-74.00415802001955,40.74268341064453,283.95,2817,2817,-1.0,-1.0,-1,-1,0.0
20929,-73.95777893066406,40.7796745300293,-73.9710693359375,40.782958984375,312.66,2817,2817,2934.04,3246.7,117.03999999999996,-1.7053025658242404e-13,0.9999999999999994
20930,-73.97195434570312,40.75994491577149,-73.99301147460938,40.74159622192383,789.55,2817,2817,-1.0,-1.0,-1,-1,0.0
20931,-74.00980377197266,40.70513153076172,-74.00381469726562,40.737159729003906,902.58,2817,2817,-1.0,-1.0,-1,-1,0.0
20932,-74.00499725341797,40.72210693359375,-73.98416137695312,40.725189208984375,648.0,2817,2817,-1.0,-1.0,-1,-1,0.0
20933,-73.96526336669923,40.76359176635742,-73.9819107055664,40.764835357666016,651.21,2817,2817,-1.0,-1.0,-1,-1,0.0
20934,-73.98375701904298,40.75787353515625,-73.99041748046875,40.751121520996094,212.21,2817,2817,-1.0,-1.0,-1,-1,0.0
20935,-73.97506713867188,40.74175262451172,-73.96288299560547,40.75852584838867,278.1,2817,2817,2844.35,3122.45,27.34999999999991,-1.1368683772161603e-13,0.9999999999999996
20936,-73.97582244873048,40.79461288452149,-73.9661636352539,40.79059600830078,252.32,2818,2818,-1.0,-1.0,-1,-1,0.0
20937,-73.99758148193358,40.74644088745117,-73.97354888916014,40.787086486816406,952.27,2818,2818,2824.5,3847.21,6.5,70.44000000000005,1.0739706175769477
20938,-73.95960235595702,40.7754135131836,-73.96306610107422,40.79846954345703,597.68,2818,2818,2849.66,3508.1,31.659999999999854,60.760000000000105,1.1016597510373445
20939,-73.98204040527344,40.7648811340332,-73.94303131103516,40.81496047973633,1253.56,2818,2818,-1.0,-1.0,-1,-1,0.0
20940,-73.98677825927734,40.73957443237305,-73.99883270263672,40.720062255859375,560.35,2818,2818,2830.34,3390.69,12.340000000000146,-1.1368683772161603e-13,0.9999999999999998
20941,-73.95185089111328,40.784584045410156,-73.94828033447266,40.778480529785156,254.66,2818,2818,2871.79,3175.44,53.789999999999964,48.990000000000094,1.1923741459200505
20942,-73.96951293945312,40.75519180297852,-73.97109985351562,40.745208740234375,308.33,2818,2818,2857.7,3166.03,39.69999999999982,3.979039320256561e-13,1.0000000000000013
20943,-73.97213745117188,40.75960540771485,-73.95477294921875,40.78061294555664,556.19,2818,2818,-1.0,-1.0,-1,-1,0.0
20944,-73.96394348144531,40.77439880371094,-73.95365905761719,40.76707077026367,415.59,2818,2818,-1.0,-1.0,-1,-1,0.0
20945,-73.9853515625,40.72762680053711,-73.98776245117188,40.7383918762207,364.62,2818,2818,2986.74,3351.36,168.73999999999978,3.410605131648481e-13,1.0000000000000009
20946,-73.96231842041014,40.75912857055664,-73.94677734375,40.78329086303711,408.9,2819,2819,-1.0,-1.0,-1,-1,0.0
20947,-74.00685882568358,40.71928024291992,-74.01708221435547,40.70597839355469,431.58,2819,2819,2845.12,3295.58,26.11999999999989,18.880000000000052,1.0437462347652813
20948,-73.97753143310547,40.787391662597656,-73.98084259033203,40.770809173583984,461.26,2819,2819,-1.0,-1.0,-1,-1,0.0
20949,-73.98007202148438,40.75659942626953,-73.9568099975586,40.77148818969727,721.1,2819,2819,-1.0,-1.0,-1,-1,0.0
20950,-73.9469223022461,40.77172470092773,-73.99227142333984,40.72895431518555,1041.88,2819,2819,2831.54,3873.420000000001,12.539999999999964,9.094947017729282e-13,1.0000000000000009
20951,-73.97529602050781,40.7469596862793,-73.98562622070312,40.75296401977539,488.83,2819,2819,-1.0,-1.0,-1,-1,0.0
20952,-73.93800354003906,40.803558349609375,-73.93998718261719,40.79407119750977,208.55,2820,2820,2922.75,3131.3,102.75,1.7053025658242404e-13,1.0000000000000009
20953,-73.98994445800781,40.75676345825195,-74.00591278076173,40.74043273925781,520.06,2820,2820,-1.0,-1.0,-1,-1,0.0
20954,-74.01613616943358,40.70499038696289,-74.00713348388672,40.741493225097656,724.0,2820,2820,-1.0,-1.0,-1,-1,0.0
20955,-73.9527359008789,40.77648162841797,-73.97209930419923,40.75656127929688,701.08,2820,2820,2848.0,3549.08,28.0,-1.1368683772161603e-13,0.9999999999999999
20956,-73.9595947265625,40.77119445800781,-73.98908233642578,40.77363967895508,803.0,2820,2820,-1.0,-1.0,-1,-1,0.0
20957,-73.96278381347656,40.79939651489258,-73.98326110839844,40.77116394042969,515.75,2821,2821,2868.17,3383.92,47.17000000000007,0.0,1.0
20958,-73.99894714355469,40.72276306152344,-74.00968933105469,40.70981216430664,440.02,2821,2821,3281.55,3721.57,460.5500000000002,0.0,1.0
20959,-73.97566223144531,40.751800537109375,-73.97332000732422,40.73824691772461,427.46,2821,2821,2877.55,3330.96,56.55000000000018,25.949999999999875,1.0607074346137648
20960,-73.95824432373048,40.77299499511719,-73.94786834716798,40.78143310546875,208.94,2821,2821,3010.04,3218.98,189.03999999999996,5.684341886080802e-14,1.0000000000000002
20961,-73.98141479492188,40.78095245361328,-73.97937774658203,40.78958511352539,268.92,2821,2821,-1.0,-1.0,-1,-1,0.0
20962,-73.97779846191406,40.75497055053711,-73.9807357788086,40.78076171875,826.71,2821,2821,-1.0,-1.0,-1,-1,0.0
20963,-73.99404907226562,40.76667022705078,-73.99491882324219,40.75014114379883,506.76,2821,2821,2855.64,3397.9500000000003,34.63999999999987,35.55000000000041,1.0701515510300743
20964,-73.98358917236328,40.76118850708008,-73.96842956542969,40.786468505859375,689.86,2821,2821,-1.0,-1.0,-1,-1,0.0
20965,-73.99559783935547,40.75963973999024,-73.99331665039062,40.72238159179688,1218.32,2821,2821,-1.0,-1.0,-1,-1,0.0
20966,-73.97588348388672,40.78639602661133,-73.92147064208984,40.86809539794922,1030.16,2821,2821,2859.67,3889.83,38.67000000000007,-2.2737367544323206e-13,0.9999999999999998
20967,-73.97129821777344,40.7470932006836,-73.951416015625,40.774024963378906,457.18,2821,2821,3114.59,3571.77,293.59000000000015,-1.7053025658242404e-13,0.9999999999999997
20968,-73.97559356689453,40.75746154785156,-73.98753356933594,40.71992111206055,1151.77,2821,2821,-1.0,-1.0,-1,-1,0.0
20969,-73.98692321777342,40.75033950805664,-73.98299407958984,40.74213409423828,385.36,2821,2821,-1.0,-1.0,-1,-1,0.0
20970,-73.97095489501955,40.761756896972656,-73.9876708984375,40.779502868652344,730.09,2821,2821,-1.0,-1.0,-1,-1,0.0
20971,-73.95993041992188,40.7738037109375,-73.94339752197266,40.78770446777344,408.6,2821,2821,-1.0,-1.0,-1,-1,0.0
20972,-73.98776245117188,40.775089263916016,-73.97802734375,40.78889083862305,299.41,2821,2821,-1.0,-1.0,-1,-1,0.0
20973,-73.98928833007811,40.74382781982422,-73.978515625,40.74515914916992,328.58,2822,2822,2960.58,3289.16,138.57999999999993,-5.684341886080802e-14,0.9999999999999998
20974,-73.98121643066406,40.74455642700195,-73.97474670410156,40.7354621887207,408.33,2822,2822,-1.0,-1.0,-1,-1,0.0
20975,-73.99359130859375,40.72143173217773,-73.98797607421875,40.74409103393555,730.6,2822,2822,2881.84,3670.75,59.840000000000146,58.30999999999983,1.0798111141527509
20976,-73.98854064941406,40.759090423583984,-73.96507263183594,40.791011810302734,702.59,2822,2822,-1.0,-1.0,-1,-1,0.0
20977,-73.99191284179686,40.749210357666016,-73.99532318115234,40.7215690612793,841.35,2822,2822,2878.76,3772.27,56.76000000000022,52.15999999999974,1.0619956023058177
20978,-73.97520446777344,40.761417388916016,-73.99405670166014,40.72842025756836,851.44,2822,2822,2876.71,3728.15,54.710000000000036,0.0,1.0
20979,-73.95899200439453,40.78103637695313,-73.94747161865234,40.77545547485352,353.08,2822,2822,2865.92,3264.42,43.92000000000007,45.420000000000016,1.128639401835278
20980,-73.99115753173827,40.7373046875,-73.99385833740234,40.74988174438477,502.21,2822,2822,2908.58,3410.79,86.57999999999993,5.684341886080802e-14,1.0000000000000002
20981,-73.9589614868164,40.783348083496094,-73.97005462646483,40.75732421875,828.73,2823,2823,2853.94,3709.8900000000003,30.940000000000055,27.220000000000255,1.0328454382006205
20982,-73.98532104492188,40.73863220214844,-73.98363494873048,40.725990295410156,430.62,2823,2823,-1.0,-1.0,-1,-1,0.0
20983,-74.0150833129883,40.711143493652344,-73.97471618652342,40.751014709472656,916.5,2823,2823,2871.59,3857.35,48.590000000000146,69.25999999999976,1.0755701036552099
20984,-73.9981689453125,40.745689392089844,-74.0076675415039,40.75251007080078,296.58,2823,2823,-1.0,-1.0,-1,-1,0.0
20985,-73.99227142333984,40.72528839111328,-73.99063110351562,40.756141662597656,1031.5,2823,2823,3063.7,4095.2,240.69999999999982,0.0,1.0
20986,-74.00069427490234,40.726318359375,-73.99081420898438,40.7308464050293,320.93,2823,2823,2877.25,3198.18,54.25,-1.7053025658242404e-13,0.9999999999999994
20987,-73.99025726318358,40.733848571777344,-73.98976898193358,40.757266998291016,838.1,2823,2823,2911.46,3749.56,88.46000000000004,-1.1368683772161603e-13,0.9999999999999999
20988,-73.97012329101562,40.789459228515625,-73.95452117919923,40.7789306640625,492.19,2823,2823,-1.0,-1.0,-1,-1,0.0
20989,-73.9760513305664,40.788665771484375,-73.98319244384766,40.78036880493164,212.73,2823,2823,2874.07,3105.05,51.070000000000164,18.25000000000003,1.085789498425234
20990,-73.99441528320312,40.7507438659668,-73.97481536865234,40.75644302368164,748.0,2824,2824,-1.0,-1.0,-1,-1,0.0
20991,-73.96971893310547,40.76604843139648,-73.95174407958984,40.76973342895508,492.72,2824,2824,-1.0,-1.0,-1,-1,0.0
20992,-73.9693832397461,40.761138916015625,-74.00367736816406,40.74273300170898,1042.5,2824,2824,-1.0,-1.0,-1,-1,0.0
20993,-73.98680114746094,40.75872039794922,-73.95751953125,40.774559020996094,888.45,2824,2824,-1.0,-1.0,-1,-1,0.0
20994,-74.01020812988281,40.720157623291016,-73.98741149902342,40.722694396972656,778.05,2824,2824,-1.0,-1.0,-1,-1,0.0
20995,-73.99340057373048,40.75783920288085,-73.95184326171875,40.7745246887207,1193.12,2824,2824,2854.1,4077.84,30.09999999999991,30.620000000000346,1.0256638058200351
20996,-73.98680877685547,40.766685485839844,-73.97574615478516,40.78691864013672,424.6,2824,2824,-1.0,-1.0,-1,-1,0.0
20997,-73.97957611083984,40.78448486328125,-73.98287963867188,40.76933288574219,357.6,2825,2825,2870.42,3228.02,45.42000000000007,-1.1368683772161603e-13,0.9999999999999997
20998,-73.96144866943358,40.76028823852539,-73.95628356933594,40.77896118164063,418.9,2825,2825,-1.0,-1.0,-1,-1,0.0
20999,-73.94940185546875,40.78100204467773,-73.9671630859375,40.760833740234375,681.64,2825,2825,2930.53,3612.17,105.5300000000002,-1.1368683772161603e-13,0.9999999999999998
21000,-73.98200225830078,40.75829315185547,-73.99032592773438,40.756195068359375,307.45,2825,2825,-1.0,-1.0,-1,-1,0.0
21001,-73.9933090209961,40.75141906738281,-73.98258972167969,40.76213073730469,485.65,2825,2825,2862.14,3347.79,37.13999999999987,1.1368683772161603e-13,1.0000000000000002
21002,-73.9848403930664,40.7107048034668,-73.9721450805664,40.78650665283203,1493.3,2825,2825,3042.59,4535.889999999999,217.59000000000015,-6.821210263296962e-13,0.9999999999999996
21003,-73.95751953125,40.78274917602539,-73.97792053222656,40.78699111938477,417.13,2825,2825,-1.0,-1.0,-1,-1,0.0
21004,-73.97341918945312,40.77958297729492,-73.9725570678711,40.75079727172852,1035.09,2825,2825,2904.96,3940.05,79.96000000000004,2.2737367544323206e-13,1.0000000000000002
21005,-74.00608825683594,40.73490524291992,-73.98706817626955,40.750938415527344,563.45,2825,2825,3041.08,3604.53,216.07999999999993,2.2737367544323206e-13,1.0000000000000004
21006,-73.9735336303711,40.79243087768555,-73.96322631835938,40.77199935913085,696.97,2825,2825,2878.72,3600.84,53.7199999999998,25.15000000000032,1.036084766919667
21007,-73.9813232421875,40.78127670288085,-73.97525024414062,40.7923698425293,315.08,2825,2825,-1.0,-1.0,-1,-1,0.0
21008,-73.985107421875,40.76004028320313,-73.9718017578125,40.75257110595703,617.18,2825,2825,-1.0,-1.0,-1,-1,0.0
21009,-73.97650146484375,40.744327545166016,-73.98651885986328,40.7303123474121,229.78,2826,2826,2862.25,3092.03,36.25,1.9895196601282805e-13,1.0000000000000009
21010,-73.97315979003906,40.76408386230469,-74.0023880004883,40.73446273803711,919.08,2826,2826,2881.17,3800.25,55.17000000000007,-1.1368683772161603e-13,0.9999999999999999
21011,-73.97454071044923,40.75112533569336,-73.96380615234375,40.76526260375977,369.76,2826,2826,2865.89,3235.65,39.88999999999987,2.2737367544323206e-13,1.0000000000000007
21012,-73.98236083984375,40.75738906860352,-74.00724792480467,40.74261093139648,850.72,2826,2826,-1.0,-1.0,-1,-1,0.0
21013,-73.98077392578125,40.75920486450195,-73.98226165771484,40.768367767333984,332.22,2826,2826,-1.0,-1.0,-1,-1,0.0
21014,-74.00251770019531,40.74502182006836,-73.9749526977539,40.777339935302734,840.45,2826,2826,-1.0,-1.0,-1,-1,0.0
21015,-73.99952697753906,40.71949005126953,-73.989990234375,40.760650634765625,1141.62,2826,2826,3008.84,4150.46,182.84000000000015,0.0,1.0
21016,-73.98781585693358,40.74093627929688,-73.97921752929686,40.7524528503418,318.86,2826,2826,-1.0,-1.0,-1,-1,0.0
21017,-73.97901916503906,40.76668167114258,-73.97274780273438,40.76411819458008,180.71,2826,2826,2880.11,3060.82,54.11000000000013,2.842170943040401e-14,1.0000000000000002
21018,-73.99091339111328,40.7397689819336,-73.98436737060547,40.749961853027344,474.2,2826,2826,-1.0,-1.0,-1,-1,0.0
21019,-73.96366882324219,40.76844787597656,-73.96800231933594,40.75620651245117,424.93,2827,2827,2866.0,3290.93,39.0,-1.7053025658242404e-13,0.9999999999999996
21020,-73.95623779296875,40.76353454589844,-73.99826049804686,40.7452278137207,1068.71,2827,2827,-1.0,-1.0,-1,-1,0.0
21021,-73.97993469238281,40.77090835571289,-73.95401763916014,40.82726287841797,956.72,2827,2827,-1.0,-1.0,-1,-1,0.0
21022,-73.98223114013672,40.7515983581543,-73.98709869384766,40.73894119262695,317.21,2827,2827,-1.0,-1.0,-1,-1,0.0
21023,-73.95496368408203,40.77760314941406,-73.97750091552734,40.7793083190918,523.23,2827,2827,2980.88,3504.11,153.8800000000001,0.0,1.0
21024,-73.99421691894531,40.751068115234375,-73.96845245361328,40.75642013549805,902.42,2827,2827,2850.5299999999997,3807.54,23.529999999999745,54.59000000000026,1.0604928968772858
21025,-73.95806121826173,40.77349472045898,-73.9478759765625,40.78726577758789,210.85,2828,2828,2854.15,3065.0,26.15000000000009,-8.526512829121202e-14,0.9999999999999996
21026,-73.99549102783203,40.73913955688477,-74.0045394897461,40.70772171020508,973.84,2828,2828,2854.02,3904.02,26.019999999999982,76.15999999999997,1.078205865439908
21027,-73.9700469970703,40.789772033691406,-73.97335052490234,40.7971305847168,260.0,2828,2828,-1.0,-1.0,-1,-1,0.0
21028,-73.95679473876955,40.76818084716797,-73.97744750976562,40.77401351928711,633.82,2828,2828,3149.29,3783.11,321.28999999999996,1.1368683772161603e-13,1.0000000000000002
21029,-73.99076843261719,40.75078582763672,-73.99471282958984,40.73977661132813,298.57,2828,2828,2868.3999999999996,3166.97,40.399999999999636,1.7053025658242404e-13,1.0000000000000007
21030,-73.98249816894531,40.77069854736328,-73.99240112304686,40.756511688232415,442.84,2828,2828,2879.15,3321.99,51.15000000000009,-2.8421709430404007e-13,0.9999999999999993
21031,-73.99285888671875,40.747913360595696,-73.97509765625,40.790122985839844,1000.83,2829,2829,-1.0,-1.0,-1,-1,0.0
21032,-73.99141693115234,40.75029373168945,-73.98786163330078,40.75706481933594,469.21,2829,2829,2869.23,3371.1,40.23000000000002,32.65999999999991,1.0696063596257537
21033,-73.98670196533203,40.77725601196289,-73.95594787597656,40.78487777709961,730.63,2829,2829,-1.0,-1.0,-1,-1,0.0
21034,-73.96835327148438,40.76711654663085,-73.95618438720702,40.7779541015625,347.93,2830,2830,-1.0,-1.0,-1,-1,0.0
21035,-73.97528839111328,40.75230026245117,-73.98247528076173,40.74251174926758,199.41,2830,2830,2876.68,3076.09,46.679999999999836,3.126388037344441e-13,1.0000000000000016
21036,-73.9776382446289,40.753990173339844,-73.9963607788086,40.74274063110352,558.27,2830,2830,2861.55,3419.82,31.550000000000182,0.0,1.0
21037,-73.9933853149414,40.74721145629883,-73.98247528076173,40.73989868164063,405.28,2830,2830,-1.0,-1.0,-1,-1,0.0
21038,-74.01280212402342,40.70657348632813,-74.01602172851562,40.715091705322266,326.43,2830,2830,-1.0,-1.0,-1,-1,0.0
21039,-73.96227264404298,40.77899932861328,-73.96070098876955,40.77251052856445,248.04,2830,2830,2873.6,3166.81,43.59999999999991,45.170000000000044,1.182107724560555
21040,-73.99565887451173,40.759910583496094,-73.98609161376955,40.77072143554688,221.71,2831,2831,2866.8,3088.51,35.80000000000018,2.842170943040401e-14,1.0000000000000002
21041,-73.97414398193358,40.76251602172852,-73.9876251220703,40.74428176879883,466.81,2831,2831,2874.21,3341.02,43.210000000000036,-5.684341886080802e-14,0.9999999999999999
21042,-73.98776245117188,40.759849548339844,-73.95945739746094,40.771385192871094,781.1,2831,2831,-1.0,-1.0,-1,-1,0.0
21043,-73.97781372070312,40.75380325317383,-73.9862060546875,40.740928649902344,480.03,2831,2831,2861.05,3341.08,30.050000000000182,-2.2737367544323206e-13,0.9999999999999996
21044,-73.9625473022461,40.775672912597656,-73.96831512451173,40.76497650146485,362.49,2831,2831,-1.0,-1.0,-1,-1,0.0
21045,-73.97865295410156,40.77248001098633,-73.96415710449219,40.76545715332031,421.58,2831,2831,2881.14,3302.7200000000003,50.13999999999987,3.979039320256561e-13,1.0000000000000009
21046,-73.96086883544923,40.77215194702149,-73.9530029296875,40.7817611694336,325.99,2831,2831,-1.0,-1.0,-1,-1,0.0
21047,-73.9599609375,40.76673126220703,-73.96810913085938,40.75563049316406,328.8,2831,2831,2854.09,3182.89,23.090000000000146,-2.8421709430404007e-13,0.9999999999999991
21048,-73.97223663330078,40.75659942626953,-73.98261260986328,40.77238082885742,776.44,2831,2831,-1.0,-1.0,-1,-1,0.0
21049,-74.00559997558595,40.72566604614258,-73.94110870361328,40.83573913574219,1719.11,2832,2832,2953.87,4672.9800000000005,121.86999999999989,6.821210263296962e-13,1.0000000000000004
21050,-73.9540786743164,40.76404190063477,-73.94961547851562,40.77354431152344,299.91,2832,2832,-1.0,-1.0,-1,-1,0.0
21051,-73.97509765625,40.75233459472656,-73.98236846923827,40.74274826049805,213.91,2832,2832,2865.4599999999996,3079.37,33.45999999999958,3.126388037344441e-13,1.0000000000000016
21052,-73.96942901611328,40.76097869873047,-73.97489166259766,40.753231048583984,214.22,2832,2832,2854.71,3068.93,22.710000000000036,-1.9895196601282805e-13,0.9999999999999991
21053,-73.97570037841797,40.76064682006836,-73.96017456054686,40.766197204589844,559.72,2832,2832,-1.0,-1.0,-1,-1,0.0
21054,-73.99365234375,40.74190902709961,-73.99266052246094,40.76097106933594,580.49,2832,2832,-1.0,-1.0,-1,-1,0.0
21055,-73.98296356201173,40.76197814941406,-74.00279235839844,40.74544525146485,646.25,2832,2832,2862.1,3536.83,30.09999999999991,28.480000000000018,1.0440696324951644
21056,-73.9963607788086,40.72374725341797,-73.99422454833984,40.73206329345703,280.75,2832,2832,2915.58,3196.33,83.57999999999993,0.0,1.0
21057,-73.9578628540039,40.77431106567383,-73.96782684326173,40.765491485595696,383.61,2832,2832,2883.51,3267.12,51.51000000000022,-3.410605131648481e-13,0.9999999999999991
21058,-73.95596313476562,40.78548049926758,-73.97380828857422,40.77936935424805,417.84,2833,2833,3027.45,3445.29,194.44999999999982,1.7053025658242404e-13,1.0000000000000004
21059,-73.9749526977539,40.77768325805664,-73.93964385986328,40.85283660888672,1105.16,2833,2833,-1.0,-1.0,-1,-1,0.0
21060,-74.0162811279297,40.71493148803711,-74.004638671875,40.72550964355469,407.96,2833,2833,-1.0,-1.0,-1,-1,0.0
21061,-73.99210357666014,40.754207611083984,-73.97367858886719,40.74866104125977,611.13,2833,2833,3005.42,3616.55,172.42000000000007,1.1368683772161603e-13,1.0000000000000002
21062,-74.0020523071289,40.74036407470703,-74.00874328613281,40.73949432373047,232.12,2833,2833,-1.0,-1.0,-1,-1,0.0
21063,-73.98289489746094,40.75830078125,-73.99102783203125,40.75048828125,386.07,2833,2833,-1.0,-1.0,-1,-1,0.0
21064,-74.00690460205078,40.73004531860352,-74.00582122802734,40.74540328979492,330.92,2833,2833,3014.79,3345.71,181.78999999999996,5.684341886080802e-14,1.0000000000000002
21065,-73.98712158203125,40.739601135253906,-74.00135040283203,40.7226791381836,520.01,2833,2833,-1.0,-1.0,-1,-1,0.0
21066,-73.98419952392578,40.743408203125,-73.97832489013672,40.75146484375,239.36,2833,2833,-1.0,-1.0,-1,-1,0.0
21067,-74.00435638427734,40.74197769165039,-74.00498962402342,40.718574523925774,669.6,2833,2833,2885.85,3555.4500000000003,52.84999999999991,3.410605131648481e-13,1.0000000000000004
21068,-73.958740234375,40.78083038330078,-73.96952056884766,40.78544616699219,190.08,2833,2833,-1.0,-1.0,-1,-1,0.0
21069,-73.98790740966798,40.77944564819336,-73.9726333618164,40.75680923461913,954.03,2833,2833,-1.0,-1.0,-1,-1,0.0
21070,-73.98124694824219,40.7744026184082,-73.976806640625,40.79044723510742,409.91,2833,2833,-1.0,-1.0,-1,-1,0.0
21071,-73.97254180908203,40.7590446472168,-73.99376678466798,40.74173355102539,729.61,2833,2833,2882.55,3612.16,49.55000000000018,-3.410605131648481e-13,0.9999999999999996
21072,-73.964599609375,40.76721572875977,-74.0060043334961,40.73019409179688,1317.5,2834,2834,2882.64,4229.8,48.63999999999987,29.66000000000031,1.0225123339658446
21073,-73.98799896240234,40.71995544433594,-73.97724151611328,40.763919830322266,1297.74,2834,2834,2885.33,4183.07,51.32999999999993,-2.2737367544323206e-13,0.9999999999999998
21074,-74.00733947753906,40.74365234375,-73.989990234375,40.75679016113281,465.71,2834,2834,-1.0,-1.0,-1,-1,0.0
21075,-74.01551818847656,40.7093505859375,-74.00444793701173,40.72468948364258,449.52,2834,2834,-1.0,-1.0,-1,-1,0.0
21076,-73.95481872558594,40.784156799316406,-73.96336364746094,40.76494216918945,525.82,2834,2834,2990.37,3516.19,156.3699999999999,1.1368683772161603e-13,1.0000000000000002
21077,-73.97984313964845,40.77058029174805,-73.98709106445312,40.73918151855469,1053.1,2834,2834,2872.79,3959.04,38.789999999999964,33.15000000000009,1.0314784920710285
21078,-73.99777984619139,40.7361717224121,-74.00685882568358,40.71114730834961,796.21,2834,2834,-1.0,-1.0,-1,-1,0.0
21079,-73.98062896728516,40.78316879272461,-73.95726776123048,40.81293869018555,586.25,2834,2834,2925.24,3511.4900000000002,91.23999999999978,4.547473508864641e-13,1.0000000000000007
21080,-73.96851348876955,40.75511932373047,-74.00530242919923,40.7402458190918,975.04,2835,2835,2850.84,3925.64,15.840000000000146,99.75999999999976,1.1023137512307184
21081,-73.95909118652342,40.77476119995117,-73.97199249267578,40.75653076171875,525.95,2835,2835,3055.13,3581.08,220.1300000000001,-2.2737367544323206e-13,0.9999999999999996
21082,-73.98186492919923,40.72842788696289,-73.99105834960938,40.726070404052734,309.98,2835,2835,2881.12,3191.1,46.11999999999989,0.0,1.0
21083,-73.99037170410156,40.74187850952149,-74.0072708129883,40.74350357055664,511.78,2835,2835,-1.0,-1.0,-1,-1,0.0
21084,-73.99304962158203,40.74953079223633,-73.98937225341797,40.75802993774415,380.88,2835,2835,2874.55,3255.43,39.55000000000018,-3.410605131648481e-13,0.9999999999999991
21085,-73.97773742675781,40.75729751586913,-73.99005889892578,40.7522087097168,396.01,2835,2835,-1.0,-1.0,-1,-1,0.0
21086,-73.9825210571289,40.78253555297852,-73.94750213623048,40.78124237060547,878.24,2835,2835,2892.43,3770.67,57.429999999999836,2.2737367544323206e-13,1.0000000000000002
21087,-73.96912384033203,40.76329040527344,-73.96404266357422,40.773780822753906,260.46,2835,2835,-1.0,-1.0,-1,-1,0.0
21088,-73.99093627929686,40.73968124389648,-74.00599670410156,40.745429992675774,357.03,2835,2835,-1.0,-1.0,-1,-1,0.0
21089,-73.97724914550781,40.7498893737793,-73.9925079345703,40.74960708618164,508.73,2835,2835,-1.0,-1.0,-1,-1,0.0
21090,-73.9664535522461,40.75790023803711,-73.98586273193358,40.731178283691406,532.99,2835,2835,-1.0,-1.0,-1,-1,0.0
21091,-73.96775817871094,40.765907287597656,-73.96302032470702,40.77490615844727,253.38,2835,2835,-1.0,-1.0,-1,-1,0.0
21092,-73.98937225341797,40.76298141479492,-73.99147033691406,40.75032043457031,500.77,2836,2836,2918.41,3419.18,82.40999999999985,0.0,1.0
21093,-73.99637603759766,40.76372909545898,-73.98406219482422,40.74939727783203,651.38,2836,2836,2879.83,3531.21,43.82999999999993,1.1368683772161603e-13,1.0000000000000002
21094,-73.99181365966798,40.75010681152344,-74.00447082519531,40.72243118286133,581.7,2836,2836,-1.0,-1.0,-1,-1,0.0
21095,-73.9906005859375,40.756019592285156,-73.94827270507811,40.77836990356445,1142.28,2836,2836,-1.0,-1.0,-1,-1,0.0
21096,-73.97664642333984,40.764556884765625,-73.95609283447266,40.78462219238281,587.6,2836,2836,2854.36,3441.96,18.360000000000127,-1.1368683772161603e-13,0.9999999999999998
21097,-74.00241088867188,40.71873092651367,-73.97306060791014,40.76443099975585,1298.93,2836,2836,2850.0,4148.93,14.0,2.2737367544323206e-13,1.0000000000000002
21098,-73.95205688476562,40.82441329956055,-73.98157501220702,40.73986053466797,1727.79,2836,2836,3238.12,4965.91,402.1199999999999,0.0,1.0
21099,-73.99840545654298,40.72625350952149,-74.00555419921875,40.74574279785156,557.38,2836,2836,2992.79,3550.17,156.78999999999996,1.1368683772161603e-13,1.0000000000000002
21100,-73.99140930175781,40.74983978271485,-74.01451873779298,40.71802520751953,773.69,2837,2837,-1.0,-1.0,-1,-1,0.0
21101,-73.98188781738281,40.75172424316406,-73.97055053710938,40.76494216918945,435.72,2837,2837,-1.0,-1.0,-1,-1,0.0
21102,-73.95782470703125,40.779483795166016,-73.96389770507811,40.76941299438477,289.06,2837,2837,3017.26,3306.3199999999997,180.26000000000022,-5.115907697472721e-13,0.9999999999999982
21103,-73.95478057861328,40.76983642578125,-73.97425079345702,40.7539176940918,724.3,2837,2837,2882.05,3660.75,45.05000000000018,54.399999999999864,1.0751069998619356
21104,-73.98294067382812,40.76791763305664,-73.97257232666014,40.7811393737793,330.2,2837,2837,2867.92,3198.12,30.920000000000073,-1.7053025658242404e-13,0.9999999999999994
21105,-73.9994125366211,40.7249755859375,-74.01027679443358,40.7174072265625,482.03,2837,2837,-1.0,-1.0,-1,-1,0.0
21106,-74.010498046875,40.71818923950195,-74.0069580078125,40.710391998291016,386.31,2837,2837,-1.0,-1.0,-1,-1,0.0
21107,-73.974365234375,40.75689315795898,-73.96306610107422,40.76573944091797,424.61,2837,2837,-1.0,-1.0,-1,-1,0.0
21108,-73.97940063476562,40.76029586791992,-73.96051025390625,40.778564453125,593.68,2837,2837,-1.0,-1.0,-1,-1,0.0
21109,-73.96173858642578,40.77420043945313,-73.97158813476562,40.76462936401367,381.87,2838,2838,2870.83,3252.7,32.82999999999993,-1.1368683772161603e-13,0.9999999999999997
21110,-73.97648620605469,40.756919860839844,-73.97183227539062,40.76541137695313,274.06,2838,2838,-1.0,-1.0,-1,-1,0.0
21111,-73.96869659423827,40.76167678833008,-73.98778533935547,40.740928649902344,639.34,2838,2838,2855.76,3549.98,17.76000000000022,54.87999999999977,1.0858385209747548
21112,-73.96407318115234,40.756778717041016,-73.95421600341797,40.76620101928711,259.62,2838,2838,2870.96,3130.58,32.960000000000036,-1.1368683772161603e-13,0.9999999999999996
21113,-73.9711685180664,40.76176452636719,-74.00190734863281,40.75581359863281,875.42,2838,2838,-1.0,-1.0,-1,-1,0.0
21114,-74.00596618652342,40.74003982543945,-73.94454193115234,40.77927017211913,1557.87,2838,2838,2994.7,4552.57,156.69999999999982,0.0,1.0
21115,-73.97863006591797,40.73672866821289,-73.97284698486328,40.75460815429688,451.96,2838,2838,2952.25,3404.21,114.25,5.684341886080802e-14,1.0000000000000002
21116,-73.97754669189453,40.7537841796875,-73.97903442382812,40.76681137084961,554.3,2838,2838,2890.7,3445.0,52.69999999999982,2.2737367544323206e-13,1.0000000000000004
21117,-74.00506591796875,40.71882629394531,-73.98198699951173,40.78572463989258,1231.9,2838,2838,-1.0,-1.0,-1,-1,0.0
21118,-73.98133087158203,40.75380325317383,-74.00271606445312,40.7605857849121,593.96,2838,2838,2858.79,3495.54,20.789999999999964,42.789999999999964,1.0720418883426492
21119,-73.98028564453125,40.77554321289063,-73.98079681396483,40.76493835449219,361.74,2838,2838,2889.05,3250.79,51.05000000000018,-2.2737367544323206e-13,0.9999999999999993
21120,-73.98499298095702,40.77901077270508,-74.01007843017578,40.7203483581543,1052.51,2839,2839,-1.0,-1.0,-1,-1,0.0
21121,-73.98790740966798,40.7490463256836,-73.97720336914062,40.74715805053711,361.08,2839,2839,-1.0,-1.0,-1,-1,0.0
21122,-73.9791717529297,40.76203536987305,-74.00415802001955,40.74250411987305,875.6,2839,2839,-1.0,-1.0,-1,-1,0.0
21123,-73.99813079833984,40.74756240844727,-73.98529052734375,40.724422454833984,863.2,2839,2839,-1.0,-1.0,-1,-1,0.0
21124,-73.98273468017578,40.72706985473633,-73.9846420288086,40.73685073852539,311.12,2839,2839,2850.83,3177.17,11.829999999999927,15.220000000000141,1.0489200308562616
21125,-73.98609161376955,40.7588005065918,-74.00137329101562,40.74399185180664,557.55,2839,2839,-1.0,-1.0,-1,-1,0.0
21126,-74.00902557373048,40.706153869628906,-73.99333953857422,40.76209259033203,1185.2,2839,2839,-1.0,-1.0,-1,-1,0.0
21127,-74.0052719116211,40.720645904541016,-73.99435424804686,40.72106552124024,463.28,2840,2840,2875.0,3338.2799999999997,35.0,-2.2737367544323206e-13,0.9999999999999996
21128,-73.97836303710938,40.78828811645508,-73.9832763671875,40.7734489440918,349.19,2840,2840,-1.0,-1.0,-1,-1,0.0
21129,-73.96355438232422,40.771095275878906,-73.94956970214845,40.82434844970703,1204.32,2840,2840,2888.5,4136.55,48.5,43.730000000000246,1.0363109472565433
21130,-73.97303771972656,40.75041961669922,-73.98844909667969,40.73930740356445,581.16,2840,2840,2869.99,3479.89,29.98999999999978,28.740000000000123,1.0494528185009293
21131,-73.99195861816406,40.74418640136719,-73.98705291748048,40.75507736206055,343.46,2840,2840,2872.63,3216.09,32.63000000000011,5.684341886080802e-14,1.0000000000000002
21132,-73.9828872680664,40.76148986816406,-74.00273132324219,40.76057434082031,593.3,2840,2840,2898.95,3540.8,58.94999999999982,48.55000000000041,1.0818304399123553
21133,-74.00865936279298,40.70433044433594,-73.98455047607422,40.74851989746094,1044.58,2840,2840,3173.55,4218.129999999999,333.5500000000002,-9.094947017729282e-13,0.9999999999999991
21134,-73.98365020751955,40.76044845581055,-74.00264739990234,40.76067352294922,561.46,2840,2840,-1.0,-1.0,-1,-1,0.0
21135,-73.9757308959961,40.75893020629883,-73.99063873291014,40.739990234375,522.55,2840,2840,-1.0,-1.0,-1,-1,0.0
21136,-73.98004150390625,40.75910949707031,-73.9838333129883,40.74419021606445,600.66,2840,2840,-1.0,-1.0,-1,-1,0.0
21137,-73.97370910644531,40.757904052734375,-73.99095916748048,40.75592041015625,650.97,2840,2840,-1.0,-1.0,-1,-1,0.0
21138,-73.9975357055664,40.724552154541016,-73.99388122558594,40.732643127441406,390.68,2840,2840,3183.46,3574.14,343.46000000000004,-1.7053025658242404e-13,0.9999999999999996
21139,-73.99102020263672,40.74905776977539,-74.0008316040039,40.72087097167969,730.28,2841,2841,2898.86,3629.14,57.86000000000013,-2.2737367544323206e-13,0.9999999999999997
21140,-73.98146057128906,40.768379211425774,-73.99411010742188,40.76150894165039,457.47,2841,2841,-1.0,-1.0,-1,-1,0.0
21141,-73.95887756347656,40.77183532714844,-73.98321533203125,40.78168869018555,660.64,2841,2841,2865.82,3602.43,24.820000000000164,75.96999999999969,1.1149945507386771
21142,-73.99356079101562,40.75233840942383,-74.0024185180664,40.75017166137695,286.54,2841,2841,-1.0,-1.0,-1,-1,0.0
21143,-73.96309661865234,40.77511596679688,-73.95296478271484,40.807762145996094,685.97,2841,2841,-1.0,-1.0,-1,-1,0.0
21144,-73.9559555053711,40.76405715942383,-73.9985122680664,40.7381591796875,1011.68,2842,2842,2857.42,3869.1,15.420000000000073,-1.1368683772161603e-13,0.9999999999999999
21145,-73.95122528076173,40.77446746826172,-73.96231842041014,40.77897644042969,372.32,2842,2842,2891.46,3263.78,49.460000000000036,1.7053025658242404e-13,1.0000000000000004
21146,-74.0079116821289,40.711830139160156,-73.9825210571289,40.754051208496094,960.16,2842,2842,3017.59,3977.75,175.59000000000015,-1.1368683772161603e-13,0.9999999999999999
21147,-74.00548553466798,40.71539688110352,-74.01494598388672,40.718162536621094,324.22,2842,2842,-1.0,-1.0,-1,-1,0.0
21148,-73.99400329589844,40.72663116455078,-73.98358154296875,40.72990036010742,272.48,2842,2842,2882.91,3176.0,40.909999999999854,20.610000000000127,1.075638578978274
21149,-74.0088348388672,40.718997955322266,-73.98672485351562,40.72232437133789,769.13,2842,2842,2942.5,3711.63,100.5,1.1368683772161603e-13,1.0000000000000002
21150,-73.99275970458984,40.74294662475585,-73.98155975341797,40.76435852050781,639.8,2843,2843,2852.04,3491.84,9.039999999999964,2.2737367544323206e-13,1.0000000000000004
21151,-73.97569274902342,40.759780883789055,-73.97786712646483,40.75386047363281,230.46,2843,2843,-1.0,-1.0,-1,-1,0.0
21152,-74.01407623291014,40.71672058105469,-74.00418853759766,40.7475471496582,466.56,2843,2843,2875.88,3342.44,32.88000000000011,-5.684341886080802e-14,0.9999999999999999
21153,-73.9579849243164,40.7791862487793,-73.97427368164062,40.76268768310547,610.87,2843,2843,2880.04,3536.5,37.039999999999964,45.59000000000003,1.0746312636076416
21154,-73.97631072998048,40.73973846435547,-73.97831726074219,40.751319885253906,417.02,2843,2843,2863.31,3280.33,20.309999999999945,0.0,1.0
21155,-73.99076080322266,40.74113464355469,-74.00692749023438,40.74654006958008,511.6,2843,2843,2857.42,3369.02,14.420000000000073,-1.1368683772161603e-13,0.9999999999999998
21156,-73.97866821289062,40.75328826904297,-73.9637680053711,40.774410247802734,486.39,2843,2843,-1.0,-1.0,-1,-1,0.0
21157,-74.01544952392578,40.71550369262695,-74.01702880859375,40.70553207397461,256.34,2843,2843,-1.0,-1.0,-1,-1,0.0
21158,-73.9574203491211,40.78013229370117,-73.96339416503906,40.77165222167969,199.21,2843,2843,2901.69,3100.9,58.690000000000055,2.842170943040401e-14,1.0000000000000002
21159,-73.97430419921875,40.7618408203125,-73.97154998779298,40.76608657836913,274.34,2843,2843,2879.1099999999997,3153.45,36.10999999999967,1.7053025658242404e-13,1.0000000000000007
21160,-73.97918701171875,40.734859466552734,-73.99773406982422,40.71699142456055,768.04,2843,2843,2855.5499999999997,3663.7999999999993,12.549999999999727,40.20999999999958,1.0523540440602046
21161,-73.98987579345702,40.72970962524415,-73.9945297241211,40.71707534790039,426.4,2844,2844,3127.33,3553.73,283.3299999999999,1.1368683772161603e-13,1.0000000000000002
21162,-73.96636962890625,40.76775741577149,-73.96199035644531,40.75886154174805,425.8,2844,2844,2881.75,3388.12,37.75,80.56999999999988,1.1892202912165333
21163,-73.97942352294923,40.76638793945313,-73.95470428466798,40.76549530029297,782.31,2844,2844,-1.0,-1.0,-1,-1,0.0
21164,-74.01668548583984,40.70829772949219,-74.00323486328125,40.73435974121094,655.0,2844,2844,-1.0,-1.0,-1,-1,0.0
21165,-73.99240112304686,40.75893020629883,-73.987548828125,40.74499893188477,567.89,2844,2844,-1.0,-1.0,-1,-1,0.0
21166,-73.9767837524414,40.74382019042969,-73.98674774169923,40.75141143798828,515.93,2844,2844,2915.46,3431.39,71.46000000000004,-1.1368683772161603e-13,0.9999999999999998
21167,-73.9811248779297,40.75309753417969,-73.98872375488281,40.7459373474121,225.97,2844,2844,-1.0,-1.0,-1,-1,0.0
21168,-73.97332000732422,40.76387405395508,-73.9605941772461,40.7755012512207,392.64,2844,2844,-1.0,-1.0,-1,-1,0.0
21169,-73.97286987304686,40.74837112426758,-73.9514923095703,40.77875900268555,654.05,2845,2845,2881.66,3535.71,36.659999999999854,2.2737367544323206e-13,1.0000000000000004
21170,-74.00565338134766,40.725601196289055,-74.00163269042969,40.733665466308594,236.58,2845,2845,-1.0,-1.0,-1,-1,0.0
21171,-73.96790313720702,40.75383758544922,-73.99762725830078,40.725772857666016,804.5,2845,2845,2992.17,3796.67,147.17000000000007,0.0,1.0
21172,-73.98912048339844,40.72151184082031,-73.97713470458984,40.74719619750977,587.95,2845,2845,3158.5,3746.4500000000003,313.5,2.2737367544323206e-13,1.0000000000000004
21173,-73.96943664550781,40.74920654296875,-73.96855163574219,40.76457977294922,563.27,2845,2845,-1.0,-1.0,-1,-1,0.0
21174,-73.99031066894531,40.75627899169922,-73.95118713378906,40.785499572753906,1050.24,2845,2845,-1.0,-1.0,-1,-1,0.0
21175,-73.99810791015625,40.72602081298828,-73.98944091796875,40.74142837524415,486.05,2845,2845,2901.55,3387.6,56.55000000000018,-2.8421709430404007e-13,0.9999999999999994
21176,-73.95764923095702,40.77038955688477,-73.96446228027344,40.759368896484375,336.76,2845,2845,2897.3,3234.06,52.30000000000018,-2.2737367544323206e-13,0.9999999999999993
21177,-74.01496124267578,40.714298248291016,-73.9992904663086,40.723243713378906,551.36,2845,2845,-1.0,-1.0,-1,-1,0.0
21178,-73.96331787109375,40.77756881713867,-73.98200225830078,40.77054977416992,505.2,2845,2845,2885.62,3451.28,40.61999999999989,60.46000000000032,1.1196753760886784
21179,-73.99708557128906,40.72512435913085,-74.00223541259766,40.72028350830078,217.17,2845,2845,2904.3,3121.4700000000003,59.30000000000018,8.526512829121202e-14,1.0000000000000004
21180,-74.0077896118164,40.70491409301758,-73.97966766357422,40.7247428894043,594.75,2846,2846,3320.54,3915.29,474.53999999999996,0.0,1.0
21181,-74.00700378417969,40.70743179321289,-73.97147369384766,40.76478958129883,1317.34,2846,2846,3010.29,4327.63,164.28999999999996,2.2737367544323206e-13,1.0000000000000002
21182,-73.96379852294923,40.76523971557617,-73.95584106445312,40.7763900756836,199.9,2846,2846,2881.94,3081.84,35.940000000000055,8.526512829121202e-14,1.0000000000000004
21183,-73.99034881591797,40.77161026000977,-73.96546936035155,40.76362991333008,745.21,2846,2846,-1.0,-1.0,-1,-1,0.0
21184,-74.00418853759766,40.75828170776367,-74.00460052490234,40.742351531982415,350.59,2846,2846,2907.16,3257.75,61.159999999999854,1.7053025658242404e-13,1.0000000000000004
21185,-73.95574951171875,40.77928924560547,-73.96353149414062,40.77453231811523,280.22,2846,2846,2852.32,3132.54,6.320000000000164,-2.2737367544323206e-13,0.9999999999999992
21186,-73.99810028076173,40.745811462402344,-73.98683166503906,40.76126098632813,434.28,2846,2846,2877.68,3311.96,31.679999999999836,2.2737367544323206e-13,1.0000000000000004
21187,-74.00559234619139,40.745750427246094,-73.99117279052734,40.73981857299805,383.88,2846,2846,-1.0,-1.0,-1,-1,0.0
21188,-73.98303985595702,40.7494010925293,-73.98388671875,40.73019790649415,592.03,2847,2847,2853.01,3489.08,6.010000000000218,44.039999999999736,1.0743881222235356
21189,-73.99958801269531,40.71170043945313,-73.97547912597656,40.74105072021485,603.88,2847,2847,3330.84,3934.7200000000003,483.84000000000015,1.1368683772161603e-13,1.0000000000000002
21190,-73.97960662841797,40.76631164550781,-73.96267700195312,40.772911071777344,551.89,2847,2847,-1.0,-1.0,-1,-1,0.0
21191,-73.9789505004883,40.76259994506836,-73.98368835449219,40.72602081298828,1147.88,2847,2847,-1.0,-1.0,-1,-1,0.0
21192,-74.00690460205078,40.741600036621094,-73.99266815185547,40.75669860839844,455.16,2847,2847,2884.25,3339.41,37.25,-1.7053025658242404e-13,0.9999999999999997
21193,-73.97940063476562,40.76612091064453,-73.96073150634766,40.7591667175293,652.71,2847,2847,-1.0,-1.0,-1,-1,0.0
21194,-73.97943115234375,40.749412536621094,-73.98821258544923,40.732154846191406,457.57,2848,2848,-1.0,-1.0,-1,-1,0.0
21195,-73.98098754882812,40.77449035644531,-73.9765625,40.79067993164063,422.12,2848,2848,2867.54,3381.18,19.539999999999964,91.51999999999987,1.2168103856723202
21196,-73.97020721435547,40.76457977294922,-73.9821014404297,40.77465057373047,401.92,2848,2848,2869.42,3271.34,21.420000000000073,5.684341886080802e-14,1.0000000000000002
21197,-73.98492431640625,40.7540283203125,-73.99229431152342,40.76411056518555,415.35,2848,2848,2902.38,3317.73,54.38000000000011,-1.1368683772161603e-13,0.9999999999999998
21198,-74.01557159423827,40.71586608886719,-74.00977325439453,40.71040344238281,390.55,2848,2848,-1.0,-1.0,-1,-1,0.0
21199,-73.98468017578125,40.7425537109375,-73.95025634765625,40.78401184082031,1018.34,2848,2848,-1.0,-1.0,-1,-1,0.0
21200,-73.9959716796875,40.74369812011719,-73.98194885253906,40.73017501831055,641.73,2849,2849,2896.33,3538.06,47.32999999999993,0.0,1.0
21201,-73.96021270751955,40.77315139770508,-73.98786926269531,40.76490020751953,753.75,2849,2849,2906.27,3660.02,57.26999999999998,0.0,1.0
21202,-73.99446868896483,40.740478515625,-73.94998168945312,40.78529739379883,1306.87,2849,2849,2888.15,4246.2,39.15000000000009,51.179999999999836,1.039162273217688
21203,-73.98973846435547,40.73411178588867,-73.9896469116211,40.75168991088867,644.29,2849,2849,3045.42,3689.71,196.42000000000007,0.0,1.0
21204,-73.96929931640625,40.760780334472656,-73.99205780029298,40.74897003173828,804.24,2849,2849,-1.0,-1.0,-1,-1,0.0
21205,-73.99502563476562,40.75039291381836,-73.99851989746094,40.74285888671875,378.77,2849,2849,2908.77,3287.54,59.76999999999998,0.0,1.0
21206,-73.98876190185547,40.76994705200195,-73.99226379394531,40.72497177124024,1410.29,2849,2849,-1.0,-1.0,-1,-1,0.0
21207,-74.01580047607422,40.71538543701172,-73.98878479003906,40.75922775268555,969.48,2850,2850,-1.0,-1.0,-1,-1,0.0
21208,-73.9407958984375,40.79296875,-73.95119476318358,40.78868865966797,297.6,2850,2850,2959.18,3256.78,109.17999999999984,3.410605131648481e-13,1.000000000000001
21209,-73.98326873779298,40.73872756958008,-73.99285888671875,40.7332420349121,333.17,2850,2850,2897.99,3294.4,47.98999999999978,63.24000000000029,1.189813008374104
21210,-73.97323608398438,40.755367279052734,-73.98170471191406,40.73089218139648,592.33,2850,2850,2866.92,3459.25,16.920000000000073,-1.1368683772161603e-13,0.9999999999999998
21211,-73.95025634765625,40.82710647583008,-73.93592071533203,40.85198211669922,456.55,2850,2850,3236.5,3693.05,386.5,1.7053025658242404e-13,1.0000000000000004
21212,-73.98222351074219,40.777381896972656,-73.98568725585938,40.76810073852539,213.51,2850,2850,2904.37,3117.88,54.36999999999989,2.2737367544323206e-13,1.000000000000001
21213,-73.97265625,40.75010299682617,-73.9871826171875,40.74264144897461,441.63,2851,2851,2890.78,3358.65,39.7800000000002,26.239999999999895,1.0594162534248124
21214,-73.99221801757811,40.74956893920898,-73.97884368896483,40.74095153808594,542.33,2851,2851,-1.0,-1.0,-1,-1,0.0
21215,-73.96340942382812,40.772457122802734,-73.97230529785155,40.76521301269531,326.76,2851,2851,-1.0,-1.0,-1,-1,0.0
21216,-74.01464080810547,40.71357727050781,-73.9891586303711,40.76028442382813,948.64,2851,2851,2947.88,3896.52,96.88000000000011,-1.1368683772161603e-13,0.9999999999999999
21217,-73.9803009033203,40.765419006347656,-73.9822998046875,40.77701187133789,379.53,2852,2852,-1.0,-1.0,-1,-1,0.0
21218,-73.97620391845702,40.7630271911621,-73.95565795898438,40.7727165222168,667.33,2852,2852,-1.0,-1.0,-1,-1,0.0
21219,-73.98473358154298,40.78004837036133,-73.96984100341797,40.79719924926758,399.29,2852,2852,2938.96,3338.25,86.96000000000004,-5.684341886080802e-14,0.9999999999999999
21220,-73.96308898925781,40.75849533081055,-73.97511291503906,40.75334167480469,465.42,2852,2852,-1.0,-1.0,-1,-1,0.0
21221,-74.00611114501955,40.73488998413085,-73.98719787597656,40.75056076049805,544.37,2852,2852,2983.63,3528.0,131.6300000000001,-1.1368683772161603e-13,0.9999999999999998
21222,-73.994140625,40.74119186401367,-74.00104522705078,40.74645614624024,269.33,2852,2852,-1.0,-1.0,-1,-1,0.0
21223,-73.97811126708984,40.7556037902832,-73.96382141113281,40.77413558959961,434.02,2852,2852,2887.7599999999998,3321.78,35.75999999999976,4.547473508864641e-13,1.000000000000001
21224,-73.98912048339844,40.74533081054688,-73.95062255859375,40.771217346191406,1036.34,2852,2852,2906.47,3942.81,54.4699999999998,2.2737367544323206e-13,1.0000000000000002
21225,-74.01490783691406,40.709510803222656,-74.0074462890625,40.74115753173828,619.5,2852,2852,-1.0,-1.0,-1,-1,0.0
21226,-73.9832763671875,40.76601028442383,-73.95204162597656,40.79011154174805,807.31,2852,2852,-1.0,-1.0,-1,-1,0.0
21227,-73.9753646850586,40.765003204345696,-73.98287200927734,40.7614860534668,274.05,2853,2853,-1.0,-1.0,-1,-1,0.0
21228,-73.97476196289062,40.74197006225585,-73.95854187011719,40.760101318359375,396.77,2853,2853,2894.23,3324.2400000000002,41.23000000000002,33.24000000000024,1.0837764951987303
21229,-73.95698547363281,40.78041458129883,-73.96343994140625,40.76877212524415,314.28,2853,2853,-1.0,-1.0,-1,-1,0.0
21230,-73.95998382568358,40.770416259765625,-73.97156524658203,40.7568359375,464.75,2853,2853,-1.0,-1.0,-1,-1,0.0
21231,-73.98110961914062,40.76476287841797,-73.97195434570312,40.762855529785156,276.28,2853,2853,-1.0,-1.0,-1,-1,0.0
21232,-73.98571014404298,40.76784896850585,-73.9944076538086,40.76086044311523,348.19,2853,2853,-1.0,-1.0,-1,-1,0.0
21233,-73.994873046875,40.75039291381836,-74.0125732421875,40.71699142456055,842.66,2853,2853,-1.0,-1.0,-1,-1,0.0
21234,-73.9950180053711,40.72307205200195,-74.01398468017578,40.70953369140625,822.85,2854,2854,2880.0,3702.85,26.0,-1.1368683772161603e-13,0.9999999999999999
21235,-73.97844696044923,40.74828720092773,-73.98845672607422,40.72407913208008,612.67,2854,2854,2894.7200000000003,3517.69,40.720000000000255,10.29999999999984,1.016811660437103
21236,-73.99349975585938,40.74726104736328,-74.00656890869139,40.73743057250977,423.99,2854,2854,-1.0,-1.0,-1,-1,0.0
21237,-73.98743438720702,40.75917434692383,-73.99231719970702,40.750015258789055,391.12,2854,2854,-1.0,-1.0,-1,-1,0.0
21238,-73.99066162109375,40.756046295166016,-74.00566101074219,40.72571563720703,780.18,2854,2854,-1.0,-1.0,-1,-1,0.0
21239,-73.95990753173827,40.77036666870117,-73.97210693359375,40.756851196289055,464.75,2854,2854,2883.46,3348.21,29.460000000000036,0.0,1.0
21240,-73.9774169921875,40.75026321411133,-73.99187469482422,40.75427627563477,559.96,2854,2854,-1.0,-1.0,-1,-1,0.0
21241,-73.9820327758789,40.773601531982415,-73.9826431274414,40.7849235534668,335.11,2854,2854,2900.91,3241.28,46.909999999999854,5.260000000000332,1.0156963385157123
21242,-73.98136901855469,40.768741607666016,-73.96914672851562,40.79779052734375,605.89,2855,2855,-1.0,-1.0,-1,-1,0.0
21243,-74.00718688964845,40.72877502441406,-74.00774383544923,40.75154495239258,434.21,2855,2855,-1.0,-1.0,-1,-1,0.0
21244,-73.98724365234375,40.75358963012695,-74.00686645507811,40.71979141235352,762.8,2855,2855,-1.0,-1.0,-1,-1,0.0
21245,-73.9842071533203,40.737606048583984,-73.99716186523438,40.72903060913085,438.17,2855,2855,-1.0,-1.0,-1,-1,0.0
21246,-73.95670318603516,40.777931213378906,-73.96379852294923,40.765602111816406,363.82,2856,2856,2880.0,3243.82,24.0,1.7053025658242404e-13,1.0000000000000004
21247,-73.97277069091797,40.74932861328125,-73.98126220703125,40.737571716308594,214.5,2857,2857,2900.91,3115.41,43.909999999999854,0.0,1.0
21248,-73.98002624511719,40.78363800048828,-73.97032928466798,40.78483963012695,254.84,2857,2857,-1.0,-1.0,-1,-1,0.0
21249,-73.99303436279298,40.72015380859375,-73.99958801269531,40.71202087402344,275.73,2857,2857,2996.62,3272.35,139.6199999999999,0.0,1.0
21250,-73.96629333496094,40.7648811340332,-73.97835540771484,40.75018310546875,504.97,2857,2857,-1.0,-1.0,-1,-1,0.0
21251,-73.998779296875,40.73320388793945,-73.98639678955078,40.762073516845696,902.52,2857,2857,2956.91,3859.43,99.90999999999985,0.0,1.0
21252,-73.9486083984375,40.78205871582031,-73.98135375976562,40.77410125732422,750.57,2857,2857,2996.66,3747.23,139.65999999999985,1.1368683772161603e-13,1.0000000000000002
21253,-74.00273895263672,40.73945999145508,-73.99018096923827,40.75690078735352,474.6,2858,2858,-1.0,-1.0,-1,-1,0.0
21254,-73.99101257324219,40.75592041015625,-73.99855041503906,40.76408004760742,384.96,2858,2858,-1.0,-1.0,-1,-1,0.0
21255,-73.97691345214844,40.75046157836913,-73.95081329345702,40.78081893920898,795.1,2858,2858,-1.0,-1.0,-1,-1,0.0
21256,-73.97386932373048,40.751373291015625,-73.98980712890625,40.71430587768555,934.88,2858,2858,-1.0,-1.0,-1,-1,0.0
21257,-74.0030288696289,40.723411560058594,-73.99239349365234,40.74348068237305,454.36,2858,2858,3148.7799999999997,3603.14,290.77999999999975,1.1368683772161603e-13,1.0000000000000002
21258,-73.951171875,40.7705192565918,-73.974853515625,40.78300094604492,587.87,2858,2858,2908.66,3496.5299999999997,50.659999999999854,-1.1368683772161603e-13,0.9999999999999998
21259,-73.98991394042969,40.741981506347656,-73.97737884521484,40.766563415527344,769.26,2858,2858,-1.0,-1.0,-1,-1,0.0
21260,-73.95075988769531,40.77941131591797,-73.991943359375,40.74962615966797,1380.52,2858,2858,2882.54,4344.9,24.539999999999964,81.83999999999969,1.0592820096775126
21261,-73.97236633300781,40.76327896118164,-73.95513916015625,40.80437088012695,890.45,2859,2859,-1.0,-1.0,-1,-1,0.0
21262,-73.97924041748048,40.776851654052734,-74.00672912597656,40.719871520996094,1304.48,2859,2859,-1.0,-1.0,-1,-1,0.0
21263,-73.95217895507811,40.76913070678711,-73.96478271484375,40.76006317138672,436.22,2859,2859,3060.57,3496.79,201.57000000000016,-2.2737367544323206e-13,0.9999999999999994
21264,-73.94764709472656,40.77106094360352,-73.9344253540039,40.79393768310547,477.88,2859,2859,2901.86,3424.83,42.86000000000013,45.089999999999804,1.0943542311877454
21265,-73.97081756591797,40.78834533691406,-73.98099517822266,40.74504852294922,1247.51,2859,2859,2932.2,4179.71,73.19999999999982,2.2737367544323206e-13,1.0000000000000002
21266,-73.98174285888672,40.76832580566406,-73.9667739868164,40.80088806152344,659.04,2859,2859,-1.0,-1.0,-1,-1,0.0
21267,-73.98652648925781,40.766845703125,-73.93832397460938,40.850746154785156,1012.94,2859,2859,-1.0,-1.0,-1,-1,0.0
21268,-73.95345306396483,40.80713653564453,-73.95210266113281,40.7928581237793,388.21,2859,2859,3029.45,3417.66,170.44999999999982,5.684341886080802e-14,1.0000000000000002
21269,-73.96121978759766,40.80162048339844,-73.98684692382812,40.76611328125,675.66,2860,2860,3007.92,3683.5800000000004,147.92000000000007,3.410605131648481e-13,1.0000000000000004
21270,-73.98165893554686,40.77389144897461,-73.99237060546875,40.753868103027344,642.18,2860,2860,-1.0,-1.0,-1,-1,0.0
21271,-73.97921752929686,40.76208877563477,-73.96692657470702,40.7724609375,385.84,2860,2860,-1.0,-1.0,-1,-1,0.0
21272,-73.982421875,40.75930404663085,-73.9963150024414,40.76499938964844,452.12,2860,2860,2989.95,3442.07,129.94999999999982,3.410605131648481e-13,1.0000000000000007
21273,-73.98081970214844,40.77816009521485,-73.98653411865234,40.77553176879883,189.67,2860,2860,-1.0,-1.0,-1,-1,0.0
21274,-73.96763610839844,40.762840270996094,-73.97518920898438,40.7869529724121,746.45,2860,2860,-1.0,-1.0,-1,-1,0.0
21275,-73.98638916015625,40.76820373535156,-73.9887161254883,40.75851440429688,356.28,2860,2860,-1.0,-1.0,-1,-1,0.0
21276,-73.99063873291014,40.734718322753906,-73.98451232910156,40.73194122314453,199.79,2860,2860,2895.88,3095.67,35.88000000000011,-2.842170943040401e-14,0.9999999999999999
21277,-73.99102783203125,40.74965286254883,-73.99518585205078,40.72732543945313,624.2,2860,2860,-1.0,-1.0,-1,-1,0.0
21278,-73.99713134765625,40.737571716308594,-74.01122283935547,40.72540664672852,477.53,2860,2860,-1.0,-1.0,-1,-1,0.0
21279,-74.00720977783203,40.71142959594727,-73.98381042480467,40.7432861328125,939.2,2861,2861,-1.0,-1.0,-1,-1,0.0
21280,-73.9940185546875,40.74669647216797,-73.99687194824219,40.76026153564453,460.34,2861,2861,-1.0,-1.0,-1,-1,0.0
21281,-73.97603607177734,40.7490119934082,-73.98750305175781,40.74442672729492,395.91,2861,2861,-1.0,-1.0,-1,-1,0.0
21282,-73.9407730102539,40.79742431640625,-73.94818115234375,40.77854537963867,386.43,2861,2861,3764.71,4151.14,903.71,2.8421709430404007e-13,1.0000000000000007
21283,-74.00514221191406,40.727149963378906,-73.97979736328125,40.72272872924805,775.71,2861,2861,2895.27,3726.52,34.26999999999998,55.539999999999964,1.0715989222776552
21284,-73.97576904296875,40.77639389038085,-74.00811767578125,40.73860931396485,1128.99,2861,2861,-1.0,-1.0,-1,-1,0.0
21285,-74.00285339355469,40.74478149414063,-74.00798797607422,40.71637725830078,649.12,2861,2861,-1.0,-1.0,-1,-1,0.0
21286,-73.98833465576173,40.75936508178711,-74.00806427001955,40.73945999145508,693.52,2861,2861,-1.0,-1.0,-1,-1,0.0
21287,-73.97252655029298,40.7899284362793,-73.98223876953125,40.76897811889648,491.05,2861,2861,3155.25,3646.3,294.25,1.7053025658242404e-13,1.0000000000000004
21288,-73.98214721679686,40.776512145996094,-73.97965240478516,40.76555252075195,335.1,2861,2861,-1.0,-1.0,-1,-1,0.0
21289,-73.9823989868164,40.77166748046875,-73.95925903320312,40.77493286132813,702.57,2861,2861,-1.0,-1.0,-1,-1,0.0
21290,-73.97376251220702,40.760345458984375,-73.97842407226562,40.72895050048828,932.62,2861,2861,-1.0,-1.0,-1,-1,0.0
21291,-73.96854400634766,40.750633239746094,-73.96719360351562,40.79355239868164,1057.06,2861,2861,2886.97,3961.19,25.9699999999998,17.16000000000031,1.0162337048038903
21292,-73.99365997314453,40.7361717224121,-74.00486755371094,40.72574234008789,398.86,2861,2861,2907.96,3306.82,46.960000000000036,1.1368683772161603e-13,1.0000000000000002
21293,-73.98298645019531,40.77177047729492,-73.97824096679686,40.78585815429688,394.02,2862,2862,2963.58,3357.6,101.57999999999993,0.0,1.0
21294,-73.96584320068358,40.80556869506836,-73.96321868896483,40.79845809936523,239.05,2862,2862,3064.07,3303.12,202.07000000000016,-2.8421709430404007e-13,0.9999999999999988
21295,-73.97201538085938,40.76227569580078,-73.994873046875,40.75416946411133,782.94,2862,2862,-1.0,-1.0,-1,-1,0.0
21296,-73.97759246826173,40.75403213500977,-73.99304962158203,40.76272583007813,610.24,2862,2862,2921.15,3531.39,59.15000000000009,-2.2737367544323206e-13,0.9999999999999997
21297,-74.0076675415039,40.751628875732415,-73.99231719970702,40.7563591003418,423.11,2862,2862,2899.42,3322.5299999999997,37.42000000000007,-3.410605131648481e-13,0.9999999999999992
21298,-73.98405456542969,40.74347305297852,-73.96752166748048,40.75597381591797,567.58,2862,2862,-1.0,-1.0,-1,-1,0.0
21299,-73.99211120605469,40.737789154052734,-74.00029754638672,40.72769546508789,364.5,2862,2862,-1.0,-1.0,-1,-1,0.0
21300,-74.00121307373048,40.75686645507813,-73.9861068725586,40.75909805297852,528.35,2862,2862,2961.37,3489.72,99.36999999999989,-1.1368683772161603e-13,0.9999999999999998
21301,-74.0146484375,40.704795837402344,-74.00547790527344,40.72003173828125,561.44,2862,2862,-1.0,-1.0,-1,-1,0.0
21302,-73.98561096191406,40.74098205566406,-73.9971160888672,40.7445182800293,297.2,2862,2862,-1.0,-1.0,-1,-1,0.0
21303,-74.00161743164062,40.74096298217773,-73.98876190185547,40.74370193481445,356.25,2863,2863,-1.0,-1.0,-1,-1,0.0
21304,-73.96736907958984,40.77175521850585,-73.98794555664062,40.74407577514648,751.11,2863,2863,2907.17,3658.28,44.17000000000007,1.1368683772161603e-13,1.0000000000000002
21305,-73.95288848876955,40.77203369140625,-73.9647445678711,40.75345230102539,546.23,2863,2863,2967.83,3514.06,104.82999999999993,0.0,1.0
21306,-73.97079467773438,40.751712799072266,-73.9875717163086,40.73606872558594,451.04,2863,2863,-1.0,-1.0,-1,-1,0.0
21307,-73.97077178955078,40.75419235229492,-73.99411010742188,40.73531723022461,709.12,2863,2863,2987.21,3696.33,124.21000000000004,-1.1368683772161603e-13,0.9999999999999999
21308,-74.0059585571289,40.74533081054688,-73.99376678466798,40.74211120605469,321.17,2864,2864,-1.0,-1.0,-1,-1,0.0
21309,-73.97637939453125,40.788516998291016,-74.0084457397461,40.723308563232415,1294.36,2864,2864,2894.98,4189.339999999999,30.980000000000018,-6.821210263296962e-13,0.9999999999999994
21310,-73.9668426513672,40.78875350952149,-73.9671859741211,40.75667572021485,1007.69,2864,2864,2995.7,4003.39,131.69999999999982,0.0,1.0
21311,-73.99931335449219,40.73989868164063,-74.00202178955078,40.728191375732415,331.17,2864,2864,-1.0,-1.0,-1,-1,0.0
21312,-73.98605346679686,40.762794494628906,-73.94615936279298,40.78059005737305,999.97,2864,2864,-1.0,-1.0,-1,-1,0.0
21313,-73.98939514160156,40.74413299560547,-74.00143432617188,40.73947143554688,363.67,2864,2864,-1.0,-1.0,-1,-1,0.0
21314,-74.0137710571289,40.714031219482415,-73.94831085205078,40.776309967041016,1401.14,2864,2864,-1.0,-1.0,-1,-1,0.0
21315,-73.9776840209961,40.77898406982422,-73.98078155517578,40.764347076416016,447.72,2864,2864,2921.0099999999998,3386.5099999999998,57.00999999999976,17.779999999999973,1.039712320200125
21316,-73.98117828369139,40.76559829711913,-73.99620056152342,40.72610855102539,1183.52,2865,2865,-1.0,-1.0,-1,-1,0.0
21317,-73.95441436767578,40.7641487121582,-73.95816040039062,40.772911071777344,364.69,2865,2865,-1.0,-1.0,-1,-1,0.0
21318,-73.97457885742188,40.7624397277832,-73.9574966430664,40.77012634277344,522.51,2865,2865,-1.0,-1.0,-1,-1,0.0
21319,-73.96097564697266,40.77513885498047,-73.95298767089844,40.77663040161133,235.41,2865,2865,-1.0,-1.0,-1,-1,0.0
21320,-73.97716522216798,40.76393127441406,-74.00992584228516,40.733970642089844,1114.49,2865,2865,2886.14,4077.81,21.139999999999873,77.18000000000006,1.069251406472916
21321,-73.95059204101562,40.76906204223633,-73.95343780517578,40.77584838867188,224.08,2866,2866,3005.42,3229.5,139.42000000000007,-8.526512829121202e-14,0.9999999999999997
21322,-73.96925354003906,40.757850646972656,-74.00367736816406,40.713645935058594,1350.62,2866,2866,2911.55,4298.03,45.55000000000018,35.85999999999967,1.026550769276332
21323,-73.96034240722656,40.78139877319336,-73.95635223388672,40.77409744262695,276.62,2866,2866,3031.68,3308.3,165.67999999999984,3.410605131648481e-13,1.0000000000000013
21324,-73.98101806640625,40.77447891235352,-73.96826171875,40.8023796081543,573.05,2866,2866,-1.0,-1.0,-1,-1,0.0
21325,-73.99430847167969,40.75094985961913,-73.9963150024414,40.75994110107422,308.96,2866,2866,-1.0,-1.0,-1,-1,0.0
21326,-73.96043395996094,40.76974868774415,-73.9730453491211,40.78544616699219,526.91,2866,2866,2904.92,3466.71,38.92000000000007,34.879999999999995,1.0661972632897458
21327,-73.950439453125,40.82140350341797,-73.94988250732422,40.79604721069336,674.64,2866,2866,3094.32,3768.96,228.32000000000016,-1.1368683772161603e-13,0.9999999999999998
21328,-74.01038360595702,40.709083557128906,-74.0033950805664,40.717628479003906,338.41,2866,2866,2916.29,3254.7,50.289999999999964,-1.7053025658242404e-13,0.9999999999999994
21329,-73.98186492919923,40.76914596557617,-73.98606872558594,40.73107528686523,1178.56,2867,2867,-1.0,-1.0,-1,-1,0.0
21330,-73.9969253540039,40.75265884399415,-73.99528503417969,40.721981048583984,1014.77,2867,2867,2950.54,3971.7999999999997,83.53999999999996,6.489999999999782,1.0063955379051408
21331,-73.98289489746094,40.76313018798828,-74.00453186035155,40.7226676940918,1068.69,2867,2867,-1.0,-1.0,-1,-1,0.0
21332,-73.99198150634766,40.739967346191406,-73.98430633544923,40.76311111450195,783.4,2867,2867,-1.0,-1.0,-1,-1,0.0
21333,-73.95040893554686,40.771446228027344,-73.97064208984375,40.75809097290039,671.44,2867,2867,2919.66,3591.1,52.659999999999854,0.0,1.0
21334,-73.96420288085938,40.75728225708008,-73.95777130126955,40.77377700805664,374.69,2867,2867,2975.62,3350.31,108.61999999999989,5.684341886080802e-14,1.0000000000000002
21335,-73.99160766601562,40.73977661132813,-73.99549865722656,40.74946975708008,390.5,2867,2867,-1.0,-1.0,-1,-1,0.0
21336,-74.01021575927734,40.72007369995117,-73.98590850830078,40.72307205200195,848.39,2867,2867,-1.0,-1.0,-1,-1,0.0
21337,-73.98558807373048,40.76934051513672,-73.94013977050781,40.84120178222656,1003.65,2867,2867,-1.0,-1.0,-1,-1,0.0
21338,-73.95697021484375,40.770591735839844,-73.96542358398438,40.766277313232415,291.62,2868,2868,2901.46,3211.74,33.460000000000036,18.65999999999974,1.063987380838076
21339,-73.9703598022461,40.78390121459961,-73.95694732666014,40.77494812011719,408.17,2868,2868,-1.0,-1.0,-1,-1,0.0
21340,-73.98866271972656,40.722694396972656,-73.9941864013672,40.72024536132813,238.91,2868,2868,2880.0,3118.91,12.0,-1.4210854715202004e-13,0.9999999999999994
21341,-73.97178649902342,40.7604866027832,-73.98280334472656,40.73955154418945,569.92,2868,2868,-1.0,-1.0,-1,-1,0.0
21342,-73.98580932617188,40.76781463623047,-73.98603820800781,40.74245071411133,895.6,2868,2868,2886.94,3858.7500000000005,18.940000000000055,76.21000000000038,1.0850937918713717
21343,-74.00511932373048,40.74831008911133,-74.01494598388672,40.71419525146485,644.43,2868,2868,2883.39,3612.18,15.389999999999873,84.36000000000001,1.1309063823844328
21344,-73.97884368896483,40.750267028808594,-73.99085235595702,40.73906326293945,398.66,2868,2868,-1.0,-1.0,-1,-1,0.0
21345,-74.00203704833984,40.74028015136719,-74.00462341308595,40.74620056152344,204.4,2868,2868,2911.23,3115.63,43.23000000000002,8.526512829121202e-14,1.0000000000000004
21346,-74.00736999511719,40.70497131347656,-73.9886016845703,40.75881958007813,1309.4,2869,2869,-1.0,-1.0,-1,-1,0.0
21347,-73.96466064453125,40.76408004760742,-73.9522933959961,40.76962661743164,345.62,2869,2869,2895.25,3303.24,26.25,62.36999999999978,1.1804583068109478
21348,-73.97785186767578,40.74809265136719,-73.9710464477539,40.75867462158203,425.92,2869,2869,-1.0,-1.0,-1,-1,0.0
21349,-73.96314239501955,40.766517639160156,-73.94532775878906,40.779388427734375,420.66,2869,2869,-1.0,-1.0,-1,-1,0.0
21350,-73.9713592529297,40.75775909423828,-73.9888916015625,40.72687911987305,723.99,2869,2869,2906.89,3630.88,37.88999999999987,2.2737367544323206e-13,1.0000000000000002
21351,-73.96992492675781,40.76454162597656,-73.98847961425781,40.71879577636719,1225.02,2869,2869,-1.0,-1.0,-1,-1,0.0
21352,-73.97838592529298,40.752662658691406,-73.97666931152342,40.78032684326172,872.35,2869,2869,2883.49,3755.84,14.489999999999782,3.410605131648481e-13,1.0000000000000004
21353,-74.0054702758789,40.74820327758789,-73.9859619140625,40.74333953857422,457.09,2869,2869,-1.0,-1.0,-1,-1,0.0
21354,-73.99244689941406,40.724475860595696,-73.98121643066406,40.74141311645508,426.9,2869,2869,2981.08,3407.98,112.07999999999993,1.1368683772161603e-13,1.0000000000000002
21355,-73.96611785888672,40.76521682739258,-73.95710754394531,40.76830291748047,282.62,2869,2869,2902.54,3247.86,33.539999999999964,62.70000000000016,1.2218526643549648
21356,-73.95897674560547,40.76405334472656,-73.99386596679686,40.7566032409668,1080.79,2869,2869,2967.63,4048.42,98.63000000000011,0.0,1.0
21357,-73.99930572509766,40.72359848022461,-73.9898452758789,40.756324768066406,1015.96,2869,2869,-1.0,-1.0,-1,-1,0.0
21358,-73.98259735107422,40.76370620727539,-74.00638580322266,40.72050094604492,1082.09,2869,2869,-1.0,-1.0,-1,-1,0.0
21359,-74.00047302246094,40.726261138916016,-74.00154876708984,40.737449645996094,317.54,2870,2870,2922.9399999999987,3240.4799999999987,52.93999999999869,-5.684341886080802e-14,0.9999999999999998
21360,-73.9875259399414,40.76549530029297,-74.00383758544923,40.74207305908203,591.54,2870,2870,2908.53,3500.07,38.5300000000002,0.0,1.0
21361,-74.00494384765625,40.73329162597656,-74.00894927978516,40.739444732666016,332.77,2870,2870,3031.63,3364.4,161.6300000000001,0.0,1.0
21362,-73.99144744873048,40.765281677246094,-73.97464752197266,40.7883186340332,413.86,2870,2870,2906.18,3320.04,36.179999999999836,1.1368683772161603e-13,1.0000000000000002
21363,-74.00274658203125,40.73981094360352,-73.98539733886719,40.73245620727539,523.25,2870,2870,2974.79,3498.04,104.78999999999996,0.0,1.0
21364,-73.9679183959961,40.75556564331055,-73.97176361083984,40.74626159667969,268.42,2870,2870,-1.0,-1.0,-1,-1,0.0
21365,-73.99819946289062,40.72599411010742,-73.98286437988281,40.72283172607422,456.45,2870,2870,2918.87,3375.32,48.86999999999989,2.8421709430404007e-13,1.0000000000000007
21366,-73.9843521118164,40.76452255249024,-73.97725677490234,40.78464889526367,463.39,2871,2871,2906.0,3369.39,35.0,-1.1368683772161603e-13,0.9999999999999998
21367,-73.98751068115234,40.75061798095703,-73.96549224853516,40.75518035888672,896.06,2871,2871,-1.0,-1.0,-1,-1,0.0
21368,-73.9942398071289,40.75106430053711,-73.969970703125,40.75045394897461,798.66,2871,2871,-1.0,-1.0,-1,-1,0.0
21369,-73.98965454101562,40.734092712402344,-73.98223876953125,40.740234375,257.69,2871,2871,3217.29,3474.98,346.28999999999996,5.684341886080802e-14,1.0000000000000002
21370,-73.96256256103516,40.76795959472656,-73.97283172607422,40.764732360839844,397.89,2871,2871,-1.0,-1.0,-1,-1,0.0
21371,-73.98619842529298,40.71809005737305,-73.9798583984375,40.73495864868164,422.07,2871,2871,3050.74,3472.81,179.73999999999978,1.7053025658242404e-13,1.0000000000000004
21372,-73.95333099365234,40.77988815307617,-73.94924926757811,40.807472229003906,627.69,2871,2871,2906.61,3607.48,35.61000000000013,73.17999999999984,1.116586212939508
21373,-73.99622344970702,40.74035263061523,-74.01505279541014,40.70983505249024,842.19,2871,2871,2930.78,3772.97,59.7800000000002,-4.547473508864641e-13,0.9999999999999994
21374,-73.98152160644531,40.77109909057617,-73.9696273803711,40.80018997192383,616.05,2871,2871,-1.0,-1.0,-1,-1,0.0
21375,-73.9784927368164,40.76324081420898,-73.9710922241211,40.76417922973633,234.99,2871,2871,2880.0,3114.99,9.0,-2.2737367544323206e-13,0.999999999999999
21376,-73.9832305908203,40.76125717163085,-73.97879028320312,40.77660751342773,511.29,2872,2872,-1.0,-1.0,-1,-1,0.0
21377,-73.95471954345702,40.76538848876953,-73.98107147216798,40.7550048828125,883.14,2872,2872,2928.79,3811.93,56.789999999999964,-1.1368683772161603e-13,0.9999999999999999
21378,-74.00992584228516,40.72118377685547,-74.0176773071289,40.70821762084961,373.09,2872,2872,-1.0,-1.0,-1,-1,0.0
21379,-73.97907257080078,40.785301208496094,-73.98189544677734,40.773597717285156,318.36,2872,2872,2911.01,3256.58,39.01000000000022,27.209999999999695,1.085469280060308
21380,-74.00055694580078,40.74244689941406,-73.97225952148438,40.75360870361328,835.69,2873,2873,-1.0,-1.0,-1,-1,0.0
21381,-73.96099853515625,40.77517318725585,-73.97679901123048,40.76325607299805,656.13,2873,2873,-1.0,-1.0,-1,-1,0.0
21382,-73.97383880615234,40.756851196289055,-73.96817779541014,40.752479553222656,353.84,2873,2873,-1.0,-1.0,-1,-1,0.0
21383,-73.99413299560547,40.75143051147461,-73.98539733886719,40.75047302246094,358.5,2873,2873,-1.0,-1.0,-1,-1,0.0
21384,-73.98201751708984,40.76832962036133,-73.97359466552734,40.764686584472656,282.78,2874,2874,-1.0,-1.0,-1,-1,0.0
21385,-74.00819396972656,40.72161865234375,-74.00508880615234,40.752197265625,577.2,2874,2874,2890.38,3467.58,16.38000000000011,-2.2737367544323206e-13,0.9999999999999996
21386,-73.9679946899414,40.75547790527344,-73.99720001220702,40.75632858276367,965.84,2874,2874,-1.0,-1.0,-1,-1,0.0
21387,-74.00550079345702,40.75095748901367,-74.0004348754883,40.727439880371094,683.27,2874,2874,2910.16,3593.43,36.159999999999854,0.0,1.0
21388,-73.96929931640625,40.757678985595696,-73.97005462646483,40.76292037963867,277.09,2874,2874,2903.47,3180.56,29.4699999999998,1.7053025658242404e-13,1.0000000000000007
21389,-73.97425842285155,40.78987884521485,-73.95510101318358,40.78310775756836,519.85,2874,2874,2903.79,3462.69,29.789999999999964,39.05000000000007,1.0751178224487834
21390,-74.01080322265625,40.716758728027344,-74.01382446289062,40.714691162109375,193.67,2874,2874,-1.0,-1.0,-1,-1,0.0
21391,-73.98261260986328,40.7450065612793,-73.999755859375,40.744136810302734,488.17,2874,2874,-1.0,-1.0,-1,-1,0.0
21392,-73.98949432373048,40.77309036254883,-73.97708892822266,40.79111099243164,393.48,2874,2874,-1.0,-1.0,-1,-1,0.0
21393,-73.97770690917969,40.7495002746582,-73.98670959472656,40.7591209411621,578.11,2874,2874,-1.0,-1.0,-1,-1,0.0
21394,-73.9992446899414,40.72492599487305,-74.00208282470702,40.7176170349121,420.16,2874,2874,2982.21,3402.37,108.21000000000004,-1.7053025658242404e-13,0.9999999999999996
21395,-73.9551773071289,40.77703094482422,-73.94413757324219,40.77573013305664,281.07,2875,2875,2901.52,3182.59,26.519999999999982,1.7053025658242404e-13,1.0000000000000007
21396,-73.97721099853516,40.77444839477539,-73.9851837158203,40.78107833862305,320.64,2875,2875,2880.0,3200.64,5.0,-1.1368683772161603e-13,0.9999999999999997
21397,-73.97283935546875,40.748878479003906,-74.00678253173827,40.73028564453125,876.82,2876,2876,2919.09,3846.8,43.090000000000146,50.889999999999986,1.0580392783011336
21398,-73.95454406738281,40.765872955322266,-73.95902252197266,40.781028747558594,496.14,2876,2876,2886.63,3423.18,10.63000000000011,40.40999999999974,1.0814487846172447
21399,-74.0033645629883,40.74018859863281,-74.00796508789062,40.74021530151367,185.57,2876,2876,2902.45,3088.02,26.449999999999818,1.7053025658242404e-13,1.0000000000000009
21400,-73.97043609619139,40.756446838378906,-73.95814514160156,40.78056716918945,594.18,2876,2876,2916.9,3511.08,40.90000000000009,-1.1368683772161603e-13,0.9999999999999998
21401,-73.98296356201173,40.76641845703125,-73.96748352050781,40.787742614746094,475.96,2876,2876,2883.44,3439.77,7.440000000000055,80.36999999999995,1.16885872762417
21402,-73.96654510498048,40.76441192626953,-73.97248077392578,40.75612258911133,245.13,2876,2876,2926.04,3171.17,50.039999999999964,1.1368683772161603e-13,1.0000000000000004
21403,-73.9929962158203,40.74253463745117,-73.98678588867188,40.74730682373047,268.45,2876,2876,-1.0,-1.0,-1,-1,0.0
21404,-73.9661865234375,40.7622299194336,-74.00553131103516,40.748348236083984,1175.3,2876,2876,-1.0,-1.0,-1,-1,0.0
21405,-73.98406982421875,40.743255615234375,-73.98092651367188,40.77328872680664,954.84,2877,2877,2929.48,3945.7400000000002,52.48000000000002,61.420000000000186,1.0643249130744419
21406,-74.0042953491211,40.74225616455078,-73.99732208251955,40.741790771484375,258.62,2877,2877,2886.95,3209.29,9.949999999999818,63.72000000000014,1.2463846570257526
21407,-74.00345611572266,40.732566833496094,-73.96697998046875,40.759124755859375,1139.85,2877,2877,2966.83,4106.68,89.82999999999993,4.547473508864641e-13,1.0000000000000004
21408,-73.96685028076173,40.757286071777344,-73.99415588378906,40.74026489257813,807.63,2877,2877,2913.56,3721.19,36.559999999999945,1.1368683772161603e-13,1.0000000000000002
21409,-73.98249816894531,40.76573944091797,-73.97510528564453,40.7525634765625,659.13,2877,2877,2881.54,3597.48,4.539999999999964,56.81000000000006,1.086189370837316
21410,-73.96665954589844,40.7642936706543,-73.99181365966798,40.76985168457031,759.33,2877,2877,2880.0,3639.33,3.0,-1.1368683772161603e-13,0.9999999999999999
21411,-73.9898910522461,40.733299255371094,-73.96414947509766,40.76541137695313,907.05,2877,2877,-1.0,-1.0,-1,-1,0.0
21412,-73.99522399902342,40.76021957397461,-73.98674774169923,40.77172088623047,197.46,2877,2877,2914.87,3112.33,37.86999999999989,2.842170943040401e-14,1.0000000000000002
21413,-73.95365142822266,40.76692962646485,-73.96463775634766,40.77565002441406,457.8,2878,2878,2907.59,3438.26,29.590000000000146,72.87000000000006,1.1591743119266056
21414,-73.987548828125,40.759101867675774,-73.98261260986328,40.742500305175774,710.34,2878,2878,2903.15,3666.09,25.15000000000009,52.60000000000002,1.0740490469352704
21415,-73.99730682373048,40.736328125,-73.99027252197266,40.74858093261719,292.96,2878,2878,2913.64,3206.6,35.63999999999987,5.684341886080802e-14,1.0000000000000002
21416,-73.98529052734375,40.76356506347656,-73.94598388671875,40.8068962097168,1121.38,2878,2878,-1.0,-1.0,-1,-1,0.0
21417,-73.98265838623048,40.772274017333984,-74.00275421142578,40.76052856445313,580.04,2878,2878,2901.2,3481.2400000000002,23.199999999999818,4.547473508864641e-13,1.0000000000000009
21418,-74.00508880615234,40.718509674072266,-73.9901123046875,40.71937942504883,581.44,2878,2878,3032.53,3613.97,154.5300000000002,-4.547473508864641e-13,0.9999999999999992
21419,-73.97969818115234,40.7550163269043,-73.98928070068358,40.74101638793945,317.89,2878,2878,2904.47,3222.36,26.4699999999998,3.410605131648481e-13,1.000000000000001
21420,-73.97201538085938,40.7566795349121,-74.00334167480467,40.7505989074707,933.5,2879,2879,-1.0,-1.0,-1,-1,0.0
21421,-74.0145034790039,40.70974731445313,-73.95221710205078,40.777099609375,1288.36,2879,2879,2904.7999999999997,4193.16,25.799999999999727,2.2737367544323206e-13,1.0000000000000002
21422,-73.95133972167969,40.77019119262695,-73.9569320678711,40.78070831298828,384.0,2879,2879,2881.52,3341.0099999999998,2.519999999999982,75.48999999999978,1.1965885416666662
21423,-73.97028350830078,40.78410720825195,-73.99163055419923,40.736976623535156,1273.44,2879,2879,2884.38,4270.26,5.380000000000109,112.44000000000005,1.088296268375424
21424,-73.9846954345703,40.76940155029297,-73.99944305419923,40.76150131225585,428.55,2879,2879,-1.0,-1.0,-1,-1,0.0
21425,-73.9642333984375,40.76098251342773,-74.00150299072266,40.73582458496094,1002.2,2879,2879,2928.71,3930.91,49.710000000000036,-2.2737367544323206e-13,0.9999999999999998
21426,-73.97600555419923,40.74986267089844,-73.98033142089844,40.7220573425293,643.68,2879,2879,-1.0,-1.0,-1,-1,0.0
21427,-73.94609832763672,40.78141784667969,-73.94076538085938,40.79919815063477,304.44,2880,2880,2936.25,3240.69,56.25,5.684341886080802e-14,1.0000000000000002
21428,-73.99964141845702,40.720211029052734,-74.0141372680664,40.71781921386719,570.36,2880,2880,2979.04,3549.4,99.03999999999996,1.1368683772161603e-13,1.0000000000000002
21429,-73.97429656982422,40.76340103149415,-73.9845199584961,40.74568557739258,599.51,2880,2880,-1.0,-1.0,-1,-1,0.0
21430,-73.9729232788086,40.764549255371094,-73.94827270507811,40.82170104980469,1324.95,2880,2880,-1.0,-1.0,-1,-1,0.0
21431,-73.97046661376955,40.76409149169922,-73.98164367675781,40.76398086547852,378.79,2880,2880,-1.0,-1.0,-1,-1,0.0
21432,-73.97750854492188,40.779109954833984,-73.98749542236328,40.78054428100585,317.2,2880,2880,2898.7000000000003,3252.72,18.700000000000273,36.81999999999954,1.1160781841109695
21433,-73.99882507324219,40.754581451416016,-73.99376678466798,40.76702880859375,321.42,2880,2880,2927.47,3278.81,47.4699999999998,29.92000000000013,1.0930869267624919
21434,-73.97416687011719,40.7306022644043,-73.99474334716798,40.72503662109375,515.91,2880,2880,2912.88,3428.79,32.88000000000011,-1.1368683772161603e-13,0.9999999999999998
21435,-73.96639251708984,40.764793395996094,-73.96281433105469,40.77253723144531,256.08,2880,2880,-1.0,-1.0,-1,-1,0.0
21436,-73.99221801757811,40.73546981811523,-74.0047607421875,40.74074172973633,352.84,2880,2880,-1.0,-1.0,-1,-1,0.0
21437,-73.96769714355469,40.7560920715332,-73.98673248291014,40.73695755004883,510.33,2880,2880,-1.0,-1.0,-1,-1,0.0
21438,-73.9842300415039,40.76156997680664,-73.9754180908203,40.74467849731445,806.53,2881,2881,-1.0,-1.0,-1,-1,0.0
21439,-74.0047836303711,40.72121047973633,-73.98352813720702,40.725940704345696,692.76,2881,2881,2939.66,3649.44,58.659999999999854,17.02000000000021,1.0245683930942897
21440,-73.97502899169923,40.75945663452149,-73.9842758178711,40.728763580322266,885.42,2881,2881,-1.0,-1.0,-1,-1,0.0
21441,-73.98839569091797,40.76414108276367,-73.99271392822266,40.75833511352539,190.23,2881,2881,2933.77,3124.0,52.76999999999998,2.842170943040401e-14,1.0000000000000002
21442,-73.98373413085938,40.74403762817383,-73.9754409790039,40.75613784790039,367.57,2882,2882,-1.0,-1.0,-1,-1,0.0
21443,-73.94635772705078,40.7727928161621,-73.95465087890625,40.78667449951172,488.36,2882,2882,2926.04,3414.4,44.039999999999964,1.1368683772161603e-13,1.0000000000000002
21444,-73.9822769165039,40.76830673217773,-73.99305725097656,40.75956344604492,439.47,2882,2882,-1.0,-1.0,-1,-1,0.0
21445,-73.96721649169923,40.76361846923828,-73.9796371459961,40.74683380126953,451.43,2882,2882,-1.0,-1.0,-1,-1,0.0
21446,-73.95787048339844,40.76953887939453,-73.99349975585938,40.721439361572266,1210.19,2882,2882,2930.99,4192.469999999999,48.98999999999978,51.28999999999951,1.0423817747626403
21447,-73.9555130004883,40.77941131591797,-73.95384216308594,40.771949768066406,286.72,2882,2882,2940.3,3227.02,58.30000000000018,-2.2737367544323206e-13,0.9999999999999992
21448,-74.01483917236328,40.71438598632813,-73.99002838134766,40.76702880859375,850.98,2882,2882,3011.7,3862.68,129.69999999999982,0.0,1.0
21449,-73.97956085205078,40.7845115661621,-73.98290252685547,40.7719612121582,279.47,2883,2883,2942.42,3221.89,59.42000000000007,-2.2737367544323206e-13,0.9999999999999992
21450,-73.98272705078125,40.73394012451172,-73.98130798339844,40.74463653564453,382.24,2883,2883,-1.0,-1.0,-1,-1,0.0
21451,-73.94573974609375,40.77780532836913,-73.98419952392578,40.76066207885742,1230.63,2883,2883,2910.0,4140.63,27.0,0.0,1.0
21452,-73.98690795898438,40.7393684387207,-73.99234771728516,40.730934143066406,211.09,2883,2883,2918.87,3129.96,35.86999999999989,1.4210854715202004e-13,1.0000000000000007
21453,-73.95242309570312,40.76598358154297,-73.95942687988281,40.77151870727539,280.71,2883,2883,-1.0,-1.0,-1,-1,0.0
21454,-73.98087310791014,40.74282836914063,-74.00611114501955,40.7397689819336,789.17,2883,2883,-1.0,-1.0,-1,-1,0.0
21455,-73.97119140625,40.75809097290039,-74.00657653808594,40.730228424072266,1048.34,2883,2883,-1.0,-1.0,-1,-1,0.0
21456,-74.00537109375,40.74829864501953,-73.99463653564453,40.745811462402344,260.49,2883,2883,3066.29,3326.78,183.28999999999996,2.2737367544323206e-13,1.0000000000000009
21457,-74.00575256347656,40.72579574584961,-73.9915542602539,40.735130310058594,407.57,2883,2883,2933.34,3340.91,50.340000000000146,-2.8421709430404007e-13,0.9999999999999993
21458,-74.00936889648438,40.70602035522461,-73.99079132080078,40.728248596191406,684.17,2883,2883,-1.0,-1.0,-1,-1,0.0
21459,-73.98249053955078,40.73957443237305,-73.96240234375,40.76723098754883,682.44,2884,2884,-1.0,-1.0,-1,-1,0.0
21460,-73.98195648193358,40.76987838745117,-73.95983123779298,40.767669677734375,660.43,2884,2884,-1.0,-1.0,-1,-1,0.0
21461,-73.99304962158203,40.75291061401367,-73.98868560791014,40.759315490722656,200.31,2884,2884,2937.59,3137.9,53.590000000000146,-5.684341886080802e-14,0.9999999999999997
21462,-73.98341369628906,40.76623153686523,-74.0086212158203,40.74552917480469,686.91,2884,2884,-1.0,-1.0,-1,-1,0.0
21463,-73.99848937988281,40.74032974243164,-73.99996185302734,40.72798156738281,350.37,2885,2885,-1.0,-1.0,-1,-1,0.0
21464,-73.95207214355469,40.7772216796875,-73.9439926147461,40.77594375610352,229.73,2885,2885,-1.0,-1.0,-1,-1,0.0
21465,-73.99507904052734,40.72530746459961,-73.98400115966798,40.769676208496094,1195.62,2885,2885,2942.96,4138.58,57.960000000000036,0.0,1.0
21466,-74.00490570068358,40.70698928833008,-74.0127944946289,40.706356048583984,301.71,2885,2885,-1.0,-1.0,-1,-1,0.0
21467,-73.97503662109375,40.75218963623047,-73.96255493164062,40.759033203125,387.9,2886,2886,-1.0,-1.0,-1,-1,0.0
21468,-73.98651123046875,40.77727127075195,-73.9876937866211,40.76287841796875,460.12,2886,2886,-1.0,-1.0,-1,-1,0.0
21469,-73.98897552490234,40.72172927856445,-73.9835205078125,40.75600814819336,1011.09,2886,2886,3013.21,4024.3,127.21000000000004,1.1368683772161603e-13,1.0000000000000002
21470,-74.0080795288086,40.73851776123047,-74.00163269042969,40.74502944946289,341.15,2886,2886,2930.5,3271.65,44.5,1.1368683772161603e-13,1.0000000000000004
21471,-73.9732666015625,40.76411056518555,-73.97083282470702,40.75592041015625,398.2,2886,2886,-1.0,-1.0,-1,-1,0.0
21472,-73.97396850585938,40.752403259277344,-73.95780944824219,40.77016067504883,503.96,2886,2886,2939.97,3443.93,53.9699999999998,5.684341886080802e-14,1.0000000000000002
21473,-73.96742248535155,40.76629257202149,-73.97169494628906,40.75806427001953,292.16,2886,2886,-1.0,-1.0,-1,-1,0.0
21474,-74.0078582763672,40.705299377441406,-74.00006103515625,40.72682189941406,776.0,2886,2886,-1.0,-1.0,-1,-1,0.0
21475,-73.95263671875,40.783363342285156,-73.9721450805664,40.76527404785156,608.68,2887,2887,2991.26,3599.94,104.26000000000022,-1.1368683772161603e-13,0.9999999999999998
21476,-73.9822998046875,40.73171615600585,-73.95758819580078,40.7657585144043,569.19,2887,2887,3212.92,3782.11,325.9200000000001,0.0,1.0
21477,-73.97750091552734,40.75906753540039,-73.96024322509766,40.770301818847656,561.84,2887,2887,3039.59,3601.43,152.59000000000015,-3.410605131648481e-13,0.9999999999999994
21478,-73.96882629394531,40.76739883422852,-73.97901153564453,40.78820037841797,625.92,2887,2887,2926.55,3617.4300000000003,39.55000000000018,64.96000000000015,1.103783231083845
21479,-73.99095916748048,40.73361206054688,-74.00092315673827,40.72946166992188,316.71,2887,2887,3006.0,3322.71,119.0,5.684341886080802e-14,1.0000000000000002
21480,-73.99073028564453,40.75081634521485,-73.95514678955078,40.80021667480469,1242.52,2887,2887,2945.55,4220.45,58.55000000000018,32.379999999999654,1.026059942697099
21481,-73.99003601074219,40.7412338256836,-74.00804901123048,40.739784240722656,506.79,2887,2887,-1.0,-1.0,-1,-1,0.0
21482,-73.96513366699219,40.75519180297852,-73.94688415527342,40.7833366394043,479.9,2887,2887,2932.9399999999996,3412.84,45.9399999999996,5.684341886080801e-13,1.000000000000001
21483,-73.97300720214845,40.759178161621094,-73.9866943359375,40.72174072265625,1042.99,2887,2887,-1.0,-1.0,-1,-1,0.0
21484,-73.97834014892578,40.75641632080078,-73.99162292480467,40.72664260864258,818.85,2887,2887,-1.0,-1.0,-1,-1,0.0
21485,-73.98490142822266,40.748062133789055,-73.99128723144531,40.72774124145508,550.5,2888,2888,2930.15,3543.48,42.15000000000009,62.82999999999993,1.1141326067211625
21486,-74.00251007080078,40.72915649414063,-73.98555755615234,40.74211883544922,510.15,2888,2888,3079.9700000000003,3590.12,191.97000000000025,-3.410605131648481e-13,0.9999999999999993
21487,-73.97683715820312,40.75656127929688,-73.97947692871094,40.76018905639648,234.8,2888,2888,-1.0,-1.0,-1,-1,0.0
21488,-73.97233581542969,40.75911712646485,-73.96281433105469,40.764793395996094,280.62,2888,2888,-1.0,-1.0,-1,-1,0.0
21489,-73.99112701416014,40.73345947265625,-74.00682067871094,40.7303581237793,417.34,2889,2889,-1.0,-1.0,-1,-1,0.0
21490,-73.97144317626955,40.757572174072266,-73.99445343017578,40.745697021484375,748.47,2889,2889,-1.0,-1.0,-1,-1,0.0
21491,-73.99288177490234,40.75288009643555,-74.005126953125,40.74075698852539,384.86,2889,2889,-1.0,-1.0,-1,-1,0.0
21492,-73.964599609375,40.76427459716797,-73.94037628173827,40.78972244262695,539.71,2889,2889,-1.0,-1.0,-1,-1,0.0
21493,-73.9664306640625,40.75482940673828,-73.95215606689453,40.767890930175774,321.61,2889,2889,2930.22,3251.83,41.2199999999998,1.1368683772161603e-13,1.0000000000000004
21494,-73.98201751708984,40.76898193359375,-74.00269317626955,40.760704040527344,553.46,2889,2889,-1.0,-1.0,-1,-1,0.0
21495,-74.0038070678711,40.74781036376953,-73.99050903320312,40.75786209106445,432.58,2889,2889,-1.0,-1.0,-1,-1,0.0
21496,-73.9773712158203,40.74523162841797,-73.99693298339844,40.72512817382813,624.04,2890,2890,-1.0,-1.0,-1,-1,0.0
21497,-73.97421264648438,40.756591796875,-73.98503875732422,40.75746154785156,458.36,2890,2890,-1.0,-1.0,-1,-1,0.0
21498,-73.9912109375,40.73252868652344,-73.99077606201173,40.71460723876953,742.41,2890,2890,-1.0,-1.0,-1,-1,0.0
21499,-73.9788360595703,40.74779510498047,-73.98711395263672,40.73349380493164,344.58,2890,2890,-1.0,-1.0,-1,-1,0.0
21500,-73.95570373535155,40.76810073852539,-73.94532012939453,40.79079818725585,402.33,2890,2890,2928.6899999999996,3331.0199999999995,38.6899999999996,-5.684341886080802e-14,0.9999999999999999
21501,-73.98371124267578,40.768028259277344,-73.92942810058594,40.86714172363281,1212.77,2890,2890,-1.0,-1.0,-1,-1,0.0
21502,-73.9482421875,40.77452850341797,-73.95993041992188,40.76868438720703,395.51,2890,2890,2926.58,3322.09,36.57999999999993,2.2737367544323206e-13,1.0000000000000007
21503,-73.99269104003906,40.7347526550293,-74.00772094726562,40.751651763916016,687.45,2890,2890,-1.0,-1.0,-1,-1,0.0
21504,-73.96800231933594,40.76844787597656,-73.9706802368164,40.75872802734375,419.54,2891,2891,-1.0,-1.0,-1,-1,0.0
21505,-73.98545837402342,40.77865982055664,-73.96961212158203,40.79197311401367,406.92,2891,2891,-1.0,-1.0,-1,-1,0.0
21506,-73.99614715576173,40.732948303222656,-73.99102020263672,40.76583862304688,864.07,2891,2891,-1.0,-1.0,-1,-1,0.0
21507,-73.98332977294923,40.72991943359375,-73.98652648925781,40.72193145751953,316.89,2891,2891,3045.41,3362.2999999999997,154.40999999999985,-1.1368683772161603e-13,0.9999999999999997
21508,-73.97270965576173,40.75457382202149,-74.00936126708984,40.73809814453125,1178.12,2892,2892,3000.29,4178.41,108.28999999999996,0.0,1.0
21509,-73.9617691040039,40.771141052246094,-73.97026062011719,40.75921249389648,359.87,2892,2892,2914.53,3274.4,22.5300000000002,-1.1368683772161603e-13,0.9999999999999997
21510,-73.9873046875,40.72490310668945,-73.9805145263672,40.73612594604492,218.33,2892,2892,2924.42,3142.75,32.42000000000007,-8.526512829121202e-14,0.9999999999999996
21511,-73.96308898925781,40.762351989746094,-73.99549865722656,40.73342895507813,925.96,2892,2892,2949.63,3929.5,57.63000000000011,53.909999999999854,1.0582206574798045
21512,-73.97332000732422,40.75253677368164,-73.9582290649414,40.76290512084961,364.15,2892,2892,-1.0,-1.0,-1,-1,0.0
21513,-73.94461059570312,40.77922058105469,-73.98062133789062,40.74687957763672,972.02,2892,2892,2934.79,3906.81,42.789999999999964,0.0,1.0
21514,-73.98116302490234,40.76184844970703,-73.97432708740234,40.75462341308594,544.82,2892,2892,2927.59,3472.41,35.590000000000146,-3.410605131648481e-13,0.9999999999999993
21515,-73.98014068603516,40.7706413269043,-73.96258544921875,40.770755767822266,463.29,2892,2892,2935.42,3398.71,43.42000000000007,-5.684341886080802e-14,0.9999999999999999
21516,-73.99130249023438,40.73937606811523,-74.00151062011719,40.73582458496094,260.54,2892,2892,-1.0,-1.0,-1,-1,0.0
21517,-73.98006439208984,40.76151657104492,-73.9744415283203,40.754920959472656,461.57,2892,2892,-1.0,-1.0,-1,-1,0.0
21518,-73.98217010498048,40.76794815063477,-73.96826934814453,40.76774978637695,371.81,2892,2892,2936.93,3308.7400000000002,44.929999999999836,3.979039320256561e-13,1.000000000000001
21519,-73.95360565185547,40.77926254272461,-73.9513931274414,40.77081680297852,302.83,2892,2892,2940.78,3311.94,48.7800000000002,68.32999999999987,1.2256381468150443
21520,-73.9808120727539,40.75349426269531,-73.9906005859375,40.76136016845703,432.14,2892,2892,2910.0,3342.14,18.0,-1.1368683772161603e-13,0.9999999999999998
21521,-73.98253631591797,40.74809646606445,-73.94690704345702,40.780250549316406,906.84,2893,2893,-1.0,-1.0,-1,-1,0.0
21522,-73.9788818359375,40.77253341674805,-73.9795913696289,40.764812469482415,286.71,2893,2893,-1.0,-1.0,-1,-1,0.0
21523,-73.9886245727539,40.745994567871094,-73.99563598632812,40.72505187988281,621.88,2893,2893,-1.0,-1.0,-1,-1,0.0
21524,-73.95703887939453,40.77470016479492,-73.9459686279297,40.779598236083984,220.03,2893,2893,2929.86,3179.77,36.86000000000013,29.879999999999853,1.1357996636822245
21525,-73.97036743164062,40.749324798583984,-73.99203491210938,40.737152099609375,613.66,2893,2893,-1.0,-1.0,-1,-1,0.0
21526,-73.97127532958984,40.78601455688477,-73.9803695678711,40.74861526489258,1158.82,2893,2893,2921.21,4080.03,28.210000000000036,2.2737367544323206e-13,1.0000000000000002
21527,-73.98979187011719,40.75762176513672,-73.98152160644531,40.78007125854492,568.11,2893,2893,-1.0,-1.0,-1,-1,0.0
21528,-73.9640884399414,40.76623916625977,-74.00808715820312,40.74037170410156,1436.78,2893,2893,-1.0,-1.0,-1,-1,0.0
21529,-73.96910858154298,40.75743103027344,-73.96348571777344,40.76852416992188,288.82,2894,2894,-1.0,-1.0,-1,-1,0.0
21530,-73.99261474609375,40.74309158325195,-73.98326873779298,40.7473258972168,303.97,2894,2894,2953.5299999999997,3257.5,59.529999999999745,2.2737367544323206e-13,1.0000000000000007
21531,-73.96358489990234,40.7685432434082,-73.95619201660156,40.784568786621094,411.42,2894,2894,2933.38,3376.89,39.38000000000011,32.08999999999975,1.0779981527392926
21532,-74.00286102294923,40.76037979125977,-74.0079574584961,40.74528884887695,295.46,2894,2894,2934.04,3229.5,40.039999999999964,5.684341886080802e-14,1.0000000000000002
21533,-73.97449493408203,40.78337478637695,-73.98310852050781,40.75069808959961,976.98,2894,2894,2949.13,3926.11,55.13000000000011,0.0,1.0
21534,-73.98137664794923,40.76514434814453,-73.97379302978516,40.7645378112793,285.08,2894,2894,-1.0,-1.0,-1,-1,0.0
21535,-73.96209716796875,40.767879486083984,-73.96337890625,40.77692031860352,293.24,2894,2894,-1.0,-1.0,-1,-1,0.0
21536,-73.99176025390625,40.74465560913085,-73.9781265258789,40.76292419433594,497.26,2895,2895,-1.0,-1.0,-1,-1,0.0
21537,-73.9856719970703,40.75207138061523,-73.97994995117188,40.76094055175781,219.72,2895,2895,2910.0,3129.72,15.0,-1.9895196601282805e-13,0.9999999999999991
21538,-73.98101043701173,40.75620651245117,-73.99430847167969,40.75626754760742,454.42,2895,2895,-1.0,-1.0,-1,-1,0.0
21539,-73.97444915771484,40.751949310302734,-73.99898529052734,40.73957443237305,741.29,2895,2895,-1.0,-1.0,-1,-1,0.0
21540,-73.98700714111328,40.76026153564453,-73.99150848388672,40.74330139160156,600.6,2895,2895,-1.0,-1.0,-1,-1,0.0
21541,-73.95899200439453,40.76381301879883,-73.97077178955078,40.75201797485352,432.47,2895,2895,-1.0,-1.0,-1,-1,0.0
21542,-73.9713592529297,40.766395568847656,-73.99488830566406,40.73408889770508,794.93,2895,2895,2911.68,3706.61,16.679999999999836,3.410605131648481e-13,1.0000000000000004
21543,-74.00498962402342,40.74075698852539,-73.9812774658203,40.72916030883789,774.5,2896,2896,2954.0,3764.88,58.0,36.38000000000011,1.0469722401549388
21544,-73.97871398925781,40.77729415893555,-73.97259521484375,40.79418563842773,374.44,2896,2896,-1.0,-1.0,-1,-1,0.0
21545,-73.98450469970702,40.74305725097656,-73.9889144897461,40.777740478515625,1117.09,2896,2896,2913.04,4105.52,17.039999999999964,75.39000000000055,1.0674878478905017
21546,-73.96849060058595,40.76283264160156,-73.98233795166014,40.75636672973633,626.8,2896,2896,2922.5,3558.92,26.5,9.620000000000118,1.0153477983407788
21547,-73.990234375,40.76734161376953,-73.97949981689453,40.75970458984375,432.26,2896,2896,-1.0,-1.0,-1,-1,0.0
21548,-74.00270080566406,40.73939895629883,-73.98342132568358,40.75545883178711,612.43,2897,2897,-1.0,-1.0,-1,-1,0.0
21549,-73.99385833740234,40.75173950195313,-73.96170043945312,40.76824188232422,1015.36,2897,2897,2920.88,4014.56,23.88000000000011,78.31999999999982,1.077135203277655
21550,-73.96078491210938,40.76567840576172,-73.9818344116211,40.75836944580078,805.76,2897,2897,2933.1600000000003,3738.92,36.16000000000031,-2.2737367544323206e-13,0.9999999999999997
21551,-73.97530364990234,40.754878997802734,-73.96105194091797,40.761131286621094,432.15,2897,2897,2936.91,3369.06,39.909999999999854,1.1368683772161603e-13,1.0000000000000002
21552,-73.9424285888672,40.80617904663085,-73.97151947021484,40.74951934814453,1344.14,2897,2897,3086.54,4430.68,189.53999999999996,2.2737367544323206e-13,1.0000000000000002
21553,-74.00550842285155,40.72863388061523,-73.99677276611328,40.73753356933594,266.58,2897,2897,-1.0,-1.0,-1,-1,0.0
21554,-73.99747467041014,40.763038635253906,-73.97161865234375,40.79472732543945,550.58,2897,2897,3011.13,3561.71,114.13000000000011,-1.1368683772161603e-13,0.9999999999999998
21555,-73.96546936035155,40.76295852661133,-73.94943237304686,40.78494262695313,383.21,2898,2898,-1.0,-1.0,-1,-1,0.0
21556,-74.01249694824219,40.717018127441406,-73.98454284667969,40.75983810424805,997.9,2898,2898,2910.46,3937.4500000000003,12.460000000000036,29.09000000000026,1.0291512175568698
21557,-73.97718811035155,40.75847244262695,-73.96695709228516,40.75783157348633,421.29,2898,2898,-1.0,-1.0,-1,-1,0.0
21558,-73.95623016357422,40.78096008300781,-73.98763275146483,40.74135971069336,1192.5,2898,2898,3043.96,4236.46,145.96000000000004,0.0,1.0
21559,-73.97044372558594,40.76169204711913,-73.97982788085938,40.754749298095696,398.04,2898,2898,2920.03,3318.07,22.0300000000002,-5.684341886080802e-14,0.9999999999999999
21560,-73.98606109619139,40.74089050292969,-73.99112701416014,40.71480178833008,898.64,2898,2898,2931.75,3845.73,33.75,15.340000000000032,1.0170702394729814
21561,-73.94668579101562,40.80590438842773,-73.93863677978516,40.84931564331055,852.61,2898,2898,3026.7,3879.3099999999995,128.69999999999982,-3.410605131648481e-13,0.9999999999999996
21562,-74.0087661743164,40.71091842651367,-74.00643157958984,40.736488342285156,611.3,2898,2898,3073.75,3685.0499999999997,175.75,-2.2737367544323206e-13,0.9999999999999997
21563,-73.99333190917969,40.72793197631836,-73.982666015625,40.72331619262695,295.33,2899,2899,2924.21,3219.54,25.210000000000036,-5.684341886080802e-14,0.9999999999999998
21564,-73.99325561523438,40.74201583862305,-73.98096466064453,40.74516677856445,403.32,2899,2899,2925.72,3395.83,26.7199999999998,66.79000000000013,1.1656005157195282
21565,-73.9822769165039,40.76087951660156,-73.96388244628906,40.773834228515625,613.22,2899,2899,-1.0,-1.0,-1,-1,0.0
21566,-73.97278594970702,40.74842071533203,-73.9527359008789,40.7825584411621,791.17,2899,2899,2946.73,3737.9,47.73000000000002,1.1368683772161603e-13,1.0000000000000002
21567,-74.01031494140625,40.71960830688477,-73.98041534423827,40.76579666137695,1149.64,2899,2899,-1.0,-1.0,-1,-1,0.0
21568,-73.96952056884766,40.75764846801758,-73.95858764648438,40.783302307128906,644.06,2899,2899,2949.94,3594.0,50.940000000000055,0.0,1.0
21569,-73.96917724609375,40.76679229736328,-73.94374084472656,40.80891036987305,802.57,2899,2899,-1.0,-1.0,-1,-1,0.0
21570,-73.9603500366211,40.76221466064453,-73.98151397705078,40.773601531982415,639.95,2899,2899,2929.7,3569.65,30.699999999999818,2.2737367544323206e-13,1.0000000000000004
21571,-74.00406646728516,40.742835998535156,-74.00720977783203,40.72701644897461,487.15,2900,2900,-1.0,-1.0,-1,-1,0.0
21572,-74.0112075805664,40.71564102172852,-74.00682830810547,40.73006057739258,410.27,2900,2900,2986.5,3396.77,86.5,0.0,1.0
21573,-73.98155212402342,40.77861022949219,-73.9508514404297,40.77838897705078,735.53,2900,2900,2920.48,3676.51,20.480000000000018,20.500000000000227,1.0278710589642845
21574,-73.97614288330078,40.78118515014648,-73.98574829101562,40.77546691894531,247.36,2900,2900,3029.29,3276.65,129.28999999999996,1.1368683772161603e-13,1.0000000000000004
21575,-73.96708679199219,40.76684188842773,-73.97139739990234,40.76036834716797,273.7,2900,2900,-1.0,-1.0,-1,-1,0.0
21576,-74.0077896118164,40.72386932373047,-73.9992904663086,40.73384094238281,296.95,2900,2900,-1.0,-1.0,-1,-1,0.0
21577,-74.0090103149414,40.71917724609375,-74.00276947021484,40.72488784790039,283.18,2900,2900,-1.0,-1.0,-1,-1,0.0
21578,-73.97632598876955,40.77587890625,-73.96863555908203,40.79087448120117,365.19,2900,2900,2949.0,3361.74,49.0,47.549999999999784,1.1302061940359807
21579,-73.9957733154297,40.76435089111328,-73.97897338867188,40.76419067382813,531.48,2901,2901,3111.88,3643.36,210.8800000000001,0.0,1.0
21580,-73.96475219726562,40.76018905639648,-74.00776672363281,40.74066925048828,1217.88,2901,2901,-1.0,-1.0,-1,-1,0.0
21581,-73.97414398193358,40.76496887207031,-73.98368072509766,40.76226043701172,362.3,2901,2901,-1.0,-1.0,-1,-1,0.0
21582,-73.97740936279298,40.77950668334961,-73.9762191772461,40.76013565063477,690.68,2901,2901,2919.77,3610.45,18.769999999999982,-1.1368683772161603e-13,0.9999999999999999
21583,-73.9964370727539,40.72611999511719,-74.0019302368164,40.72711181640625,183.83,2901,2901,2934.68,3196.32,33.679999999999836,77.81000000000031,1.423271500843172
21584,-74.00518035888672,40.72004699707031,-73.98157501220702,40.75318908691406,880.08,2901,2901,3311.41,4191.49,410.40999999999985,-1.1368683772161603e-13,0.9999999999999999
21585,-73.99132537841797,40.749866485595696,-74.01033020019531,40.71925735473633,673.44,2901,2901,-1.0,-1.0,-1,-1,0.0
21586,-73.94927215576173,40.81282043457031,-73.99268341064453,40.76828002929688,923.33,2901,2901,3303.71,4227.04,402.71000000000004,-1.1368683772161603e-13,0.9999999999999999
21587,-74.01380157470702,40.71524429321289,-73.99404907226562,40.726829528808594,676.67,2901,2901,2945.25,3648.67,44.25,26.750000000000114,1.0395318249663796
21588,-73.96021270751955,40.76599502563477,-73.96863555908203,40.757728576660156,361.8,2902,2902,2939.72,3301.52,37.7199999999998,1.7053025658242404e-13,1.0000000000000004
21589,-73.95082092285155,40.77075958251953,-73.95134735107422,40.784271240234375,391.07,2902,2902,2937.5499999999997,3328.62,35.54999999999973,1.7053025658242404e-13,1.0000000000000004
21590,-73.98226928710938,40.77484130859375,-73.98052978515625,40.78290939331055,270.05,2902,2902,-1.0,-1.0,-1,-1,0.0
21591,-73.98566436767578,40.74738693237305,-73.9920654296875,40.74103164672852,246.92,2902,2902,2949.5499999999997,3196.47,47.54999999999973,8.526512829121202e-14,1.0000000000000004
21592,-73.96749114990234,40.75880813598633,-73.98221588134766,40.74102020263672,551.42,2902,2902,-1.0,-1.0,-1,-1,0.0
21593,-73.97653198242188,40.73966598510742,-73.9940414428711,40.71237564086913,677.14,2902,2902,-1.0,-1.0,-1,-1,0.0
21594,-73.96365356445312,40.77127075195313,-73.96824645996094,40.760459899902344,386.46,2902,2902,-1.0,-1.0,-1,-1,0.0
21595,-73.98822021484375,40.73776245117188,-73.98015594482422,40.75064086914063,409.97,2902,2902,-1.0,-1.0,-1,-1,0.0
21596,-73.96680450439453,40.767051696777344,-73.97789764404298,40.782413482666016,561.87,2903,2903,-1.0,-1.0,-1,-1,0.0
21597,-73.978759765625,40.744571685791016,-73.94434356689453,40.783203125,837.95,2903,2903,2928.83,3826.54,25.829999999999927,59.75999999999999,1.0713169043499016
21598,-73.97500610351562,40.77765274047852,-73.97705841064453,40.762691497802734,523.87,2903,2903,-1.0,-1.0,-1,-1,0.0
21599,-73.9672622680664,40.78792190551758,-73.97550201416014,40.77692031860352,245.49,2903,2903,3041.95,3287.44,138.94999999999982,2.2737367544323206e-13,1.0000000000000009
21600,-73.9821014404297,40.759239196777344,-73.96668243408203,40.76704025268555,501.43,2903,2903,-1.0,-1.0,-1,-1,0.0
21601,-73.99244689941406,40.738059997558594,-73.99024963378906,40.73174285888672,265.42,2903,2903,-1.0,-1.0,-1,-1,0.0
21602,-73.96941375732422,40.75767135620117,-73.98075103759766,40.76279830932617,526.77,2903,2903,-1.0,-1.0,-1,-1,0.0
21603,-73.99040222167969,40.740230560302734,-74.0030288696289,40.72766876220703,403.95,2903,2903,-1.0,-1.0,-1,-1,0.0
21604,-73.97063446044923,40.76201248168945,-73.96154022216798,40.75784301757813,304.49,2903,2903,-1.0,-1.0,-1,-1,0.0
21605,-73.9778594970703,40.78889465332031,-74.00292205810547,40.747154235839844,819.03,2903,2903,2926.5299999999997,3745.56,23.529999999999745,2.2737367544323206e-13,1.0000000000000002
21606,-74.00098419189453,40.75191879272461,-73.98103332519531,40.75902938842773,607.76,2904,2904,-1.0,-1.0,-1,-1,0.0
21607,-73.96537780761719,40.7576560974121,-73.96517181396483,40.7717170715332,481.86,2904,2904,2953.12,3434.98,49.11999999999989,1.1368683772161603e-13,1.0000000000000002
21608,-73.97184753417969,40.75492477416992,-73.95297241210938,40.77198028564453,462.65,2904,2904,-1.0,-1.0,-1,-1,0.0
21609,-74.01056671142578,40.714691162109375,-73.99182891845702,40.72583770751953,685.34,2904,2904,2924.84,3694.11,20.840000000000146,83.92999999999995,1.1224647620159336
21610,-73.96952819824219,40.76619338989258,-73.95558166503906,40.785247802734375,360.14,2904,2904,2943.91,3304.0499999999997,39.909999999999854,-1.1368683772161603e-13,0.9999999999999997
21611,-73.98384857177734,40.76076126098633,-74.00274658203125,40.76057815551758,561.46,2904,2904,-1.0,-1.0,-1,-1,0.0
21612,-73.95438385009766,40.77416610717773,-73.96426391601562,40.768028259277344,308.7,2904,2904,2953.38,3262.08,49.38000000000011,-1.7053025658242404e-13,0.9999999999999994
21613,-73.9703369140625,40.7560920715332,-73.95161437988281,40.77953720092773,528.3,2904,2904,-1.0,-1.0,-1,-1,0.0
21614,-73.9757080078125,40.78912734985352,-73.9654769897461,40.80565643310547,296.85,2904,2904,3039.88,3336.73,135.8800000000001,-1.1368683772161603e-13,0.9999999999999997
21615,-73.97998809814453,40.76629257202149,-73.96951293945312,40.762451171875,349.21,2904,2904,2953.92,3304.13,49.92000000000007,1.0000000000000568,1.002863606425933
21616,-73.9922332763672,40.72552108764648,-73.99537658691406,40.739273071289055,491.57,2904,2904,3206.16,3697.73,302.15999999999985,1.7053025658242404e-13,1.0000000000000004
21617,-73.99414825439453,40.72020721435547,-73.99039459228516,40.71897888183594,187.87,2905,2905,3036.37,3224.24,131.3699999999999,-1.1368683772161603e-13,0.9999999999999994
21618,-73.98238372802734,40.76842880249024,-74.00249481201173,40.755046844482415,603.91,2905,2905,-1.0,-1.0,-1,-1,0.0
21619,-73.99237060546875,40.73549270629883,-74.0074234008789,40.740081787109375,498.13,2905,2905,-1.0,-1.0,-1,-1,0.0
21620,-73.9763946533203,40.78866958618164,-73.97144317626955,40.80052185058594,292.53,2905,2905,2957.54,3250.07,52.539999999999964,2.2737367544323206e-13,1.0000000000000009
21621,-73.97142791748048,40.79773330688477,-73.93616485595702,40.85382080078125,821.24,2905,2905,2923.91,3791.39,18.909999999999854,46.24000000000001,1.0563050996054746
21622,-73.99144744873048,40.75001907348633,-73.98809051513672,40.73839950561523,387.19,2905,2905,2952.04,3339.23,47.039999999999964,5.684341886080802e-14,1.0000000000000002
21623,-73.97575378417969,40.751800537109375,-73.99767303466798,40.72160339355469,896.29,2905,2905,-1.0,-1.0,-1,-1,0.0
21624,-73.96009063720702,40.773433685302734,-73.95201873779298,40.77767181396485,258.11,2905,2905,-1.0,-1.0,-1,-1,0.0
21625,-73.97956085205078,40.74948120117188,-73.9837875366211,40.74396896362305,200.2,2906,2906,3006.87,3207.07,100.86999999999989,2.8421709430404007e-13,1.0000000000000013
21626,-73.9539337158203,40.76688003540039,-73.94928741455078,40.776161193847656,195.85,2906,2906,2933.01,3128.86,27.01000000000022,-8.526512829121202e-14,0.9999999999999996
21627,-73.99322509765625,40.72233581542969,-73.98468780517578,40.74427032470703,680.8,2906,2906,3162.32,3843.12,256.32000000000016,-2.2737367544323206e-13,0.9999999999999997
21628,-73.94713592529298,40.78099822998047,-73.93508148193358,40.85467529296875,1098.27,2906,2906,2928.29,4026.56,22.289999999999964,0.0,1.0
21629,-73.96795654296875,40.7627067565918,-73.95401000976562,40.77910232543945,411.59,2906,2906,-1.0,-1.0,-1,-1,0.0
21630,-73.9817657470703,40.74653244018555,-74.00426483154298,40.724796295166016,814.59,2906,2906,-1.0,-1.0,-1,-1,0.0
21631,-74.00421905517578,40.747859954833984,-73.96778869628906,40.75373840332031,915.91,2906,2906,-1.0,-1.0,-1,-1,0.0
21632,-73.95413208007811,40.76639938354492,-73.96544647216798,40.7658805847168,355.99,2906,2906,-1.0,-1.0,-1,-1,0.0
21633,-73.96340942382812,40.77106094360352,-73.95550537109375,40.782390594482415,309.7,2906,2906,-1.0,-1.0,-1,-1,0.0
21634,-73.98361206054686,40.76197052001953,-73.99079132080078,40.761138916015625,273.86,2907,2907,2929.37,3203.23,22.36999999999989,1.1368683772161603e-13,1.0000000000000004
21635,-73.97461700439453,40.75709533691406,-73.95933532714845,40.77155685424805,534.31,2907,2907,-1.0,-1.0,-1,-1,0.0
21636,-73.97477722167969,40.75920104980469,-73.95384216308594,40.77267837524415,602.96,2907,2907,2966.62,3597.9300000000003,59.61999999999989,28.350000000000364,1.0470180443147146
21637,-73.95157623291014,40.76969909667969,-73.96113586425781,40.77594375610352,315.79,2907,2907,2947.42,3324.75,40.42000000000007,61.53999999999991,1.1948763418727633
21638,-73.97447204589844,40.76345825195313,-73.98829650878906,40.72800064086913,975.44,2907,2907,-1.0,-1.0,-1,-1,0.0
21639,-73.9707489013672,40.75594711303711,-73.98139190673827,40.75804138183594,540.96,2907,2907,-1.0,-1.0,-1,-1,0.0
21640,-73.99463653564453,40.76028442382813,-73.95814514160156,40.773738861083984,933.75,2907,2907,2914.87,3848.62,7.869999999999891,0.0,1.0
21641,-73.9751968383789,40.75593566894531,-73.96249389648438,40.7573356628418,358.28,2908,2908,-1.0,-1.0,-1,-1,0.0
21642,-73.98529052734375,40.723541259765625,-73.9709701538086,40.75593185424805,701.96,2908,2908,2959.8,3661.76,51.80000000000018,0.0,1.0
21643,-73.9905014038086,40.73119354248047,-73.98346710205078,40.74315643310547,334.41,2908,2908,3025.21,3359.62,117.21000000000004,-1.7053025658242404e-13,0.9999999999999994
21644,-73.96886444091797,40.75155258178711,-73.96493530273438,40.774917602539055,693.55,2908,2908,-1.0,-1.0,-1,-1,0.0
21645,-73.98792266845702,40.749717712402344,-73.97615814208984,40.75658798217773,377.17,2908,2908,2930.69,3307.86,22.690000000000055,5.684341886080802e-14,1.0000000000000002
21646,-73.99530029296875,40.760589599609375,-73.98873901367188,40.773902893066406,304.88,2908,2908,-1.0,-1.0,-1,-1,0.0
21647,-73.97412872314453,40.7515983581543,-73.96550750732422,40.76288986206055,299.34,2908,2908,2913.66,3213.0,5.6599999999998545,1.7053025658242404e-13,1.0000000000000007
21648,-73.97852325439453,40.73445129394531,-74.00189208984375,40.745079040527344,806.37,2909,2909,-1.0,-1.0,-1,-1,0.0
21649,-73.97212219238281,40.75005340576172,-73.99079895019531,40.725975036621094,487.02,2909,2909,2911.12,3499.69,2.119999999999891,101.55000000000018,1.2085129974128377
21650,-73.98242950439453,40.77575302124024,-73.96205139160156,40.77209091186523,560.62,2909,2909,2941.76,3502.38,32.76000000000022,-1.1368683772161603e-13,0.9999999999999998
21651,-73.96734619140625,40.760608673095696,-73.94972991943358,40.78459167480469,437.5,2909,2909,2915.03,3352.5299999999997,6.0300000000002,-4.547473508864641e-13,0.999999999999999
21652,-73.97745513916014,40.75818252563477,-73.99039459228516,40.74039077758789,402.97,2909,2909,2943.05,3346.02,34.05000000000018,-2.2737367544323206e-13,0.9999999999999994
21653,-73.96915435791014,40.760990142822266,-73.9695053100586,40.76652145385742,220.21,2909,2909,2920.21,3232.28,11.210000000000036,91.86000000000016,1.4171472685164168
21654,-73.98699951171875,40.7222785949707,-73.98017883300781,40.785301208496094,1592.08,2909,2909,2939.97,4588.39,30.9699999999998,56.3400000000006,1.035387668961359
21655,-74.00450134277344,40.73406982421875,-73.98066711425781,40.71163940429688,1070.36,2909,2909,-1.0,-1.0,-1,-1,0.0
21656,-73.98162841796875,40.7806053161621,-73.98841857910156,40.75834655761719,643.87,2909,2909,2951.75,3595.62,42.75,-1.1368683772161603e-13,0.9999999999999998
21657,-73.95777130126955,40.77444839477539,-73.96439361572266,40.7971305847168,655.99,2909,2909,2954.73,3610.7200000000003,45.73000000000002,2.2737367544323206e-13,1.0000000000000004
21658,-74.0062255859375,40.743797302246094,-74.00469207763672,40.7334213256836,360.65,2910,2910,2927.09,3287.74,17.090000000000146,-3.410605131648481e-13,0.999999999999999
21659,-73.95411682128906,40.7901496887207,-73.9389419555664,40.80506896972656,343.56,2910,2910,2912.52,3256.08,2.519999999999982,-5.684341886080802e-14,0.9999999999999999
21660,-73.99773406982422,40.72065734863281,-73.98251342773438,40.73139572143555,458.77,2910,2910,2952.6,3439.21,42.59999999999991,27.840000000000146,1.060684002877259
21661,-73.9972152709961,40.73675155639648,-73.99169158935547,40.7492790222168,390.63,2910,2910,3007.03,3397.66,97.0300000000002,-3.410605131648481e-13,0.9999999999999991
21662,-74.00385284423827,40.73830032348633,-73.99092102050781,40.74576187133789,351.13,2910,2910,-1.0,-1.0,-1,-1,0.0
21663,-74.00653076171875,40.749759674072266,-73.98527526855469,40.74383544921875,559.67,2910,2910,2949.61,3509.2799999999997,39.61000000000013,-3.410605131648481e-13,0.9999999999999994
21664,-73.99727630615234,40.742000579833984,-73.99236297607422,40.72393035888672,647.35,2910,2910,2912.9500000000003,3598.6200000000003,2.950000000000273,38.32000000000005,1.0591951803506605
21665,-73.99620819091797,40.7534408569336,-73.99078369140625,40.76256942749024,360.3,2910,2910,-1.0,-1.0,-1,-1,0.0
21666,-73.99153900146483,40.749187469482415,-74.00888061523438,40.715904235839844,641.48,2911,2911,-1.0,-1.0,-1,-1,0.0
21667,-73.9874038696289,40.7324333190918,-74.00513458251955,40.74077987670898,486.55,2911,2911,3067.96,3554.51,156.96000000000004,1.7053025658242404e-13,1.0000000000000004
21668,-73.9959259033203,40.75394821166992,-73.96725463867188,40.79840850830078,885.1,2911,2911,3056.25,3941.35,145.25,-1.1368683772161603e-13,0.9999999999999999
21669,-73.98709869384766,40.75607299804688,-73.97856903076173,40.753868103027344,277.62,2911,2911,-1.0,-1.0,-1,-1,0.0
21670,-74.00279998779298,40.74456787109375,-73.99849700927734,40.734676361083984,375.8,2911,2911,-1.0,-1.0,-1,-1,0.0
21671,-73.96478271484375,40.770057678222656,-73.95819091796875,40.78184509277344,285.09,2911,2911,-1.0,-1.0,-1,-1,0.0
21672,-73.93771362304686,40.79723358154297,-73.97156524658203,40.79510498046875,665.44,2911,2911,3150.72,3816.1600000000003,239.7199999999998,4.547473508864641e-13,1.0000000000000007
21673,-73.9954833984375,40.72463607788085,-74.00550842285155,40.74578094482422,640.88,2911,2911,2942.96,3583.84,31.960000000000036,1.1368683772161603e-13,1.0000000000000002
21674,-74.01570129394531,40.70492935180664,-73.98738098144531,40.75028991699219,1085.89,2911,2911,-1.0,-1.0,-1,-1,0.0
21675,-73.97364044189453,40.76382827758789,-73.95861053466798,40.772476196289055,445.26,2911,2911,-1.0,-1.0,-1,-1,0.0
21676,-73.9784164428711,40.777305603027344,-73.9542007446289,40.78562927246094,578.13,2911,2911,-1.0,-1.0,-1,-1,0.0
21677,-73.97852325439453,40.76476287841797,-73.98128509521484,40.75651931762695,452.04,2911,2911,-1.0,-1.0,-1,-1,0.0
21678,-73.94513702392578,40.77928161621094,-73.95005798339844,40.78553009033203,219.66,2912,2912,2956.94,3176.6,44.940000000000055,-1.4210854715202004e-13,0.9999999999999993
21679,-73.977783203125,40.755149841308594,-73.96659851074219,40.77025985717773,376.14,2912,2912,-1.0,-1.0,-1,-1,0.0
21680,-73.99414825439453,40.75103759765625,-73.98722076416014,40.76585388183594,487.89,2912,2912,-1.0,-1.0,-1,-1,0.0
21681,-74.0022735595703,40.72913360595703,-73.99492645263672,40.73991394042969,203.58,2912,2912,3022.88,3226.46,110.88000000000011,-8.526512829121202e-14,0.9999999999999996
21682,-73.95928955078125,40.77090835571289,-73.96334838867188,40.75450897216797,618.93,2912,2912,-1.0,-1.0,-1,-1,0.0
21683,-74.00594329833984,40.73583984375,-73.99295043945312,40.74383544921875,349.58,2912,2912,-1.0,-1.0,-1,-1,0.0
21684,-74.00508117675781,40.740989685058594,-73.9973373413086,40.74386978149415,279.83,2912,2912,2962.6,3242.43,50.59999999999991,-5.684341886080802e-14,0.9999999999999998
21685,-73.99095153808595,40.730201721191406,-73.98780059814453,40.72124099731445,414.91,2912,2912,2968.96,3383.87,56.960000000000036,-1.7053025658242404e-13,0.9999999999999996
21686,-73.97795867919923,40.77864074707031,-73.9771728515625,40.76529312133789,480.07,2912,2912,-1.0,-1.0,-1,-1,0.0
21687,-73.962890625,40.76987838745117,-73.95670318603516,40.77510070800781,192.91,2912,2912,-1.0,-1.0,-1,-1,0.0
21688,-73.98594665527344,40.72697067260742,-73.99214172363281,40.71761322021485,465.11,2912,2912,2949.12,3414.23,37.11999999999989,1.1368683772161603e-13,1.0000000000000002
21689,-73.96263122558594,40.77302169799805,-73.98033142089844,40.748619079589844,828.9,2913,2913,-1.0,-1.0,-1,-1,0.0
21690,-73.97831726074219,40.76266098022461,-73.96768188476562,40.761043548583984,379.82,2913,2913,2969.04,3348.86,56.039999999999964,1.7053025658242404e-13,1.0000000000000004
21691,-74.0140380859375,40.70244216918945,-74.00109100341797,40.729103088378906,707.72,2913,2913,-1.0,-1.0,-1,-1,0.0
21692,-73.99478912353516,40.73978042602539,-73.99034118652342,40.75035095214844,350.79,2913,2913,-1.0,-1.0,-1,-1,0.0
21693,-74.00370788574219,40.74757766723633,-74.0062484741211,40.73348617553711,496.45,2914,2914,-1.0,-1.0,-1,-1,0.0
21694,-73.9672622680664,40.76266860961913,-73.9876480102539,40.721675872802734,1111.61,2914,2914,2966.84,4078.4500000000003,52.840000000000146,2.2737367544323206e-13,1.0000000000000002
21695,-73.98809814453125,40.74956130981445,-73.95285034179686,40.79176330566406,1060.77,2914,2914,-1.0,-1.0,-1,-1,0.0
21696,-73.9729766845703,40.79328918457031,-73.95632934570312,40.775428771972656,663.28,2914,2914,3102.7,3765.98,188.69999999999982,2.2737367544323206e-13,1.0000000000000004
21697,-73.9728012084961,40.753150939941406,-73.95252227783203,40.77640914916992,580.77,2914,2914,-1.0,-1.0,-1,-1,0.0
21698,-73.99287414550781,40.73736572265625,-73.9880599975586,40.75396728515625,584.74,2914,2914,-1.0,-1.0,-1,-1,0.0
21699,-73.98100280761719,40.76531600952149,-73.9768829345703,40.78597259521485,617.44,2914,2914,2968.96,3586.3999999999996,54.960000000000036,-4.547473508864641e-13,0.9999999999999992
21700,-73.9912109375,40.72627639770508,-73.97907257080078,40.77510070800781,1451.41,2914,2914,3263.49,4714.9,349.4899999999998,-2.2737367544323206e-13,0.9999999999999999
21701,-73.96334838867188,40.77421188354492,-73.96898651123048,40.76581954956055,364.82,2914,2914,-1.0,-1.0,-1,-1,0.0
21702,-73.99685668945312,40.72698593139648,-74.00598907470702,40.73550033569336,377.68,2914,2914,-1.0,-1.0,-1,-1,0.0
21703,-73.9657211303711,40.76301574707031,-73.9554672241211,40.7734489440918,269.69,2915,2915,-1.0,-1.0,-1,-1,0.0
21704,-73.95269012451173,40.776763916015625,-73.9754638671875,40.75276184082031,807.63,2915,2915,3135.7,3943.33,220.69999999999982,1.1368683772161603e-13,1.0000000000000002
21705,-73.96106719970702,40.7806396484375,-73.98977661132812,40.7565803527832,1031.48,2915,2915,3069.29,4100.77,154.28999999999996,4.547473508864641e-13,1.0000000000000004
21706,-73.984375,40.74248504638672,-73.97911071777342,40.78110122680664,1137.45,2915,2915,2974.48,4137.360000000001,59.48000000000002,25.43000000000052,1.022357026682492
21707,-73.97601318359375,40.74882125854492,-74.0021743774414,40.73461532592773,783.07,2915,2915,-1.0,-1.0,-1,-1,0.0
21708,-73.99009704589844,40.77237319946289,-74.00943756103516,40.72342300415039,845.8,2915,2915,2952.76,3798.5600000000004,37.76000000000022,2.2737367544323206e-13,1.0000000000000002
21709,-73.96186065673827,40.770374298095696,-73.9639663696289,40.75787353515625,489.26,2915,2915,2974.64,3466.32,59.63999999999987,2.4200000000003,1.0049462453501212
21710,-73.98190307617188,40.7605094909668,-73.96161651611328,40.771888732910156,772.89,2915,2915,-1.0,-1.0,-1,-1,0.0
21711,-73.98137664794923,40.75973129272461,-73.9552230834961,40.77758026123047,776.49,2916,2916,-1.0,-1.0,-1,-1,0.0
21712,-74.00765991210938,40.717449188232415,-74.01752471923827,40.70813751220703,361.21,2916,2916,2940.0,3301.21,24.0,5.684341886080802e-14,1.0000000000000002
21713,-73.98394775390625,40.775634765625,-73.96615600585938,40.790626525878906,420.61,2916,2916,-1.0,-1.0,-1,-1,0.0
21714,-74.00435638427734,40.74178695678711,-73.96556091308594,40.75779342651367,1145.43,2916,2916,3026.25,4171.68,110.25,2.2737367544323206e-13,1.0000000000000002
21715,-73.97623443603516,40.7763900756836,-73.9737777709961,40.75445938110352,821.22,2916,2916,-1.0,-1.0,-1,-1,0.0
21716,-73.9583282470703,40.76958847045898,-73.96247100830078,40.77312850952149,191.8,2917,2917,2993.96,3223.42,76.96000000000004,37.660000000000025,1.1963503649635037
21717,-73.99373626708984,40.7465705871582,-74.00804901123048,40.740081787109375,436.2,2917,2917,2969.760000000001,3405.960000000001,52.76000000000113,-1.7053025658242404e-13,0.9999999999999996
21718,-73.95157623291014,40.76992416381836,-73.98434448242188,40.759361267089844,1147.73,2917,2917,2951.53,4136.36,34.5300000000002,37.099999999999454,1.0323246756641367
21719,-74.0090103149414,40.70663070678711,-74.00493621826173,40.71873092651367,425.29,2917,2917,-1.0,-1.0,-1,-1,0.0
21720,-73.98658752441406,40.73965072631836,-73.98389434814453,40.7617416381836,848.01,2917,2917,2941.41,3789.4199999999996,24.409999999999854,-2.2737367544323206e-13,0.9999999999999998
21721,-73.9766616821289,40.77547836303711,-73.95852661132812,40.77217483520508,574.1,2917,2917,-1.0,-1.0,-1,-1,0.0
21722,-73.9832763671875,40.73046875,-73.99031066894531,40.71799850463867,564.62,2918,2918,3057.59,3622.21,139.59000000000015,-1.1368683772161603e-13,0.9999999999999998
21723,-73.97252655029298,40.75640106201172,-73.962890625,40.77487564086913,580.12,2918,2918,-1.0,-1.0,-1,-1,0.0
21724,-74.00935363769531,40.70365905761719,-73.98258972167969,40.72018814086913,538.49,2918,2918,-1.0,-1.0,-1,-1,0.0
21725,-73.98705291748048,40.75566864013672,-74.00782775878906,40.751609802246094,555.32,2918,2918,-1.0,-1.0,-1,-1,0.0
21726,-73.96672058105469,40.763282775878906,-73.98955535888672,40.762489318847656,719.41,2918,2918,-1.0,-1.0,-1,-1,0.0
21727,-74.00562286376955,40.72570037841797,-73.9758071899414,40.762794494628906,1077.17,2918,2918,-1.0,-1.0,-1,-1,0.0
21728,-74.00513458251955,40.71078872680664,-73.98493194580078,40.75269317626953,1040.74,2918,2918,-1.0,-1.0,-1,-1,0.0
21729,-73.98326873779298,40.730770111083984,-73.9866714477539,40.74528884887695,560.26,2918,2918,2943.42,3550.2200000000003,25.420000000000073,46.54000000000019,1.0830685753043234
21730,-73.99226379394531,40.74879837036133,-73.9894790649414,40.73093032836913,586.96,2918,2918,2953.2599999999998,3582.98,35.25999999999976,42.76000000000022,1.0728499386670305
21731,-73.9463882446289,40.79206848144531,-73.96123504638672,40.769981384277344,516.73,2918,2918,3104.09,3620.82,186.09000000000015,0.0,1.0
21732,-73.96556854248048,40.7685775756836,-73.96168518066406,40.77717590332031,223.67,2918,2918,3010.25,3233.92,92.25,8.526512829121202e-14,1.0000000000000004
21733,-74.00572967529298,40.7510986328125,-73.94727325439453,40.83427810668945,1109.7,2919,2919,-1.0,-1.0,-1,-1,0.0
21734,-73.96260833740234,40.80492401123047,-73.9520034790039,40.824256896972656,475.82,2919,2919,3087.4700000000003,3563.29,168.47000000000025,-2.8421709430404007e-13,0.9999999999999994
21735,-73.9964828491211,40.742919921875,-73.99777221679686,40.73609924316406,190.63,2919,2919,-1.0,-1.0,-1,-1,0.0
21736,-73.95165252685547,40.769569396972656,-73.9576644897461,40.7734375,262.75,2919,2919,2947.42,3222.25,28.420000000000073,12.079999999999927,1.0459752616555658
21737,-73.99833679199219,40.74553298950195,-74.00244140625,40.76046371459961,429.2,2919,2919,2961.15,3390.35,42.15000000000009,-1.7053025658242404e-13,0.9999999999999996
21738,-73.98220825195312,40.77473831176758,-73.97455596923827,40.788440704345696,288.07,2919,2919,-1.0,-1.0,-1,-1,0.0
21739,-73.98234558105469,40.7430419921875,-73.98979949951173,40.75468826293945,629.96,2919,2919,-1.0,-1.0,-1,-1,0.0
21740,-73.98687744140625,40.761054992675774,-73.97508239746094,40.75267791748047,597.3,2919,2919,-1.0,-1.0,-1,-1,0.0
21741,-73.98492431640625,40.76087188720703,-73.98428344726562,40.76988983154297,360.55,2919,2919,-1.0,-1.0,-1,-1,0.0
21742,-73.9940185546875,40.72668838500977,-73.98113250732422,40.74951934814453,659.71,2920,2920,3013.58,3673.29,93.57999999999993,0.0,1.0
21743,-73.97845458984375,40.75225067138672,-73.95392608642578,40.770240783691406,673.65,2920,2920,-1.0,-1.0,-1,-1,0.0
21744,-73.98682403564453,40.73881149291992,-73.95368194580078,40.77095031738281,823.64,2920,2920,-1.0,-1.0,-1,-1,0.0
21745,-73.98238372802734,40.78263854980469,-73.99987030029298,40.749961853027344,695.64,2920,2920,3113.05,3808.69,193.05000000000018,-1.1368683772161603e-13,0.9999999999999999
21746,-73.97040557861328,40.75492858886719,-73.97862243652342,40.76004409790039,474.95,2920,2920,-1.0,-1.0,-1,-1,0.0
21747,-73.97937774658203,40.77666473388672,-73.97398376464845,40.73748016357422,1212.57,2921,2921,-1.0,-1.0,-1,-1,0.0
21748,-74.00135040283203,40.71640396118164,-73.99179077148438,40.72961044311523,423.25,2921,2921,3060.08,3483.33,139.07999999999993,0.0,1.0
21749,-73.9846954345703,40.76083755493164,-73.97509765625,40.75265884399415,569.63,2921,2921,-1.0,-1.0,-1,-1,0.0
21750,-73.94023895263672,40.85134887695313,-73.96192169189453,40.812175750732415,617.88,2921,2921,3485.62,4103.5,564.6199999999999,1.1368683772161603e-13,1.0000000000000002
21751,-73.97906494140625,40.74044418334961,-73.98828887939453,40.724021911621094,389.39,2922,2922,-1.0,-1.0,-1,-1,0.0
21752,-73.98748016357422,40.74196243286133,-73.97468566894531,40.79041290283203,1305.05,2922,2922,-1.0,-1.0,-1,-1,0.0
21753,-73.96454620361328,40.76026153564453,-73.97196960449219,40.75006866455078,238.63,2922,2922,2946.92,3185.55,24.920000000000073,1.1368683772161603e-13,1.0000000000000004
21754,-74.00042724609375,40.73221969604492,-73.98185729980467,40.74621963500977,574.77,2922,2922,2954.59,3587.07,32.590000000000146,57.710000000000036,1.1004053795431217
21755,-73.9729232788086,40.7576904296875,-73.97707366943358,40.74856948852539,367.3,2922,2922,-1.0,-1.0,-1,-1,0.0
21756,-73.98140716552734,40.76630783081055,-73.97808837890625,40.7783203125,338.27,2922,2922,-1.0,-1.0,-1,-1,0.0
21757,-73.9545364379883,40.77402877807617,-73.97776794433594,40.72542190551758,897.99,2922,2922,-1.0,-1.0,-1,-1,0.0
21758,-73.97547149658203,40.75201034545898,-73.9962387084961,40.73242950439453,613.87,2922,2922,-1.0,-1.0,-1,-1,0.0
21759,-73.96514892578125,40.75833129882813,-73.95006561279298,40.777244567871094,382.41,2922,2922,2940.5699999999997,3322.9799999999996,18.56999999999971,-1.7053025658242404e-13,0.9999999999999996
21760,-73.95539093017578,40.77696990966797,-73.99465942382812,40.75933074951172,1117.46,2922,2922,-1.0,-1.0,-1,-1,0.0
21761,-73.9822769165039,40.7714958190918,-73.96830749511719,40.76065444946289,563.15,2923,2923,-1.0,-1.0,-1,-1,0.0
21762,-73.97470092773438,40.77796936035156,-73.9601821899414,40.77331161499024,435.71,2923,2923,-1.0,-1.0,-1,-1,0.0
21763,-73.94869995117188,40.77392959594727,-73.95995330810547,40.76208877563477,399.68,2923,2923,2965.0299999999997,3388.79,42.029999999999745,24.08000000000021,1.0602481985588477
21764,-73.99319458007811,40.742488861083984,-73.98258209228516,40.75690078735352,393.38,2923,2923,-1.0,-1.0,-1,-1,0.0
21765,-73.98326873779298,40.71497344970703,-73.99482727050781,40.72114562988281,465.8,2923,2923,3027.67,3493.47,104.67000000000007,-2.8421709430404007e-13,0.9999999999999994
21766,-73.97957611083984,40.73553466796875,-73.95676422119139,40.76670837402344,516.1,2923,2923,3250.54,3766.6400000000003,327.53999999999996,3.410605131648481e-13,1.0000000000000007
21767,-73.96436309814453,40.7646598815918,-73.98235321044923,40.77206039428711,539.53,2923,2923,-1.0,-1.0,-1,-1,0.0
21768,-73.98623657226562,40.76205825805664,-73.94906616210938,40.78165054321289,966.61,2923,2923,-1.0,-1.0,-1,-1,0.0
21769,-73.99728393554686,40.72724533081055,-73.99681854248048,40.74245071411133,524.71,2923,2923,-1.0,-1.0,-1,-1,0.0
21770,-73.96096038818358,40.77501678466797,-73.9666976928711,40.7673225402832,205.0,2923,2923,2983.8,3188.8,60.80000000000018,0.0,1.0
21771,-74.00286865234375,40.76048278808594,-73.98865509033203,40.76011657714844,434.29,2923,2923,2976.38,3471.84,53.38000000000011,61.170000000000016,1.140850583711345
21772,-73.98216247558594,40.76823806762695,-73.97349548339844,40.76452255249024,273.53,2923,2923,-1.0,-1.0,-1,-1,0.0
21773,-73.98872375488281,40.742923736572266,-73.99108123779298,40.73341751098633,270.0,2924,2924,2949.45,3219.45,25.449999999999818,0.0,1.0
21774,-73.98165130615234,40.7618522644043,-73.96629333496094,40.7933006286621,818.37,2924,2924,2981.92,3800.29,57.92000000000007,-1.1368683772161603e-13,0.9999999999999999
21775,-73.96292877197266,40.774089813232415,-74.00932312011719,40.71733856201172,1702.71,2924,2924,2979.47,4682.18,55.4699999999998,4.547473508864641e-13,1.0000000000000002
21776,-73.97956085205078,40.72314834594727,-73.99185943603516,40.71501541137695,442.42,2924,2924,2995.46,3485.05,71.46000000000004,47.17000000000013,1.1066181456534518
21777,-73.96241760253906,40.75908660888672,-73.97805023193358,40.75499725341797,701.29,2924,2924,2956.26,3657.55,32.26000000000022,0.0,1.0
21778,-73.97922515869139,40.74866485595703,-73.9612045288086,40.76677322387695,649.41,2924,2924,-1.0,-1.0,-1,-1,0.0
21779,-73.97021484375,40.784217834472656,-73.96981048583984,40.79633331298828,296.36,2924,2924,2974.08,3270.44,50.07999999999993,1.1368683772161603e-13,1.0000000000000004
21780,-74.0015640258789,40.73079681396485,-73.99170684814453,40.74919509887695,509.83,2925,2925,2940.0,3449.83,15.0,-5.684341886080802e-14,0.9999999999999999
21781,-73.96820068359375,40.76556015014648,-73.95601654052734,40.78194808959961,449.32,2925,2925,2972.35,3421.67,47.34999999999991,1.7053025658242404e-13,1.0000000000000004
21782,-73.98282623291014,40.73093795776367,-74.00675201416014,40.744285583496094,725.71,2925,2925,2979.15,3704.86,54.15000000000009,0.0,1.0
21783,-74.0050048828125,40.74124145507813,-73.98988342285155,40.7468376159668,462.84,2925,2925,-1.0,-1.0,-1,-1,0.0
21784,-74.00128936767578,40.72031021118164,-73.98255157470702,40.761619567871094,1147.43,2925,2925,3131.7,4279.13,206.69999999999982,2.2737367544323206e-13,1.0000000000000002
21785,-73.97088623046875,40.74932861328125,-73.99047088623048,40.76130676269531,808.72,2925,2925,-1.0,-1.0,-1,-1,0.0
21786,-73.98137664794923,40.78095626831055,-73.96857452392578,40.78990936279297,328.25,2925,2925,2967.58,3295.83,42.57999999999993,0.0,1.0
21787,-73.98844146728516,40.759010314941406,-73.966796875,40.78872299194336,652.21,2926,2926,-1.0,-1.0,-1,-1,0.0
21788,-73.97183990478516,40.75381851196289,-73.97682189941406,40.76411056518555,533.63,2926,2926,2975.96,3509.59,49.960000000000036,1.1368683772161603e-13,1.0000000000000002
21789,-73.98011016845702,40.76591873168945,-74.0164794921875,40.71672821044922,1244.34,2926,2926,2940.0,4184.34,14.0,2.2737367544323206e-13,1.0000000000000002
21790,-73.97806549072266,40.74884033203125,-74.0074462890625,40.7410545349121,859.42,2926,2926,2952.18,3811.6,26.179999999999836,1.1368683772161603e-13,1.0000000000000002
21791,-73.9777603149414,40.75094604492188,-73.98695373535155,40.75788116455078,460.38,2926,2926,-1.0,-1.0,-1,-1,0.0
21792,-73.97147369384766,40.757511138916016,-73.9902114868164,40.72511672973633,785.78,2926,2926,2947.33,3783.65,21.329999999999927,50.54000000000019,1.0643182570185041
21793,-73.974853515625,40.75608825683594,-73.95333099365234,40.77965927124024,637.88,2926,2926,-1.0,-1.0,-1,-1,0.0
21794,-73.95066833496094,40.771480560302734,-73.97515869140625,40.77748107910156,604.58,2926,2926,-1.0,-1.0,-1,-1,0.0
21795,-74.00613403320312,40.7352409362793,-73.98833465576173,40.75891876220703,622.6,2926,2926,2950.58,3573.18,24.579999999999927,-1.1368683772161603e-13,0.9999999999999998
21796,-73.96434783935547,40.8076400756836,-73.98209381103516,40.76836013793945,831.54,2926,2926,3290.38,4121.92,364.3800000000001,0.0,1.0
21797,-73.97808074951173,40.75471878051758,-73.97120666503906,40.74856948852539,411.75,2926,2926,2971.99,3383.74,45.98999999999978,0.0,1.0
21798,-73.9593276977539,40.814430236816406,-73.97905731201173,40.7363510131836,1778.74,2927,2927,3220.49,4999.23,293.4899999999998,-2.2737367544323206e-13,0.9999999999999999
21799,-73.99707794189453,40.75249862670898,-73.98483276367188,40.73657989501953,650.7,2927,2927,-1.0,-1.0,-1,-1,0.0
21800,-73.9932861328125,40.762786865234375,-74.00410461425781,40.752689361572266,295.08,2927,2927,3126.09,3421.17,199.09000000000015,-5.684341886080802e-14,0.9999999999999998
21801,-74.00321960449219,40.733001708984375,-73.99427032470702,40.74085998535156,319.2,2927,2927,-1.0,-1.0,-1,-1,0.0
21802,-74.0012435913086,40.75200653076172,-73.9833984375,40.773475646972656,471.08,2927,2927,2974.5,3445.58,47.5,-5.684341886080802e-14,0.9999999999999999
21803,-73.96829223632812,40.76262283325195,-73.96685791015625,40.756874084472656,218.42,2927,2927,-1.0,-1.0,-1,-1,0.0
21804,-73.9703826904297,40.76234817504883,-73.9563751220703,40.7729721069336,436.08,2928,2928,-1.0,-1.0,-1,-1,0.0
21805,-73.98880004882812,40.76380920410156,-73.95865631103516,40.77238845825195,825.72,2928,2928,-1.0,-1.0,-1,-1,0.0
21806,-73.9546890258789,40.77866744995117,-73.9645004272461,40.764495849609375,458.12,2928,2928,-1.0,-1.0,-1,-1,0.0
21807,-74.0030288696289,40.74728775024415,-73.9909896850586,40.755531311035156,350.33,2928,2928,2985.47,3335.8,57.4699999999998,3.979039320256561e-13,1.000000000000001
21808,-73.97254943847656,40.76004409790039,-73.94924163818358,40.777103424072266,587.58,2928,2928,-1.0,-1.0,-1,-1,0.0
21809,-74.00702667236328,40.71186065673828,-74.00863647460938,40.720039367675774,289.29,2928,2928,2952.35,3307.97,24.34999999999991,66.32999999999987,1.2292854920667837
21810,-73.976318359375,40.7657356262207,-73.97522735595702,40.753013610839844,544.13,2929,2929,-1.0,-1.0,-1,-1,0.0
21811,-73.98193359375,40.76862716674805,-73.98798370361328,40.77630615234375,295.78,2929,2929,-1.0,-1.0,-1,-1,0.0
21812,-73.98853302001955,40.75362014770508,-74.0023880004883,40.734371185302734,420.93,2929,2929,-1.0,-1.0,-1,-1,0.0
21813,-73.9794921875,40.78176498413085,-73.97262573242188,40.79587936401367,283.33,2929,2929,-1.0,-1.0,-1,-1,0.0
21814,-73.98937225341797,40.747989654541016,-73.99018096923827,40.756160736083984,351.33,2929,2929,2967.34,3322.0,38.340000000000146,3.3299999999998704,1.0094782682947652
21815,-73.99114227294923,40.7328987121582,-74.01627349853516,40.7152099609375,832.27,2929,2929,2966.75,3852.94,37.75,53.92000000000007,1.0647866677880977
21816,-73.99162292480467,40.750038146972656,-73.98042297363281,40.74177932739258,497.7,2929,2929,-1.0,-1.0,-1,-1,0.0
21817,-73.97154998779298,40.76007080078125,-73.98848724365234,40.74438095092773,636.01,2929,2929,-1.0,-1.0,-1,-1,0.0
21818,-73.9747085571289,40.75931167602539,-73.95205688476562,40.79032897949219,621.56,2929,2929,-1.0,-1.0,-1,-1,0.0
21819,-73.97017669677734,40.75979995727539,-73.98583221435547,40.763580322265625,623.01,2930,2930,-1.0,-1.0,-1,-1,0.0
21820,-73.96439361572266,40.75656127929688,-73.97786712646483,40.78662872314453,904.29,2930,2930,2985.18,3889.47,55.179999999999836,0.0,1.0
21821,-73.96150970458984,40.79610061645508,-73.99172973632812,40.76628875732422,789.69,2930,2930,3003.83,3793.52,73.82999999999993,0.0,1.0
21822,-73.97771453857422,40.74238204956055,-73.97795867919923,40.71266174316406,459.83,2930,2930,-1.0,-1.0,-1,-1,0.0
21823,-74.00138092041014,40.72758102416992,-73.98262786865234,40.73114776611328,517.33,2930,2930,2973.29,3518.46,43.289999999999964,27.840000000000032,1.0538147797344055
21824,-73.96886444091797,40.75879669189453,-73.9574966430664,40.77690505981445,448.85,2930,2930,-1.0,-1.0,-1,-1,0.0
21825,-73.9830322265625,40.762779235839844,-73.99122619628906,40.74319839477539,629.27,2931,2931,-1.0,-1.0,-1,-1,0.0
21826,-73.98560333251955,40.74411010742188,-73.97657012939453,40.78073120117188,1056.79,2931,2931,-1.0,-1.0,-1,-1,0.0
21827,-73.98169708251955,40.74320983886719,-73.98861694335938,40.73149871826172,320.03,2931,2931,-1.0,-1.0,-1,-1,0.0
21828,-73.96092987060547,40.76911926269531,-73.95303344726562,40.77663040161133,210.86,2931,2931,-1.0,-1.0,-1,-1,0.0
21829,-73.97599792480467,40.765621185302734,-73.98060607910156,40.78278732299805,546.89,2931,2931,2978.86,3525.75,47.86000000000013,-1.1368683772161603e-13,0.9999999999999998
21830,-73.97123718261719,40.78278350830078,-73.97964477539062,40.7843017578125,232.8,2932,2932,2968.6000000000004,3245.68,36.600000000000364,44.27999999999946,1.190206185567008
21831,-73.98957061767578,40.73588562011719,-74.00877380371094,40.71599960327149,690.14,2932,2932,-1.0,-1.0,-1,-1,0.0
21832,-73.95470428466798,40.76575469970703,-73.97491455078125,40.73710250854492,419.79,2932,2932,3050.41,3470.2,118.40999999999985,-5.684341886080802e-14,0.9999999999999999
21833,-73.98419189453125,40.77379608154297,-73.96797943115234,40.75770950317383,833.53,2932,2932,-1.0,-1.0,-1,-1,0.0
21834,-73.99137878417969,40.73884201049805,-73.98612976074219,40.75025939941406,343.92,2932,2932,-1.0,-1.0,-1,-1,0.0
21835,-73.96595001220702,40.76201629638672,-73.95621490478516,40.76881790161133,275.24,2933,2933,-1.0,-1.0,-1,-1,0.0
21836,-73.97570037841797,40.74856185913085,-73.9594497680664,40.77156448364258,547.57,2933,2933,-1.0,-1.0,-1,-1,0.0
21837,-73.93762969970702,40.796890258789055,-73.93759155273438,40.85609817504883,942.5,2933,2933,3309.81,4252.31,376.80999999999995,4.547473508864641e-13,1.0000000000000004
21838,-73.9888687133789,40.74372863769531,-74.0010223388672,40.72941970825195,409.86,2933,2933,2979.99,3389.85,46.98999999999978,1.1368683772161603e-13,1.0000000000000002
21839,-73.97259521484375,40.75956344604492,-73.98103332519531,40.77858352661133,688.7,2933,2933,2985.42,3699.5099999999998,52.42000000000007,25.389999999999645,1.0368665601858569
21840,-73.97770690917969,40.73813247680664,-73.98702239990234,40.73402404785156,273.87,2934,2934,2962.38,3236.25,28.38000000000011,-1.1368683772161603e-13,0.9999999999999996
21841,-73.9543228149414,40.76389694213867,-73.98804473876955,40.7630615234375,993.19,2934,2934,-1.0,-1.0,-1,-1,0.0
21842,-73.99080657958984,40.75074768066406,-74.01049041748048,40.72406768798828,756.86,2934,2934,-1.0,-1.0,-1,-1,0.0
21843,-73.98612976074219,40.741058349609375,-73.99234771728516,40.7476806640625,422.58,2934,2934,2973.23,3447.56,39.23000000000002,51.74999999999994,1.122462019025983
21844,-73.97100067138672,40.79594802856445,-73.97998809814453,40.76549911499024,751.55,2934,2934,2966.14,3794.77,32.13999999999987,77.08000000000015,1.1025613731621318
21845,-74.00823974609375,40.74736022949219,-73.96231079101562,40.772220611572266,1159.0,2935,2935,-1.0,-1.0,-1,-1,0.0
21846,-73.9525146484375,40.77571487426758,-73.96194458007811,40.76417922973633,315.05,2935,2935,3428.09,3743.1400000000003,493.09000000000015,1.7053025658242404e-13,1.0000000000000004
21847,-73.99275207519531,40.76345825195313,-73.95368957519531,40.807071685791016,947.9,2935,2935,-1.0,-1.0,-1,-1,0.0
21848,-73.9842300415039,40.74264144897461,-73.99221038818358,40.74956130981445,405.42,2935,2935,-1.0,-1.0,-1,-1,0.0
21849,-73.9906997680664,40.75632095336913,-73.98216247558594,40.771427154541016,398.24,2935,2935,2944.88,3343.12,9.88000000000011,-2.2737367544323206e-13,0.9999999999999994
21850,-73.97254943847656,40.75801086425781,-73.98767852783203,40.73833847045898,578.59,2935,2935,-1.0,-1.0,-1,-1,0.0
21851,-73.98177337646483,40.765220642089844,-73.98776245117188,40.72124099731445,1477.98,2935,2935,2983.41,4530.58,48.409999999999854,69.19000000000005,1.0468138946399816
21852,-73.98065185546875,40.73009872436523,-73.99239349365234,40.7377815246582,419.58,2935,2935,2998.84,3418.42,63.840000000000146,-5.684341886080802e-14,0.9999999999999999
21853,-73.98391723632812,40.7806396484375,-73.97834014892578,40.79171371459961,277.57,2935,2935,3550.72,3828.29,615.7199999999998,1.7053025658242404e-13,1.0000000000000007
21854,-73.99249267578125,40.73575210571289,-73.9971923828125,40.72491836547852,262.38,2935,2935,2975.13,3237.51,40.13000000000011,1.1368683772161603e-13,1.0000000000000004
21855,-73.96162414550781,40.77992248535156,-73.98857879638672,40.721378326416016,1514.6,2936,2936,2977.77,4534.07,41.76999999999998,41.69999999999982,1.0275320216558825
21856,-73.98140716552734,40.78099060058594,-73.98489379882812,40.76583480834961,463.84,2936,2936,2988.26,3452.1,52.26000000000022,-2.8421709430404007e-13,0.9999999999999993
21857,-73.9738540649414,40.76320266723633,-73.99774169921875,40.73017501831055,862.09,2936,2936,-1.0,-1.0,-1,-1,0.0
21858,-73.97972106933594,40.75476455688477,-73.99198913574219,40.7475814819336,425.99,2936,2936,2950.21,3435.55,14.210000000000036,59.350000000000136,1.1393225193079652
21859,-73.98931121826173,40.74802017211913,-73.97834014892578,40.74865341186523,372.58,2936,2936,2945.76,3318.34,9.760000000000218,-5.684341886080802e-14,0.9999999999999999
21860,-73.9637222290039,40.75697326660156,-73.9820327758789,40.75210189819336,652.09,2936,2936,-1.0,-1.0,-1,-1,0.0
21861,-73.99330139160156,40.74229049682617,-73.983642578125,40.75114822387695,357.41,2936,2936,-1.0,-1.0,-1,-1,0.0
21862,-73.99510955810547,40.755455017089844,-73.99269866943358,40.767578125,363.25,2936,2936,-1.0,-1.0,-1,-1,0.0
21863,-73.9946060180664,40.74560928344727,-74.00603485107422,40.74004364013672,377.9,2936,2936,-1.0,-1.0,-1,-1,0.0
21864,-73.95320892333984,40.778480529785156,-73.95968627929686,40.763526916503906,480.55,2936,2936,3128.62,3609.17,192.6199999999999,1.7053025658242404e-13,1.0000000000000004
21865,-73.96340942382812,40.756744384765625,-73.96566009521484,40.76671981811523,318.69,2936,2936,2981.01,3299.7000000000003,45.01000000000022,5.684341886080802e-14,1.0000000000000002
21866,-73.98894500732422,40.74369430541992,-73.96177673339844,40.77447509765625,941.5,2936,2936,-1.0,-1.0,-1,-1,0.0
21867,-73.99263763427734,40.748531341552734,-74.00945281982422,40.72368621826172,621.41,2937,2937,2955.62,3577.03,18.61999999999989,3.410605131648481e-13,1.0000000000000004
21868,-73.98011016845702,40.7806053161621,-73.96018981933594,40.76137924194336,948.9,2937,2937,3028.34,3977.2400000000002,91.34000000000015,1.1368683772161603e-13,1.0000000000000002
21869,-74.01048278808594,40.70956039428711,-74.00592041015625,40.73575973510742,611.03,2937,2937,-1.0,-1.0,-1,-1,0.0
21870,-73.99462127685547,40.740230560302734,-73.98916625976562,40.74547958374024,214.21,2937,2937,2959.19,3173.4,22.190000000000055,2.842170943040401e-14,1.0000000000000002
21871,-73.9786605834961,40.7449951171875,-73.96218872070312,40.759124755859375,443.97,2937,2937,2941.95,3445.68,4.949999999999818,59.75999999999999,1.1346036894384754
21872,-73.99208068847656,40.7490234375,-73.999755859375,40.73086166381836,423.8,2937,2937,2948.3999999999987,3454.1499999999987,11.399999999998727,81.94999999999999,1.1933695139216611
21873,-73.96826171875,40.75885009765625,-73.98625946044923,40.77128982543945,765.09,2937,2937,-1.0,-1.0,-1,-1,0.0
21874,-73.9931411743164,40.73672866821289,-73.99210357666014,40.730899810791016,198.0,2937,2937,2995.26,3193.2599999999998,58.26000000000022,-4.547473508864641e-13,0.9999999999999977
21875,-73.98155212402342,40.75963973999024,-73.99139404296875,40.750186920166016,418.11,2938,2938,2976.71,3394.82,38.710000000000036,1.1368683772161603e-13,1.0000000000000002
21876,-74.00579071044923,40.733829498291016,-73.98748016357422,40.728530883789055,558.58,2938,2938,2969.53,3582.18,31.5300000000002,54.069999999999595,1.0967990261019005
21877,-73.97443389892578,40.75070190429688,-73.9864501953125,40.7617301940918,642.44,2938,2938,2974.13,3616.57,36.13000000000011,0.0,1.0
21878,-73.98159790039062,40.7328987121582,-74.00235748291014,40.746089935302734,764.84,2938,2938,2992.33,3758.94,54.32999999999993,1.7700000000000955,1.002314209507871
21879,-73.9728012084961,40.75614929199219,-73.99727630615234,40.74711990356445,775.09,2938,2938,-1.0,-1.0,-1,-1,0.0
21880,-73.9820327758789,40.72814178466797,-73.99434661865234,40.71984100341797,486.48,2938,2938,3146.72,3633.2,208.7199999999998,0.0,1.0
21881,-73.947998046875,40.78292465209961,-73.9778594970703,40.79206085205078,783.34,2939,2939,3147.5,3930.8399999999997,208.5,-3.410605131648481e-13,0.9999999999999996
21882,-73.94560241699219,40.773719787597656,-73.95784759521484,40.78464889526367,494.38,2939,2939,2960.48,3521.59,21.480000000000018,66.73000000000013,1.1349771430883129
21883,-73.9808120727539,40.784812927246094,-73.95530700683594,40.77331161499024,640.26,2939,2939,2971.67,3627.4700000000003,32.67000000000007,15.540000000000191,1.0242713897479152
21884,-73.98110961914062,40.75037384033203,-73.9720230102539,40.75305938720703,286.24,2940,2940,-1.0,-1.0,-1,-1,0.0
21885,-73.95726776123048,40.77416610717773,-73.96121978759766,40.76506042480469,296.21,2940,2940,2974.76,3270.97,34.76000000000022,-3.979039320256561e-13,0.9999999999999987
21886,-73.97118377685547,40.78274154663085,-73.9535903930664,40.787910461425774,389.86,2940,2940,3411.7599999999998,3801.62,471.75999999999976,1.1368683772161603e-13,1.0000000000000002
21887,-74.00791931152342,40.722820281982415,-73.99478149414062,40.734771728515625,436.69,2941,2941,-1.0,-1.0,-1,-1,0.0
21888,-73.99553680419923,40.7645263671875,-73.9903793334961,40.759185791015625,262.37,2941,2941,-1.0,-1.0,-1,-1,0.0
21889,-73.99952697753906,40.75431823730469,-73.97508239746094,40.78750991821289,634.99,2941,2941,-1.0,-1.0,-1,-1,0.0
21890,-73.97572326660156,40.75799179077149,-73.97676849365234,40.77518844604492,542.42,2942,2942,-1.0,-1.0,-1,-1,0.0
21891,-73.97599792480467,40.76005935668945,-73.98491668701173,40.7469482421875,349.47,2942,2942,-1.0,-1.0,-1,-1,0.0
21892,-73.95545959472656,40.7828483581543,-73.9529571533203,40.79172134399415,222.45,2942,2942,3045.2,3267.65,103.19999999999982,2.8421709430404007e-13,1.0000000000000013
21893,-73.99412536621094,40.74129104614258,-74.00362396240234,40.75078201293945,387.79,2942,2942,-1.0,-1.0,-1,-1,0.0
21894,-73.9612045288086,40.79649353027344,-73.97874450683594,40.78811264038085,381.39,2942,2942,3169.49,3550.88,227.48999999999978,3.410605131648481e-13,1.0000000000000009
21895,-73.98249053955078,40.74562454223633,-73.97866821289062,40.750953674316406,199.29,2942,2942,-1.0,-1.0,-1,-1,0.0
21896,-73.95806884765625,40.77477645874024,-73.9710235595703,40.76712417602539,392.63,2942,2942,2999.7,3392.33,57.69999999999982,1.1368683772161603e-13,1.0000000000000002
21897,-73.99664306640625,40.76332092285156,-73.98684692382812,40.74604034423828,713.47,2942,2942,-1.0,-1.0,-1,-1,0.0
21898,-73.96958923339844,40.75360107421875,-73.99311065673827,40.736759185791016,680.12,2943,2943,3117.38,3797.5,174.3800000000001,-1.1368683772161603e-13,0.9999999999999998
21899,-73.98235321044923,40.7425651550293,-73.97772979736328,40.71297836303711,561.15,2943,2943,2979.64,3587.13,36.63999999999987,46.34000000000026,1.0825804152187477
21900,-73.97477722167969,40.79323959350585,-73.99854278564453,40.71881103515625,1738.39,2943,2943,3053.75,4792.139999999999,110.75,-6.821210263296962e-13,0.9999999999999996
21901,-73.9752426147461,40.76541137695313,-73.97904968261719,40.7766990661621,351.65,2943,2943,2975.4500000000003,3407.47,32.45000000000027,80.36999999999955,1.2285511161666418
21902,-74.00303649902342,40.7391357421875,-73.9892578125,40.73898696899415,368.79,2943,2943,-1.0,-1.0,-1,-1,0.0
21903,-73.98856353759766,40.77861022949219,-73.99462127685547,40.76603317260742,266.63,2943,2943,-1.0,-1.0,-1,-1,0.0
21904,-73.97404479980467,40.75426483154297,-73.98407745361328,40.725181579589844,709.43,2944,2944,-1.0,-1.0,-1,-1,0.0
21905,-73.97193908691406,40.762859344482415,-73.98152160644531,40.77772903442383,531.42,2944,2944,-1.0,-1.0,-1,-1,0.0
21906,-73.98257446289062,40.74565505981445,-73.9910659790039,40.75574111938477,515.12,2944,2944,-1.0,-1.0,-1,-1,0.0
21907,-73.9757308959961,40.75167846679688,-73.9632797241211,40.758018493652344,345.19,2944,2944,-1.0,-1.0,-1,-1,0.0
21908,-73.99116516113281,40.75021743774415,-74.0074462890625,40.741024017333984,494.15,2944,2944,-1.0,-1.0,-1,-1,0.0
21909,-73.98262023925781,40.7461051940918,-73.98530578613281,40.73586654663085,282.92,2944,2944,-1.0,-1.0,-1,-1,0.0
21910,-73.98223114013672,40.76834487915039,-73.96751403808595,40.760498046875,536.31,2944,2944,2980.82,3579.08,36.820000000000164,61.94999999999982,1.1155115511551152
21911,-73.99416351318358,40.75643539428711,-73.99884796142578,40.72328186035156,952.61,2944,2944,3157.51,4110.12,213.51000000000022,-3.410605131648481e-13,0.9999999999999997
21912,-73.97247314453125,40.74966049194336,-74.00106048583984,40.746429443359375,815.74,2944,2944,-1.0,-1.0,-1,-1,0.0
21913,-73.98538970947266,40.7586784362793,-73.99100494384766,40.73371505737305,752.56,2944,2944,2989.7,3748.89,45.69999999999982,6.630000000000109,1.0088099287764432
21914,-73.97083282470702,40.751670837402344,-73.98053741455078,40.73841857910156,254.09,2944,2944,2974.24,3228.33,30.23999999999978,1.4210854715202004e-13,1.0000000000000007
21915,-73.95193481445312,40.78633499145508,-73.95668029785155,40.774898529052734,287.92,2944,2944,2979.04,3266.96,35.039999999999964,5.684341886080802e-14,1.0000000000000002
21916,-73.99778747558594,40.72155380249024,-74.01042938232422,40.71400833129883,476.3,2944,2944,-1.0,-1.0,-1,-1,0.0
21917,-73.96525573730467,40.76345443725585,-73.95543670654298,40.77677917480469,246.31,2945,2945,2990.61,3236.92,45.61000000000013,-5.684341886080802e-14,0.9999999999999998
21918,-73.99369812011719,40.74982070922852,-73.99256896972656,40.74507141113281,436.8,2945,2945,3032.55,3469.35,87.55000000000018,-2.8421709430404007e-13,0.9999999999999993
21919,-73.98390197753906,40.76772689819336,-73.98056030273438,40.78001022338867,328.27,2945,2945,-1.0,-1.0,-1,-1,0.0
21920,-73.98368835449219,40.76084899902344,-73.99095916748048,40.75064086914063,336.07,2945,2945,-1.0,-1.0,-1,-1,0.0
21921,-73.95896911621094,40.78098678588867,-73.95885467529298,40.77498245239258,201.41,2945,2945,3036.54,3237.95,91.53999999999996,-1.4210854715202004e-13,0.9999999999999993
21922,-73.9759292602539,40.75230026245117,-73.98887634277344,40.75709915161133,480.59,2945,2945,-1.0,-1.0,-1,-1,0.0
21923,-73.95336151123048,40.77864074707031,-73.9395980834961,40.79676055908203,248.16,2945,2945,2984.5499999999997,3232.71,39.54999999999973,3.126388037344441e-13,1.0000000000000013
21924,-73.98491668701173,40.74281311035156,-73.9916000366211,40.713966369628906,964.48,2945,2945,-1.0,-1.0,-1,-1,0.0
21925,-73.9837188720703,40.75662231445313,-73.9744873046875,40.759613037109375,307.5,2945,2945,-1.0,-1.0,-1,-1,0.0
21926,-73.97843933105469,40.77295684814453,-73.9754867553711,40.75273132324219,779.22,2945,2945,-1.0,-1.0,-1,-1,0.0
21927,-74.00065612792969,40.75779724121094,-73.98185729980467,40.763587951660156,614.41,2945,2945,-1.0,-1.0,-1,-1,0.0
21928,-73.99713134765625,40.72243881225585,-73.98184967041014,40.751628875732415,868.75,2945,2945,-1.0,-1.0,-1,-1,0.0
21929,-73.97345733642578,40.78998565673828,-73.95899200439453,40.77251815795898,671.13,2945,2945,3002.66,3673.79,57.659999999999854,1.1368683772161603e-13,1.0000000000000002
21930,-73.96196746826173,40.78065490722656,-73.96578216552734,40.75561141967773,876.03,2946,2946,2992.32,3930.0,46.320000000000164,61.649999999999864,1.0703743022499228
21931,-73.99730682373048,40.74225997924805,-74.00369262695312,40.75084686279297,289.57,2946,2946,-1.0,-1.0,-1,-1,0.0
21932,-73.98103332519531,40.75080871582031,-73.95461273193358,40.76721954345703,750.42,2946,2946,-1.0,-1.0,-1,-1,0.0
21933,-73.9945068359375,40.73635864257813,-74.00768280029298,40.740760803222656,409.42,2946,2946,-1.0,-1.0,-1,-1,0.0
21934,-74.00373077392578,40.74833297729492,-73.9949722290039,40.76361846923828,378.96,2946,2946,3005.94,3384.9,59.940000000000055,5.684341886080802e-14,1.0000000000000002
21935,-73.95430755615234,40.778892517089844,-73.9577865600586,40.7683982849121,273.38,2946,2946,3103.9900000000002,3377.37,157.99000000000024,-3.410605131648481e-13,0.9999999999999988
21936,-74.00292205810547,40.726959228515625,-73.99861145019531,40.7543830871582,632.82,2946,2946,2989.9799999999987,3691.9199999999987,43.979999999998654,69.12,1.1092253721437375
21937,-73.98827362060547,40.74583053588867,-73.99172973632812,40.71519088745117,1087.93,2947,2947,-1.0,-1.0,-1,-1,0.0
21938,-73.97607421875,40.75177383422852,-74.00988006591797,40.70528793334961,946.37,2947,2947,2982.43,3938.35,35.429999999999836,9.550000000000068,1.010091190549151
21939,-74.0130386352539,40.71635437011719,-73.9793243408203,40.75294876098633,1137.93,2947,2947,2990.42,4192.62,43.42000000000007,64.26999999999975,1.0564797483149224
21940,-73.95738220214845,40.77022171020508,-73.96853637695312,40.75495147705078,442.39,2947,2947,2992.71,3435.1,45.710000000000036,-1.1368683772161603e-13,0.9999999999999998
21941,-73.97770690917969,40.749244689941406,-74.0038070678711,40.75072860717773,762.77,2947,2947,-1.0,-1.0,-1,-1,0.0
21942,-73.97250366210938,40.759292602539055,-73.95600128173827,40.77237319946289,512.69,2947,2947,-1.0,-1.0,-1,-1,0.0
21943,-73.9803237915039,40.76520156860352,-73.9911880493164,40.76066970825195,414.28,2947,2947,-1.0,-1.0,-1,-1,0.0
21944,-73.9817123413086,40.76193618774415,-73.97975158691406,40.75563049316406,352.75,2947,2947,3063.59,3416.34,116.59000000000015,0.0,1.0
21945,-73.94582366943358,40.77795028686523,-73.98184967041014,40.75241088867188,1089.57,2947,2947,3020.58,4110.15,73.57999999999993,-2.2737367544323206e-13,0.9999999999999998
21946,-73.97846221923827,40.75297927856445,-73.9505386352539,40.7823486328125,837.2,2948,2948,-1.0,-1.0,-1,-1,0.0
21947,-74.00530242919923,40.72881317138672,-74.01742553710938,40.707191467285156,585.79,2948,2948,-1.0,-1.0,-1,-1,0.0
21948,-74.01032257080078,40.720867156982415,-74.0155029296875,40.71554946899415,199.89,2948,2948,3076.05,3275.94,128.05000000000018,-1.1368683772161603e-13,0.9999999999999994
21949,-73.9884033203125,40.748939514160156,-73.97978210449219,40.75259017944336,279.55,2948,2948,3005.83,3285.38,57.82999999999993,1.7053025658242404e-13,1.0000000000000007
21950,-74.0029754638672,40.74726104736328,-73.9549560546875,40.767253875732415,1160.05,2948,2948,2993.08,4153.13,45.07999999999993,2.2737367544323206e-13,1.0000000000000002
21951,-73.9796142578125,40.759742736816406,-73.98219299316406,40.767879486083984,317.99,2949,2949,-1.0,-1.0,-1,-1,0.0
21952,-74.0056381225586,40.74045944213867,-74.00322723388672,40.72409057617188,615.06,2949,2949,3089.54,3704.6,140.53999999999996,0.0,1.0
21953,-73.97638702392578,40.78588485717773,-73.99150848388672,40.75139617919922,1033.58,2949,2949,3001.94,4053.08,52.940000000000055,17.559999999999945,1.0169894928307435
21954,-73.9471664428711,40.78012466430664,-73.95704650878906,40.76230239868164,408.13,2949,2949,-1.0,-1.0,-1,-1,0.0
21955,-73.99553680419923,40.72473526000977,-73.97219848632812,40.747257232666016,659.57,2949,2949,3280.29,3939.86,331.28999999999996,1.1368683772161603e-13,1.0000000000000002
21956,-73.99076080322266,40.75617980957031,-73.99295043945312,40.76313781738281,265.85,2949,2949,2990.46,3256.31,41.460000000000036,-1.1368683772161603e-13,0.9999999999999996
21957,-73.98131561279298,40.7786979675293,-73.9767837524414,40.790351867675774,266.58,2949,2949,-1.0,-1.0,-1,-1,0.0
21958,-73.98716735839844,40.7333984375,-73.99156188964845,40.77051162719727,1108.74,2949,2949,3046.0,4154.74,97.0,-2.2737367544323206e-13,0.9999999999999998
21959,-73.98782348632812,40.71858978271485,-74.00045013427734,40.71849822998047,469.17,2949,2949,3132.67,3601.84,183.67000000000007,5.684341886080802e-14,1.0000000000000002
21960,-73.96662139892578,40.77298355102539,-73.99082946777342,40.73975372314453,870.94,2949,2949,-1.0,-1.0,-1,-1,0.0
21961,-73.98018646240234,40.73892593383789,-73.98881530761719,40.734878540039055,216.24,2950,2950,2982.17,3198.41,32.17000000000007,-2.2737367544323206e-13,0.999999999999999
21962,-73.97122192382812,40.74946975708008,-73.98956298828125,40.75645065307617,650.92,2950,2950,-1.0,-1.0,-1,-1,0.0
21963,-73.97393798828125,40.74781036376953,-73.98721313476562,40.715091705322266,676.38,2950,2950,-1.0,-1.0,-1,-1,0.0
21964,-73.95875549316406,40.77218627929688,-73.9456329345703,40.77813720703125,300.02,2950,2950,2976.92,3276.94,26.920000000000073,0.0,1.0
21965,-74.00783538818358,40.73288345336913,-74.0118179321289,40.71410369873047,489.88,2950,2950,-1.0,-1.0,-1,-1,0.0
21966,-73.96187591552734,40.77039337158203,-73.95494079589844,40.78330612182617,344.95,2950,2950,2986.76,3365.16,36.76000000000022,33.44999999999965,1.0969705754457157
21967,-73.99761199951173,40.74139022827149,-73.99388885498048,40.72095489501953,756.89,2950,2950,-1.0,-1.0,-1,-1,0.0
21968,-73.97723388671875,40.76444625854492,-74.00096893310547,40.73630142211913,872.77,2951,2951,-1.0,-1.0,-1,-1,0.0
21969,-73.97824096679686,40.78322982788085,-73.9768295288086,40.74742126464844,1250.31,2951,2951,3098.92,4349.2300000000005,147.92000000000007,4.547473508864641e-13,1.0000000000000004
21970,-73.97872924804686,40.782581329345696,-74.00265502929686,40.76071166992188,665.13,2951,2951,3752.09,4417.22,801.0900000000001,1.1368683772161603e-13,1.0000000000000002
21971,-73.99476623535155,40.72581481933594,-74.00251770019531,40.72317504882813,336.5,2951,2951,-1.0,-1.0,-1,-1,0.0
21972,-73.96965789794923,40.80031967163085,-73.98473358154298,40.78268051147461,391.73,2951,2951,3001.73,3393.46,50.73000000000002,0.0,1.0
21973,-73.95247650146483,40.78390884399415,-73.98191833496094,40.77693176269531,708.32,2951,2951,2970.0,3678.32,19.0,1.1368683772161603e-13,1.0000000000000002
21974,-73.97212219238281,40.7822265625,-73.9555130004883,40.77354431152344,402.42,2951,2951,2999.58,3402.0,48.57999999999993,5.684341886080802e-14,1.0000000000000002
21975,-73.9803009033203,40.74841690063477,-73.97669219970702,40.75604248046875,262.93,2951,2951,-1.0,-1.0,-1,-1,0.0
21976,-73.99845123291014,40.74058151245117,-74.00687408447266,40.74250793457031,253.96,2951,2951,-1.0,-1.0,-1,-1,0.0
21977,-74.0101547241211,40.720081329345696,-73.99144744873048,40.73004913330078,668.15,2951,2951,-1.0,-1.0,-1,-1,0.0
21978,-73.97173309326173,40.75707626342773,-73.98226928710938,40.75738525390625,480.63,2951,2951,-1.0,-1.0,-1,-1,0.0
21979,-73.9822769165039,40.7701416015625,-73.97097778320312,40.79333114624024,498.03,2952,2952,-1.0,-1.0,-1,-1,0.0
21980,-73.96681213378906,40.7674560546875,-73.97557067871094,40.75336837768555,506.47,2952,2952,-1.0,-1.0,-1,-1,0.0
21981,-74.00761413574219,40.71538162231445,-73.9992904663086,40.72279739379883,387.78,2952,2952,3007.98,3395.76,55.98000000000002,2.2737367544323206e-13,1.0000000000000007
21982,-74.00285339355469,40.76047897338867,-73.99280548095702,40.76009368896485,348.49,2952,2952,2976.38,3324.87,24.38000000000011,-2.2737367544323206e-13,0.9999999999999993
21983,-73.98333740234375,40.73838806152344,-73.99313354492188,40.72256088256836,462.03,2952,2952,-1.0,-1.0,-1,-1,0.0
21984,-73.97374725341797,40.76324081420898,-73.9932861328125,40.7612190246582,624.32,2952,2952,3207.46,3831.7799999999997,255.46000000000004,-3.410605131648481e-13,0.9999999999999994
21985,-74.00521087646483,40.733341217041016,-73.95123291015625,40.8025779724121,1623.15,2952,2952,-1.0,-1.0,-1,-1,0.0
21986,-73.99211883544923,40.738784790039055,-73.99273681640625,40.7254295349121,439.39,2952,2952,-1.0,-1.0,-1,-1,0.0
21987,-73.9818115234375,40.77843856811523,-73.9748306274414,40.79344177246094,327.39,2953,2953,3010.87,3338.2599999999998,57.86999999999989,-1.1368683772161603e-13,0.9999999999999997
21988,-73.98480224609375,40.75912857055664,-73.99919891357422,40.73395156860352,673.1,2953,2953,-1.0,-1.0,-1,-1,0.0
21989,-73.96106719970702,40.77769088745117,-73.95214080810547,40.77751159667969,286.96,2953,2953,-1.0,-1.0,-1,-1,0.0
21990,-73.98388671875,40.73765182495117,-73.97618103027344,40.748779296875,264.73,2953,2953,3009.71,3274.44,56.710000000000036,0.0,1.0
21991,-73.99134063720702,40.72387313842773,-73.99545288085938,40.7529411315918,969.31,2953,2953,3017.25,3986.56,64.25,0.0,1.0
21992,-73.988037109375,40.73771286010742,-73.99425506591797,40.72463989257813,373.39,2953,2953,-1.0,-1.0,-1,-1,0.0
21993,-73.98410034179686,40.74664688110352,-73.9632797241211,40.75790786743164,594.41,2953,2953,2970.0,3564.41,17.0,-1.1368683772161603e-13,0.9999999999999998
21994,-73.97100067138672,40.76439666748047,-73.96319580078125,40.774749755859375,225.56,2953,2953,2981.6,3207.16,28.59999999999991,-5.684341886080802e-14,0.9999999999999998
21995,-73.96204376220702,40.77376556396485,-73.95955657958984,40.7626953125,451.56,2953,2953,-1.0,-1.0,-1,-1,0.0
21996,-73.97264862060547,40.76337814331055,-73.9444580078125,40.81407928466797,1087.33,2953,2953,3061.88,4149.209999999999,108.88000000000011,-9.094947017729282e-13,0.9999999999999991
21997,-73.96080017089844,40.76116561889648,-73.94208526611328,40.79050827026367,462.96,2953,2953,3004.24,3467.2,51.23999999999978,5.684341886080802e-14,1.0000000000000002
21998,-73.98693084716798,40.73325729370117,-74.00419616699219,40.75664138793945,872.28,2954,2954,3151.41,4023.6899999999996,197.40999999999985,-2.2737367544323206e-13,0.9999999999999998
21999,-73.98528289794923,40.7403564453125,-74.00794982910156,40.7172737121582,783.35,2954,2954,-1.0,-1.0,-1,-1,0.0
22000,-73.98184204101562,40.7584114074707,-74.01426696777344,40.714031219482415,1216.59,2954,2954,3007.55,4284.9400000000005,53.55000000000018,60.80000000000041,1.0499757518966952
22001,-73.97744750976562,40.7559814453125,-73.99588012695312,40.76440048217773,677.49,2954,2954,-1.0,-1.0,-1,-1,0.0
22002,-74.00328063964845,40.70816040039063,-73.98226928710938,40.72087097167969,489.61,2954,2954,3048.71,3538.32,94.71000000000004,1.1368683772161603e-13,1.0000000000000002
22003,-73.99867248535155,40.72348403930664,-74.01337432861328,40.70235824584961,664.48,2954,2954,3008.29,3673.1800000000003,54.289999999999964,0.41000000000030923,1.0006170238381897
22004,-73.97037506103516,40.75914001464844,-74.01725769042969,40.70509719848633,1194.83,2954,2954,-1.0,-1.0,-1,-1,0.0
22005,-73.99913024902342,40.73405838012695,-74.01526641845702,40.71562957763672,612.46,2954,2954,3063.08,3675.54,109.07999999999993,0.0,1.0
22006,-73.95476531982422,40.765235900878906,-73.99102783203125,40.759422302246094,1101.42,2955,2955,-1.0,-1.0,-1,-1,0.0
22007,-73.97607421875,40.78561019897461,-73.9881134033203,40.77486038208008,330.79,2955,2955,3474.9599999999996,3805.7499999999995,519.9599999999996,-5.684341886080802e-14,0.9999999999999998
22008,-73.95198822021484,40.77787780761719,-73.97824859619139,40.773433685302734,693.58,2955,2955,2975.79,3717.78,20.789999999999964,48.410000000000196,1.0697972836586986
22009,-74.01063537597656,40.70928192138672,-73.98985290527344,40.72388458251953,607.5,2955,2955,-1.0,-1.0,-1,-1,0.0
22010,-73.97737884521484,40.758277893066406,-74.00035095214845,40.73054885864258,693.54,2955,2955,-1.0,-1.0,-1,-1,0.0
22011,-73.97969055175781,40.75313949584961,-73.97506713867188,40.782657623291016,795.26,2955,2955,-1.0,-1.0,-1,-1,0.0
22012,-73.97582244873048,40.77721405029297,-73.97708892822266,40.786170959472656,232.22,2956,2956,3008.83,3241.05,52.82999999999993,2.5579538487363607e-13,1.000000000000001
22013,-73.97798156738281,40.7625389099121,-73.98731994628906,40.7407112121582,688.98,2956,2956,-1.0,-1.0,-1,-1,0.0
22014,-73.99337005615234,40.747413635253906,-73.9622802734375,40.75799179077149,863.31,2956,2956,-1.0,-1.0,-1,-1,0.0
22015,-73.94361877441406,40.776649475097656,-73.94658660888672,40.78314971923828,226.76,2956,2956,3008.4,3235.16,52.40000000000009,-2.2737367544323206e-13,0.999999999999999
22016,-73.97028350830078,40.75703811645508,-73.95698547363281,40.76618957519531,347.69,2956,2956,-1.0,-1.0,-1,-1,0.0
22017,-73.99099731445312,40.73733520507813,-73.99681854248048,40.72214889526367,545.8,2956,2956,-1.0,-1.0,-1,-1,0.0
22018,-73.97843933105469,40.75755310058594,-73.96819305419923,40.75637817382813,438.12,2957,2957,-1.0,-1.0,-1,-1,0.0
22019,-73.98561096191406,40.77362823486328,-73.97164154052734,40.746448516845696,1075.61,2957,2957,-1.0,-1.0,-1,-1,0.0
22020,-73.98857116699219,40.73723602294922,-73.97832489013672,40.751182556152344,421.61,2957,2957,-1.0,-1.0,-1,-1,0.0
22021,-73.97606658935547,40.75217819213867,-73.98878479003906,40.745025634765625,456.53,2957,2957,-1.0,-1.0,-1,-1,0.0
22022,-73.96987915039062,40.76186752319336,-73.99040985107422,40.75104522705078,811.17,2958,2958,-1.0,-1.0,-1,-1,0.0
22023,-73.98942565917969,40.73577117919922,-73.98042297363281,40.74327087402344,311.15,2958,2958,-1.0,-1.0,-1,-1,0.0
22024,-73.9457473754883,40.77388381958008,-73.98243713378906,40.77645492553711,891.32,2958,2958,-1.0,-1.0,-1,-1,0.0
22025,-73.99115753173827,40.73924255371094,-73.97013854980467,40.74980163574219,654.96,2958,2958,-1.0,-1.0,-1,-1,0.0
22026,-73.97872161865234,40.76237487792969,-73.94588470458984,40.81046676635742,1183.11,2958,2958,-1.0,-1.0,-1,-1,0.0
22027,-73.96249389648438,40.75910949707031,-73.9529571533203,40.768272399902344,239.49,2958,2958,2994.46,3233.95,36.460000000000036,-2.2737367544323206e-13,0.999999999999999
22028,-73.9759292602539,40.76016616821289,-73.97216033935547,40.76258087158203,180.63,2959,2959,-1.0,-1.0,-1,-1,0.0
22029,-74.01582336425781,40.7114143371582,-73.9930419921875,40.76521301269531,878.76,2959,2959,-1.0,-1.0,-1,-1,0.0
22030,-74.00467681884766,40.74187850952149,-73.97827911376955,40.76689910888672,835.48,2959,2959,-1.0,-1.0,-1,-1,0.0
22031,-73.94978332519531,40.77254104614258,-73.96074676513672,40.75915145874024,379.56,2959,2959,-1.0,-1.0,-1,-1,0.0
22032,-73.9826889038086,40.77175903320313,-73.9581298828125,40.77611923217773,820.4,2959,2959,3010.38,3830.78,51.38000000000011,1.1368683772161603e-13,1.0000000000000002
22033,-74.00299072265625,40.73572158813477,-73.9568862915039,40.814170837402344,1410.06,2959,2959,-1.0,-1.0,-1,-1,0.0
22034,-73.95706176757811,40.78508758544922,-74.01023864746094,40.71905899047852,1690.55,2959,2959,2973.66,4664.21,14.659999999999854,2.2737367544323206e-13,1.0000000000000002
22035,-73.95650482177734,40.771278381347656,-74.0066146850586,40.74871826171875,1315.84,2959,2959,-1.0,-1.0,-1,-1,0.0
22036,-73.97430419921875,40.75090026855469,-73.98269653320312,40.763179779052734,720.55,2959,2959,2974.13,3784.82,15.13000000000011,90.1400000000001,1.125098882797863
22037,-73.97747802734375,40.75384140014648,-73.9953384399414,40.7422981262207,568.89,2959,2959,-1.0,-1.0,-1,-1,0.0
22038,-73.95585632324219,40.76361846923828,-73.9900131225586,40.75690078735352,1009.88,2959,2959,3059.54,4069.4199999999996,100.53999999999996,-3.410605131648481e-13,0.9999999999999997
22039,-73.99411010742188,40.73645401000977,-73.98615264892578,40.7264060974121,416.87,2959,2959,3008.72,3426.34,49.7199999999998,0.7500000000003411,1.001799122028451
22040,-73.96424865722656,40.764732360839844,-73.96168518066406,40.77297973632813,232.04,2960,2960,-1.0,-1.0,-1,-1,0.0
22041,-73.97212219238281,40.760459899902344,-73.95858764648438,40.77465057373047,451.91,2960,2960,-1.0,-1.0,-1,-1,0.0
22042,-73.97340393066406,40.752662658691406,-73.96636199951173,40.762115478515625,249.51,2960,2960,3005.18,3254.69,45.179999999999836,2.2737367544323206e-13,1.0000000000000009
22043,-73.9746551513672,40.75659942626953,-73.98759460449219,40.76218032836913,463.7,2960,2960,-1.0,-1.0,-1,-1,0.0
22044,-73.9902801513672,40.740760803222656,-73.99420928955078,40.72668838500977,421.71,2960,2960,2986.74,3409.2,26.73999999999978,0.7500000000000568,1.0017784733584691
22045,-73.98680877685547,40.722503662109375,-73.98675537109375,40.74312210083008,682.35,2960,2960,3010.88,3693.23,50.88000000000011,-1.1368683772161603e-13,0.9999999999999998
22046,-73.97264862060547,40.78584671020508,-73.96422576904298,40.77470779418945,389.55,2961,2961,3006.05,3395.6,45.05000000000018,-2.8421709430404007e-13,0.9999999999999992
22047,-73.96398162841797,40.76130676269531,-73.98551940917969,40.731651306152344,608.04,2961,2961,2992.38,3600.42,31.38000000000011,0.0,1.0
22048,-73.99552154541014,40.72526931762695,-74.00282287597656,40.72365188598633,246.0,2961,2961,3001.12,3247.12,40.11999999999989,0.0,1.0
22049,-74.00312805175781,40.73308944702149,-73.99210357666014,40.72246170043945,564.13,2961,2961,3014.74,3578.87,53.73999999999978,1.1368683772161603e-13,1.0000000000000002
22050,-73.95947265625,40.77423095703125,-73.98441314697266,40.72052001953125,1176.81,2961,2961,2972.08,4219.21,11.079999999999927,70.32000000000016,1.0597547607515234
22051,-73.95294952392578,40.767822265625,-73.9852066040039,40.722747802734375,841.67,2961,2961,-1.0,-1.0,-1,-1,0.0
22052,-73.9798812866211,40.76586151123047,-73.99447631835938,40.763370513916016,415.24,2961,2961,-1.0,-1.0,-1,-1,0.0
22053,-74.00564575195312,40.74049377441406,-74.0024185180664,40.737060546875,262.96,2961,2961,-1.0,-1.0,-1,-1,0.0
22054,-73.97592163085938,40.75154113769531,-74.00511169433594,40.70735931396485,994.08,2961,2961,3011.76,4035.14,50.76000000000022,29.299999999999613,1.02947448897473
22055,-73.98917388916014,40.740081787109375,-73.98239135742188,40.77274703979492,1011.35,2961,2961,-1.0,-1.0,-1,-1,0.0
22056,-73.97156524658203,40.76084518432617,-73.9682083129883,40.80220413208008,1013.67,2962,2962,-1.0,-1.0,-1,-1,0.0
22057,-73.9708480834961,40.79426574707031,-73.9925765991211,40.768592834472656,582.53,2962,2962,2970.0,3600.4,8.0,47.87000000000012,1.082176025269085
22058,-74.00862884521484,40.71938705444336,-74.0032958984375,40.73316192626953,362.12,2962,2962,-1.0,-1.0,-1,-1,0.0
22059,-73.98185729980467,40.7559814453125,-74.00273132324219,40.718360900878906,1050.9,2962,2962,-1.0,-1.0,-1,-1,0.0
22060,-74.00655364990234,40.74973678588867,-74.01280212402342,40.71717834472656,494.34,2962,2962,3078.42,3572.76,116.42000000000007,1.7053025658242404e-13,1.0000000000000004
22061,-73.98255920410156,40.76803970336913,-73.99079132080078,40.77117919921875,305.82,2962,2962,-1.0,-1.0,-1,-1,0.0
22062,-73.97627258300781,40.77585983276367,-73.98261260986328,40.772369384765625,183.53,2962,2962,-1.0,-1.0,-1,-1,0.0
22063,-74.00643920898438,40.73374557495117,-74.0022735595703,40.72993850708008,237.51,2962,2962,-1.0,-1.0,-1,-1,0.0
22064,-73.9650650024414,40.77522659301758,-73.9765625,40.75968551635742,446.56,2962,2962,2976.58,3423.14,14.579999999999927,-5.684341886080802e-14,0.9999999999999999
22065,-73.9898452758789,40.73549270629883,-73.95745086669923,40.76845932006836,931.55,2963,2963,3034.33,3965.88,71.32999999999993,2.2737367544323206e-13,1.0000000000000002
22066,-73.9556655883789,40.78788757324219,-73.97018432617188,40.78650665283203,282.8,2963,2963,3002.7,3311.25,39.69999999999982,25.75000000000017,1.0910537482319667
22067,-73.97724914550781,40.789695739746094,-73.97824096679686,40.778228759765625,307.35,2963,2963,3250.06,3557.41,287.05999999999995,-1.1368683772161603e-13,0.9999999999999997
22068,-74.00907135009766,40.71392059326172,-74.01583099365234,40.714561462402344,235.54,2963,2963,3142.38,3377.92,179.3800000000001,-2.842170943040401e-14,0.9999999999999999
22069,-73.98551940917969,40.72713851928711,-73.98722076416014,40.74054336547852,492.11,2963,2963,2972.7000000000003,3480.03,9.700000000000273,15.219999999999914,1.0309280445428866
22070,-73.97109985351562,40.75518035888672,-73.9510726928711,40.77925109863281,565.05,2963,2963,3178.13,3743.18,215.1300000000001,-2.2737367544323206e-13,0.9999999999999996
22071,-73.96119689941406,40.77764129638672,-73.96890258789062,40.80093002319336,599.59,2963,2963,2986.0,3661.4,23.0,75.81000000000006,1.1264363982054404
22072,-73.98918914794923,40.72916030883789,-73.94930267333984,40.76145935058594,1133.22,2963,2963,3021.47,4154.6900000000005,58.4699999999998,6.821210263296962e-13,1.0000000000000007
22073,-73.99372100830078,40.74317169189453,-73.99456024169923,40.75025939941406,267.13,2963,2963,3009.3199999999997,3276.45,46.31999999999971,1.1368683772161603e-13,1.0000000000000004
22074,-73.98423767089844,40.74920272827149,-73.983154296875,40.75632858276367,246.06,2963,2963,-1.0,-1.0,-1,-1,0.0
22075,-73.9564895629883,40.78139877319336,-73.99685668945312,40.721229553222656,1689.84,2963,2963,2984.29,4714.139999999999,21.289999999999964,40.009999999999536,1.023676797803342
22076,-73.96736907958984,40.77191162109375,-73.9909896850586,40.73950958251953,836.48,2964,2964,2972.64,3809.12,8.639999999999873,0.0,1.0
22077,-73.98500061035155,40.76435852050781,-73.97618103027344,40.78597259521485,494.64,2964,2964,2992.1400000000003,3490.67,28.140000000000327,3.889999999999759,1.0078643053533878
22078,-74.0071563720703,40.71611404418945,-74.00794982910156,40.73820877075195,566.86,2964,2964,2985.79,3590.27,21.789999999999964,37.620000000000005,1.0663655929153584
22079,-73.96176147460938,40.77976989746094,-73.97160339355469,40.76634979248047,342.33,2964,2964,3013.59,3355.92,49.590000000000146,-5.684341886080802e-14,0.9999999999999999
22080,-73.957763671875,40.76544189453125,-73.947265625,40.77972030639648,221.08,2964,2964,3004.3200000000006,3225.4000000000005,40.32000000000062,-8.526512829121202e-14,0.9999999999999997
22081,-73.97091674804686,40.7589111328125,-73.9918670654297,40.742530822753906,698.68,2964,2964,-1.0,-1.0,-1,-1,0.0
22082,-73.95565795898438,40.77251815795898,-73.9737777709961,40.74740982055664,689.18,2964,2964,-1.0,-1.0,-1,-1,0.0
22083,-74.00565338134766,40.73872756958008,-73.9951171875,40.74993896484375,313.87,2964,2964,-1.0,-1.0,-1,-1,0.0
22084,-73.96340179443358,40.76625061035156,-73.94568634033203,40.77537155151367,422.25,2964,2964,2998.0,3420.25,34.0,0.0,1.0
22085,-74.00677490234375,40.748847961425774,-74.00672912597656,40.73168182373047,446.42,2965,2965,2970.0,3416.42,5.0,5.684341886080802e-14,1.0000000000000002
22086,-73.98133850097656,40.75881958007813,-73.99131774902342,40.74077987670898,505.22,2965,2965,-1.0,-1.0,-1,-1,0.0
22087,-73.98612213134766,40.76234817504883,-73.97438049316406,40.788673400878906,578.64,2965,2965,3016.21,3627.6800000000003,51.210000000000036,32.83000000000027,1.05673648555233
22088,-73.9888687133789,40.73653030395508,-73.97267150878906,40.74495315551758,448.84,2965,2965,2992.0,3440.84,27.0,1.7053025658242404e-13,1.0000000000000004
22089,-73.9756317138672,40.75207901000977,-73.98779296875,40.73925018310547,339.2,2966,2966,2994.5499999999997,3377.2499999999995,28.549999999999727,43.49999999999983,1.1282429245283014
22090,-73.9654998779297,40.76277160644531,-73.99520874023438,40.76042938232422,983.81,2966,2966,-1.0,-1.0,-1,-1,0.0
22091,-73.97251892089844,40.74925994873047,-73.97933959960938,40.74966049194336,349.92,2966,2966,2994.12,3344.04,28.11999999999989,5.684341886080802e-14,1.0000000000000002
22092,-74.00466918945312,40.71623229980469,-74.01362609863281,40.708961486816406,365.89,2966,2966,-1.0,-1.0,-1,-1,0.0
22093,-73.99969482421875,40.733314514160156,-74.00181579589844,40.751712799072266,501.98,2966,2966,2971.0600000000004,3554.9,5.0600000000004,81.85999999999967,1.1630742260647828
22094,-73.99200439453125,40.72550964355469,-74.00093841552734,40.74636459350585,774.82,2966,2966,3017.59,3819.4900000000002,51.590000000000146,27.08000000000004,1.034950052915516
22095,-74.00933074951173,40.70634078979492,-73.98951721191406,40.723060607910156,458.42,2966,2966,-1.0,-1.0,-1,-1,0.0
22096,-73.97181701660156,40.75746154785156,-73.96337127685547,40.75436782836913,287.83,2966,2966,-1.0,-1.0,-1,-1,0.0
22097,-73.96228790283203,40.76314163208008,-73.97286987304686,40.748741149902344,374.26,2966,2966,-1.0,-1.0,-1,-1,0.0
22098,-73.98324584960938,40.75674819946289,-73.9886016845703,40.77425384521485,642.91,2967,2967,2970.0,3648.9,3.0,35.99000000000012,1.055979841657464
22099,-73.9935302734375,40.72460174560547,-73.99495697021484,40.75028991699219,775.43,2967,2967,2983.03,3851.38,16.0300000000002,92.91999999999996,1.1198302877113344
22100,-73.99904632568358,40.73432922363281,-74.01248168945312,40.71617889404297,565.5,2967,2967,3150.75,3716.25,183.75,0.0,1.0
22101,-73.98543548583984,40.744407653808594,-73.97321319580078,40.76272583007813,528.65,2967,2967,-1.0,-1.0,-1,-1,0.0
22102,-73.97954559326173,40.746768951416016,-74.00355529785155,40.7227668762207,789.54,2968,2968,-1.0,-1.0,-1,-1,0.0
22103,-73.98712921142578,40.766090393066406,-73.99040222167969,40.7508201599121,552.02,2968,2968,-1.0,-1.0,-1,-1,0.0
22104,-73.99817657470702,40.73548889160156,-73.97803497314453,40.763832092285156,742.84,2968,2968,-1.0,-1.0,-1,-1,0.0
22105,-73.97146606445312,40.78192138671875,-73.98454284667969,40.76754760742188,394.9,2968,2968,2999.45,3416.75,31.449999999999818,22.400000000000205,1.0567232210686255
22106,-73.96953582763672,40.76092147827149,-73.98296356201173,40.74209213256836,456.21,2968,2968,2976.28,3432.4900000000002,8.2800000000002,5.684341886080802e-14,1.0000000000000002
22107,-73.98193359375,40.75509643554688,-73.990966796875,40.75038528442383,300.54,2968,2968,-1.0,-1.0,-1,-1,0.0
22108,-73.97355651855469,40.78453826904297,-73.9735107421875,40.792236328125,203.01,2969,2969,3047.08,3250.09,78.07999999999993,2.2737367544323206e-13,1.000000000000001
22109,-73.97450256347656,40.76205825805664,-73.9783477783203,40.74854278564453,487.51,2969,2969,-1.0,-1.0,-1,-1,0.0
22110,-74.01580047607422,40.71522903442383,-73.99472045898438,40.7258415222168,696.84,2969,2969,-1.0,-1.0,-1,-1,0.0
22111,-73.9896926879883,40.767478942871094,-73.96636962890625,40.808250427246094,704.2,2969,2969,2971.02,3751.43,2.019999999999982,76.20999999999981,1.1082220959954556
22112,-73.96805572509766,40.76494598388672,-73.95680236816406,40.76677703857422,333.38,2969,2969,-1.0,-1.0,-1,-1,0.0
22113,-73.95220947265625,40.7690315246582,-73.96121978759766,40.75659942626953,346.11,2969,2969,-1.0,-1.0,-1,-1,0.0
22114,-73.98612976074219,40.77740478515625,-73.98435974121094,40.767391204833984,274.87,2969,2969,-1.0,-1.0,-1,-1,0.0
22115,-73.99286651611328,40.758125305175774,-73.98382568359375,40.74982070922852,427.71,2969,2969,-1.0,-1.0,-1,-1,0.0
22116,-73.96875,40.75488662719727,-73.99799346923827,40.73538208007813,784.45,2969,2969,2995.06,3779.5099999999998,26.059999999999945,-2.2737367544323206e-13,0.9999999999999997
22117,-73.98695373535155,40.73937225341797,-73.98531341552734,40.7318229675293,275.61,2970,2970,3014.3,3300.58,44.30000000000018,10.669999999999732,1.0387141250317469
22118,-73.96532440185547,40.755218505859375,-73.97834014892578,40.76653671264648,707.67,2970,2970,3064.15,3771.82,94.15000000000009,1.1368683772161603e-13,1.0000000000000002
22119,-73.99946594238281,40.7286491394043,-74.0150375366211,40.71548843383789,583.93,2970,2970,3109.96,3693.89,139.96000000000004,-1.1368683772161603e-13,0.9999999999999998
22120,-73.9588394165039,40.77492904663085,-73.94625854492188,40.77264404296875,333.16,2970,2970,2995.07,3387.27,25.070000000000164,59.03999999999979,1.1772121503181647
22121,-73.97005462646483,40.76550674438477,-73.97842407226562,40.772369384765625,294.67,2970,2970,3025.87,3320.54,55.86999999999989,5.684341886080802e-14,1.0000000000000002
22122,-73.95064544677734,40.77113342285156,-73.9545364379883,40.77906036376953,237.83,2970,2970,-1.0,-1.0,-1,-1,0.0
22123,-73.99044036865234,40.756511688232415,-73.969482421875,40.75872039794922,783.67,2970,2970,3009.96,3805.16,39.960000000000036,11.529999999999859,1.0147128255515712
22124,-73.98067474365234,40.7509994506836,-73.95708465576173,40.814395904541016,1426.74,2971,2971,-1.0,-1.0,-1,-1,0.0
22125,-73.97728729248048,40.774391174316406,-73.9639129638672,40.766029357910156,493.96,2971,2971,-1.0,-1.0,-1,-1,0.0
22126,-73.99105834960938,40.75080871582031,-74.00823211669923,40.73632049560547,540.49,2971,2971,3025.66,3601.66,54.659999999999854,35.50999999999999,1.0656996429166128
22127,-73.96012878417969,40.76628875732422,-73.98003387451173,40.7391357421875,639.39,2971,2971,3017.51,3656.9,46.51000000000022,-1.1368683772161603e-13,0.9999999999999998
22128,-74.00137329101562,40.74114227294922,-73.98914337158203,40.74140167236328,324.83,2971,2971,-1.0,-1.0,-1,-1,0.0
22129,-73.95431518554686,40.77899169921875,-73.98146820068358,40.7808952331543,621.53,2971,2971,3085.96,3707.49,114.96000000000004,-2.2737367544323206e-13,0.9999999999999997
22130,-73.95143127441406,40.774238586425774,-73.99412536621094,40.710391998291016,1214.62,2971,2971,3060.04,4274.66,89.03999999999996,0.0,1.0
22131,-73.9952163696289,40.73964309692383,-74.00274658203125,40.739906311035156,219.16,2971,2971,-1.0,-1.0,-1,-1,0.0
22132,-73.98240661621094,40.73981857299805,-73.96330261230467,40.76554870605469,642.36,2971,2971,3013.87,3656.23,42.86999999999989,1.1368683772161603e-13,1.0000000000000002
22133,-73.99455261230467,40.72844314575195,-74.01092529296875,40.71678161621094,569.67,2971,2971,3021.33,3641.65,50.32999999999993,50.650000000000205,1.0889111239840612
22134,-73.9817886352539,40.74372100830078,-73.9888916015625,40.72304153442383,576.35,2972,2972,-1.0,-1.0,-1,-1,0.0
22135,-74.00402069091797,40.725318908691406,-73.99416351318358,40.72578048706055,296.63,2972,2972,-1.0,-1.0,-1,-1,0.0
22136,-73.98876953125,40.73398971557617,-73.98499298095702,40.71902847290039,622.49,2972,2972,3030.6,3653.09,58.59999999999991,2.2737367544323206e-13,1.0000000000000004
22137,-73.96253204345702,40.76287841796875,-73.96903991699219,40.760841369628906,239.37,2972,2972,-1.0,-1.0,-1,-1,0.0
22138,-73.98950958251955,40.72998809814453,-73.96266174316406,40.76546096801758,878.05,2972,2972,3232.29,4110.34,260.28999999999996,2.2737367544323206e-13,1.0000000000000002
22139,-73.98126983642578,40.74433135986328,-73.97799682617188,40.75654983520508,468.62,2972,2972,-1.0,-1.0,-1,-1,0.0
22140,-73.97460174560547,40.75607681274415,-73.97479248046875,40.783050537109375,762.69,2972,2972,-1.0,-1.0,-1,-1,0.0
22141,-73.9620590209961,40.77951049804688,-73.98458099365234,40.72732162475585,1363.18,2973,2973,3013.59,4418.62,40.590000000000146,41.84999999999968,1.030700274358485
22142,-73.96104431152342,40.76739883422852,-73.9521255493164,40.77338790893555,233.93,2973,2973,-1.0,-1.0,-1,-1,0.0
22143,-73.97136688232422,40.76088333129883,-73.95758056640625,40.77959060668945,440.2,2973,2973,-1.0,-1.0,-1,-1,0.0
22144,-73.97969055175781,40.746559143066406,-73.98743438720702,40.725341796875,524.92,2973,2973,3028.5099999999998,3568.19,55.50999999999976,14.760000000000332,1.028118570448831
22145,-73.98634338378906,40.75153732299805,-73.9798583984375,40.75316619873047,216.47,2973,2973,-1.0,-1.0,-1,-1,0.0
22146,-73.99476623535155,40.750450134277344,-73.95619201660156,40.77396011352539,1139.57,2973,2973,3019.83,4159.4,46.82999999999993,-2.2737367544323206e-13,0.9999999999999998
22147,-73.97139739990234,40.757190704345696,-73.98767852783203,40.73557662963867,601.71,2973,2973,-1.0,-1.0,-1,-1,0.0
22148,-73.97527313232422,40.75012969970703,-73.92292785644531,40.86796951293945,1692.72,2973,2973,-1.0,-1.0,-1,-1,0.0
22149,-73.98375701904298,40.74376678466797,-73.99073028564453,40.75603485107422,568.68,2974,2974,-1.0,-1.0,-1,-1,0.0
22150,-74.00254821777344,40.70886993408203,-74.00921630859375,40.71686172485352,393.5,2974,2974,-1.0,-1.0,-1,-1,0.0
22151,-74.00445556640625,40.74708938598633,-73.99609375,40.75883865356445,227.45,2974,2974,3128.46,3355.91,154.46000000000004,-1.7053025658242404e-13,0.9999999999999992
22152,-73.96878814697266,40.79126739501953,-73.96122741699219,40.80022048950195,316.88,2974,2974,3100.83,3417.71,126.82999999999993,1.1368683772161603e-13,1.0000000000000004
22153,-73.97731018066406,40.7640495300293,-73.94722747802734,40.780120849609375,803.01,2974,2974,3009.37,3869.91,35.36999999999989,57.52999999999997,1.071642943425362
22154,-73.9750442504883,40.75534057617188,-73.95352172851562,40.767433166503906,635.64,2974,2974,-1.0,-1.0,-1,-1,0.0
22155,-74.0064697265625,40.744590759277344,-73.99165344238281,40.7647819519043,380.16,2975,2975,3008.14,3388.3,33.13999999999987,2.8421709430404007e-13,1.0000000000000007
22156,-73.98446655273438,40.76470947265625,-73.93714904785155,40.85406494140625,1141.12,2975,2975,3124.29,4265.41,149.28999999999996,0.0,1.0
22157,-73.99864196777344,40.75546646118164,-73.98368072509766,40.758094787597656,409.35,2975,2975,3262.53,3671.88,287.5300000000002,-1.1368683772161603e-13,0.9999999999999997
22158,-73.98719024658203,40.75548934936523,-73.98833465576173,40.73860168457031,542.05,2975,2975,3005.91,3611.7000000000003,30.909999999999854,63.740000000000464,1.1175906281708339
22159,-73.98699188232422,40.7661361694336,-73.96240997314453,40.7688102722168,692.14,2975,2975,-1.0,-1.0,-1,-1,0.0
22160,-73.99146270751955,40.74983978271485,-73.96526336669923,40.75500869750977,847.48,2975,2975,-1.0,-1.0,-1,-1,0.0
22161,-73.99329376220702,40.7527732849121,-73.9807891845703,40.75083923339844,398.68,2975,2975,-1.0,-1.0,-1,-1,0.0
22162,-73.97464752197266,40.755775451660156,-73.98558044433594,40.72927856445313,715.36,2975,2975,-1.0,-1.0,-1,-1,0.0
22163,-73.97341918945312,40.756511688232415,-73.98416900634766,40.75090026855469,362.34,2975,2975,-1.0,-1.0,-1,-1,0.0
22164,-73.97415161132812,40.75458908081055,-74.00177001953125,40.751609802246094,835.32,2975,2975,-1.0,-1.0,-1,-1,0.0
22165,-73.98338317871094,40.76620101928711,-73.96914672851562,40.766761779785156,432.69,2976,2976,-1.0,-1.0,-1,-1,0.0
22166,-73.98693084716798,40.77168655395508,-73.97469329833984,40.79070663452149,405.25,2976,2976,-1.0,-1.0,-1,-1,0.0
22167,-73.99134063720702,40.75006866455078,-73.97540283203125,40.757469177246094,612.71,2976,2976,3016.72,3629.43,40.7199999999998,0.0,1.0
22168,-73.98536682128906,40.74741744995117,-73.9822006225586,40.76226425170898,674.85,2976,2976,-1.0,-1.0,-1,-1,0.0
22169,-73.9592514038086,40.77164077758789,-73.94784545898438,40.77633666992188,284.69,2976,2976,-1.0,-1.0,-1,-1,0.0
22170,-74.00450134277344,40.72148132324219,-73.9881134033203,40.7647590637207,1027.66,2976,2976,3188.46,4216.12,212.46000000000004,-2.2737367544323206e-13,0.9999999999999998
22171,-73.95098876953125,40.77906036376953,-73.98987579345702,40.77584838867188,913.81,2976,2976,4043.2199999999993,4957.03,1067.2199999999993,4.547473508864641e-13,1.0000000000000004
22172,-73.95563507080078,40.78157043457031,-73.9667739868164,40.788738250732415,354.58,2976,2976,3023.83,3402.37,47.82999999999993,23.95999999999998,1.067572903153026
22173,-73.9843521118164,40.74013137817383,-73.99956512451173,40.7457389831543,421.74,2977,2977,-1.0,-1.0,-1,-1,0.0
22174,-74.00279235839844,40.760536193847656,-73.9834976196289,40.76633834838867,540.51,2977,2977,3082.58,3623.09,105.57999999999993,2.2737367544323206e-13,1.0000000000000004
22175,-73.95738983154298,40.76853942871094,-73.96665954589844,40.78884887695313,618.84,2977,2977,3000.0,3618.84,23.0,1.1368683772161603e-13,1.0000000000000002
22176,-73.94624328613281,40.77562713623047,-73.98279571533203,40.7653694152832,1048.33,2977,2977,-1.0,-1.0,-1,-1,0.0
22177,-73.95840454101562,40.76884841918945,-73.96336364746094,40.76207733154297,220.21,2977,2977,3028.96,3249.17,51.960000000000036,2.842170943040401e-14,1.0000000000000002
22178,-73.95649719238281,40.76832962036133,-73.9522476196289,40.78142166137695,281.25,2977,2977,-1.0,-1.0,-1,-1,0.0
22179,-74.00370788574219,40.748390197753906,-73.9915771484375,40.73994827270508,390.45,2977,2977,3156.29,3546.7400000000002,179.28999999999996,2.8421709430404007e-13,1.0000000000000007
22180,-74.00440216064453,40.722740173339844,-73.98042297363281,40.74245071411133,810.47,2978,2978,-1.0,-1.0,-1,-1,0.0
22181,-73.99949645996094,40.72221374511719,-73.98702239990234,40.71800231933594,610.63,2978,2978,3143.37,3754.0,165.3699999999999,1.1368683772161603e-13,1.0000000000000002
22182,-73.99685668945312,40.72038650512695,-74.01160430908203,40.71397018432617,552.68,2978,2978,-1.0,-1.0,-1,-1,0.0
22183,-73.98143005371094,40.78081512451172,-73.9426498413086,40.846134185791016,883.54,2978,2978,3031.38,3914.92,53.38000000000011,0.0,1.0
22184,-74.0157699584961,40.7049217224121,-74.0028076171875,40.76052856445313,926.63,2978,2978,3075.28,4001.9099999999994,97.2800000000002,-7.958078640513122e-13,0.9999999999999991
22185,-73.99530029296875,40.72317123413085,-74.00831604003906,40.715816497802734,540.96,2978,2978,-1.0,-1.0,-1,-1,0.0
22186,-73.98552703857422,40.759803771972656,-73.9537811279297,40.772804260253906,1003.11,2978,2978,-1.0,-1.0,-1,-1,0.0
22187,-73.97661590576173,40.76491165161133,-74.00330352783203,40.72306442260742,1249.34,2978,2978,-1.0,-1.0,-1,-1,0.0
22188,-74.01163482666014,40.70331573486328,-73.98140716552734,40.758079528808594,1219.75,2978,2978,3240.16,4459.91,262.15999999999985,0.0,1.0
22189,-73.97977447509766,40.76609420776367,-73.99095153808595,40.75067138671875,535.16,2978,2978,3026.92,3562.0800000000004,48.92000000000007,3.410605131648481e-13,1.0000000000000007
22190,-74.01325988769531,40.71448516845703,-74.00907897949219,40.73123550415039,288.18,2979,2979,-1.0,-1.0,-1,-1,0.0
22191,-73.98038482666014,40.75859451293945,-73.99282836914062,40.737300872802734,559.01,2979,2979,-1.0,-1.0,-1,-1,0.0
22192,-73.96804809570312,40.792198181152344,-73.97845458984375,40.77812194824219,244.34,2979,2979,3028.69,3273.0299999999997,49.690000000000055,-3.126388037344441e-13,0.9999999999999987
22193,-73.9721450805664,40.758583068847656,-73.98786926269531,40.73118209838867,778.84,2979,2979,-1.0,-1.0,-1,-1,0.0
22194,-73.99525451660156,40.7332763671875,-73.98641204833984,40.73443603515625,310.54,2979,2979,3118.5,3429.04,139.5,-5.684341886080802e-14,0.9999999999999998
22195,-73.9496078491211,40.78131103515625,-73.98015594482422,40.78596878051758,690.45,2979,2979,3220.41,3910.86,241.40999999999985,2.2737367544323206e-13,1.0000000000000002
22196,-73.9927749633789,40.74956130981445,-74.00849914550781,40.73405456542969,478.16,2980,2980,3009.72,3556.88,29.7199999999998,69.00000000000028,1.144303162121466
22197,-73.95809173583984,40.77312850952149,-73.95014953613281,40.78813171386719,263.44,2980,2980,-1.0,-1.0,-1,-1,0.0
22198,-73.9738998413086,40.78725814819336,-73.9527816772461,40.78900909423828,486.62,2980,2980,3179.96,3666.58,199.96000000000004,-1.1368683772161603e-13,0.9999999999999998
22199,-74.01128387451173,40.71119689941406,-74.00695037841797,40.70659637451172,271.84,2980,2980,-1.0,-1.0,-1,-1,0.0
22200,-73.9886016845703,40.774280548095696,-73.97649383544923,40.784080505371094,297.18,2980,2980,3026.33,3323.51,46.32999999999993,2.8421709430404007e-13,1.0000000000000009
22201,-73.98231506347656,40.77253723144531,-73.97701263427734,40.78596496582031,317.95,2980,2980,3028.83,3346.78,48.82999999999993,2.8421709430404007e-13,1.0000000000000009
22202,-73.97468566894531,40.75679397583008,-73.9893569946289,40.77447891235352,841.56,2980,2980,-1.0,-1.0,-1,-1,0.0
22203,-73.99042510986328,40.7403450012207,-73.99030303955078,40.73115158081055,296.13,2980,2980,-1.0,-1.0,-1,-1,0.0
22204,-73.9817886352539,40.74730682373047,-73.99018859863281,40.75087356567383,292.37,2980,2980,-1.0,-1.0,-1,-1,0.0
22205,-73.97030639648438,40.7602424621582,-73.98545837402342,40.75750350952149,643.12,2980,2980,3002.5,3661.8,22.5,16.180000000000177,1.0251586018161465
22206,-73.99134063720702,40.745548248291016,-74.00801849365234,40.74570846557617,525.41,2981,2981,-1.0,-1.0,-1,-1,0.0
22207,-73.97461700439453,40.75648880004883,-73.9569091796875,40.77764129638672,657.98,2981,2981,-1.0,-1.0,-1,-1,0.0
22208,-73.96357727050781,40.77136993408203,-73.98802947998048,40.73753356933594,946.59,2981,2981,-1.0,-1.0,-1,-1,0.0
22209,-73.97853851318358,40.762451171875,-73.94617462158203,40.77721405029297,880.92,2981,2981,-1.0,-1.0,-1,-1,0.0
22210,-73.95887756347656,40.77817916870117,-74.00277709960938,40.71549987792969,1680.63,2981,2981,3019.15,4758.4800000000005,38.15000000000009,58.70000000000027,1.0349273784235675
22211,-73.98091125488281,40.76438522338867,-73.98654174804686,40.7665901184082,209.05,2981,2981,-1.0,-1.0,-1,-1,0.0
22212,-73.96315002441406,40.76916885375977,-73.96952056884766,40.76042556762695,270.71,2982,2982,-1.0,-1.0,-1,-1,0.0
22213,-73.9854965209961,40.74446868896485,-73.9833984375,40.75704956054688,423.69,2982,2982,-1.0,-1.0,-1,-1,0.0
22214,-73.97795867919923,40.755165100097656,-73.97899627685547,40.760650634765625,302.3,2982,2982,-1.0,-1.0,-1,-1,0.0
22215,-73.97491455078125,40.762031555175774,-74.00131225585938,40.73629379272461,788.8,2982,2982,-1.0,-1.0,-1,-1,0.0
22216,-73.97704315185547,40.77682876586913,-73.9779281616211,40.78384017944336,202.97,2982,2982,3008.83,3211.8,26.829999999999927,2.5579538487363607e-13,1.0000000000000013
22217,-73.96802520751955,40.76557922363281,-74.00326538085938,40.74380874633789,1123.13,2982,2982,-1.0,-1.0,-1,-1,0.0
22218,-73.98218536376955,40.776145935058594,-73.98877716064453,40.758487701416016,550.71,2982,2982,-1.0,-1.0,-1,-1,0.0
22219,-73.96891021728516,40.76655578613281,-73.97589874267578,40.780517578125,475.3,2982,2982,-1.0,-1.0,-1,-1,0.0
22220,-74.0025863647461,40.73945999145508,-73.98831176757811,40.74321746826172,428.46,2982,2982,-1.0,-1.0,-1,-1,0.0
22221,-73.9677505493164,40.75929641723633,-73.96649932861328,40.76978302001953,343.16,2982,2982,-1.0,-1.0,-1,-1,0.0
22222,-73.98380279541014,40.738128662109375,-73.99041748046875,40.73480987548828,216.51,2983,2983,-1.0,-1.0,-1,-1,0.0
22223,-73.98298645019531,40.73875045776367,-74.00150299072266,40.73596572875977,520.74,2983,2983,-1.0,-1.0,-1,-1,0.0
22224,-73.9668960571289,40.804176330566406,-73.97296905517578,40.793128967285156,235.6,2983,2983,3126.12,3361.72,143.1199999999999,-8.526512829121202e-14,0.9999999999999997
22225,-73.97478485107422,40.75074768066406,-73.95117950439453,40.77455139160156,565.85,2983,2983,-1.0,-1.0,-1,-1,0.0
22226,-73.99535369873048,40.71728515625,-73.98504638671875,40.72840881347656,378.28,2983,2983,3256.7,3634.98,273.6999999999998,2.2737367544323206e-13,1.0000000000000007
22227,-74.0157699584961,40.71147155761719,-73.98030853271484,40.777259826660156,1219.87,2984,2984,-1.0,-1.0,-1,-1,0.0
22228,-73.99734497070312,40.73675155639648,-73.9967041015625,40.749412536621094,357.3,2984,2984,3027.3,3405.9,43.30000000000018,21.299999999999898,1.0596137699412256
22229,-74.007080078125,40.7052116394043,-73.97598266601562,40.75139999389648,865.2,2984,2984,3105.55,3970.75,121.55000000000018,-2.2737367544323206e-13,0.9999999999999998
22230,-73.96732330322266,40.7565803527832,-73.97892761230467,40.74361038208008,387.83,2984,2984,3019.17,3407.0,35.17000000000007,-5.684341886080802e-14,0.9999999999999999
22231,-73.98531341552734,40.74462127685547,-73.9742431640625,40.750770568847656,365.62,2984,2984,-1.0,-1.0,-1,-1,0.0
22232,-73.99958038330078,40.71850204467773,-73.98736572265625,40.72198867797852,444.48,2985,2985,3075.58,3520.06,90.57999999999993,0.0,1.0
22233,-73.96912384033203,40.79861831665039,-73.95328521728516,40.78348159790039,726.52,2985,2985,3337.63,4064.15,352.6300000000001,0.0,1.0
22234,-73.99329376220702,40.72235107421875,-73.9898910522461,40.73389053344727,315.02,2985,2985,-1.0,-1.0,-1,-1,0.0
22235,-74.00980377197266,40.7058982849121,-73.99189758300781,40.72596740722656,651.04,2985,2985,-1.0,-1.0,-1,-1,0.0
22236,-73.98309326171875,40.75049209594727,-73.96620178222656,40.76175308227539,626.2,2985,2985,3034.04,3660.2400000000002,49.039999999999964,2.2737367544323206e-13,1.0000000000000004
22237,-73.96316528320312,40.77513885498047,-73.98197937011719,40.772159576416016,520.11,2985,2985,-1.0,-1.0,-1,-1,0.0
22238,-73.97229766845702,40.760719299316406,-73.98712158203125,40.73902893066406,620.54,2986,2986,-1.0,-1.0,-1,-1,0.0
22239,-73.99246215820312,40.73794174194336,-74.01490020751955,40.7109489440918,840.9,2986,2986,3029.92,3887.3399999999997,43.92000000000007,16.51999999999964,1.0196456177904623
22240,-74.00408172607422,40.747947692871094,-73.99565124511719,40.7645378112793,407.71,2986,2986,3043.08,3450.79,57.07999999999993,5.684341886080802e-14,1.0000000000000002
22241,-73.96879577636719,40.75030899047852,-73.95201873779298,40.781585693359375,616.76,2986,2986,3008.9500000000003,3682.96,22.950000000000273,57.24999999999977,1.0928237888319603
22242,-73.99642944335938,40.75098037719727,-73.99566650390625,40.75946807861328,268.24,2986,2986,-1.0,-1.0,-1,-1,0.0
22243,-73.99215698242188,40.74519348144531,-73.965087890625,40.76363754272461,891.74,2986,2986,3034.3,3957.82,48.30000000000018,31.779999999999973,1.0356381905039584
22244,-73.98050689697266,40.7701530456543,-73.9828567504883,40.77681350708008,229.99,2986,2986,-1.0,-1.0,-1,-1,0.0
22245,-73.9910888671875,40.73902893066406,-74.01110076904298,40.71607971191406,709.7,2986,2986,3008.7999999999997,3718.5,22.799999999999727,2.2737367544323206e-13,1.0000000000000002
22246,-73.9906997680664,40.73931121826172,-73.96479797363281,40.77252197265625,1008.89,2987,2987,-1.0,-1.0,-1,-1,0.0
22247,-73.96493530273438,40.77543640136719,-73.99132537841797,40.7503318786621,973.89,2987,2987,3038.1800000000003,4012.07,51.18000000000029,-1.1368683772161603e-13,0.9999999999999999
22248,-74.0022964477539,40.7558708190918,-74.00797271728516,40.7404899597168,493.37,2987,2987,3021.67,3530.0,34.67000000000007,14.959999999999923,1.0303220706569105
22249,-74.00570678710938,40.750633239746094,-73.9923095703125,40.74531936645508,380.58,2987,2987,3022.21,3402.79,35.210000000000036,-5.684341886080802e-14,0.9999999999999999
22250,-73.9764633178711,40.78884887695313,-73.96601104736328,40.79883575439453,239.14,2987,2987,3089.43,3328.57,102.42999999999984,3.410605131648481e-13,1.0000000000000013
22251,-73.99290466308595,40.75811767578125,-74.00790405273438,40.75191879272461,418.78,2987,2987,3127.71,3546.4900000000002,140.71000000000004,2.2737367544323206e-13,1.0000000000000004
22252,-73.94849395751955,40.78244018554688,-73.95133209228516,40.77189636230469,268.66,2987,2987,3005.37,3333.23,18.36999999999989,59.2000000000001,1.2203528623539048
22253,-73.97757720947266,40.75906372070313,-73.94881439208984,40.78323364257813,828.36,2988,2988,-1.0,-1.0,-1,-1,0.0
22254,-73.99595642089844,40.74029922485352,-74.01094055175781,40.708171844482415,924.08,2988,2988,-1.0,-1.0,-1,-1,0.0
22255,-74.0061798095703,40.73456954956055,-73.99453735351562,40.75054168701172,343.25,2988,2988,-1.0,-1.0,-1,-1,0.0
22256,-73.95197296142578,40.781349182128906,-73.98751068115234,40.73904418945313,1230.21,2988,2988,3030.93,4298.17,42.929999999999836,37.0300000000002,1.030100551938287
22257,-73.98531341552734,40.7467041015625,-73.9954376220703,40.73363494873047,272.96,2988,2988,3014.87,3287.83,26.86999999999989,5.684341886080802e-14,1.0000000000000002
22258,-73.96649169921875,40.77330017089844,-73.96028900146483,40.763858795166016,468.71,2988,2988,3032.0,3500.71,44.0,5.684341886080802e-14,1.0000000000000002
22259,-73.97205352783203,40.7596092224121,-73.95851135253906,40.76224136352539,436.24,2989,2989,-1.0,-1.0,-1,-1,0.0
22260,-73.99828338623048,40.74544525146485,-73.99131774902342,40.760231018066406,502.11,2989,2989,3009.46,3511.57,20.460000000000036,1.1368683772161603e-13,1.0000000000000002
22261,-73.9824676513672,40.767738342285156,-73.95861053466798,40.76416778564453,660.11,2989,2989,-1.0,-1.0,-1,-1,0.0
22262,-73.97718048095702,40.758399963378906,-73.96971893310547,40.75328826904297,404.45,2989,2989,-1.0,-1.0,-1,-1,0.0
22263,-73.99942016601562,40.759361267089844,-73.99356842041014,40.75233840942383,352.62,2989,2989,3038.06,3390.6800000000003,49.059999999999945,3.410605131648481e-13,1.0000000000000009
22264,-74.00717163085938,40.7174186706543,-73.9931640625,40.73344421386719,530.83,2989,2989,-1.0,-1.0,-1,-1,0.0
22265,-73.99089813232422,40.7288475036621,-73.95162963867188,40.78155899047852,1164.07,2990,2990,-1.0,-1.0,-1,-1,0.0
22266,-73.99239349365234,40.72448348999024,-73.968505859375,40.76742935180664,1183.99,2990,2990,3151.33,4335.320000000001,161.32999999999993,6.821210263296962e-13,1.0000000000000007
22267,-73.98031616210938,40.74865341186523,-73.99408721923827,40.74625015258789,492.04,2990,2990,-1.0,-1.0,-1,-1,0.0
22268,-73.96964263916014,40.76916885375977,-73.96247100830078,40.775596618652344,245.63,2990,2990,-1.0,-1.0,-1,-1,0.0
22269,-73.97905731201173,40.74380493164063,-73.9902114868164,40.74534225463867,397.13,2990,2990,-1.0,-1.0,-1,-1,0.0
22270,-73.98220825195312,40.77385711669922,-73.97846984863281,40.78563690185547,284.78,2990,2990,3039.21,3330.71,49.210000000000036,6.720000000000027,1.0235971627221014
22271,-74.00822448730467,40.73627853393555,-73.98313140869139,40.75609970092773,766.76,2990,2990,-1.0,-1.0,-1,-1,0.0
22272,-74.0091323852539,40.7259635925293,-74.00559234619139,40.74567794799805,374.21,2990,2990,3000.0,3374.21,10.0,5.684341886080802e-14,1.0000000000000002
22273,-73.98705291748048,40.74303436279297,-73.96637725830078,40.76638412475585,687.83,2990,2990,-1.0,-1.0,-1,-1,0.0
22274,-74.00508880615234,40.72676086425781,-74.00625610351562,40.744876861572266,403.28,2990,2990,3018.4700000000003,3452.71,28.470000000000255,30.95999999999981,1.0767704820472124
22275,-73.97303009033203,40.75273132324219,-73.9808578491211,40.77341079711913,791.09,2991,2991,-1.0,-1.0,-1,-1,0.0
22276,-73.96902465820312,40.761451721191406,-73.98401641845702,40.76552200317383,584.97,2991,2991,-1.0,-1.0,-1,-1,0.0
22277,-74.00518798828125,40.72864151000977,-74.01432037353516,40.71276092529297,460.5,2991,2991,-1.0,-1.0,-1,-1,0.0
22278,-73.99051666259766,40.73495864868164,-74.01625061035155,40.71617126464844,849.1,2991,2991,3041.83,3890.93,50.82999999999993,-1.1368683772161603e-13,0.9999999999999999
22279,-73.98809051513672,40.74819564819336,-74.00517272949219,40.75132369995117,551.55,2991,2991,-1.0,-1.0,-1,-1,0.0
22280,-73.97808074951173,40.75494766235352,-73.9848403930664,40.7563705444336,239.41,2991,2991,-1.0,-1.0,-1,-1,0.0
22281,-73.99709320068358,40.742164611816406,-74.00301361083984,40.723541259765625,486.67,2991,2991,-1.0,-1.0,-1,-1,0.0
22282,-74.0014419555664,40.744983673095696,-74.00794982910156,40.71643447875977,661.08,2991,2991,-1.0,-1.0,-1,-1,0.0
22283,-73.99840545654298,40.740455627441406,-73.99850463867188,40.73494338989258,182.13,2991,2991,3039.5,3221.63,48.5,1.1368683772161603e-13,1.0000000000000007
22284,-73.97085571289062,40.76180648803711,-73.9713134765625,40.74446868896485,616.97,2991,2991,-1.0,-1.0,-1,-1,0.0
22285,-73.97273254394531,40.75600051879883,-73.9900665283203,40.76314163208008,643.7,2991,2991,-1.0,-1.0,-1,-1,0.0
22286,-73.99976348876955,40.7180290222168,-73.97925567626955,40.7137565612793,616.07,2991,2991,3096.04,3712.11,105.03999999999996,1.1368683772161603e-13,1.0000000000000002
22287,-73.99531555175781,40.75629806518555,-73.98444366455078,40.75090408325195,592.75,2992,2992,-1.0,-1.0,-1,-1,0.0
22288,-74.00848388671875,40.705921173095696,-74.00650024414062,40.73247146606445,789.2,2992,2992,-1.0,-1.0,-1,-1,0.0
22289,-73.9957275390625,40.71676254272461,-73.97459411621094,40.76521301269531,1387.39,2992,2992,-1.0,-1.0,-1,-1,0.0
22290,-73.98885345458984,40.72197723388672,-73.98286437988281,40.730873107910156,188.04,2992,2992,3145.21,3333.25,153.21000000000004,-2.842170943040401e-14,0.9999999999999999
22291,-73.9805679321289,40.74544143676758,-73.99072265625,40.75603485107422,630.96,2992,2992,3000.0,3630.96,8.0,0.0,1.0
22292,-73.99269866943358,40.7626838684082,-73.95185089111328,40.77809143066406,993.97,2992,2992,3049.92,4043.8899999999994,57.92000000000007,-6.821210263296962e-13,0.9999999999999993
22293,-73.95728302001955,40.7701416015625,-73.96289825439453,40.7657585144043,219.87,2992,2992,-1.0,-1.0,-1,-1,0.0
22294,-73.97943115234375,40.77185440063477,-73.96233367919923,40.804771423339844,628.21,2993,2993,-1.0,-1.0,-1,-1,0.0
22295,-73.98330688476562,40.76700973510742,-73.96621704101562,40.75823593139648,580.29,2993,2993,3046.09,3642.2,53.090000000000146,15.819999999999709,1.0272622309534882
22296,-73.9776382446289,40.753604888916016,-73.97199249267578,40.76274490356445,294.34,2993,2993,-1.0,-1.0,-1,-1,0.0
22297,-73.96584320068358,40.76845932006836,-73.97956085205078,40.765281677246094,513.35,2993,2993,3022.75,3564.91,29.75,28.80999999999983,1.0561215544949836
22298,-73.9879379272461,40.750675201416016,-73.9977035522461,40.7607421875,467.9,2993,2993,-1.0,-1.0,-1,-1,0.0
22299,-73.98375701904298,40.74404525756836,-73.9920425415039,40.74942398071289,424.42,2994,2994,-1.0,-1.0,-1,-1,0.0
22300,-73.97357940673827,40.73748779296875,-73.95700073242188,40.76933670043945,591.47,2994,2994,-1.0,-1.0,-1,-1,0.0
22301,-73.99474334716798,40.745338439941406,-74.00832366943358,40.73416519165039,407.62,2994,2994,-1.0,-1.0,-1,-1,0.0
22302,-73.963134765625,40.76651382446289,-73.959228515625,40.777591705322266,305.98,2994,2994,-1.0,-1.0,-1,-1,0.0
22303,-73.97794342041014,40.75972366333008,-73.96680450439453,40.77239227294922,418.3,2994,2994,-1.0,-1.0,-1,-1,0.0
22304,-73.96521759033203,40.77209091186523,-73.94121551513672,40.80492782592773,570.81,2994,2994,3070.21,3641.0200000000004,76.21000000000004,4.547473508864641e-13,1.0000000000000009
22305,-73.9605941772461,40.76747512817383,-73.9592514038086,40.78033065795898,425.72,2994,2994,-1.0,-1.0,-1,-1,0.0
22306,-73.98660278320312,40.75841903686523,-73.9937744140625,40.74573135375977,341.2,2994,2994,3011.82,3353.02,17.820000000000164,-1.7053025658242404e-13,0.9999999999999994
22307,-73.99139404296875,40.749759674072266,-73.98920440673827,40.74040603637695,292.28,2994,2994,-1.0,-1.0,-1,-1,0.0
22308,-73.9758071899414,40.77629089355469,-73.9813232421875,40.786720275878906,384.45,2994,2994,3012.1,3418.43,18.09999999999991,21.87999999999994,1.056912472363116
22309,-74.00366973876955,40.748390197753906,-73.99398803710938,40.74113845825195,318.24,2994,2994,3015.18,3425.4,21.179999999999836,91.98000000000025,1.2890271493212677
22310,-74.005859375,40.74036026000977,-74.01339721679686,40.717449188232415,593.03,2995,2995,3148.91,3741.94,153.90999999999985,2.2737367544323206e-13,1.0000000000000004
22311,-74.005859375,40.7176628112793,-73.99850463867188,40.735069274902344,302.12,2995,2995,3122.21,3424.33,127.21000000000004,-1.1368683772161603e-13,0.9999999999999997
22312,-74.00836181640625,40.735687255859375,-74.000244140625,40.72878646850585,404.75,2995,2995,-1.0,-1.0,-1,-1,0.0
22313,-73.9612808227539,40.769058227539055,-73.9527359008789,40.77334976196289,210.43,2995,2995,-1.0,-1.0,-1,-1,0.0
22314,-73.9744415283203,40.742103576660156,-73.9798355102539,40.74560928344727,194.66,2995,2995,-1.0,-1.0,-1,-1,0.0
22315,-73.98812866210938,40.7508659362793,-74.00282287597656,40.73367691040039,448.68,2995,2995,-1.0,-1.0,-1,-1,0.0
22316,-73.97801971435547,40.74589538574219,-73.96492004394531,40.7558479309082,366.18,2996,2996,-1.0,-1.0,-1,-1,0.0
22317,-74.00980377197266,40.71007919311523,-73.94871520996094,40.77409362792969,1366.05,2996,2996,3041.08,4407.13,45.07999999999993,2.2737367544323206e-13,1.0000000000000002
22318,-73.99072265625,40.74559020996094,-74.00276947021484,40.76055908203125,670.83,2996,2996,3005.21,3786.2799999999997,9.210000000000036,110.23999999999967,1.1643337358198047
22319,-74.0091552734375,40.70597839355469,-74.01013946533203,40.73267364501953,659.7,2996,2996,-1.0,-1.0,-1,-1,0.0
22320,-73.96908569335938,40.761138916015625,-73.96924591064453,40.765869140625,220.21,2996,2996,3036.64,3315.1,40.63999999999987,58.25000000000003,1.264520230688888
22321,-73.9609375,40.77232360839844,-73.95970916748048,40.76362228393555,358.7,2996,2996,3017.62,3378.4900000000002,21.61999999999989,2.170000000000357,1.0060496236409266
22322,-73.99203491210938,40.769546508789055,-73.99253845214845,40.72590637207031,1268.87,2996,2996,3027.8700000000003,4363.91,31.870000000000346,67.16999999999962,1.0529368650846813
22323,-73.98979949951173,40.75648880004883,-73.97686767578125,40.75543975830078,485.78,2996,2996,3009.96,3495.74,13.960000000000036,-2.2737367544323206e-13,0.9999999999999996
22324,-73.9527816772461,40.786521911621094,-73.97177124023438,40.7864646911621,381.54,2996,2996,3038.0,3474.34,42.0,54.800000000000125,1.1436284531110765
22325,-73.9764404296875,40.75973129272461,-73.98634338378906,40.72222518920898,1105.44,2996,2996,-1.0,-1.0,-1,-1,0.0
22326,-73.99181365966798,40.749359130859375,-73.99315643310547,40.73254776000977,450.95,2996,2996,-1.0,-1.0,-1,-1,0.0
22327,-73.95648193359375,40.77982711791992,-73.97251892089844,40.78616333007813,299.11,2997,2997,3018.37,3342.99,21.36999999999989,25.509999999999877,1.0852863495035268
22328,-74.0082015991211,40.70466232299805,-73.98328399658203,40.71702194213867,515.58,2997,2997,3128.08,3643.66,131.07999999999993,-1.1368683772161603e-13,0.9999999999999998
22329,-73.99600982666014,40.7242431640625,-73.98777770996094,40.72547149658203,267.41,2997,2997,3052.4300000000003,3319.84,55.43000000000029,-1.7053025658242404e-13,0.9999999999999993
22330,-73.9821014404297,40.76056289672852,-73.92385101318358,40.8682861328125,1427.66,2997,2997,-1.0,-1.0,-1,-1,0.0
22331,-73.97379302978516,40.751861572265625,-73.99056243896483,40.76136016845703,774.36,2997,2997,3041.79,3816.15,44.789999999999964,1.1368683772161603e-13,1.0000000000000002
22332,-74.00359344482422,40.74829864501953,-73.9910888671875,40.73947525024415,390.45,2998,2998,3037.0099999999998,3427.46,39.00999999999976,2.8421709430404007e-13,1.0000000000000007
22333,-73.9739532470703,40.75653076171875,-73.99437713623048,40.74100875854492,690.97,2998,2998,-1.0,-1.0,-1,-1,0.0
22334,-73.99368286132812,40.72097778320313,-73.97708129882812,40.7644920349121,1245.26,2998,2998,3000.0,4245.26,2.0,2.2737367544323206e-13,1.0000000000000002
22335,-73.9671401977539,40.75688934326172,-74.00732421875,40.70738220214844,1054.67,2998,2998,3034.25,4088.92,36.25,0.0,1.0
22336,-73.96343994140625,40.77527236938477,-73.98815155029298,40.720550537109375,1355.06,2998,2998,-1.0,-1.0,-1,-1,0.0
22337,-73.96913146972656,40.79862594604492,-73.98115539550781,40.78083419799805,409.98,2998,2998,3425.71,3835.69,427.71000000000004,0.0,1.0
22338,-73.97879791259766,40.76269912719727,-74.00508880615234,40.719139099121094,1275.21,2999,2999,-1.0,-1.0,-1,-1,0.0
22339,-73.9729995727539,40.752685546875,-73.98504638671875,40.765979766845696,770.81,2999,2999,-1.0,-1.0,-1,-1,0.0
22340,-73.99742126464844,40.71343231201172,-73.98416900634766,40.72900390625,347.73,2999,2999,3315.68,3663.41,316.67999999999984,0.0,1.0
22341,-73.99227905273438,40.74943923950195,-73.99635314941406,40.73902130126953,252.78,2999,2999,-1.0,-1.0,-1,-1,0.0
22342,-73.98057556152342,40.77490234375,-73.98226165771484,40.75084686279297,840.91,2999,2999,3015.38,3856.29,16.38000000000011,-1.1368683772161603e-13,0.9999999999999999
22343,-73.99221038818358,40.74397277832031,-73.99156951904298,40.74917221069336,222.3,2999,2999,3028.23,3250.5299999999997,29.230000000000018,-2.8421709430404007e-13,0.9999999999999987
22344,-73.99356842041014,40.747013092041016,-73.97438049316406,40.73221206665039,679.78,2999,2999,3004.62,3741.07,5.619999999999891,56.6700000000003,1.0833652063903032
22345,-73.98683166503906,40.73965072631836,-73.96991729736328,40.751319885253906,529.21,3000,3000,3029.87,3590.81,29.86999999999989,31.730000000000018,1.0599572948356986
22346,-73.9561767578125,40.78155899047852,-73.97966003417969,40.78040313720703,551.31,3000,3000,3050.38,3658.32,50.38000000000011,56.63000000000011,1.1027189784331866
22347,-73.98751068115234,40.76139831542969,-73.99280548095702,40.75932693481445,227.37,3000,3000,3072.55,3299.92,72.55000000000018,-1.1368683772161603e-13,0.9999999999999994
22348,-73.98388671875,40.749759674072266,-73.99877166748048,40.72840118408203,583.62,3000,3000,3027.06,3701.61,27.059999999999945,90.93000000000018,1.1558034337411331
22349,-73.98347473144531,40.75139999389648,-73.97634887695312,40.7807846069336,940.6,3000,3000,-1.0,-1.0,-1,-1,0.0
22350,-73.97147369384766,40.75083923339844,-73.98338317871094,40.75474166870117,471.0,3000,3000,-1.0,-1.0,-1,-1,0.0
22351,-73.95816040039062,40.784645080566406,-73.97922515869139,40.77686309814453,443.15,3001,3001,3373.0,3816.15,372.0,1.1368683772161603e-13,1.0000000000000002
22352,-73.97295379638672,40.75575256347656,-73.9694061279297,40.76119995117188,279.65,3001,3001,-1.0,-1.0,-1,-1,0.0
22353,-73.9881591796875,40.73788070678711,-73.97322845458984,40.74399185180664,409.92,3001,3001,-1.0,-1.0,-1,-1,0.0
22354,-73.98777770996094,40.73834609985352,-74.00503540039062,40.73335647583008,463.0,3001,3001,-1.0,-1.0,-1,-1,0.0
22355,-73.98117065429686,40.77091979980469,-74.00003051757811,40.761661529541016,500.75,3001,3001,-1.0,-1.0,-1,-1,0.0
22356,-73.94895172119139,40.7734603881836,-73.96414947509766,40.76390838623047,526.54,3002,3002,3133.2,3659.74,131.19999999999982,0.0,1.0
22357,-73.99099731445312,40.73017120361328,-74.0113983154297,40.72026062011719,686.26,3002,3002,3038.62,3724.88,36.61999999999989,2.2737367544323206e-13,1.0000000000000002
22358,-73.98042297363281,40.75149154663085,-73.94818878173827,40.78487014770508,871.9,3002,3002,3056.13,3942.61,54.13000000000011,14.580000000000041,1.0167221011583898
22359,-73.95426177978516,40.77439880371094,-73.961181640625,40.771968841552734,215.79,3002,3002,3082.92,3298.71,80.92000000000007,-2.842170943040401e-14,0.9999999999999999
22360,-73.98773193359375,40.76130676269531,-73.97702026367188,40.79033279418945,702.7,3002,3002,3058.15,3791.47,56.15000000000009,30.619999999999663,1.043574782979934
22361,-73.97866821289062,40.78416061401367,-73.97379302978516,40.779335021972656,244.13,3002,3002,3705.46,3949.59,703.46,1.1368683772161603e-13,1.0000000000000004
22362,-73.96932220458984,40.80083084106445,-73.952880859375,40.78300857543945,747.38,3002,3002,3044.07,3791.45,42.070000000000164,-3.410605131648481e-13,0.9999999999999996
22363,-73.98602294921875,40.76819229125977,-74.00220489501955,40.76110076904297,415.01,3003,3003,3039.73,3454.7400000000002,36.73000000000002,2.2737367544323206e-13,1.0000000000000004
22364,-73.9685821533203,40.76470184326172,-73.9540786743164,40.779701232910156,412.97,3003,3003,-1.0,-1.0,-1,-1,0.0
22365,-73.97978973388672,40.75193786621094,-73.97958374023438,40.74475860595703,303.03,3003,3003,-1.0,-1.0,-1,-1,0.0
22366,-73.9940185546875,40.7418098449707,-74.00493621826173,40.73535919189453,329.13,3003,3003,-1.0,-1.0,-1,-1,0.0
22367,-73.98226165771484,40.74018478393555,-73.9867935180664,40.72565078735352,424.13,3003,3003,3131.67,3555.7999999999997,128.67000000000007,-3.410605131648481e-13,0.9999999999999992
22368,-73.98926544189453,40.76308822631836,-73.99386596679686,40.73022079467773,992.32,3003,3003,-1.0,-1.0,-1,-1,0.0
22369,-74.00281524658203,40.72810363769531,-73.99193572998048,40.73112869262695,332.0,3003,3003,-1.0,-1.0,-1,-1,0.0
22370,-73.98223876953125,40.774940490722656,-73.96598815917969,40.7950325012207,493.19,3003,3003,3112.91,3606.1,109.90999999999985,5.684341886080802e-14,1.0000000000000002
22371,-73.9717254638672,40.7468376159668,-73.97445678710938,40.74850845336913,190.12,3003,3003,3030.68,3220.7999999999997,27.679999999999836,-1.1368683772161603e-13,0.9999999999999994
22372,-73.97877502441406,40.747901916503906,-73.99475860595702,40.73532485961913,441.91,3004,3004,-1.0,-1.0,-1,-1,0.0
22373,-73.95484924316406,40.7777099609375,-73.94998931884766,40.80126953125,507.67,3004,3004,3030.13,3537.7999999999997,26.13000000000011,-3.979039320256561e-13,0.9999999999999992
22374,-74.00872802734375,40.70598220825195,-74.01492309570312,40.71661376953125,519.56,3004,3004,-1.0,-1.0,-1,-1,0.0
22375,-73.97160339355469,40.75831985473633,-74.01400756835938,40.71501922607422,1279.04,3004,3004,-1.0,-1.0,-1,-1,0.0
22376,-73.9844741821289,40.74577713012695,-73.9975051879883,40.7541618347168,440.42,3004,3004,-1.0,-1.0,-1,-1,0.0
22377,-73.95614624023438,40.767723083496094,-73.9524917602539,40.783855438232415,338.87,3004,3004,3046.9000000000005,3446.870000000001,42.900000000000546,61.10000000000025,1.1803051317614432
22378,-73.99954986572266,40.73388671875,-74.00226593017578,40.723793029785156,453.95,3004,3004,-1.0,-1.0,-1,-1,0.0
22379,-73.98767852783203,40.756507873535156,-74.01210021972656,40.7096061706543,1190.9,3004,3004,3038.55,4229.45,34.55000000000018,-4.547473508864641e-13,0.9999999999999997
22380,-73.99005126953125,40.73260116577149,-73.96887969970702,40.75444412231445,692.26,3005,3005,-1.0,-1.0,-1,-1,0.0
22381,-73.96420288085938,40.75625991821289,-73.96971130371094,40.76874923706055,510.06,3005,3005,3030.0,3540.06,25.0,-5.684341886080802e-14,0.9999999999999999
22382,-73.96250915527342,40.76298904418945,-73.98013305664062,40.73040008544922,768.46,3005,3005,-1.0,-1.0,-1,-1,0.0
22383,-73.95625305175781,40.7815055847168,-73.99007415771484,40.73821258544922,1231.83,3005,3005,3118.21,4350.04,113.21000000000004,0.0,1.0
22384,-73.97955322265625,40.759666442871094,-73.9793472290039,40.7557487487793,217.12,3005,3005,-1.0,-1.0,-1,-1,0.0
22385,-73.9588165283203,40.765663146972656,-73.94502258300781,40.77859115600585,267.12,3005,3005,-1.0,-1.0,-1,-1,0.0
22386,-73.98819732666014,40.75380325317383,-73.98063659667969,40.77513122558594,619.53,3005,3005,3093.0,3712.53,88.0,2.2737367544323206e-13,1.0000000000000004
22387,-73.97850036621094,40.75288009643555,-73.98419952392578,40.72555160522461,757.69,3005,3005,-1.0,-1.0,-1,-1,0.0
22388,-73.96136474609375,40.771644592285156,-73.99351501464844,40.75397109985352,1135.85,3006,3006,-1.0,-1.0,-1,-1,0.0
22389,-73.9822998046875,40.77330017089844,-73.9618911743164,40.757789611816406,791.93,3006,3006,3040.7900000000004,3856.2300000000005,34.79000000000042,23.510000000000105,1.029686967282462
22390,-73.9533462524414,40.771308898925774,-73.98103332519531,40.769832611083984,749.75,3006,3006,3031.85,3854.47,25.84999999999991,72.86999999999989,1.0971923974658218
22391,-73.97370147705078,40.76365661621094,-73.9558334350586,40.784828186035156,491.48,3006,3006,3061.88,3553.3599999999997,55.88000000000011,-4.547473508864641e-13,0.9999999999999991
22392,-74.00859832763672,40.707515716552734,-73.98865509033203,40.72148895263672,622.58,3007,3007,-1.0,-1.0,-1,-1,0.0
22393,-73.96875762939453,40.76195907592773,-73.94937896728516,40.78194046020508,506.21,3007,3007,-1.0,-1.0,-1,-1,0.0
22394,-73.96731567382812,40.78805541992188,-73.9736099243164,40.79468536376953,287.45,3007,3007,3054.71,3342.16,47.710000000000036,-1.7053025658242404e-13,0.9999999999999994
22395,-74.01477813720702,40.7140007019043,-73.9686508178711,40.76407241821289,1338.64,3007,3007,3195.55,4534.19,188.55000000000018,-6.821210263296962e-13,0.9999999999999994
22396,-73.96990203857422,40.764835357666016,-73.94786834716798,40.77614974975585,601.18,3007,3007,-1.0,-1.0,-1,-1,0.0
22397,-73.95511627197266,40.7890853881836,-73.9724349975586,40.765323638916016,526.58,3008,3008,3176.7200000000003,3703.3,168.72000000000025,-1.1368683772161603e-13,0.9999999999999998
22398,-73.96539306640625,40.77206802368164,-73.94406890869139,40.80106735229492,511.23,3008,3008,-1.0,-1.0,-1,-1,0.0
22399,-73.97480010986328,40.74176025390625,-73.98094940185547,40.73802185058594,182.03,3008,3008,-1.0,-1.0,-1,-1,0.0
22400,-73.98722076416014,40.74470138549805,-73.97855377197266,40.74259948730469,362.22,3008,3008,-1.0,-1.0,-1,-1,0.0
22401,-73.96221923828125,40.7703514099121,-73.97394561767578,40.75423049926758,483.8,3008,3008,3060.47,3544.27,52.4699999999998,1.7053025658242404e-13,1.0000000000000004
22402,-73.99195098876955,40.74427032470703,-73.94857025146483,40.76972961425781,1174.29,3009,3009,3034.15,4281.58,25.15000000000009,73.13999999999987,1.0622844442173567
22403,-73.96977996826173,40.76897811889648,-73.97738647460938,40.78958129882813,623.25,3009,3009,-1.0,-1.0,-1,-1,0.0
22404,-73.98576354980467,40.735389709472656,-73.99004364013672,40.73249053955078,187.7,3009,3009,-1.0,-1.0,-1,-1,0.0
22405,-73.98045349121094,40.75436782836913,-73.9914779663086,40.7498893737793,366.58,3009,3009,-1.0,-1.0,-1,-1,0.0
22406,-73.96633148193358,40.764747619628906,-73.99451446533203,40.738990783691406,958.3,3010,3010,-1.0,-1.0,-1,-1,0.0
22407,-73.97846221923827,40.72895812988281,-74.00359344482422,40.74264907836913,737.76,3010,3010,3141.41,3879.17,131.40999999999985,2.2737367544323206e-13,1.0000000000000002
22408,-73.94791412353516,40.77891540527344,-73.98312377929686,40.76322937011719,1100.69,3010,3010,3046.57,4220.05,36.570000000000164,72.78999999999996,1.0661312449463518
22409,-73.96858978271484,40.76739883422852,-73.9671630859375,40.78858184814453,495.93,3010,3010,-1.0,-1.0,-1,-1,0.0
22410,-73.9946060180664,40.75571060180664,-74.00927734375,40.72608184814453,734.45,3010,3010,3140.92,3875.37,130.92000000000007,-2.2737367544323206e-13,0.9999999999999997
22411,-73.98182678222656,40.76179122924805,-73.9850311279297,40.74801635742188,515.13,3010,3010,3072.67,3587.8,62.67000000000007,1.1368683772161603e-13,1.0000000000000002
22412,-74.00845336914062,40.7206916809082,-74.00260162353516,40.73957824707031,318.62,3010,3010,-1.0,-1.0,-1,-1,0.0
22413,-74.00741577148438,40.70521545410156,-73.98985290527344,40.71066284179688,445.62,3010,3010,3397.42,3843.04,387.4200000000001,-1.1368683772161603e-13,0.9999999999999998
22414,-73.98235321044923,40.76851272583008,-73.96906280517578,40.7627067565918,435.03,3010,3010,-1.0,-1.0,-1,-1,0.0
22415,-73.99211883544923,40.72515106201172,-73.98211669921875,40.7403678894043,370.48,3010,3010,-1.0,-1.0,-1,-1,0.0
22416,-73.98426055908203,40.75497055053711,-73.9826889038086,40.78180694580078,784.05,3011,3011,3059.39,3886.23,48.38999999999987,42.79000000000019,1.054575601045852
22417,-74.00770568847656,40.70531463623047,-73.98249816894531,40.77167510986328,1477.11,3011,3011,-1.0,-1.0,-1,-1,0.0
22418,-73.96478271484375,40.75584411621094,-73.95541381835938,40.76586532592773,261.82,3011,3011,3103.36,3365.18,92.36000000000013,-2.8421709430404007e-13,0.9999999999999989
22419,-74.00545501708984,40.71820068359375,-74.00741577148438,40.70517349243164,514.65,3011,3011,3254.96,3769.61,243.96000000000004,1.1368683772161603e-13,1.0000000000000002
22420,-73.96617889404298,40.76805877685547,-73.95187377929686,40.77962112426758,465.05,3011,3011,-1.0,-1.0,-1,-1,0.0
22421,-73.98072052001955,40.76018524169922,-73.98680877685547,40.76652145385742,352.87,3011,3011,3050.29,3403.16,39.289999999999964,-1.1368683772161603e-13,0.9999999999999997
22422,-74.00445556640625,40.72405624389648,-73.99589538574219,40.75920104980469,774.85,3011,3011,3134.92,3909.77,123.92000000000007,-1.1368683772161603e-13,0.9999999999999999
22423,-73.98938751220702,40.741798400878906,-73.9850311279297,40.75745010375977,562.05,3011,3011,3030.83,3592.88,19.829999999999927,2.2737367544323206e-13,1.0000000000000004
22424,-73.98966979980467,40.730167388916016,-73.99542999267578,40.7326774597168,208.21,3011,3011,-1.0,-1.0,-1,-1,0.0
22425,-73.96553039550781,40.76858901977539,-73.95762634277344,40.78202819824219,316.26,3011,3011,-1.0,-1.0,-1,-1,0.0
22426,-74.0073013305664,40.7052116394043,-73.99317169189453,40.73086166381836,878.74,3011,3011,-1.0,-1.0,-1,-1,0.0
22427,-73.93937683105469,40.79477310180664,-73.94979858398438,40.78048324584961,218.0,3011,3011,3062.62,3280.62,51.61999999999989,0.0,1.0
22428,-73.97553253173827,40.75921630859375,-73.96428680419923,40.76470565795898,346.75,3011,3011,-1.0,-1.0,-1,-1,0.0
22429,-73.97368621826173,40.75471496582031,-73.95378875732422,40.776947021484375,655.86,3011,3011,-1.0,-1.0,-1,-1,0.0
22430,-74.01580047607422,40.715309143066406,-74.00894927978516,40.713966369628906,258.8,3012,3012,-1.0,-1.0,-1,-1,0.0
22431,-73.97315979003906,40.75287628173828,-73.97633361816406,40.75752639770508,291.91,3012,3012,-1.0,-1.0,-1,-1,0.0
22432,-73.99357604980467,40.71863174438477,-74.00392150878906,40.72983169555664,471.72,3012,3012,3162.61,3634.33,150.61000000000013,-2.2737367544323206e-13,0.9999999999999996
22433,-74.0068130493164,40.73007583618164,-73.96067047119139,40.7649040222168,1333.89,3012,3012,-1.0,-1.0,-1,-1,0.0
22434,-74.00723266601562,40.74351501464844,-73.98812866210938,40.73482894897461,627.72,3012,3012,3036.01,3759.64,24.01000000000022,95.90999999999963,1.1527910533358816
22435,-73.97354125976562,40.75209426879883,-73.9873046875,40.770267486572266,917.89,3012,3012,3041.79,4029.72,29.789999999999964,70.03999999999985,1.076305439649631
22436,-73.94281005859375,40.79001998901367,-73.95207977294923,40.773231506347656,336.94,3012,3012,3369.5099999999998,3706.45,357.50999999999976,5.684341886080802e-14,1.0000000000000002
22437,-73.97615814208984,40.78875732421875,-73.98619842529298,40.777427673339844,257.94,3013,3013,3136.84,3394.7799999999997,123.84000000000015,-3.979039320256561e-13,0.9999999999999984
22438,-73.99810791015625,40.72396087646485,-73.99244689941406,40.74959945678711,760.08,3013,3013,-1.0,-1.0,-1,-1,0.0
22439,-73.99837493896483,40.73387145996094,-74.00508117675781,40.7332878112793,185.17,3013,3013,-1.0,-1.0,-1,-1,0.0
22440,-73.99830627441406,40.73524475097656,-74.00640106201173,40.720664978027344,392.95,3013,3013,-1.0,-1.0,-1,-1,0.0
22441,-73.9550552368164,40.77753829956055,-73.95354461669923,40.784854888916016,227.32,3013,3013,3063.42,3334.32,50.42000000000007,43.5800000000001,1.1917121238782338
22442,-73.9788360595703,40.7646598815918,-73.95645141601562,40.77486038208008,703.49,3013,3013,-1.0,-1.0,-1,-1,0.0
22443,-74.00296783447266,40.731121063232415,-73.97925567626955,40.76151657104492,812.34,3014,3014,3043.75,3856.09,29.75,1.1368683772161603e-13,1.0000000000000002
22444,-73.99083709716798,40.73970031738281,-73.98896789550781,40.72689056396485,455.29,3014,3014,-1.0,-1.0,-1,-1,0.0
22445,-73.9742431640625,40.75064086914063,-73.98062133789062,40.75593185424805,355.7,3014,3014,-1.0,-1.0,-1,-1,0.0
22446,-73.97130584716798,40.75111389160156,-73.98773193359375,40.74730682373047,589.99,3014,3014,3102.29,3692.2799999999997,88.28999999999996,-2.2737367544323206e-13,0.9999999999999997
22447,-73.95447540283203,40.78424835205078,-73.95425415039062,40.7745361328125,311.37,3014,3014,3080.04,3391.41,66.03999999999996,-1.1368683772161603e-13,0.9999999999999997
22448,-73.9988021850586,40.760887145996094,-73.98906707763672,40.7570686340332,337.96,3014,3014,-1.0,-1.0,-1,-1,0.0
22449,-73.9827880859375,40.76383972167969,-73.98258209228516,40.78253173828125,619.42,3014,3014,-1.0,-1.0,-1,-1,0.0
22450,-73.95404815673827,40.77449035644531,-73.9727020263672,40.74016571044922,820.25,3014,3014,-1.0,-1.0,-1,-1,0.0
22451,-73.9616928100586,40.77119064331055,-73.95547485351562,40.77689743041992,183.81,3014,3014,-1.0,-1.0,-1,-1,0.0
22452,-73.98138427734375,40.75379180908203,-73.99148559570312,40.74982070922852,349.08,3014,3014,-1.0,-1.0,-1,-1,0.0
22453,-73.97215270996094,40.75017547607422,-73.98233032226562,40.761905670166016,757.76,3014,3014,3217.5,3975.2599999999998,203.5,-2.2737367544323206e-13,0.9999999999999997
22454,-73.9764404296875,40.75177001953125,-73.952392578125,40.78153991699219,700.56,3014,3014,-1.0,-1.0,-1,-1,0.0
22455,-73.99535369873048,40.75502014160156,-74.00726318359375,40.734642028808594,582.25,3014,3014,-1.0,-1.0,-1,-1,0.0
22456,-73.9751968383789,40.75919723510742,-73.95736694335938,40.784446716308594,556.69,3014,3014,-1.0,-1.0,-1,-1,0.0
22457,-73.98928070068358,40.73981094360352,-73.98271942138672,40.77716445922852,1002.88,3015,3015,3039.53,4042.41,24.5300000000002,-3.410605131648481e-13,0.9999999999999997
22458,-73.99034881591797,40.73864364624024,-74.000732421875,40.72102737426758,525.89,3015,3015,-1.0,-1.0,-1,-1,0.0
22459,-73.99079132080078,40.72906112670898,-73.99134063720702,40.737640380859375,343.99,3015,3015,3065.41,3409.4,50.409999999999854,2.2737367544323206e-13,1.0000000000000007
22460,-73.99443817138672,40.75508117675781,-73.99323272705078,40.7627182006836,220.26,3015,3015,-1.0,-1.0,-1,-1,0.0
22461,-74.00819396972656,40.711929321289055,-73.95157623291014,40.76990127563477,1361.86,3015,3015,-1.0,-1.0,-1,-1,0.0
22462,-73.96949005126955,40.76352310180664,-73.96828460693358,40.7564697265625,319.09,3016,3016,-1.0,-1.0,-1,-1,0.0
22463,-73.98565673828125,40.748435974121094,-74.00768280029298,40.732032775878906,617.62,3016,3016,3061.9,3739.42,45.90000000000009,59.89999999999998,1.096985201256436
22464,-73.96318054199219,40.775108337402344,-73.97423553466798,40.78887939453125,402.03,3016,3016,3039.7400000000002,3441.77,23.740000000000236,-2.2737367544323206e-13,0.9999999999999994
22465,-73.99085998535155,40.73984146118164,-74.00808715820312,40.739910125732415,505.55,3016,3016,3039.2700000000004,3544.82,23.270000000000437,-2.8421709430404007e-13,0.9999999999999994
22466,-73.9720458984375,40.754207611083984,-73.98776245117188,40.77629852294922,915.83,3016,3016,-1.0,-1.0,-1,-1,0.0
22467,-73.98081970214844,40.750335693359375,-73.964599609375,40.77561950683594,642.03,3016,3016,3044.08,3686.11,28.079999999999927,2.2737367544323206e-13,1.0000000000000004
22468,-73.9583740234375,40.76466751098633,-73.95511627197266,40.77578353881836,270.79,3017,3017,3190.08,3460.87,173.07999999999993,-5.684341886080802e-14,0.9999999999999998
22469,-74.00167083740234,40.741065979003906,-73.9821014404297,40.76601028442383,703.23,3017,3017,3066.12,3769.35,49.11999999999989,0.0,1.0
22470,-73.96118927001955,40.78071594238281,-73.96291351318358,40.76945877075195,353.4,3017,3017,3560.72,3914.12,543.7199999999998,1.1368683772161603e-13,1.0000000000000002
22471,-73.99559020996094,40.73783493041992,-73.98406219482422,40.72548294067383,582.42,3017,3017,-1.0,-1.0,-1,-1,0.0
22472,-74.00159454345702,40.732337951660156,-73.98331451416014,40.77597427368164,1032.35,3017,3017,3089.38,4121.7300000000005,72.38000000000011,4.547473508864641e-13,1.0000000000000004
22473,-74.01239013671875,40.71860885620117,-74.00305938720702,40.750572204589844,583.36,3017,3017,-1.0,-1.0,-1,-1,0.0
22474,-73.97167205810547,40.76030349731445,-73.98331451416014,40.74217987060547,490.79,3017,3017,-1.0,-1.0,-1,-1,0.0
22475,-73.98424530029298,40.74840545654297,-73.9719467163086,40.78223419189453,940.97,3018,3018,3030.0,3970.97,12.0,-2.2737367544323206e-13,0.9999999999999998
22476,-73.9971160888672,40.74208450317383,-74.00782012939453,40.738258361816406,367.66,3018,3018,3049.460000000001,3476.330000000001,31.460000000000946,59.209999999999866,1.1610455311973016
22477,-73.9539794921875,40.77968978881836,-73.98204803466798,40.773773193359375,683.71,3018,3018,3046.2,3788.62,28.199999999999818,58.710000000000036,1.0858697400944846
22478,-73.96044158935547,40.77579879760742,-73.97984313964845,40.7552604675293,713.93,3018,3018,3036.66,3750.59,18.659999999999854,3.410605131648481e-13,1.0000000000000004
22479,-73.9653091430664,40.77198028564453,-73.956787109375,40.80748748779297,799.86,3018,3018,-1.0,-1.0,-1,-1,0.0
22480,-74.0066909790039,40.73038864135742,-74.00057983398438,40.72719955444336,318.49,3018,3018,-1.0,-1.0,-1,-1,0.0
22481,-73.9889144897461,40.77423095703125,-73.95561218261719,40.76831817626953,843.74,3018,3018,3949.37,4793.11,931.3699999999999,-2.2737367544323206e-13,0.9999999999999998
22482,-73.99002075195312,40.72570037841797,-74.0074691772461,40.74333953857422,777.17,3019,3019,-1.0,-1.0,-1,-1,0.0
22483,-73.98918151855469,40.736759185791016,-74.00002288818358,40.72040939331055,459.56,3019,3019,3055.36,3514.92,36.36000000000013,-5.684341886080802e-14,0.9999999999999999
22484,-73.98365020751955,40.768028259277344,-73.96533203125,40.80104064941406,662.02,3019,3019,-1.0,-1.0,-1,-1,0.0
22485,-73.98506164550781,40.74565124511719,-74.00804138183594,40.73913192749024,707.3,3019,3019,-1.0,-1.0,-1,-1,0.0
22486,-73.978515625,40.76270294189453,-73.97750091552734,40.78103637695313,535.17,3019,3019,-1.0,-1.0,-1,-1,0.0
22487,-74.0077133178711,40.72446060180664,-73.97956085205078,40.7348861694336,784.29,3019,3019,-1.0,-1.0,-1,-1,0.0
22488,-73.96404266357422,40.76116180419922,-73.98722839355469,40.7470817565918,864.75,3019,3019,3033.26,3929.67,14.260000000000218,31.659999999999854,1.0366117374963861
22489,-73.99531555175781,40.739295959472656,-74.00818634033203,40.73822021484375,413.54,3019,3019,-1.0,-1.0,-1,-1,0.0
22490,-74.01513671875,40.71470260620117,-73.9598617553711,40.77119064331055,1377.01,3019,3019,-1.0,-1.0,-1,-1,0.0
22491,-73.99951171875,40.73365020751953,-73.98677062988281,40.747840881347656,508.7,3020,3020,-1.0,-1.0,-1,-1,0.0
22492,-73.99761962890625,40.724693298339844,-74.00653839111328,40.733070373535156,385.67,3020,3020,-1.0,-1.0,-1,-1,0.0
22493,-73.96034240722656,40.781593322753906,-73.95415496826173,40.77934646606445,196.25,3020,3020,3072.47,3268.72,52.4699999999998,0.0,1.0
22494,-73.990234375,40.746524810791016,-74.0038833618164,40.752532958984375,423.21,3020,3020,-1.0,-1.0,-1,-1,0.0
22495,-73.97394561767578,40.76316833496094,-73.99083709716798,40.7507438659668,588.17,3020,3020,3031.63,3691.87,11.63000000000011,72.06999999999982,1.122532601118724
22496,-73.99282836914062,40.72382736206055,-73.99440002441406,40.71706771850585,259.6,3020,3020,3126.3,3385.9,106.30000000000018,-1.1368683772161603e-13,0.9999999999999996
22497,-73.99596405029298,40.763771057128906,-73.9976806640625,40.73776626586913,705.03,3021,3021,3050.42,3756.04,29.420000000000073,0.5899999999999181,1.0008368438222486
22498,-73.98639678955078,40.75655746459961,-73.99024200439453,40.73736953735352,588.26,3021,3021,-1.0,-1.0,-1,-1,0.0
22499,-73.9678192138672,40.75857543945313,-73.9590301513672,40.77183151245117,269.57,3021,3021,3038.07,3307.64,17.070000000000164,-2.8421709430404007e-13,0.999999999999999
22500,-73.97392272949219,40.750431060791016,-73.9949493408203,40.75532150268555,761.38,3021,3021,-1.0,-1.0,-1,-1,0.0
22501,-73.96459197998048,40.77569961547852,-73.95403289794923,40.77872085571289,339.78,3021,3021,-1.0,-1.0,-1,-1,0.0
22502,-73.98634338378906,40.7345085144043,-73.9935302734375,40.73648071289063,219.34,3021,3021,3114.7,3345.38,93.69999999999982,11.340000000000288,1.0517005562140982
22503,-73.98247528076173,40.73158264160156,-73.97154998779298,40.75083541870117,405.34,3021,3021,3055.87,3461.21,34.86999999999989,1.7053025658242404e-13,1.0000000000000004
22504,-73.97752380371094,40.73402786254883,-73.996826171875,40.76640701293945,1305.28,3021,3021,3071.54,4411.74,50.539999999999964,34.919999999999845,1.026752880607992
22505,-73.98886108398438,40.74456405639648,-73.97772979736328,40.74644088745117,389.9,3021,3021,3116.37,3506.27,95.36999999999989,1.1368683772161603e-13,1.0000000000000002
22506,-73.98502349853516,40.74803161621094,-73.98262786865234,40.75717544555664,419.34,3022,3022,-1.0,-1.0,-1,-1,0.0
22507,-73.98124694824219,40.741477966308594,-73.97940826416014,40.73296356201172,315.04,3022,3022,3099.63,3414.67,77.63000000000011,-5.684341886080802e-14,0.9999999999999998
22508,-73.96769714355469,40.77143478393555,-73.9915313720703,40.75006866455078,902.34,3022,3022,3055.92,3958.26,33.92000000000007,1.1368683772161603e-13,1.0000000000000002
22509,-73.98173522949219,40.746746063232415,-73.9886703491211,40.73699951171875,273.5,3022,3022,-1.0,-1.0,-1,-1,0.0
22510,-73.9903793334961,40.73169708251953,-73.98464965820312,40.75410079956055,715.42,3022,3022,-1.0,-1.0,-1,-1,0.0
22511,-74.01600646972656,40.71485137939453,-73.99429321289062,40.734466552734375,680.36,3022,3022,3075.92,3756.28,53.92000000000007,1.1368683772161603e-13,1.0000000000000002
22512,-73.9712905883789,40.76057434082031,-73.98318481445312,40.76914596557617,525.41,3023,3023,-1.0,-1.0,-1,-1,0.0
22513,-73.96832275390625,40.767879486083984,-73.9595947265625,40.77514266967773,262.63,3023,3023,3039.44,3302.07,16.440000000000055,1.1368683772161603e-13,1.0000000000000004
22514,-73.98059844970702,40.76485824584961,-73.99144744873048,40.75012969970703,481.32,3023,3023,3080.76,3562.0800000000004,57.76000000000022,1.7053025658242404e-13,1.0000000000000004
22515,-73.9818115234375,40.77838134765625,-73.93118286132812,40.86878967285156,1132.64,3023,3023,-1.0,-1.0,-1,-1,0.0
22516,-73.98373413085938,40.76695251464844,-73.9678955078125,40.765228271484375,474.71,3023,3023,3069.61,3606.27,46.61000000000013,61.949999999999875,1.130500726759495
22517,-73.97789764404298,40.78642654418945,-73.98599243164062,40.77746963500977,215.24,3023,3023,3162.75,3377.99,139.75,-2.2737367544323206e-13,0.9999999999999989
22518,-73.9996566772461,40.7334213256836,-74.00858306884766,40.73960876464844,375.87,3023,3023,3077.29,3453.16,54.289999999999964,-1.1368683772161603e-13,0.9999999999999997
22519,-73.95947265625,40.77714920043945,-73.98728942871094,40.77032852172852,713.44,3024,3024,-1.0,-1.0,-1,-1,0.0
22520,-73.98497009277344,40.76197814941406,-73.95183563232422,40.78293991088867,981.61,3024,3024,3053.2799999999997,4034.8900000000003,29.279999999999745,5.684341886080801e-13,1.0000000000000007
22521,-73.97093200683594,40.76057434082031,-73.9735107421875,40.73862838745117,701.42,3024,3024,-1.0,-1.0,-1,-1,0.0
22522,-73.98921203613281,40.75799179077149,-73.9769973754883,40.764949798583984,385.35,3024,3024,3041.97,3489.27,17.9699999999998,61.95000000000016,1.160762942779292
22523,-73.981689453125,40.77849960327149,-73.96749114990234,40.788719177246094,338.24,3024,3024,3074.12,3428.0099999999998,50.11999999999989,15.649999999999864,1.0462689214758747
22524,-73.97086334228516,40.7984504699707,-73.96904754638672,40.78554916381836,358.74,3024,3024,3389.6800000000003,3748.42,365.6800000000003,-2.2737367544323206e-13,0.9999999999999993
22525,-73.96952819824219,40.763347625732415,-73.9761734008789,40.75568771362305,318.29,3024,3024,-1.0,-1.0,-1,-1,0.0
22526,-73.99932861328125,40.71888732910156,-74.01084899902342,40.71345520019531,441.77,3024,3024,-1.0,-1.0,-1,-1,0.0
22527,-73.98158264160156,40.75848007202149,-73.98162078857422,40.74399185180664,540.83,3025,3025,3159.67,3700.5,134.67000000000007,-1.1368683772161603e-13,0.9999999999999998
22528,-73.99830627441406,40.755836486816406,-74.00849914550781,40.73268127441406,625.72,3025,3025,3069.37,3695.09,44.36999999999989,2.2737367544323206e-13,1.0000000000000004
22529,-73.97946166992188,40.78477096557617,-73.96401977539062,40.79793930053711,354.03,3025,3025,3192.55,3546.58,167.55000000000018,-2.2737367544323206e-13,0.9999999999999993
22530,-73.98484802246094,40.77917098999024,-73.94922637939453,40.80926132202149,815.46,3025,3025,3054.04,3908.25,29.039999999999964,38.75,1.0475191916219067
22531,-73.96862030029298,40.80181503295898,-73.9592514038086,40.781097412109375,607.11,3025,3025,3071.37,3690.93,46.36999999999989,12.449999999999932,1.020506992143104
22532,-73.98365783691406,40.72982025146485,-73.97074127197266,40.755760192871094,548.3,3026,3026,3078.32,3626.6200000000003,52.320000000000164,2.2737367544323206e-13,1.0000000000000004
22533,-73.97727966308595,40.764244079589844,-73.97466278076173,40.755455017089844,405.28,3026,3026,3053.45,3458.73,27.449999999999818,2.2737367544323206e-13,1.0000000000000007
22534,-73.9999008178711,40.72845458984375,-74.00981903076173,40.71941375732422,428.3,3026,3026,-1.0,-1.0,-1,-1,0.0
22535,-73.99371337890625,40.76197052001953,-74.0078125,40.75151062011719,425.37,3026,3026,3075.45,3500.82,49.44999999999982,3.410605131648481e-13,1.0000000000000009
22536,-74.00464630126955,40.75230407714844,-74.00023651123048,40.74358367919922,298.0,3026,3026,3030.0,3339.2,4.0,11.199999999999818,1.037583892617449
22537,-73.99541473388672,40.73914337158203,-73.99982452392578,40.73284530639648,295.78,3026,3026,3045.04,3347.71,19.039999999999964,6.8900000000001,1.0232943403881267
22538,-73.97380828857422,40.75188064575195,-73.96443176269531,40.75614929199219,260.96,3026,3026,-1.0,-1.0,-1,-1,0.0
22539,-73.99922943115234,40.75455093383789,-73.99053192138672,40.76419448852539,209.71,3027,3027,3046.12,3255.83,19.11999999999989,2.842170943040401e-14,1.0000000000000002
22540,-74.004150390625,40.74263000488281,-74.00392150878906,40.729888916015625,427.66,3027,3027,-1.0,-1.0,-1,-1,0.0
22541,-73.94458770751955,40.77949905395508,-73.96331024169923,40.77526092529297,508.42,3027,3027,-1.0,-1.0,-1,-1,0.0
22542,-73.96515655517578,40.7635612487793,-73.99705505371094,40.741119384765625,1080.72,3028,3028,3079.5,4212.97,51.5,52.75000000000023,1.0488100525575543
22543,-73.96035766601562,40.798206329345696,-73.94273376464845,40.811431884765625,500.05,3028,3028,3031.54,3547.2200000000003,3.5399999999999636,15.63000000000028,1.0312568743125694
22544,-73.97858428955078,40.75122833251953,-73.99496459960938,40.74470138549805,581.18,3028,3028,3033.02,3631.24,5.019999999999982,17.03999999999985,1.0293196600020644
22545,-73.96318817138672,40.77772903442383,-73.97509765625,40.76176834106445,443.13,3029,3029,-1.0,-1.0,-1,-1,0.0
22546,-73.99092864990234,40.750648498535156,-73.97595977783203,40.78628158569336,919.2,3029,3029,3063.08,3982.2799999999997,34.07999999999993,-2.2737367544323206e-13,0.9999999999999998
22547,-73.98656463623048,40.73022079467773,-74.00788879394531,40.73695755004883,721.96,3029,3029,3053.82,3856.27,24.820000000000164,80.48999999999978,1.1114881710898108
22548,-74.00745391845702,40.72681427001953,-73.98780822753906,40.74476623535156,674.99,3030,3030,3120.13,3795.12,90.13000000000011,-2.2737367544323206e-13,0.9999999999999997
22549,-73.94634246826173,40.78054809570313,-73.93476104736328,40.79676818847656,204.15,3030,3030,3073.79,3277.94,43.789999999999964,8.526512829121202e-14,1.0000000000000004
22550,-73.95452117919923,40.76957321166992,-73.96439361572266,40.770484924316406,310.27,3030,3030,3040.54,3456.51,10.539999999999964,105.70000000000027,1.3406710284590848
22551,-73.97834014892578,40.75225067138672,-73.9622573852539,40.77145767211913,647.22,3030,3030,-1.0,-1.0,-1,-1,0.0
22552,-73.97817993164062,40.752307891845696,-73.98246002197266,40.75783157348633,270.38,3030,3030,3052.21,3322.59,22.210000000000036,1.1368683772161603e-13,1.0000000000000004
22553,-73.98863220214844,40.73640060424805,-74.00936126708984,40.726112365722656,660.77,3030,3030,-1.0,-1.0,-1,-1,0.0
22554,-73.96424102783203,40.77536010742188,-73.96139526367188,40.77166366577149,238.54,3030,3030,-1.0,-1.0,-1,-1,0.0
22555,-73.97708892822266,40.75175094604492,-73.98558044433594,40.75551986694336,320.21,3030,3030,3053.19,3373.4,23.190000000000055,5.684341886080802e-14,1.0000000000000002
22556,-73.98179626464844,40.74689865112305,-73.96231842041014,40.774726867675774,722.69,3030,3030,-1.0,-1.0,-1,-1,0.0
22557,-73.98576354980467,40.73831176757813,-73.95155334472656,40.7664909362793,1054.04,3030,3030,-1.0,-1.0,-1,-1,0.0
22558,-73.94927978515625,40.77692031860352,-73.93901062011719,40.80514144897461,524.27,3031,3031,-1.0,-1.0,-1,-1,0.0
22559,-73.94697570800781,40.78010559082031,-73.98291015625,40.777061462402344,869.65,3031,3031,-1.0,-1.0,-1,-1,0.0
22560,-73.98326873779298,40.76161575317383,-73.98323822021484,40.73967361450195,782.66,3031,3031,3062.57,3886.41,31.570000000000164,41.17999999999972,1.052615439654511
22561,-73.97511291503906,40.75268173217773,-73.98119354248048,40.73883819580078,361.46,3031,3031,3062.67,3424.13,31.670000000000073,5.684341886080802e-14,1.0000000000000002
22562,-73.98372650146483,40.72998428344727,-73.99581909179686,40.76445770263672,1175.96,3031,3031,3180.7,4356.66,149.69999999999982,0.0,1.0
22563,-73.98754119873048,40.76136779785156,-73.99556732177734,40.76457214355469,274.63,3032,3032,-1.0,-1.0,-1,-1,0.0
22564,-73.9969711303711,40.7365608215332,-74.00955200195312,40.72600173950195,411.86,3032,3032,-1.0,-1.0,-1,-1,0.0
22565,-73.99883270263672,40.734466552734375,-73.94760131835938,40.80973815917969,1712.82,3032,3032,-1.0,-1.0,-1,-1,0.0
22566,-73.99612426757811,40.73706817626953,-73.98838806152342,40.74835586547852,302.08,3032,3032,-1.0,-1.0,-1,-1,0.0
22567,-73.99612426757811,40.76482009887695,-74.0073013305664,40.7412338256836,629.71,3032,3032,3227.89,3857.6000000000004,195.88999999999987,4.547473508864641e-13,1.0000000000000007
22568,-74.00582122802734,40.7060661315918,-73.95763397216798,40.77101516723633,1131.34,3032,3032,3184.3,4315.64,152.30000000000018,2.2737367544323206e-13,1.0000000000000002
22569,-73.98204803466798,40.758209228515625,-73.99404907226562,40.7249412536621,1004.02,3032,3032,3221.75,4225.77,189.75,4.547473508864641e-13,1.0000000000000004
22570,-74.00751495361328,40.743179321289055,-73.94799041748048,40.80806350708008,1342.47,3032,3032,-1.0,-1.0,-1,-1,0.0
22571,-73.9838638305664,40.74095916748047,-74.00788879394531,40.75196075439453,803.45,3033,3033,-1.0,-1.0,-1,-1,0.0
22572,-73.99267578125,40.73773193359375,-73.99678039550781,40.7151756286621,805.32,3033,3033,-1.0,-1.0,-1,-1,0.0
22573,-73.95785522460938,40.801063537597656,-73.9891586303711,40.760292053222656,991.53,3033,3033,3262.75,4254.28,229.75,-2.2737367544323206e-13,0.9999999999999998
22574,-73.95156860351562,40.81184768676758,-73.95601654052734,40.820560455322266,300.4,3034,3034,3420.59,3720.99,386.59000000000015,-3.410605131648481e-13,0.9999999999999989
22575,-74.0082778930664,40.746597290039055,-73.98229217529298,40.75602722167969,739.53,3034,3034,-1.0,-1.0,-1,-1,0.0
22576,-74.01199340820312,40.71379089355469,-74.00769805908203,40.751731872558594,582.32,3034,3034,3083.47,3665.79,49.4699999999998,1.1368683772161603e-13,1.0000000000000002
22577,-73.9840316772461,40.7736930847168,-73.97456359863281,40.756160736083984,768.56,3034,3034,-1.0,-1.0,-1,-1,0.0
22578,-73.98120880126955,40.78110885620117,-73.9755859375,40.79531478881836,361.16,3034,3034,3074.79,3435.95,40.789999999999964,-1.7053025658242404e-13,0.9999999999999996
22579,-73.98925018310547,40.73527145385742,-73.97492218017578,40.75070571899415,524.66,3034,3034,-1.0,-1.0,-1,-1,0.0
22580,-73.95549011230467,40.7769660949707,-73.96874237060547,40.7860221862793,378.12,3034,3034,3091.42,3469.54,57.42000000000007,-1.1368683772161603e-13,0.9999999999999997
22581,-73.98590850830078,40.72226333618164,-74.01386260986328,40.709678649902344,685.69,3035,3035,3203.03,3888.72,168.0300000000002,-4.547473508864641e-13,0.9999999999999993
22582,-74.00505065917969,40.72092056274415,-73.98196411132812,40.78382110595703,1196.23,3035,3035,3065.63,4261.86,30.63000000000011,-4.547473508864641e-13,0.9999999999999997
22583,-73.9668426513672,40.772369384765625,-73.95440673828125,40.768798828125,343.76,3035,3035,-1.0,-1.0,-1,-1,0.0
22584,-73.96672821044923,40.77315902709961,-73.95728302001955,40.77685928344727,322.17,3035,3035,-1.0,-1.0,-1,-1,0.0
22585,-73.97379302978516,40.75703048706055,-73.97611236572266,40.77885055541992,748.7,3035,3035,-1.0,-1.0,-1,-1,0.0
22586,-73.96099853515625,40.769378662109375,-73.96675872802734,40.7991600036621,766.48,3035,3035,-1.0,-1.0,-1,-1,0.0
22587,-73.97682189941406,40.76015090942383,-73.9858169555664,40.751861572265625,389.68,3035,3035,-1.0,-1.0,-1,-1,0.0
22588,-73.98861694335938,40.73130798339844,-73.99864196777344,40.75445175170898,796.32,3035,3035,-1.0,-1.0,-1,-1,0.0
22589,-73.99813079833984,40.72027587890625,-73.99246978759766,40.734642028808594,529.93,3035,3035,-1.0,-1.0,-1,-1,0.0
22590,-73.96415710449219,40.7765998840332,-73.9767837524414,40.759220123291016,491.47,3036,3036,-1.0,-1.0,-1,-1,0.0
22591,-73.98211669921875,40.76837158203125,-73.97219085693358,40.76335906982422,377.74,3036,3036,3084.27,3462.01,48.26999999999998,2.2737367544323206e-13,1.0000000000000007
22592,-73.99465942382812,40.74552917480469,-73.97450256347656,40.74949264526367,633.31,3036,3036,-1.0,-1.0,-1,-1,0.0
22593,-73.97676849365234,40.76421356201172,-73.96175384521484,40.76422882080078,491.05,3036,3036,-1.0,-1.0,-1,-1,0.0
22594,-73.98146057128906,40.77450180053711,-73.97697448730467,40.77660369873047,220.71,3037,3037,3166.66,3387.37,129.65999999999985,2.842170943040401e-14,1.0000000000000002
22595,-73.99784851074219,40.72575759887695,-74.00969696044923,40.73938751220703,564.33,3037,3037,3071.12,3710.38,34.11999999999989,74.93000000000018,1.1327769213049106
22596,-73.98234558105469,40.7748908996582,-73.97328186035155,40.78517532348633,327.28,3037,3037,3425.6499999999996,3752.93,388.64999999999964,2.2737367544323206e-13,1.0000000000000007
22597,-74.00128936767578,40.73649978637695,-73.99128723144531,40.723445892333984,581.3,3037,3037,-1.0,-1.0,-1,-1,0.0
22598,-73.99675750732422,40.74263000488281,-74.00228118896483,40.72999954223633,301.91,3037,3037,3066.0199999999986,3367.929999999999,29.019999999998618,2.8421709430404007e-13,1.0000000000000009
22599,-74.0022201538086,40.75566864013672,-74.00759887695312,40.74070739746094,466.62,3037,3037,-1.0,-1.0,-1,-1,0.0
22600,-73.97567749023438,40.77650833129883,-73.9655990600586,40.80609130859375,608.82,3038,3038,-1.0,-1.0,-1,-1,0.0
22601,-73.9789810180664,40.76359939575195,-73.9867630004883,40.74718856811523,521.72,3038,3038,-1.0,-1.0,-1,-1,0.0
22602,-74.00579833984375,40.74054336547852,-73.99485778808595,40.73997116088867,327.04,3038,3038,-1.0,-1.0,-1,-1,0.0
22603,-73.9697036743164,40.760440826416016,-73.94477844238281,40.791446685791016,598.67,3038,3038,-1.0,-1.0,-1,-1,0.0
22604,-73.97201538085938,40.794620513916016,-73.97473907470702,40.741905212402344,1501.36,3038,3038,3072.93,4609.12,34.929999999999836,34.830000000000155,1.0231989662705814
22605,-73.97869110107422,40.74788665771485,-73.9900665283203,40.74515151977539,390.62,3038,3038,3074.62,3542.66,36.61999999999989,77.41999999999996,1.1981977369310326
22606,-74.0033187866211,40.71382522583008,-73.9950942993164,40.7253303527832,377.66,3038,3038,-1.0,-1.0,-1,-1,0.0
22607,-74.00564575195312,40.74055862426758,-73.99095916748048,40.73479843139648,462.25,3039,3039,-1.0,-1.0,-1,-1,0.0
22608,-73.98638153076173,40.74321365356445,-73.97905731201173,40.75293350219727,244.65,3039,3039,-1.0,-1.0,-1,-1,0.0
22609,-73.96749114990234,40.76904296875,-73.97191619873048,40.782241821289055,322.33,3039,3039,-1.0,-1.0,-1,-1,0.0
22610,-73.97111511230467,40.79566955566406,-73.93978118896483,40.85136032104492,775.28,3039,3039,3191.82,3967.1000000000004,152.82000000000016,2.2737367544323206e-13,1.0000000000000002
22611,-73.97189331054686,40.757488250732415,-73.98262023925781,40.7423095703125,335.13,3039,3039,3090.61,3425.74,51.61000000000013,-3.410605131648481e-13,0.999999999999999
22612,-73.99234008789062,40.74932098388672,-74.0043716430664,40.7424201965332,320.95,3039,3039,3081.67,3402.62,42.67000000000007,-1.7053025658242404e-13,0.9999999999999994
22613,-74.00701904296875,40.74365997314453,-73.99674987792969,40.76031875610352,324.5,3039,3039,3095.59,3420.09,56.590000000000146,0.0,1.0
22614,-73.98741149902342,40.74174118041992,-73.98963928222656,40.75732803344727,612.7,3039,3039,3081.58,3734.86,42.57999999999993,40.580000000000155,1.0662314346335893
22615,-73.99090576171875,40.76582336425781,-73.98346710205078,40.75010299682617,735.32,3039,3039,3167.96,3903.28,128.96000000000004,1.1368683772161603e-13,1.0000000000000002
22616,-73.97499084472656,40.758949279785156,-73.96170043945312,40.7711067199707,437.51,3039,3039,3090.52,3528.03,51.51999999999998,2.2737367544323206e-13,1.0000000000000004
22617,-73.94829559326173,40.78254318237305,-73.95589447021484,40.77107620239258,227.21,3039,3039,3146.79,3374.0,107.78999999999996,2.842170943040401e-14,1.0000000000000002
22618,-74.00628662109375,40.73957824707031,-73.99462127685547,40.74357223510742,367.16,3039,3039,-1.0,-1.0,-1,-1,0.0
22619,-74.00658416748048,40.70664596557617,-73.97588348388672,40.733253479003906,609.03,3040,3040,-1.0,-1.0,-1,-1,0.0
22620,-73.95502471923827,40.77754211425781,-73.95598602294923,40.784812927246094,225.71,3040,3040,3110.04,3335.75,70.03999999999996,2.842170943040401e-14,1.0000000000000002
22621,-74.0010986328125,40.731758117675774,-73.97064208984375,40.764461517333984,1016.23,3040,3040,3091.67,4144.71,51.67000000000007,36.809999999999945,1.0362221150723754
22622,-73.98853302001955,40.7386131286621,-73.98182678222656,40.746257781982415,225.25,3040,3040,-1.0,-1.0,-1,-1,0.0
22623,-73.99987030029298,40.73304748535156,-74.00216674804686,40.76041030883789,765.43,3040,3040,3083.09,3892.76,43.090000000000146,44.24000000000012,1.0577975778320685
22624,-73.98368835449219,40.73422622680664,-73.98818969726562,40.72399520874024,292.56,3040,3040,-1.0,-1.0,-1,-1,0.0
22625,-73.99290466308595,40.74795150756836,-73.96261596679686,40.76396179199219,1072.91,3040,3040,3099.65,4172.56,59.65000000000009,2.2737367544323206e-13,1.0000000000000002
22626,-73.9941177368164,40.75103378295898,-74.01599884033203,40.71133041381836,925.49,3040,3040,3094.0,4019.49,54.0,-2.2737367544323206e-13,0.9999999999999998
22627,-73.98138427734375,40.781005859375,-73.97660064697266,40.78807830810547,199.13,3040,3040,3143.08,3342.21,103.07999999999993,1.1368683772161603e-13,1.0000000000000007
22628,-73.95337677001955,40.77962112426758,-73.94256591796875,40.78628540039063,243.49,3040,3040,3098.83,3392.25,58.82999999999993,49.930000000000064,1.2050597560474765
22629,-73.99038696289062,40.74061965942383,-73.9969482421875,40.73656845092773,183.16,3041,3041,3091.05,3274.21,50.05000000000018,-1.4210854715202004e-13,0.9999999999999992
22630,-73.99148559570312,40.75019454956055,-73.9936294555664,40.770179748535156,696.18,3041,3041,-1.0,-1.0,-1,-1,0.0
22631,-73.97679138183594,40.751968383789055,-74.00869750976562,40.723388671875,1115.37,3041,3041,3072.23,4204.15,31.230000000000018,16.549999999999727,1.014838125465092
22632,-73.99935913085938,40.73379135131836,-73.99083709716798,40.75215148925781,508.86,3041,3041,3083.0,3591.86,42.0,1.1368683772161603e-13,1.0000000000000002
22633,-73.9728012084961,40.786720275878906,-73.9754409790039,40.77696990966797,219.81,3041,3041,3098.66,3318.4700000000003,57.659999999999854,3.979039320256561e-13,1.0000000000000018
22634,-73.9457015991211,40.773773193359375,-73.95797729492188,40.78151321411133,411.13,3041,3041,3079.04,3490.17,38.039999999999964,1.1368683772161603e-13,1.0000000000000002
22635,-73.97645568847656,40.77642822265625,-73.98806762695312,40.77960205078125,314.34,3041,3041,-1.0,-1.0,-1,-1,0.0
22636,-74.00363159179686,40.753173828125,-73.99444580078125,40.761096954345696,267.2,3042,3042,-1.0,-1.0,-1,-1,0.0
22637,-73.95720672607422,40.779991149902344,-73.9445571899414,40.77936935424805,324.79,3042,3042,-1.0,-1.0,-1,-1,0.0
22638,-73.98394012451173,40.78062057495117,-73.97049713134766,40.7989501953125,408.89,3042,3042,3274.62,3683.5099999999998,232.6199999999999,-1.1368683772161603e-13,0.9999999999999997
22639,-73.99591827392578,40.74028396606445,-73.99266815185547,40.73052978515625,346.51,3042,3042,-1.0,-1.0,-1,-1,0.0
22640,-73.99087524414062,40.73465347290039,-74.0030517578125,40.7177734375,479.01,3042,3042,-1.0,-1.0,-1,-1,0.0
22641,-73.98259735107422,40.773109436035156,-73.96588134765625,40.77119064331055,410.08,3042,3042,3070.46,3524.57,28.460000000000036,44.03000000000014,1.1073692937963329
22642,-73.9725341796875,40.76201629638672,-73.96100616455078,40.76936340332031,353.96,3043,3043,3062.15,3494.06,19.15000000000009,77.94999999999987,1.2202226240253133
22643,-73.98004150390625,40.748783111572266,-73.97322082519531,40.78866958618164,1065.44,3043,3043,3112.96,4178.400000000001,69.96000000000004,4.547473508864641e-13,1.0000000000000004
22644,-73.97394561767578,40.75779724121094,-73.98590087890625,40.74141311645508,514.09,3043,3043,-1.0,-1.0,-1,-1,0.0
22645,-73.97177124023438,40.75703811645508,-73.95863342285155,40.77806091308594,568.95,3043,3043,-1.0,-1.0,-1,-1,0.0
22646,-73.99200439453125,40.76959991455078,-74.00316619873048,40.74726104736328,451.28,3043,3043,3091.5,3542.78,48.5,2.2737367544323206e-13,1.0000000000000004
22647,-74.00675201416014,40.73085021972656,-73.99494171142578,40.75014114379883,393.72,3043,3043,-1.0,-1.0,-1,-1,0.0
22648,-73.97088623046875,40.762001037597656,-73.9615936279297,40.77180099487305,316.38,3043,3043,-1.0,-1.0,-1,-1,0.0
22649,-73.98683166503906,40.760833740234375,-73.9918212890625,40.73857879638672,716.75,3043,3043,-1.0,-1.0,-1,-1,0.0
22650,-73.97063446044923,40.76505661010742,-73.95811462402342,40.77473831176758,334.05,3044,3044,-1.0,-1.0,-1,-1,0.0
22651,-73.96282958984375,40.7782096862793,-74.00448608398438,40.717960357666016,1659.29,3044,3044,-1.0,-1.0,-1,-1,0.0
22652,-73.96133422851562,40.764896392822266,-74.00511932373048,40.717449188232415,1371.79,3044,3044,-1.0,-1.0,-1,-1,0.0
22653,-73.97335052490234,40.756591796875,-73.97097778320312,40.79341506958008,928.48,3044,3044,-1.0,-1.0,-1,-1,0.0
22654,-74.01068878173827,40.72700119018555,-73.99417877197266,40.76151657104492,586.24,3044,3044,-1.0,-1.0,-1,-1,0.0
22655,-73.98470306396483,40.75160598754883,-73.99638366699219,40.73632049560547,499.92,3044,3044,-1.0,-1.0,-1,-1,0.0
22656,-73.9867630004883,40.7664794921875,-74.00274658203125,40.76057815551758,427.17,3044,3044,3210.49,3637.66,166.48999999999978,5.684341886080802e-14,1.0000000000000002
22657,-73.98749542236328,40.765525817871094,-73.99053955078125,40.73139190673828,1086.02,3044,3044,3065.89,4210.08,21.889999999999873,58.17000000000007,1.0535625494926428
22658,-73.9818801879883,40.75834655761719,-73.9768295288086,40.77667236328125,527.37,3045,3045,3062.05,3589.42,17.050000000000182,-1.1368683772161603e-13,0.9999999999999998
22659,-74.00931549072266,40.729164123535156,-74.0173568725586,40.70676040649415,458.59,3045,3045,3079.76,3538.35,34.76000000000022,-2.8421709430404007e-13,0.9999999999999993
22660,-74.01555633544923,40.71127700805664,-74.00656127929686,40.73152160644531,429.85,3045,3045,-1.0,-1.0,-1,-1,0.0
22661,-73.95040893554686,40.78667068481445,-73.97425079345702,40.739990234375,1166.15,3045,3045,3156.46,4322.61,111.46000000000004,-4.547473508864641e-13,0.9999999999999996
22662,-74.00863647460938,40.720027923583984,-73.99394989013672,40.72746658325195,536.01,3045,3045,-1.0,-1.0,-1,-1,0.0
22663,-73.97781372070312,40.764610290527344,-73.98877716064453,40.74258041381836,606.97,3045,3045,-1.0,-1.0,-1,-1,0.0
22664,-73.97399139404298,40.75986099243164,-73.97554779052734,40.76376724243164,263.26,3045,3045,-1.0,-1.0,-1,-1,0.0
22665,-73.97127532958984,40.761714935302734,-73.99757385253906,40.72460174560547,1018.89,3045,3045,3061.49,4080.38,16.48999999999978,3.410605131648481e-13,1.0000000000000004
22666,-73.9676742553711,40.768959045410156,-73.97757720947266,40.75793838500977,421.06,3045,3045,3086.9,3580.88,41.90000000000009,72.92000000000002,1.173181969315537
22667,-73.96674346923827,40.770164489746094,-73.95252990722656,40.77775955200195,403.48,3045,3045,3067.62,3558.01,22.61999999999989,86.91000000000031,1.2154010112025386
22668,-73.99994659423827,40.748550415039055,-74.0033187866211,40.733131408691406,382.16,3045,3045,-1.0,-1.0,-1,-1,0.0
22669,-73.9652786254883,40.79106903076172,-73.97905731201173,40.772708892822266,427.58,3045,3045,3111.75,3539.33,66.75,-5.684341886080802e-14,0.9999999999999999
22670,-73.9844207763672,40.72886657714844,-73.98886108398438,40.7478141784668,690.84,3046,3046,3198.33,3889.17,152.32999999999993,1.1368683772161603e-13,1.0000000000000002
22671,-73.96417236328125,40.77620697021485,-73.99935150146483,40.72503280639648,1444.32,3046,3046,-1.0,-1.0,-1,-1,0.0
22672,-73.96328735351562,40.75862884521485,-73.97808837890625,40.76491165161133,581.79,3046,3046,3194.37,3776.16,148.3699999999999,0.0,1.0
22673,-74.00524139404298,40.74615097045898,-73.98682403564453,40.74551010131836,528.97,3046,3046,3081.66,3660.55,35.659999999999854,49.9200000000003,1.0943720815925295
22674,-73.94728851318358,40.77608108520508,-73.99497985839844,40.76028823852539,1272.47,3046,3046,-1.0,-1.0,-1,-1,0.0
22675,-73.96832275390625,40.75872039794922,-73.98153686523438,40.75289916992188,532.35,3046,3046,-1.0,-1.0,-1,-1,0.0
22676,-73.98558807373048,40.741477966308594,-74.00818634033203,40.71681594848633,809.1,3046,3046,-1.0,-1.0,-1,-1,0.0
22677,-73.9814453125,40.732826232910156,-73.97136688232422,40.75991821289063,718.49,3046,3046,3080.29,3875.06,34.289999999999964,76.27999999999997,1.1061671004467704
22678,-73.96569061279298,40.76678085327149,-73.97522735595702,40.75215148925781,424.26,3046,3046,-1.0,-1.0,-1,-1,0.0
22679,-73.98682403564453,40.74241638183594,-73.9858169555664,40.766258239746094,869.13,3046,3046,-1.0,-1.0,-1,-1,0.0
22680,-73.97944641113281,40.74213790893555,-73.97652435302734,40.7574577331543,500.11,3046,3046,3091.85,3628.0,45.84999999999991,36.04000000000008,1.0720641458879048
22681,-74.00688934326173,40.71618270874024,-73.9825668334961,40.7181510925293,724.53,3046,3046,3118.21,3842.7400000000002,72.21000000000004,2.2737367544323206e-13,1.0000000000000002
22682,-73.96443176269531,40.773941040039055,-73.9754867553711,40.76559829711913,453.98,3046,3046,-1.0,-1.0,-1,-1,0.0
22683,-73.97506713867188,40.75627136230469,-73.97977447509766,40.754791259765625,229.04,3047,3047,-1.0,-1.0,-1,-1,0.0
22684,-73.9715805053711,40.756660461425774,-73.95113372802734,40.782981872558594,602.55,3047,3047,-1.0,-1.0,-1,-1,0.0
22685,-73.96410369873048,40.76458740234375,-73.95829772949219,40.76788330078125,181.41,3047,3047,-1.0,-1.0,-1,-1,0.0
22686,-74.00074005126955,40.74726867675781,-73.99513244628906,40.72266006469727,829.38,3047,3047,3070.54,3899.9199999999996,23.539999999999964,-3.410605131648481e-13,0.9999999999999996
22687,-73.98210906982422,40.77516174316406,-73.9684066772461,40.79926300048828,444.65,3047,3047,3076.12,3583.6600000000003,29.11999999999989,62.89000000000044,1.1414370853480276
22688,-73.96620178222656,40.757904052734375,-73.98605346679686,40.7309684753418,532.99,3047,3047,-1.0,-1.0,-1,-1,0.0
22689,-73.97117614746094,40.79560089111328,-73.9464340209961,40.836082458496094,600.09,3047,3047,3079.52,3765.65,32.51999999999998,86.04000000000008,1.1433784932260163
22690,-73.9764404296875,40.73962020874024,-74.00513458251955,40.715423583984375,937.52,3048,3048,3164.75,4102.27,116.75,4.547473508864641e-13,1.0000000000000004
22691,-73.95758056640625,40.780139923095696,-73.97518157958984,40.753021240234375,785.41,3048,3048,3085.04,3870.45,37.039999999999964,-1.1368683772161603e-13,0.9999999999999999
22692,-73.97607421875,40.76059341430664,-74.00934600830078,40.70471572875977,1279.51,3048,3048,-1.0,-1.0,-1,-1,0.0
22693,-73.98211669921875,40.763938903808594,-73.9801025390625,40.765640258789055,256.66,3048,3048,-1.0,-1.0,-1,-1,0.0
22694,-73.9710235595703,40.75796890258789,-73.98198699951173,40.74333953857422,363.47,3048,3048,-1.0,-1.0,-1,-1,0.0
22695,-73.97225952148438,40.7630271911621,-74.00389862060547,40.7430076599121,1065.8,3048,3048,3083.0299999999997,4206.32,35.029999999999745,57.49000000000001,1.053940701820229
22696,-73.97128295898438,40.76591110229492,-73.95643615722656,40.769546508789055,434.3,3048,3048,-1.0,-1.0,-1,-1,0.0
22697,-73.94634246826173,40.77731323242188,-73.95552825927734,40.77182388305664,252.04,3049,3049,-1.0,-1.0,-1,-1,0.0
22698,-73.98027801513672,40.754642486572266,-73.98784637451173,40.72258377075195,944.86,3049,3049,3087.57,4076.5,38.570000000000164,44.06999999999982,1.0466418305357406
22699,-74.0043411254883,40.723976135253906,-73.98925018310547,40.75791549682617,871.26,3049,3049,3114.46,3985.72,65.46000000000004,-2.2737367544323206e-13,0.9999999999999998
22700,-74.00071716308595,40.72606658935547,-73.99113464355469,40.73157501220703,341.47,3049,3049,3126.41,3467.88,77.40999999999985,2.2737367544323206e-13,1.0000000000000007
22701,-73.98955535888672,40.720611572265625,-73.96944427490234,40.75285720825195,651.71,3049,3049,3112.33,3764.04,63.32999999999993,0.0,1.0
22702,-73.96414947509766,40.76782989501953,-73.97179412841797,40.75796508789063,306.79,3049,3049,-1.0,-1.0,-1,-1,0.0
22703,-74.01262664794923,40.70206832885742,-73.98975372314453,40.75069046020508,1212.62,3049,3049,-1.0,-1.0,-1,-1,0.0
22704,-73.95283508300781,40.7867546081543,-73.98799896240234,40.77069854736328,814.5,3049,3049,3106.29,3966.6,57.289999999999964,45.809999999999945,1.056243093922652
22705,-73.99079132080078,40.74026870727539,-74.00135040283203,40.73630142211913,268.16,3050,3050,3099.48,3369.5699999999997,49.48000000000002,1.9299999999996658,1.007197195704056
22706,-73.99925231933594,40.726470947265625,-73.98186492919923,40.76308822631836,1008.11,3050,3050,3079.1,4087.2100000000005,29.09999999999991,5.684341886080801e-13,1.0000000000000007
22707,-73.97560882568358,40.76344680786133,-73.99951934814453,40.761627197265625,780.67,3050,3050,-1.0,-1.0,-1,-1,0.0
22708,-73.99443054199219,40.7283592224121,-73.97428131103516,40.74272155761719,536.87,3050,3050,-1.0,-1.0,-1,-1,0.0
22709,-73.9867935180664,40.76671981811523,-73.97242736816406,40.79264831542969,547.03,3050,3050,-1.0,-1.0,-1,-1,0.0
22710,-73.98640441894531,40.75689315795898,-73.97571563720702,40.76601791381836,423.22,3050,3050,-1.0,-1.0,-1,-1,0.0
22711,-73.93421936035155,40.80198669433594,-73.94506072998048,40.7871322631836,187.8,3050,3050,3332.75,3520.5499999999997,282.75,-2.8421709430404007e-13,0.9999999999999984
22712,-74.00497436523438,40.73191452026367,-73.9900894165039,40.7427864074707,585.63,3050,3050,-1.0,-1.0,-1,-1,0.0
22713,-73.99266052246094,40.758262634277344,-73.98428344726562,40.75350570678711,370.68,3050,3050,3109.53,3480.21,59.5300000000002,-1.7053025658242404e-13,0.9999999999999996
22714,-73.96147918701173,40.760398864746094,-73.95663452148438,40.775352478027344,333.16,3050,3050,3065.45,3398.6099999999997,15.449999999999818,-1.7053025658242404e-13,0.9999999999999994
22715,-73.96595764160156,40.76528549194336,-73.961669921875,40.75948715209961,316.04,3050,3050,3093.01,3416.3,43.01000000000022,7.249999999999943,1.0229401341602327
22716,-73.97460174560547,40.790882110595696,-73.9842529296875,40.76411056518555,678.47,3051,3051,3102.42,3780.89,51.42000000000007,-2.2737367544323206e-13,0.9999999999999997
22717,-73.97325134277344,40.75906753540039,-73.96343994140625,40.770904541015625,339.37,3051,3051,-1.0,-1.0,-1,-1,0.0
22718,-73.95293426513672,40.783199310302734,-73.97648620605469,40.76405334472656,784.18,3051,3051,-1.0,-1.0,-1,-1,0.0
22719,-73.95433807373048,40.7839469909668,-73.95833587646483,40.77606964111328,202.08,3051,3051,3082.84,3284.92,31.840000000000146,-8.526512829121202e-14,0.9999999999999996
22720,-74.00599670410156,40.70631790161133,-74.01570129394531,40.711585998535156,342.34,3051,3051,-1.0,-1.0,-1,-1,0.0
22721,-73.96457672119139,40.77402114868164,-73.98014831542969,40.76531982421875,563.39,3052,3052,3106.34,3669.73,54.340000000000146,-1.1368683772161603e-13,0.9999999999999998
22722,-73.96307373046875,40.775291442871094,-73.95457458496094,40.80039978027344,548.93,3052,3052,-1.0,-1.0,-1,-1,0.0
22723,-73.94386291503906,40.77630233764648,-73.97012329101562,40.76476669311523,816.59,3052,3052,-1.0,-1.0,-1,-1,0.0
22724,-73.9885025024414,40.7747917175293,-73.96575164794923,40.76604080200195,579.32,3052,3052,3076.8,3678.03,24.800000000000182,21.909999999999968,1.0378202029966166
22725,-73.97005462646483,40.7854881286621,-73.94662475585938,40.78065872192383,547.24,3052,3052,3068.77,3625.8,16.769999999999982,9.790000000000191,1.0178897741393176
22726,-73.98519134521484,40.728370666503906,-73.99973297119139,40.732810974121094,440.94,3052,3052,3072.88,3513.82,20.88000000000011,5.684341886080802e-14,1.0000000000000002
22727,-73.98695373535155,40.77175521850585,-73.97488403320312,40.7878532409668,297.16,3052,3052,3085.9500000000003,3383.11,33.95000000000027,-1.7053025658242404e-13,0.9999999999999994
22728,-73.95201873779298,40.77822494506836,-73.97902679443358,40.74062728881836,901.5,3053,3053,3086.28,4021.5200000000004,33.2800000000002,33.74000000000024,1.0374265113699392
22729,-74.0022201538086,40.7400016784668,-74.00287628173827,40.74956893920898,273.99,3053,3053,3060.0,3333.99,7.0,-2.2737367544323206e-13,0.9999999999999992
22730,-74.00588226318358,40.748443603515625,-73.98489379882812,40.72439956665039,995.17,3053,3053,3101.19,4141.44,48.190000000000055,45.079999999999586,1.0452987931710156
22731,-74.00630950927734,40.70573806762695,-74.0171890258789,40.70862579345703,347.85,3053,3053,-1.0,-1.0,-1,-1,0.0
22732,-73.98390960693358,40.725528717041016,-73.99752807617188,40.724769592285156,453.1,3053,3053,3324.61,3777.71,271.6100000000001,-1.1368683772161603e-13,0.9999999999999998
22733,-73.99922180175781,40.75448989868164,-73.98471069335938,40.779441833496094,537.96,3053,3053,-1.0,-1.0,-1,-1,0.0
22734,-73.99851989746094,40.72969055175781,-73.98275756835938,40.75600814819336,710.13,3053,3053,-1.0,-1.0,-1,-1,0.0
22735,-73.98033142089844,40.74850845336913,-74.01221466064453,40.72099304199219,1065.48,3054,3054,-1.0,-1.0,-1,-1,0.0
22736,-73.97473907470702,40.742000579833984,-74.01563262939453,40.717788696289055,879.82,3054,3054,-1.0,-1.0,-1,-1,0.0
22737,-73.99678802490234,40.75784683227539,-73.99881744384766,40.76364517211913,206.54,3054,3054,3129.08,3335.62,75.07999999999993,-2.842170943040401e-14,0.9999999999999999
22738,-73.96168518066406,40.76848220825195,-73.97120666503906,40.78524398803711,499.96,3054,3054,-1.0,-1.0,-1,-1,0.0
22739,-73.98816680908203,40.749717712402344,-73.9891586303711,40.742225646972656,223.89,3054,3054,-1.0,-1.0,-1,-1,0.0
22740,-73.96601104736328,40.75871658325195,-73.97359466552734,40.74721145629883,267.96,3054,3054,3065.72,3333.68,11.7199999999998,5.684341886080802e-14,1.0000000000000002
22741,-73.98599243164062,40.71806335449219,-73.979736328125,40.735164642333984,439.11,3054,3054,3356.42,3795.53,302.4200000000001,1.1368683772161603e-13,1.0000000000000002
22742,-73.99391174316406,40.73598098754883,-73.9957504272461,40.72087860107422,565.76,3054,3054,-1.0,-1.0,-1,-1,0.0
22743,-73.97007751464845,40.765640258789055,-73.95341491699219,40.82253646850585,1242.66,3055,3055,-1.0,-1.0,-1,-1,0.0
22744,-74.00798797607422,40.74029541015625,-74.00104522705078,40.76187133789063,535.7,3055,3055,3088.02,3623.72,33.01999999999998,-2.2737367544323206e-13,0.9999999999999996
22745,-73.97154998779298,40.782318115234375,-73.94712829589844,40.78327178955078,580.78,3055,3055,3068.09,3649.36,13.090000000000146,0.4900000000000091,1.0008436929646338
22746,-73.97842407226562,40.752201080322266,-73.97357177734375,40.791236877441406,1030.98,3055,3055,-1.0,-1.0,-1,-1,0.0
22747,-73.9923324584961,40.74368667602539,-73.99340057373048,40.7703857421875,810.82,3055,3055,3083.08,3893.8999999999996,28.079999999999927,-3.410605131648481e-13,0.9999999999999996
22748,-73.98721313476562,40.72248840332031,-74.00607299804686,40.73984909057617,826.87,3055,3055,3137.04,3963.9100000000003,82.03999999999996,3.410605131648481e-13,1.0000000000000004
22749,-73.99088287353516,40.745704650878906,-73.98551177978516,40.75337600708008,210.79,3055,3055,3068.46,3279.25,13.460000000000036,-2.842170943040401e-14,0.9999999999999999
22750,-73.94569396972656,40.781925201416016,-73.95307159423827,40.78173065185547,205.91,3056,3056,3097.28,3303.19,41.2800000000002,-1.4210854715202004e-13,0.9999999999999993
22751,-73.9862289428711,40.7523307800293,-73.97342681884766,40.75040054321289,359.99,3056,3056,3073.38,3487.96,17.38000000000011,54.58999999999992,1.1516431011972552
22752,-73.95354461669923,40.77957153320313,-73.96124267578125,40.77599716186523,218.8,3056,3056,3959.42,4178.22,903.4200000000001,1.7053025658242404e-13,1.0000000000000009
22753,-73.97867584228516,40.7563362121582,-73.97013854980467,40.75474166870117,335.68,3056,3056,3060.79,3458.25,4.789999999999964,61.78000000000003,1.1840443279313633
22754,-73.99349212646483,40.75200653076172,-73.9766616821289,40.751800537109375,598.72,3056,3056,-1.0,-1.0,-1,-1,0.0
22755,-74.00601959228516,40.71182632446289,-74.0095443725586,40.72368621826172,406.42,3056,3056,-1.0,-1.0,-1,-1,0.0
22756,-73.94420623779298,40.78845977783203,-73.97069549560547,40.75509262084961,879.72,3056,3056,3079.91,3959.63,23.909999999999854,2.2737367544323206e-13,1.0000000000000002
22757,-73.9835433959961,40.760658264160156,-74.00271606445312,40.7606315612793,561.46,3056,3056,-1.0,-1.0,-1,-1,0.0
22758,-73.97857666015625,40.78296661376953,-73.9779281616211,40.77350234985352,290.22,3056,3056,3094.37,3384.59,38.36999999999989,2.2737367544323206e-13,1.0000000000000009
22759,-73.99349975585938,40.76704025268555,-73.97889709472656,40.76301574707031,528.66,3056,3056,4129.75,4658.41,1073.75,-1.1368683772161603e-13,0.9999999999999998
22760,-73.99449920654298,40.74580764770508,-73.98396301269531,40.775386810302734,715.77,3057,3057,3106.31,3852.8900000000003,49.309999999999945,30.8100000000004,1.043044553417998
22761,-73.95613861083984,40.763671875,-73.99629974365234,40.73244857788085,951.92,3057,3057,3100.57,4057.0699999999997,43.570000000000164,4.579999999999586,1.0048113286830822
22762,-73.944580078125,40.779598236083984,-73.9571762084961,40.77680587768555,316.37,3057,3057,-1.0,-1.0,-1,-1,0.0
22763,-73.95510864257811,40.76445388793945,-73.98786926269531,40.747230529785156,946.99,3058,3058,3114.31,4061.3,56.309999999999945,2.2737367544323206e-13,1.0000000000000002
22764,-73.98883056640625,40.74128723144531,-73.9627685546875,40.76723098754883,860.89,3058,3058,3114.36,4026.36,56.36000000000013,51.110000000000014,1.0593687927609798
22765,-73.99081420898438,40.76760864257813,-73.9743881225586,40.7606201171875,577.6,3058,3058,-1.0,-1.0,-1,-1,0.0
22766,-73.99398803710938,40.74132537841797,-73.97734832763672,40.76409530639648,634.26,3058,3058,3061.05,3695.31,3.050000000000182,-2.2737367544323206e-13,0.9999999999999997
22767,-73.96277618408203,40.76636505126953,-73.98151397705078,40.77117538452149,517.21,3058,3058,-1.0,-1.0,-1,-1,0.0
22768,-73.96588897705078,40.7589111328125,-73.9884262084961,40.75085830688477,770.38,3058,3058,3063.38,3833.76,5.380000000000109,1.1368683772161603e-13,1.0000000000000002
22769,-73.97007751464845,40.76277542114258,-73.9570083618164,40.81433868408203,1218.88,3058,3058,-1.0,-1.0,-1,-1,0.0
22770,-73.97310638427734,40.76387023925781,-73.993408203125,40.75136947631836,799.08,3058,3058,-1.0,-1.0,-1,-1,0.0
22771,-73.97904968261719,40.77718353271485,-73.98869323730467,40.778507232666016,286.92,3059,3059,3098.06,3384.98,39.059999999999945,5.684341886080802e-14,1.0000000000000002
22772,-73.99968719482422,40.743560791015625,-73.99005126953125,40.75690078735352,372.27,3059,3059,3182.12,3554.39,123.11999999999989,0.0,1.0
22773,-73.99337768554686,40.72192001342773,-74.00455474853516,40.74079513549805,704.55,3059,3059,3156.33,3860.88,97.32999999999993,2.2737367544323206e-13,1.0000000000000002
22774,-73.98918151855469,40.7407341003418,-73.97837829589844,40.75103378295898,366.59,3060,3060,-1.0,-1.0,-1,-1,0.0
22775,-73.99981689453125,40.748451232910156,-73.95903778076173,40.771480560302734,1218.53,3060,3060,-1.0,-1.0,-1,-1,0.0
22776,-73.9776382446289,40.75259017944336,-73.99124908447266,40.75030899047852,475.92,3060,3060,3061.81,3563.23,1.8099999999999454,25.500000000000057,1.053580433686334
22777,-74.00247955322266,40.750205993652344,-73.98927307128906,40.75323486328125,396.58,3060,3060,3060.0,3456.58,0.0,-5.684341886080802e-14,0.9999999999999999
22778,-73.98233795166014,40.76744079589844,-73.96954345703125,40.80218124389648,764.65,3060,3060,-1.0,-1.0,-1,-1,0.0
22779,-73.9788360595703,40.76254653930664,-73.95653533935547,40.76283264160156,713.47,3060,3060,3087.78,3801.25,27.7800000000002,-2.2737367544323206e-13,0.9999999999999997
22780,-73.97996520996094,40.7462043762207,-74.00857543945312,40.73036575317383,794.41,3060,3060,3209.57,4003.9799999999996,149.57000000000016,-5.684341886080801e-13,0.9999999999999993
22781,-73.9776611328125,40.75471496582031,-73.9727020263672,40.79303359985352,971.23,3060,3060,-1.0,-1.0,-1,-1,0.0
22782,-73.98295593261719,40.76780319213867,-73.97874450683594,40.750396728515625,771.95,3060,3060,3116.6800000000003,3926.8,56.68000000000029,38.169999999999845,1.049446207655936
22783,-73.98661041259766,40.76685333251953,-73.97466278076173,40.77819442749024,430.44,3060,3060,3086.44,3563.7999999999997,26.440000000000055,46.919999999999675,1.1090047393364921
22784,-73.96882629394531,40.76443099975585,-73.98098754882812,40.75051879882813,610.43,3060,3060,3079.5699999999997,3700.54,19.56999999999971,10.540000000000305,1.0172665170453619
22785,-73.9576416015625,40.77442169189453,-73.97151947021484,40.787147521972656,465.09,3060,3060,3108.3,3577.8,48.30000000000018,4.410000000000025,1.0094820357350192
22786,-73.95101165771484,40.78567123413085,-73.9458999633789,40.77315139770508,417.52,3060,3060,3522.94,3940.46,462.94000000000005,0.0,1.0
22787,-73.95329284667969,40.78717041015625,-73.9601058959961,40.77886199951172,251.84,3060,3060,3119.81,3371.65,59.809999999999945,1.4210854715202004e-13,1.0000000000000007
22788,-73.98265075683594,40.73954772949219,-73.96815490722656,40.75881576538085,496.74,3060,3060,-1.0,-1.0,-1,-1,0.0
22789,-73.97318267822266,40.74372863769531,-73.99356079101562,40.72173690795898,662.19,3061,3061,3219.8,3881.9900000000002,158.80000000000018,0.0,1.0
22790,-73.97545623779298,40.752254486083984,-73.9798812866211,40.73656463623047,437.53,3061,3061,-1.0,-1.0,-1,-1,0.0
22791,-73.95333099365234,40.77970504760742,-73.94515228271484,40.78011322021485,209.54,3061,3061,3109.1899999999996,3364.85,48.1899999999996,46.12000000000032,1.2201011740001924
22792,-74.00994110107422,40.71051025390625,-73.98880004882812,40.7215690612793,646.17,3061,3061,-1.0,-1.0,-1,-1,0.0
22793,-73.98921203613281,40.72111129760742,-74.00643920898438,40.73303604125977,649.93,3061,3061,3143.79,3793.72,82.78999999999996,-1.1368683772161603e-13,0.9999999999999998
22794,-73.99156188964845,40.726951599121094,-73.97824859619139,40.77293014526367,1364.75,3061,3061,3169.2,4533.95,108.19999999999982,0.0,1.0
22795,-73.97607421875,40.74474334716797,-73.98238372802734,40.73120880126953,270.62,3061,3061,3120.0600000000004,3390.6800000000003,59.0600000000004,-1.1368683772161603e-13,0.9999999999999996
22796,-73.96819305419923,40.79237747192383,-73.9682388305664,40.8022689819336,289.64,3062,3062,3109.04,3398.6800000000003,47.039999999999964,3.410605131648481e-13,1.000000000000001
22797,-73.990966796875,40.75098037719727,-73.9855728149414,40.761478424072266,341.23,3062,3062,3107.12,3448.35,45.11999999999989,0.0,1.0
22798,-73.99485015869139,40.74007034301758,-73.95140075683594,40.79774856567383,1487.18,3062,3062,3118.79,4605.97,56.789999999999964,2.2737367544323206e-13,1.0000000000000002
22799,-73.96443176269531,40.76490020751953,-73.97926330566406,40.77172088623047,462.24,3062,3062,-1.0,-1.0,-1,-1,0.0
22800,-73.99542236328125,40.74409866333008,-73.99742889404298,40.75389099121094,350.26,3062,3062,-1.0,-1.0,-1,-1,0.0
22801,-73.99108123779298,40.7701530456543,-73.96698760986328,40.76073455810547,711.07,3062,3062,3776.38,4487.45,714.3800000000001,-3.410605131648481e-13,0.9999999999999996
22802,-73.97428131103516,40.7626838684082,-73.94349670410156,40.81042861938477,1020.07,3062,3062,-1.0,-1.0,-1,-1,0.0
22803,-73.98369598388672,40.737464904785156,-73.99591827392578,40.720157623291016,646.52,3062,3062,-1.0,-1.0,-1,-1,0.0
22804,-73.9820556640625,40.77259826660156,-73.97515869140625,40.790035247802734,422.5,3062,3062,-1.0,-1.0,-1,-1,0.0
22805,-73.95372009277344,40.76694107055664,-73.94473266601562,40.77915954589844,296.11,3062,3062,3094.08,3390.19,32.07999999999993,1.1368683772161603e-13,1.0000000000000004
22806,-73.96580505371094,40.75819778442383,-73.98065948486328,40.7368049621582,435.67,3062,3062,-1.0,-1.0,-1,-1,0.0
22807,-73.95838165283203,40.78056716918945,-73.9734649658203,40.78484344482422,269.04,3063,3063,3111.66,3395.58,48.659999999999854,14.880000000000052,1.0553077609277433
22808,-73.9873504638672,40.7375602722168,-73.95858001708984,40.7807502746582,1154.51,3063,3063,-1.0,-1.0,-1,-1,0.0
22809,-73.98120880126955,40.75982284545898,-73.98050689697266,40.78585815429688,764.23,3063,3063,3113.71,3929.93,50.710000000000036,51.98999999999978,1.0680292582076074
22810,-73.9883270263672,40.75929641723633,-73.944091796875,40.812175750732415,1348.55,3063,3063,3119.86,4470.08,56.86000000000013,1.6699999999998454,1.0012383671350709
22811,-73.98380279541014,40.74337387084961,-73.98688507080078,40.725601196289055,521.22,3063,3063,-1.0,-1.0,-1,-1,0.0
22812,-73.97801971435547,40.75926971435547,-73.95115661621094,40.77043151855469,781.5,3063,3063,3094.71,3936.32,31.710000000000036,60.11000000000013,1.0769161868202177
22813,-73.99604034423827,40.753719329833984,-73.98472595214844,40.75109100341797,399.24,3063,3063,-1.0,-1.0,-1,-1,0.0
22814,-73.97277069091797,40.74456787109375,-73.9627914428711,40.75845718383789,232.06,3063,3063,3090.71,3322.77,27.710000000000036,-5.684341886080802e-14,0.9999999999999998
22815,-73.9841537475586,40.7648811340332,-73.96053314208984,40.77859878540039,628.44,3064,3064,-1.0,-1.0,-1,-1,0.0
22816,-73.98130798339844,40.75008010864258,-73.9530029296875,40.78622055053711,819.94,3064,3064,-1.0,-1.0,-1,-1,0.0
22817,-74.00950622558595,40.70358657836913,-74.00885009765625,40.71882247924805,573.53,3064,3064,-1.0,-1.0,-1,-1,0.0
22818,-73.9912567138672,40.75537872314453,-73.97261810302734,40.7883415222168,744.58,3064,3064,-1.0,-1.0,-1,-1,0.0
22819,-73.96555328369139,40.76687622070313,-73.98135375976562,40.77117919921875,454.29,3064,3064,-1.0,-1.0,-1,-1,0.0
22820,-73.97901153564453,40.777168273925774,-73.9759750366211,40.789005279541016,271.75,3064,3064,3213.66,3485.41,149.65999999999985,0.0,1.0
22821,-73.97427368164062,40.76063537597656,-73.98562622070312,40.77824020385742,683.55,3064,3064,3121.21,3845.96,57.210000000000036,41.200000000000045,1.0602735717943093
22822,-73.96829986572266,40.75910568237305,-74.00142669677734,40.73715591430664,1024.88,3064,3064,-1.0,-1.0,-1,-1,0.0
22823,-73.95914459228516,40.77339553833008,-73.9584426879883,40.76057434082031,477.68,3064,3064,3112.1299999999997,3646.01,48.129999999999654,56.20000000000056,1.1176519845921968
22824,-74.00330352783203,40.75072479248047,-73.98809814453125,40.737770080566406,565.41,3064,3064,3100.75,3666.16,36.75,-1.1368683772161603e-13,0.9999999999999998
22825,-73.99535369873048,40.754554748535156,-74.00972747802734,40.72720336914063,733.95,3064,3064,-1.0,-1.0,-1,-1,0.0
22826,-73.9917984008789,40.74425888061523,-73.98100280761719,40.75912857055664,407.13,3064,3064,3097.64,3504.77,33.63999999999987,1.1368683772161603e-13,1.0000000000000002
22827,-73.96471405029298,40.77274703979492,-73.99090576171875,40.71731185913085,1365.8,3065,3065,-1.0,-1.0,-1,-1,0.0
22828,-73.94470977783203,40.77919006347656,-73.94986724853516,40.78551864624024,219.66,3065,3065,-1.0,-1.0,-1,-1,0.0
22829,-73.9953384399414,40.72727584838867,-74.00086975097656,40.73630142211913,379.64,3065,3065,-1.0,-1.0,-1,-1,0.0
22830,-73.95980072021484,40.76679229736328,-73.970947265625,40.751564025878906,413.76,3065,3065,3092.92,3506.68,27.920000000000073,-2.2737367544323206e-13,0.9999999999999994
22831,-74.006103515625,40.73464965820313,-73.97702026367188,40.76464080810547,939.38,3065,3065,3090.0,4029.38,25.0,1.1368683772161603e-13,1.0000000000000002
22832,-73.98851013183594,40.764102935791016,-73.9946060180664,40.741310119628906,704.18,3066,3066,3098.93,3803.11,32.929999999999836,3.410605131648481e-13,1.0000000000000004
22833,-73.9822006225586,40.76101303100585,-73.99193572998048,40.730865478515625,901.59,3066,3066,3093.88,3995.4700000000003,27.88000000000011,1.1368683772161603e-13,1.0000000000000002
22834,-73.98348236083984,40.78139114379883,-73.97016906738281,40.797359466552734,400.04,3066,3066,3116.3199999999997,3576.7799999999997,50.31999999999971,60.420000000000016,1.151034896510349
22835,-74.00748443603516,40.72582244873047,-73.98921203613281,40.71871566772461,754.96,3066,3066,3090.0,3844.9600000000005,24.0,4.547473508864641e-13,1.0000000000000007
22836,-73.9671630859375,40.76684188842773,-73.9729995727539,40.7588005065918,281.28,3066,3066,-1.0,-1.0,-1,-1,0.0
22837,-73.98734283447266,40.73563003540039,-73.98613739013672,40.75474166870117,743.08,3066,3066,-1.0,-1.0,-1,-1,0.0
22838,-73.98844909667969,40.73140335083008,-73.98548126220702,40.73811340332031,203.75,3066,3066,-1.0,-1.0,-1,-1,0.0
22839,-73.974853515625,40.71916580200195,-73.97431945800781,40.757320404052734,829.82,3067,3067,-1.0,-1.0,-1,-1,0.0
22840,-73.98458862304686,40.76418685913085,-73.99777221679686,40.76510620117188,413.89,3067,3067,-1.0,-1.0,-1,-1,0.0
22841,-73.98095703125,40.76811981201172,-73.98130798339844,40.78682327270508,544.01,3067,3067,3095.86,3691.86,28.860000000000127,51.99000000000001,1.0955680961747027
22842,-73.95795440673827,40.76947784423828,-73.95463562011719,40.77322387695313,180.95,3067,3067,3121.62,3321.83,54.61999999999989,19.260000000000048,1.1064382426084556
22843,-73.97621154785155,40.7912483215332,-73.96727752685547,40.78818130493164,230.13,3067,3067,3107.11,3360.58,40.11000000000013,23.339999999999804,1.101420935992699
22844,-73.9896240234375,40.74717712402344,-73.9786148071289,40.75285720825195,360.5,3067,3067,3096.38,3456.88,29.38000000000011,0.0,1.0
22845,-73.96894836425781,40.7642936706543,-74.01335906982422,40.716068267822266,1485.03,3068,3068,-1.0,-1.0,-1,-1,0.0
22846,-73.95885467529298,40.7598762512207,-73.99090576171875,40.75071716308594,920.54,3068,3068,-1.0,-1.0,-1,-1,0.0
22847,-73.9654312133789,40.77502822875977,-73.98987579345702,40.722164154052734,1432.17,3068,3068,-1.0,-1.0,-1,-1,0.0
22848,-73.98136138916014,40.77907943725585,-73.97013092041014,40.785621643066406,271.43,3068,3068,3091.24,3362.67,23.23999999999978,2.8421709430404007e-13,1.000000000000001
22849,-73.99565124511719,40.74917221069336,-73.97710418701173,40.77675247192383,716.16,3068,3068,3093.2,3809.36,25.199999999999818,3.410605131648481e-13,1.0000000000000004
22850,-73.99979400634766,40.725990295410156,-74.00833892822266,40.73694229125977,453.12,3068,3068,3315.03,3768.15,247.0300000000002,-1.1368683772161603e-13,0.9999999999999998
22851,-73.99015808105469,40.74382019042969,-74.00131225585938,40.724220275878906,619.32,3068,3068,3146.16,3765.48,78.15999999999985,1.1368683772161603e-13,1.0000000000000002
22852,-74.00923156738281,40.71372604370117,-74.00665283203125,40.73576736450195,478.95,3069,3069,3121.06,3600.01,52.059999999999945,2.8421709430404007e-13,1.0000000000000007
22853,-73.99674987792969,40.763389587402344,-73.98416900634766,40.74906921386719,651.38,3069,3069,3090.0,3741.38,21.0,1.1368683772161603e-13,1.0000000000000002
22854,-73.9811019897461,40.747642517089844,-74.00799560546875,40.7398796081543,806.34,3069,3069,-1.0,-1.0,-1,-1,0.0
22855,-73.97946166992188,40.76705932617188,-73.96038818359375,40.77648162841797,581.39,3069,3069,-1.0,-1.0,-1,-1,0.0
22856,-73.99501037597656,40.72553634643555,-73.98193359375,40.73220825195313,349.07,3069,3069,3196.91,3545.98,127.90999999999985,1.7053025658242404e-13,1.0000000000000004
22857,-73.96612548828125,40.7701301574707,-73.9750442504883,40.76537322998047,392.68,3069,3069,-1.0,-1.0,-1,-1,0.0
22858,-73.97420501708984,40.756919860839844,-73.98255920410156,40.76298141479492,495.13,3069,3069,-1.0,-1.0,-1,-1,0.0
22859,-73.95857238769531,40.775405883789055,-73.99461364746094,40.76020050048828,1026.25,3069,3069,3157.45,4183.7,88.44999999999982,0.0,1.0
22860,-73.96968078613281,40.762413024902344,-73.96344757080078,40.754337310791016,427.13,3069,3069,-1.0,-1.0,-1,-1,0.0
22861,-73.98506164550781,40.73246383666992,-73.99513244628906,40.75010681152344,688.06,3069,3069,3095.67,3783.73,26.670000000000073,0.0,1.0
22862,-73.96678161621094,40.7613410949707,-73.97099304199219,40.75167846679688,314.71,3070,3070,-1.0,-1.0,-1,-1,0.0
22863,-73.9864273071289,40.76213073730469,-73.9757308959961,40.77632141113281,323.55,3070,3070,3112.69,3436.2400000000002,42.690000000000055,1.7053025658242404e-13,1.0000000000000004
22864,-73.99134826660156,40.74894332885742,-73.9742431640625,40.74270629882813,651.37,3070,3070,3116.06,3767.43,46.059999999999945,-1.1368683772161603e-13,0.9999999999999998
22865,-73.97370147705078,40.76325225830078,-73.98135375976562,40.74104690551758,699.0,3070,3070,3091.31,3810.69,21.309999999999945,20.38000000000011,1.0291559370529328
22866,-73.97298431396483,40.75809097290039,-73.96746826171875,40.76906967163085,305.95,3070,3070,-1.0,-1.0,-1,-1,0.0
22867,-73.9613723754883,40.771648406982415,-73.96846771240234,40.76501083374024,279.71,3070,3070,-1.0,-1.0,-1,-1,0.0
22868,-73.97988891601562,40.77605056762695,-73.98033905029298,40.780364990234375,181.66,3070,3070,3421.21,3602.87,351.21000000000004,-1.4210854715202004e-13,0.9999999999999992
22869,-73.98797607421875,40.74988555908203,-73.98650360107422,40.75827407836913,299.52,3070,3070,-1.0,-1.0,-1,-1,0.0
22870,-73.97398376464845,40.75075912475585,-73.99416351318358,40.724708557128906,704.86,3071,3071,3241.58,3946.44,170.57999999999993,1.1368683772161603e-13,1.0000000000000002
22871,-73.96813201904298,40.76269912719727,-73.98258209228516,40.77228164672852,635.5,3071,3071,3109.59,3745.09,38.590000000000146,0.0,1.0
22872,-73.9912109375,40.73913955688477,-73.98655700683594,40.75836944580078,622.48,3071,3071,3102.3799999999997,3724.8599999999997,31.379999999999654,0.0,1.0
22873,-73.98487854003906,40.76258087158203,-74.01628875732422,40.71507263183594,1155.93,3071,3071,-1.0,-1.0,-1,-1,0.0
22874,-73.99488067626955,40.74536895751953,-74.00788116455078,40.75146865844727,358.08,3071,3071,-1.0,-1.0,-1,-1,0.0
22875,-73.9593048095703,40.78300857543945,-73.96880340576173,40.764461517333984,616.02,3071,3071,3620.2799999999997,4236.3,549.2799999999997,4.547473508864641e-13,1.0000000000000007
22876,-73.9769058227539,40.75667190551758,-73.99695587158203,40.742523193359375,662.8,3071,3071,-1.0,-1.0,-1,-1,0.0
22877,-73.961181640625,40.76079177856445,-73.95597076416014,40.77042770385742,219.16,3071,3071,-1.0,-1.0,-1,-1,0.0
22878,-73.95436096191406,40.778823852539055,-73.9433364868164,40.78765106201172,205.82,3071,3071,-1.0,-1.0,-1,-1,0.0
22879,-73.97707366943358,40.763450622558594,-73.98326873779298,40.75983047485352,305.75,3072,3072,-1.0,-1.0,-1,-1,0.0
22880,-73.97825622558594,40.76258850097656,-73.96725463867188,40.77244567871094,367.8,3072,3072,-1.0,-1.0,-1,-1,0.0
22881,-73.99220275878906,40.735313415527344,-73.99734497070312,40.722373962402344,443.84,3072,3072,-1.0,-1.0,-1,-1,0.0
22882,-73.98399353027342,40.74660110473633,-74.0139923095703,40.70907974243164,1087.51,3073,3073,3213.58,4301.09,140.57999999999993,2.2737367544323206e-13,1.0000000000000002
22883,-73.98533630371094,40.77847290039063,-73.98590087890625,40.74707412719727,961.56,3073,3073,3267.24,4228.8,194.23999999999978,4.547473508864641e-13,1.0000000000000004
22884,-74.00437927246094,40.70722579956055,-73.98879241943358,40.75834655761719,1332.97,3073,3073,3312.13,4645.1,239.1300000000001,2.2737367544323206e-13,1.0000000000000002
22885,-73.97456359863281,40.76172256469727,-73.9833984375,40.75886917114258,360.83,3073,3073,-1.0,-1.0,-1,-1,0.0
22886,-74.01014709472656,40.7208137512207,-74.0000991821289,40.72675323486328,426.47,3073,3073,-1.0,-1.0,-1,-1,0.0
22887,-73.9570083618164,40.77925109863281,-73.96189880371094,40.76861953735352,359.81,3073,3073,-1.0,-1.0,-1,-1,0.0
22888,-73.98390197753906,40.76506042480469,-74.00605773925781,40.750091552734375,575.62,3074,3074,-1.0,-1.0,-1,-1,0.0
22889,-73.98110961914062,40.77429962158203,-73.97766876220702,40.787208557128906,352.91,3074,3074,-1.0,-1.0,-1,-1,0.0
22890,-73.9701919555664,40.76313781738281,-73.97417449951173,40.744056701660156,642.92,3074,3074,-1.0,-1.0,-1,-1,0.0
22891,-74.00477600097656,40.751949310302734,-73.98820495605469,40.7287483215332,870.5,3074,3074,-1.0,-1.0,-1,-1,0.0
22892,-73.9867935180664,40.7559814453125,-73.9935531616211,40.72175979614258,1077.08,3074,3074,-1.0,-1.0,-1,-1,0.0
22893,-73.99017333984375,40.7568359375,-74.01055145263672,40.7097282409668,1308.52,3074,3074,-1.0,-1.0,-1,-1,0.0
22894,-74.00965881347656,40.70571517944336,-74.00311279296875,40.73450469970703,844.17,3074,3074,-1.0,-1.0,-1,-1,0.0
22895,-73.98236083984375,40.762901306152344,-74.00711822509766,40.73023223876953,857.52,3074,3074,-1.0,-1.0,-1,-1,0.0
22896,-73.98822021484375,40.759578704833984,-73.98240661621094,40.76367950439453,188.84,3075,3075,3090.0,3278.84,15.0,1.4210854715202004e-13,1.0000000000000007
22897,-73.99531555175781,40.759525299072266,-73.98162078857422,40.75714111328125,425.51,3075,3075,-1.0,-1.0,-1,-1,0.0
22898,-73.9784927368164,40.76562881469727,-73.97227478027344,40.793888092041016,725.53,3075,3075,-1.0,-1.0,-1,-1,0.0
22899,-73.96470642089844,40.77407455444336,-73.95330810546875,40.77595520019531,325.33,3075,3075,3118.29,3443.62,43.289999999999964,-5.684341886080802e-14,0.9999999999999998
22900,-73.98897552490234,40.74361038208008,-73.9855728149414,40.7308464050293,417.85,3075,3075,-1.0,-1.0,-1,-1,0.0
22901,-73.96324157714845,40.7718162536621,-73.95838165283203,40.78163146972656,241.17,3076,3076,3181.59,3422.7599999999998,105.59000000000015,-3.694822225952521e-13,0.9999999999999984
22902,-73.96678924560547,40.76263046264648,-73.97701263427734,40.75767135620117,491.29,3076,3076,3118.25,3675.46,42.25,65.92000000000002,1.1341773697815953
22903,-73.97479248046875,40.78332138061523,-74.00472259521484,40.74195098876953,1005.95,3076,3076,3090.0,4095.9500000000003,14.0,2.2737367544323206e-13,1.0000000000000002
22904,-74.00267028808594,40.74982070922852,-73.99440002441406,40.75062942504883,224.67,3076,3076,3106.79,3331.46,30.789999999999964,8.526512829121202e-14,1.0000000000000004
22905,-73.98507690429686,40.75892639160156,-73.99090576171875,40.750652313232415,267.41,3076,3076,3127.41,3394.82,51.409999999999854,2.8421709430404007e-13,1.000000000000001
22906,-73.96549224853516,40.76912307739258,-73.99146270751955,40.750205993652344,970.18,3076,3076,3132.85,4106.02,56.84999999999991,2.9900000000005775,1.0030819023274038
22907,-73.95372772216798,40.76702117919922,-73.9645004272461,40.77398300170898,383.59,3077,3077,3104.79,3528.05,27.789999999999964,39.67000000000024,1.1034177116191775
22908,-73.98120880126955,40.75967025756836,-73.9837875366211,40.779598236083984,683.0,3077,3077,3090.0,3820.25,13.0,47.25,1.0691800878477307
22909,-73.9941177368164,40.75125122070313,-73.96797180175781,40.75631332397461,902.42,3077,3077,3154.0,4056.42,77.0,1.1368683772161603e-13,1.0000000000000002
22910,-73.98835754394531,40.74016189575195,-73.99039459228516,40.72335815429688,547.01,3077,3077,-1.0,-1.0,-1,-1,0.0
22911,-74.00608825683594,40.70613098144531,-73.97491455078125,40.75162124633789,830.37,3077,3077,-1.0,-1.0,-1,-1,0.0
22912,-73.98292541503906,40.73956680297852,-73.98700714111328,40.72951126098633,230.48,3077,3077,-1.0,-1.0,-1,-1,0.0
22913,-73.98284912109375,40.745033264160156,-73.97886657714845,40.73717498779297,325.92,3078,3078,3105.64,3431.56,27.639999999999873,5.684341886080802e-14,1.0000000000000002
22914,-73.9586639404297,40.78146743774415,-73.9476318359375,40.77183532714844,476.62,3078,3078,3113.92,3674.4,35.92000000000007,83.86000000000001,1.1759472955394235
22915,-73.97296142578125,40.78039932250977,-73.9630126953125,40.76653671264648,632.5,3078,3078,3291.9700000000003,3924.47,213.97000000000025,-4.547473508864641e-13,0.9999999999999993
22916,-73.96395874023438,40.75711059570313,-73.9573516845703,40.772605895996094,364.48,3078,3078,3099.32,3521.5899999999997,21.320000000000164,57.78999999999951,1.158554653204564
22917,-73.99993133544923,40.72850036621094,-74.00801086425781,40.70579147338867,890.98,3078,3078,-1.0,-1.0,-1,-1,0.0
22918,-74.0140609741211,40.71422576904297,-73.96832275390625,40.75486755371094,1051.54,3078,3078,3174.38,4225.92,96.38000000000011,0.0,1.0
22919,-73.9516067504883,40.76987075805664,-73.9837188720703,40.77518844604492,872.15,3078,3078,3104.86,3997.07,26.860000000000127,20.06000000000006,1.023000630625466
22920,-74.00269317626955,40.73942565917969,-73.98204040527344,40.76618576049805,746.36,3078,3078,-1.0,-1.0,-1,-1,0.0
22921,-73.98596954345702,40.76982116699219,-73.97319030761719,40.7869987487793,400.04,3079,3079,-1.0,-1.0,-1,-1,0.0
22922,-73.97870635986328,40.762916564941406,-73.99061584472656,40.77509307861328,552.76,3079,3079,-1.0,-1.0,-1,-1,0.0
22923,-73.96338653564453,40.77476501464844,-73.9391098022461,40.80459213256836,552.68,3079,3079,3137.97,3690.65,58.9699999999998,3.410605131648481e-13,1.0000000000000007
22924,-73.97121429443358,40.75105667114258,-73.98922729492188,40.7221794128418,688.23,3079,3079,3102.12,3790.35,23.11999999999989,0.0,1.0
22925,-74.0068817138672,40.7098388671875,-74.008056640625,40.747318267822266,771.34,3079,3079,-1.0,-1.0,-1,-1,0.0
22926,-73.98536682128906,40.75315856933594,-73.96989440917969,40.76309585571289,535.04,3079,3079,-1.0,-1.0,-1,-1,0.0
22927,-73.97975158691406,40.72686767578125,-73.98886108398438,40.72286605834961,311.58,3079,3079,-1.0,-1.0,-1,-1,0.0
22928,-73.99297332763672,40.75263214111328,-73.94824981689453,40.83700180053711,1213.42,3079,3079,-1.0,-1.0,-1,-1,0.0
22929,-73.97016906738281,40.76189422607422,-73.95350646972656,40.77945327758789,459.31,3079,3079,3100.66,3564.85,21.659999999999854,4.880000000000052,1.0106246326010757
22930,-73.9941864013672,40.75116729736328,-73.97394561767578,40.75742721557617,704.85,3079,3079,3124.0,3828.85,45.0,-1.1368683772161603e-13,0.9999999999999999
22931,-73.97596740722656,40.760169982910156,-73.9532241821289,40.76663208007813,704.29,3079,3079,-1.0,-1.0,-1,-1,0.0
22932,-73.9644546508789,40.76762771606445,-73.99385833740234,40.75320816040039,1014.91,3079,3079,3156.84,4171.75,77.84000000000015,-1.1368683772161603e-13,0.9999999999999999
22933,-74.00770568847656,40.73190689086913,-74.00153350830078,40.72934341430664,359.51,3080,3080,3146.79,3506.3,66.78999999999996,2.2737367544323206e-13,1.0000000000000007
22934,-73.95182800292969,40.771888732910156,-73.9678192138672,40.75716018676758,542.93,3080,3080,-1.0,-1.0,-1,-1,0.0
22935,-73.98228454589844,40.77222442626953,-73.9809341430664,40.782005310058594,262.82,3080,3080,3102.62,3418.81,22.61999999999989,53.37000000000006,1.2030667376911957
22936,-73.9875717163086,40.7557373046875,-73.99051666259766,40.76000595092773,246.84,3080,3080,3095.66,3342.5,15.659999999999854,1.4210854715202004e-13,1.0000000000000007
22937,-73.9571533203125,40.770790100097656,-73.96343994140625,40.75867080688477,425.05,3080,3080,3097.6,3522.65,17.59999999999991,1.7053025658242404e-13,1.0000000000000004
22938,-73.99614715576173,40.73013305664063,-73.9740982055664,40.76481628417969,1065.37,3080,3080,-1.0,-1.0,-1,-1,0.0
22939,-73.97486114501955,40.7536506652832,-74.0093994140625,40.72614669799805,1088.3,3080,3080,3090.15,4255.37,10.150000000000091,76.91999999999985,1.0706790407056876
22940,-73.98734283447266,40.75609970092773,-73.99373626708984,40.74581909179688,270.28,3081,3081,-1.0,-1.0,-1,-1,0.0
22941,-73.97818756103516,40.73728561401367,-73.9822998046875,40.72771835327149,398.87,3081,3081,3112.96,3555.55,31.960000000000036,43.72000000000014,1.1096096472534915
22942,-73.97212982177734,40.75693893432617,-73.98345184326173,40.75680923461913,464.88,3081,3081,3094.04,3558.92,13.039999999999964,1.1368683772161603e-13,1.0000000000000002
22943,-73.97400665283203,40.76304244995117,-73.97683715820312,40.77665328979492,441.82,3081,3081,-1.0,-1.0,-1,-1,0.0
22944,-73.96682739257811,40.79388427734375,-73.96978759765625,40.800117492675774,210.64,3081,3081,3114.83,3325.4700000000003,33.82999999999993,3.410605131648481e-13,1.0000000000000016
22945,-74.004150390625,40.73103713989258,-74.00814819335938,40.71501159667969,350.66,3081,3081,3115.4,3466.06,34.40000000000009,-1.7053025658242404e-13,0.9999999999999996
22946,-73.96846008300781,40.76169967651367,-73.9730911254883,40.75524139404297,180.51,3081,3081,3125.02,3305.53,44.01999999999998,2.2737367544323206e-13,1.0000000000000013
22947,-73.96779632568358,40.8023796081543,-73.9875717163086,40.728515625,1810.79,3081,3081,3279.79,5090.58,198.78999999999996,0.0,1.0
22948,-74.01651000976562,40.705078125,-73.9879150390625,40.72713851928711,842.27,3082,3082,-1.0,-1.0,-1,-1,0.0
22949,-73.98999786376955,40.75682067871094,-73.99031829833984,40.76676940917969,312.72,3082,3082,-1.0,-1.0,-1,-1,0.0
22950,-73.97897338867188,40.76667022705078,-73.9737319946289,40.763450622558594,199.54,3082,3082,-1.0,-1.0,-1,-1,0.0
22951,-73.97491455078125,40.741947174072266,-73.98365020751955,40.74828720092773,426.81,3082,3082,-1.0,-1.0,-1,-1,0.0
22952,-73.97750854492188,40.75187301635742,-73.98179626464844,40.77821350097656,893.88,3082,3082,3112.84,4006.72,30.840000000000146,-3.410605131648481e-13,0.9999999999999997
22953,-73.9830551147461,40.75305557250977,-73.98856353759766,40.74453353881836,216.01,3082,3082,3106.9900000000002,3323.0,24.990000000000236,-2.2737367544323206e-13,0.999999999999999
22954,-73.99420166015625,40.74617004394531,-73.99813079833984,40.73608016967773,248.5,3082,3082,-1.0,-1.0,-1,-1,0.0
22955,-73.97047424316406,40.76168823242188,-73.97933959960938,40.746971130371094,412.72,3082,3082,-1.0,-1.0,-1,-1,0.0
22956,-73.99773406982422,40.733604431152344,-73.98243713378906,40.7345085144043,488.59,3082,3082,-1.0,-1.0,-1,-1,0.0
22957,-73.99542236328125,40.720848083496094,-73.9881820678711,40.73198318481445,366.59,3082,3082,3187.37,3553.96,105.36999999999989,1.7053025658242404e-13,1.0000000000000004
22958,-73.99727630615234,40.746829986572266,-73.98917388916014,40.74544143676758,298.62,3083,3083,-1.0,-1.0,-1,-1,0.0
22959,-73.98824310302734,40.77635955810547,-73.9822998046875,40.77202224731445,192.99,3083,3083,-1.0,-1.0,-1,-1,0.0
22960,-73.99110412597656,40.75542449951172,-73.99667358398438,40.735652923583984,661.15,3083,3083,3140.02,3801.1699999999996,57.01999999999998,-3.410605131648481e-13,0.9999999999999994
22961,-73.99506378173827,40.76007080078125,-74.00788879394531,40.7047004699707,1168.15,3083,3083,3104.97,4292.62,21.9699999999998,19.5,1.0166930616787229
22962,-73.99932861328125,40.754356384277344,-73.9823989868164,40.77530288696289,447.29,3083,3083,3142.49,3589.7799999999997,59.48999999999978,-5.684341886080802e-14,0.9999999999999999
22963,-73.9759063720703,40.78909683227539,-73.98200988769531,40.77909469604492,218.19,3083,3083,3133.88,3352.07,50.88000000000011,5.684341886080802e-14,1.0000000000000002
22964,-73.97783660888672,40.75494766235352,-73.94289398193358,40.7874755859375,925.7,3083,3083,3132.32,4105.26,49.320000000000164,47.24000000000001,1.0510316517230205
22965,-73.99226379394531,40.74370956420898,-74.00044250488281,40.74773025512695,234.79,3083,3083,3123.2,3357.99,40.19999999999982,-2.842170943040401e-14,0.9999999999999999
22966,-74.00049591064453,40.73565673828125,-73.99935150146483,40.74391174316406,271.13,3083,3083,-1.0,-1.0,-1,-1,0.0
22967,-74.00818634033203,40.730262756347656,-74.00177001953125,40.74678039550781,388.25,3083,3083,3222.75,3611.0,139.75,0.0,1.0
22968,-73.98059844970702,40.73413848876953,-73.9921875,40.725791931152344,392.62,3083,3083,3475.48,3868.1,392.48,-1.1368683772161603e-13,0.9999999999999997
22969,-74.01629638671875,40.704986572265625,-74.0072250366211,40.72813034057617,471.44,3084,3084,-1.0,-1.0,-1,-1,0.0
22970,-74.00675201416014,40.7165412902832,-74.00906372070312,40.72587966918945,270.55,3084,3084,-1.0,-1.0,-1,-1,0.0
22971,-73.99113464355469,40.7503776550293,-73.9919662475586,40.74348449707031,185.82,3084,3084,-1.0,-1.0,-1,-1,0.0
22972,-73.95954895019531,40.76736831665039,-73.9852523803711,40.7275390625,929.29,3084,3084,-1.0,-1.0,-1,-1,0.0
22973,-73.98341369628906,40.7735595703125,-73.97949981689453,40.78681182861328,363.2,3084,3084,-1.0,-1.0,-1,-1,0.0
22974,-74.00560760498048,40.75090789794922,-74.00521087646483,40.73627853393555,414.5,3084,3084,3102.58,3517.08,18.579999999999927,0.0,1.0
22975,-73.98184204101562,40.76210403442383,-74.00067901611328,40.72989273071289,900.86,3085,3085,-1.0,-1.0,-1,-1,0.0
22976,-73.95606231689453,40.778785705566406,-73.98063659667969,40.77904510498047,577.72,3085,3085,3133.83,3711.55,48.82999999999993,2.2737367544323206e-13,1.0000000000000004
22977,-73.97818756103516,40.76390838623047,-73.96412658691406,40.77381134033203,411.88,3085,3085,-1.0,-1.0,-1,-1,0.0
22978,-73.99849700927734,40.724830627441406,-73.98667907714845,40.74261093139648,670.74,3085,3085,-1.0,-1.0,-1,-1,0.0
22979,-74.00856018066406,40.71051025390625,-73.98277282714845,40.741119384765625,973.1,3085,3085,-1.0,-1.0,-1,-1,0.0
22980,-73.99503326416014,40.73176193237305,-73.98715209960938,40.7390251159668,346.11,3085,3085,3122.15,3468.2599999999998,37.15000000000009,-3.410605131648481e-13,0.999999999999999
22981,-73.98082733154298,40.74443817138672,-73.99075317382812,40.742088317871094,258.22,3085,3085,3139.07,3397.29,54.070000000000164,-2.2737367544323206e-13,0.9999999999999991
22982,-73.96121215820312,40.76081848144531,-73.97632598876955,40.77649307250977,694.23,3086,3086,3112.37,3806.6,26.36999999999989,0.0,1.0
22983,-73.95526885986328,40.77705383300781,-73.9439697265625,40.7962646484375,346.36,3086,3086,3200.12,3546.48,114.11999999999989,1.1368683772161603e-13,1.0000000000000002
22984,-73.99617767333984,40.743328094482415,-74.0059814453125,40.73995590209961,342.36,3086,3086,-1.0,-1.0,-1,-1,0.0
22985,-74.01493835449219,40.7096061706543,-73.99504852294923,40.76112747192383,834.96,3086,3086,-1.0,-1.0,-1,-1,0.0
22986,-73.97418212890625,40.76279067993164,-74.00502014160156,40.74161911010742,934.67,3086,3086,3122.73,4121.69,36.73000000000002,64.28999999999962,1.068783634865781
22987,-73.99333190917969,40.72199630737305,-73.98681640625,40.77660369873047,1371.87,3087,3087,3195.83,4567.7,108.82999999999993,0.0,1.0
22988,-73.95113372802734,40.78567123413085,-73.9464111328125,40.77276992797852,417.52,3087,3087,3736.25,4153.77,649.25,4.547473508864641e-13,1.000000000000001
22989,-74.00658416748048,40.74870300292969,-73.96348571777344,40.770111083984375,1079.41,3087,3087,-1.0,-1.0,-1,-1,0.0
22990,-73.97138214111328,40.79460144042969,-73.95726776123048,40.77859878540039,494.91,3087,3087,3115.05,3609.96,28.050000000000182,-1.7053025658242404e-13,0.9999999999999997
22991,-73.99126434326173,40.75033950805664,-73.97611999511719,40.76465225219727,630.3,3087,3087,-1.0,-1.0,-1,-1,0.0
22992,-73.95343780517578,40.77603530883789,-73.96363830566406,40.774314880371094,340.05,3087,3087,-1.0,-1.0,-1,-1,0.0
22993,-73.98490905761719,40.765079498291016,-73.96376037597656,40.774147033691406,552.52,3087,3087,-1.0,-1.0,-1,-1,0.0
22994,-73.99333190917969,40.73598098754883,-73.98876953125,40.74850463867188,365.13,3087,3087,-1.0,-1.0,-1,-1,0.0
22995,-73.97820281982422,40.75279998779297,-74.01667785644531,40.709381103515625,1149.46,3087,3087,-1.0,-1.0,-1,-1,0.0
22996,-73.96871185302734,40.76446533203125,-73.99443817138672,40.72234725952149,1196.16,3087,3087,-1.0,-1.0,-1,-1,0.0
22997,-73.99027252197266,40.75692367553711,-73.98257446289062,40.76533889770508,275.51,3088,3088,3106.72,3382.23,18.7199999999998,2.2737367544323206e-13,1.0000000000000009
22998,-73.97876739501955,40.7666015625,-73.96257781982422,40.775779724121094,495.26,3088,3088,3126.36,3691.38,38.36000000000013,69.75999999999999,1.1408553083229012
22999,-73.98963165283203,40.74744033813477,-73.95223999023438,40.77288818359375,1033.43,3088,3088,3115.5,4194.76,27.5,45.830000000000155,1.0443474642694717
23000,-73.9392318725586,40.79345703125,-73.95203399658203,40.77766418457031,252.87,3088,3088,3131.3,3384.17,43.30000000000018,-1.1368683772161603e-13,0.9999999999999996
23001,-73.9846420288086,40.736961364746094,-73.995361328125,40.723304748535156,534.65,3088,3088,-1.0,-1.0,-1,-1,0.0
23002,-73.95048522949219,40.77534866333008,-73.9600830078125,40.77056884765625,307.72,3088,3088,-1.0,-1.0,-1,-1,0.0
23003,-73.98931121826173,40.74181365966797,-73.95650482177734,40.76700973510742,820.21,3088,3088,-1.0,-1.0,-1,-1,0.0
23004,-73.98275756835938,40.77332305908203,-73.9608383178711,40.79762649536133,605.33,3088,3088,-1.0,-1.0,-1,-1,0.0
23005,-73.9558334350586,40.7640037536621,-73.98970031738281,40.75165557861328,1006.74,3088,3088,-1.0,-1.0,-1,-1,0.0
23006,-73.96161651611328,40.770301818847656,-73.95240020751955,40.79162216186523,470.46,3088,3088,3120.71,3600.21,32.710000000000036,9.04000000000002,1.0192152361518514
23007,-74.00279235839844,40.760555267333984,-74.00444793701173,40.75039291381836,212.74,3089,3089,3113.56,3326.3,24.559999999999945,2.2737367544323206e-13,1.000000000000001
23008,-73.98841857910156,40.75362777709961,-73.94526672363281,40.79951477050781,1219.25,3089,3089,3107.8,4338.67,18.800000000000182,11.61999999999989,1.0095304490465449
23009,-73.97515106201173,40.76568603515625,-73.96734619140625,40.759037017822266,439.08,3089,3089,3090.0,3529.08,1.0,-5.684341886080802e-14,0.9999999999999999
23010,-73.98226928710938,40.74558639526367,-73.96835327148438,40.75247573852539,439.36,3089,3089,-1.0,-1.0,-1,-1,0.0
23011,-74.00518035888672,40.74824142456055,-73.98890686035155,40.74138259887695,349.88,3089,3089,3103.08,3452.96,14.079999999999927,1.1368683772161603e-13,1.0000000000000002
23012,-73.97311401367188,40.758399963378906,-73.9796142578125,40.76702117919922,440.49,3089,3089,-1.0,-1.0,-1,-1,0.0
23013,-73.96699523925781,40.763858795166016,-73.9759750366211,40.75841522216797,358.62,3089,3089,3137.25,3512.84,48.25,16.97000000000014,1.0473202833082376
23014,-74.00458526611328,40.74238586425781,-73.99909973144531,40.76339721679688,557.89,3089,3089,3179.34,3737.23,90.34000000000015,-1.1368683772161603e-13,0.9999999999999998
23015,-73.99588775634766,40.7234764099121,-73.9941177368164,40.73205184936523,308.03,3089,3089,3091.87,3399.9,2.869999999999891,2.2737367544323206e-13,1.0000000000000007
23016,-73.98218536376955,40.76478576660156,-73.9459686279297,40.77747344970703,1034.98,3090,3090,-1.0,-1.0,-1,-1,0.0
23017,-73.99609375,40.753700256347656,-74.0042495727539,40.7210350036621,783.48,3090,3090,3144.89,3928.3700000000003,54.88999999999987,4.547473508864641e-13,1.0000000000000007
23018,-73.98521423339844,40.747406005859375,-74.0009536743164,40.76200485229492,744.45,3090,3090,3129.34,3873.79,39.340000000000146,-2.2737367544323206e-13,0.9999999999999997
23019,-73.99327850341797,40.72713088989258,-74.00672912597656,40.74555969238281,681.86,3090,3090,3118.93,3812.22,28.929999999999836,11.42999999999995,1.0167629718710585
23020,-73.98534393310547,40.75857543945313,-73.98607635498048,40.73611068725585,777.85,3090,3090,3115.66,3893.51,25.659999999999854,3.410605131648481e-13,1.0000000000000004
23021,-73.97779846191406,40.75782012939453,-73.96592712402342,40.76533126831055,473.88,3090,3090,-1.0,-1.0,-1,-1,0.0
23022,-74.00505065917969,40.73589324951172,-74.00148010253906,40.73106002807617,244.18,3090,3090,3208.42,3452.6,118.42000000000007,-1.7053025658242404e-13,0.9999999999999993
23023,-73.96869659423827,40.76445007324219,-73.98271179199219,40.77212905883789,469.62,3090,3090,3139.16,3608.7799999999997,49.159999999999854,-1.1368683772161603e-13,0.9999999999999998
23024,-73.96214294433594,40.7593994140625,-73.95865631103516,40.77241134643555,308.02,3090,3090,3145.35,3453.37,55.34999999999991,0.0,1.0
23025,-73.97250366210938,40.75958251953125,-73.96014404296875,40.77615737915039,446.71,3090,3090,-1.0,-1.0,-1,-1,0.0
23026,-73.98333740234375,40.76743698120117,-73.97494506835938,40.76401901245117,261.04,3091,3091,3176.75,3458.71,85.75,20.920000000000016,1.0801409745632853
23027,-73.99403381347656,40.751197814941406,-73.97530364990234,40.76533889770508,606.21,3091,3091,-1.0,-1.0,-1,-1,0.0
23028,-73.95133209228516,40.78607940673828,-73.96782684326173,40.79255294799805,420.7,3091,3091,3236.32,3657.02,145.32000000000016,-1.7053025658242404e-13,0.9999999999999996
23029,-73.97997283935547,40.76008987426758,-73.95109558105469,40.774497985839844,825.89,3091,3091,-1.0,-1.0,-1,-1,0.0
23030,-73.97221374511719,40.759681701660156,-73.97795104980467,40.75236129760742,271.5,3091,3091,-1.0,-1.0,-1,-1,0.0
23031,-73.97267913818358,40.754661560058594,-73.98783874511719,40.76535034179688,803.41,3091,3091,-1.0,-1.0,-1,-1,0.0
23032,-73.99085235595702,40.74567794799805,-73.98271942138672,40.76323699951172,607.43,3091,3091,-1.0,-1.0,-1,-1,0.0
23033,-73.99166870117188,40.76475524902344,-73.9786605834961,40.78937149047852,495.95,3091,3091,-1.0,-1.0,-1,-1,0.0
23034,-73.98542022705078,40.719253540039055,-73.98857879638672,40.728904724121094,358.65,3091,3091,-1.0,-1.0,-1,-1,0.0
23035,-73.9734115600586,40.75558853149415,-73.99185180664062,40.7596549987793,740.6,3091,3091,3184.63,3925.23,93.63000000000011,-1.1368683772161603e-13,0.9999999999999999
23036,-73.97334289550781,40.75736618041992,-73.99417877197266,40.72441101074219,982.22,3091,3091,-1.0,-1.0,-1,-1,0.0
23037,-73.9896011352539,40.73565673828125,-73.99904632568358,40.73239135742188,257.91,3091,3091,-1.0,-1.0,-1,-1,0.0
23038,-73.99584197998048,40.75971984863281,-73.983154296875,40.756172180175774,485.43,3092,3092,-1.0,-1.0,-1,-1,0.0
23039,-73.96021270751955,40.76633071899415,-73.94395446777344,40.77806091308594,393.41,3092,3092,-1.0,-1.0,-1,-1,0.0
23040,-73.99165344238281,40.75969696044922,-73.981689453125,40.753562927246094,467.41,3092,3092,-1.0,-1.0,-1,-1,0.0
23041,-73.97757720947266,40.78419876098633,-73.96142578125,40.78013229370117,341.17,3092,3092,-1.0,-1.0,-1,-1,0.0
23042,-74.00511169433594,40.71996688842773,-73.9930419921875,40.728004455566406,434.43,3092,3092,3142.88,3577.31,50.88000000000011,-1.7053025658242404e-13,0.9999999999999996
23043,-73.97431182861328,40.73213577270508,-73.98707580566406,40.73066711425781,401.57,3092,3092,3120.26,3590.02,28.26000000000022,68.18999999999977,1.1698085016310973
23044,-73.94111633300781,40.79243087768555,-73.95564270019531,40.77273178100585,351.83,3092,3092,3145.6400000000003,3497.47,53.64000000000033,-5.115907697472721e-13,0.9999999999999986
23045,-73.97431945800781,40.74707412719727,-73.98281860351562,40.73139572143555,320.58,3092,3092,3138.67,3459.25,46.67000000000007,-5.684341886080802e-14,0.9999999999999998
23046,-73.99725341796875,40.722206115722656,-73.99600982666014,40.74885559082031,758.06,3092,3092,3227.88,3985.94,135.8800000000001,0.0,1.0
23047,-73.98914337158203,40.76327133178711,-73.98657989501955,40.76828002929688,234.83,3093,3093,-1.0,-1.0,-1,-1,0.0
23048,-73.99169921875,40.744529724121094,-73.98413848876955,40.75,287.99,3093,3093,-1.0,-1.0,-1,-1,0.0
23049,-73.98585510253906,40.72283554077149,-73.97853851318358,40.72961807250977,279.69,3093,3093,-1.0,-1.0,-1,-1,0.0
23050,-73.98150634765625,40.73279571533203,-73.97139739990234,40.76008224487305,718.49,3093,3093,3130.7,3861.1200000000003,37.69999999999982,11.930000000000518,1.0166042672827744
23051,-73.9940185546875,40.74651336669922,-74.00113677978516,40.741798400878906,183.58,3093,3093,3152.92,3336.5,59.92000000000007,-8.526512829121202e-14,0.9999999999999996
23052,-73.98293304443358,40.74783325195313,-73.96995544433594,40.76221466064453,456.96,3093,3093,-1.0,-1.0,-1,-1,0.0
23053,-73.94808959960938,40.78973388671875,-73.97290802001955,40.7853889465332,492.78,3093,3093,3295.66,3788.44,202.65999999999985,2.2737367544323206e-13,1.0000000000000004
23054,-73.99723815917969,40.71951675415039,-73.97821044921875,40.748451232910156,864.37,3093,3093,3120.0,3984.37,27.0,-1.1368683772161603e-13,0.9999999999999999
23055,-73.98982238769531,40.752342224121094,-73.97842407226562,40.74850463867188,381.25,3094,3094,-1.0,-1.0,-1,-1,0.0
23056,-73.98886108398438,40.74430847167969,-74.00288391113281,40.748836517333984,403.24,3094,3094,3178.04,3581.2799999999997,84.03999999999996,-2.2737367544323206e-13,0.9999999999999994
23057,-73.95906066894531,40.782676696777344,-73.9534454345703,40.783470153808594,195.83,3094,3094,-1.0,-1.0,-1,-1,0.0
23058,-73.97537994384766,40.78989028930664,-73.9657974243164,40.80530166625977,286.06,3094,3094,3153.51,3439.57,59.51000000000022,-5.684341886080802e-14,0.9999999999999998
23059,-73.96821594238281,40.76249313354492,-73.98628997802734,40.7531852722168,657.14,3095,3095,3216.13,3873.27,121.13000000000011,-1.1368683772161603e-13,0.9999999999999998
23060,-74.00355529785155,40.707618713378906,-73.9912567138672,40.71738815307617,301.38,3095,3095,-1.0,-1.0,-1,-1,0.0
23061,-73.9880599975586,40.73849868774415,-73.98616790771484,40.73069763183594,283.33,3095,3095,-1.0,-1.0,-1,-1,0.0
23062,-73.98909759521484,40.75823974609375,-74.00296020507811,40.739837646484375,619.9,3095,3095,-1.0,-1.0,-1,-1,0.0
23063,-73.9642562866211,40.77378463745117,-73.98025512695312,40.72635269165039,1147.75,3095,3095,3219.25,4367.0,124.25,0.0,1.0
23064,-73.95465850830078,40.77323913574219,-74.00521850585938,40.74069213867188,1454.33,3095,3095,3136.47,4602.6900000000005,41.4699999999998,11.890000000000782,1.008175586008678
23065,-74.0012435913086,40.736549377441406,-73.99172973632812,40.72394180297852,581.3,3095,3095,3154.1,3735.4,59.09999999999991,2.2737367544323206e-13,1.0000000000000004
23066,-74.00831604003906,40.735557556152344,-73.99591064453125,40.73359298706055,417.79,3095,3095,-1.0,-1.0,-1,-1,0.0
23067,-74.00655364990234,40.744667053222656,-73.98296356201173,40.76594161987305,618.16,3096,3096,-1.0,-1.0,-1,-1,0.0
23068,-73.95853424072266,40.76852798461913,-73.95004272460938,40.77598571777344,187.51,3096,3096,3130.75,3318.26,34.75,2.2737367544323206e-13,1.000000000000001
23069,-73.96675872802734,40.75297164916992,-74.00497436523438,40.741249084472656,1066.47,3096,3096,3134.49,4243.83,38.48999999999978,42.87000000000012,1.0401980365129821
23070,-73.98802947998048,40.73201370239258,-73.97978210449219,40.74352645874024,261.91,3096,3096,-1.0,-1.0,-1,-1,0.0
23071,-73.99515533447266,40.73926544189453,-73.9737548828125,40.748931884765625,643.81,3096,3096,3124.7,3826.65,28.699999999999818,58.14000000000033,1.090306146223265
23072,-73.96408081054686,40.77706909179688,-73.96678161621094,40.7617416381836,564.62,3096,3096,3122.21,3686.83,26.210000000000036,-1.1368683772161603e-13,0.9999999999999998
23073,-73.97856903076173,40.75432205200195,-73.95710754394531,40.78314208984375,636.27,3096,3096,-1.0,-1.0,-1,-1,0.0
23074,-73.95481872558594,40.765480041503906,-73.98055267333984,40.75088882446289,807.33,3097,3097,3230.41,4037.74,133.40999999999985,-1.1368683772161603e-13,0.9999999999999999
23075,-73.98245239257811,40.77484130859375,-73.9912109375,40.760520935058594,373.26,3097,3097,3155.73,3528.99,58.73000000000002,-2.2737367544323206e-13,0.9999999999999994
23076,-73.97633361816406,40.764122009277344,-73.97811889648438,40.772010803222656,280.33,3097,3097,-1.0,-1.0,-1,-1,0.0
23077,-73.96336364746094,40.77716064453125,-73.96175384521484,40.763763427734375,508.67,3097,3097,3206.37,3715.04,109.36999999999989,5.684341886080802e-14,1.0000000000000002
23078,-73.9618148803711,40.77103042602539,-73.9665756225586,40.75400161743164,584.97,3097,3097,3135.94,3743.91,38.940000000000055,22.999999999999773,1.0393182556370408
23079,-73.98787689208984,40.76491928100585,-73.94454956054686,40.81393051147461,1155.63,3097,3097,-1.0,-1.0,-1,-1,0.0
23080,-74.00367736816406,40.74325942993164,-74.00044250488281,40.73392868041992,373.79,3097,3097,-1.0,-1.0,-1,-1,0.0
23081,-73.98731231689453,40.738853454589844,-73.93750762939453,40.84866333007813,1821.19,3097,3097,-1.0,-1.0,-1,-1,0.0
23082,-73.95173645019531,40.76953887939453,-73.98095703125,40.77336883544922,781.51,3097,3097,3121.15,3902.66,24.15000000000009,-2.2737367544323206e-13,0.9999999999999997
23083,-74.00936889648438,40.7210807800293,-74.00713348388672,40.74370574951172,386.98,3098,3098,3205.97,3592.95,107.9699999999998,0.0,1.0
23084,-73.9708480834961,40.76475143432617,-73.98214721679686,40.76838302612305,371.1,3098,3098,-1.0,-1.0,-1,-1,0.0
23085,-73.96878814697266,40.75495147705078,-73.99468231201173,40.726898193359375,799.33,3098,3098,3126.04,3992.63,28.039999999999964,67.2600000000001,1.08414547183266
23086,-73.99708557128906,40.7221908569336,-73.98271942138672,40.7568588256836,930.81,3098,3098,-1.0,-1.0,-1,-1,0.0
23087,-73.96468353271484,40.76025390625,-73.97508239746094,40.75295639038085,367.04,3099,3099,3138.52,3533.04,39.51999999999998,27.47999999999996,1.0748692240627724
23088,-73.98136138916014,40.78099822998047,-73.97319793701173,40.79254531860352,269.05,3099,3099,3143.08,3430.38,44.07999999999993,18.25000000000017,1.0678312581304596
23089,-73.98036193847656,40.75443649291992,-74.00542449951173,40.73601150512695,663.76,3099,3099,-1.0,-1.0,-1,-1,0.0
23090,-74.00070953369139,40.72101974487305,-73.987060546875,40.75490188598633,988.96,3099,3099,3125.3500000000004,4149.08,26.350000000000364,34.76999999999953,1.0351581459310786
23091,-73.9957275390625,40.72655487060547,-74.01082611083984,40.72030258178711,471.63,3099,3099,-1.0,-1.0,-1,-1,0.0
23092,-73.9820327758789,40.76586532592773,-73.9747085571289,40.72992706298828,1208.64,3099,3099,3128.11,4421.79,29.110000000000127,85.03999999999974,1.0703600741329096
23093,-74.00736999511719,40.72771453857422,-74.00047302246094,40.72370910644531,274.95,3099,3099,3299.83,3574.7799999999997,200.82999999999993,-1.7053025658242404e-13,0.9999999999999993
23094,-74.00070953369139,40.73728561401367,-73.98605346679686,40.73455810546875,451.54,3099,3099,3120.0,3571.54,21.0,-5.684341886080802e-14,0.9999999999999999
23095,-73.95850372314453,40.78097534179688,-73.98360443115234,40.74943161010742,896.75,3100,3100,-1.0,-1.0,-1,-1,0.0
23096,-73.98046875,40.76744842529297,-73.95816802978516,40.76872634887695,628.41,3100,3100,-1.0,-1.0,-1,-1,0.0
23097,-73.96131134033203,40.77180480957031,-73.96833038330078,40.76509094238281,292.79,3100,3100,-1.0,-1.0,-1,-1,0.0
23098,-73.97782897949219,40.7535285949707,-73.97602844238281,40.76408004760742,428.67,3100,3100,3175.25,3603.92,75.25,5.684341886080802e-14,1.0000000000000002
23099,-73.97358703613281,40.75251770019531,-73.96730804443358,40.75686264038085,257.14,3100,3100,-1.0,-1.0,-1,-1,0.0
23100,-73.99080657958984,40.75041198730469,-73.99362182617188,40.73278045654297,487.11,3100,3100,3158.4100000000003,3645.5200000000004,58.41000000000031,1.1368683772161603e-13,1.0000000000000002
23101,-73.97998046875,40.76752853393555,-73.96571350097656,40.77178192138672,372.13,3100,3100,-1.0,-1.0,-1,-1,0.0
23102,-73.97913360595702,40.73608016967773,-73.98896026611328,40.72304916381836,508.81,3100,3100,-1.0,-1.0,-1,-1,0.0
23103,-73.98125457763672,40.7382926940918,-73.9957504272461,40.7396240234375,441.2,3100,3100,-1.0,-1.0,-1,-1,0.0
23104,-74.00556182861328,40.74059677124024,-73.99996948242188,40.76157760620117,541.72,3101,3101,3259.04,3800.76,158.03999999999996,2.2737367544323206e-13,1.0000000000000004
23105,-73.9887466430664,40.72239685058594,-73.98760986328125,40.74811172485352,842.04,3101,3101,3230.37,4072.41,129.3699999999999,0.0,1.0
23106,-73.94760131835938,40.78039932250977,-73.9568099975586,40.77090072631836,274.89,3101,3101,3583.46,3858.35,482.46000000000004,-1.1368683772161603e-13,0.9999999999999996
23107,-73.9749298095703,40.7775993347168,-73.9684066772461,40.78656005859375,192.1,3101,3101,-1.0,-1.0,-1,-1,0.0
23108,-73.98193359375,40.77438354492188,-73.98067474365234,40.76511001586913,340.73,3101,3101,-1.0,-1.0,-1,-1,0.0
23109,-73.96897888183594,40.79094696044922,-73.97115325927734,40.75105285644531,1197.88,3102,3102,3147.2,4345.08,45.19999999999982,0.0,1.0
23110,-73.99109649658203,40.7453727722168,-73.98493194580078,40.757362365722656,441.14,3102,3102,3120.0,3561.14,18.0,-1.1368683772161603e-13,0.9999999999999998
23111,-73.96275329589844,40.766761779785156,-73.9392852783203,40.79905319213867,496.35,3102,3102,-1.0,-1.0,-1,-1,0.0
23112,-73.97567749023438,40.76087188720703,-73.9944076538086,40.73294067382813,697.56,3102,3102,-1.0,-1.0,-1,-1,0.0
23113,-73.98512268066406,40.7452507019043,-73.97406005859375,40.7628288269043,509.27,3102,3102,-1.0,-1.0,-1,-1,0.0
23114,-73.9727783203125,40.79586791992188,-73.97657775878906,40.7866439819336,258.25,3102,3102,3233.79,3492.04,131.78999999999996,0.0,1.0
23115,-73.97505187988281,40.756160736083984,-74.00745391845702,40.74102783203125,1026.81,3102,3102,-1.0,-1.0,-1,-1,0.0
23116,-73.98544311523438,40.72742080688477,-73.9828872680664,40.76927185058594,1335.71,3102,3102,3137.32,4555.21,35.320000000000164,82.17999999999984,1.061525331097319
23117,-74.00450897216798,40.74217987060547,-74.00946807861328,40.72010040283203,565.4,3102,3102,-1.0,-1.0,-1,-1,0.0
23118,-74.00416564941406,40.74753952026367,-73.99935150146483,40.7198486328125,890.96,3102,3102,-1.0,-1.0,-1,-1,0.0
23119,-73.99420928955078,40.7265625,-74.0074691772461,40.74092102050781,686.71,3103,3103,-1.0,-1.0,-1,-1,0.0
23120,-73.97868347167969,40.752796173095696,-73.93410491943358,40.84873580932617,1607.84,3103,3103,-1.0,-1.0,-1,-1,0.0
23121,-73.99695587158203,40.742149353027344,-73.98258209228516,40.72734451293945,661.34,3103,3103,-1.0,-1.0,-1,-1,0.0
23122,-73.95747375488281,40.76856231689453,-74.00823974609375,40.72337341308594,1447.73,3103,3103,3158.13,4605.86,55.13000000000011,-4.547473508864641e-13,0.9999999999999997
23123,-73.97870635986328,40.7452392578125,-73.96514129638672,40.7551383972168,372.97,3103,3103,-1.0,-1.0,-1,-1,0.0
23124,-73.96585845947266,40.765357971191406,-73.95487976074219,40.76742935180664,282.62,3103,3103,-1.0,-1.0,-1,-1,0.0
23125,-73.97254943847656,40.75898742675781,-73.99588012695312,40.73956298828125,770.19,3104,3104,-1.0,-1.0,-1,-1,0.0
23126,-73.99232482910156,40.76911926269531,-74.0010986328125,40.76266098022461,223.06,3104,3104,3130.7,3353.7599999999998,26.699999999999818,-5.684341886080802e-14,0.9999999999999998
23127,-73.97371673583984,40.7548713684082,-73.97115325927734,40.74602890014648,343.96,3104,3104,-1.0,-1.0,-1,-1,0.0
23128,-73.99103546142578,40.7279052734375,-73.98837280273438,40.75928115844727,1043.22,3104,3104,-1.0,-1.0,-1,-1,0.0
23129,-74.00556945800781,40.74509048461913,-73.98880004882812,40.72986221313477,737.25,3104,3104,3134.79,3938.3199999999997,30.789999999999964,66.27999999999975,1.0899016615801964
23130,-73.9864730834961,40.74019241333008,-73.98299407958984,40.72428894042969,539.76,3104,3104,3149.58,3759.4700000000003,45.57999999999993,70.13000000000034,1.1299281161997932
23131,-73.9571762084961,40.7758903503418,-73.96807861328125,40.76544189453125,427.75,3104,3104,3205.79,3633.54,101.78999999999996,0.0,1.0
23132,-74.0144805908203,40.71113586425781,-73.9951171875,40.739845275878906,709.36,3105,3105,3316.78,4026.14,211.7800000000002,-3.410605131648481e-13,0.9999999999999996
23133,-73.97441101074219,40.7624397277832,-73.99604034423827,40.7623405456543,703.0,3105,3105,-1.0,-1.0,-1,-1,0.0
23134,-73.97948455810547,40.73538589477539,-73.9910888671875,40.75530624389648,875.45,3105,3105,3199.96,4075.41,94.96000000000004,-2.2737367544323206e-13,0.9999999999999998
23135,-73.98213195800781,40.7786521911621,-73.99378967285155,40.72727584838867,1480.41,3105,3105,3168.37,4648.78,63.36999999999989,-2.2737367544323206e-13,0.9999999999999999
23136,-73.9932632446289,40.7524528503418,-73.9958724975586,40.75922775268555,246.58,3105,3105,-1.0,-1.0,-1,-1,0.0
23137,-73.96031951904298,40.7706298828125,-73.96697235107422,40.76662826538085,256.14,3105,3105,-1.0,-1.0,-1,-1,0.0
23138,-73.97808074951173,40.763526916503906,-73.9728012084961,40.78554153442383,598.0,3106,3106,-1.0,-1.0,-1,-1,0.0
23139,-73.9891586303711,40.763160705566406,-73.98152160644531,40.744056701660156,840.48,3106,3106,-1.0,-1.0,-1,-1,0.0
23140,-74.00235748291014,40.72947311401367,-73.96658325195312,40.75884246826172,1133.52,3106,3106,3122.24,4255.759999999999,16.23999999999978,-4.547473508864641e-13,0.9999999999999996
23141,-73.98211669921875,40.77859115600585,-73.99880981445312,40.761138916015625,435.43,3106,3106,3234.12,3669.5499999999997,128.1199999999999,-1.7053025658242404e-13,0.9999999999999996
23142,-73.99099731445312,40.75048828125,-74.0149154663086,40.71418762207031,830.52,3106,3106,3140.65,3985.25,34.65000000000009,14.079999999999927,1.0169532341183836
23143,-73.99591064453125,40.74391174316406,-74.00157928466798,40.73516082763672,194.54,3106,3106,-1.0,-1.0,-1,-1,0.0
23144,-73.99022674560547,40.756141662597656,-73.99057006835938,40.75136947631836,298.12,3106,3106,-1.0,-1.0,-1,-1,0.0
23145,-73.95034790039062,40.77157974243164,-73.96082305908203,40.76084899902344,382.72,3106,3106,-1.0,-1.0,-1,-1,0.0
23146,-73.97408294677734,40.78736877441406,-73.98403930664062,40.77473449707031,404.64,3106,3106,3202.87,3607.5099999999998,96.86999999999989,-1.1368683772161603e-13,0.9999999999999997
23147,-74.00660705566406,40.7514533996582,-73.98292541503906,40.73142623901367,907.98,3106,3106,-1.0,-1.0,-1,-1,0.0
23148,-73.97219848632812,40.79475021362305,-73.95494079589844,40.78583908081055,544.65,3107,3107,3201.5,3746.15,94.5,1.1368683772161603e-13,1.0000000000000002
23149,-73.98097991943358,40.76777648925781,-74.00411224365234,40.72390365600585,1257.52,3107,3107,-1.0,-1.0,-1,-1,0.0
23150,-73.97368621826173,40.76082992553711,-73.95565795898438,40.76836013793945,496.57,3107,3107,3165.21,3707.88,58.210000000000036,46.10000000000008,1.0928368608655377
23151,-73.97447967529298,40.75301742553711,-73.99994659423827,40.7204475402832,887.09,3107,3107,-1.0,-1.0,-1,-1,0.0
23152,-73.98145294189453,40.75795364379883,-73.96663665771484,40.78900146484375,797.23,3107,3107,3150.9,3989.52,43.90000000000009,41.38999999999987,1.051917263524955
23153,-73.9690170288086,40.76059341430664,-73.96077728271484,40.761226654052734,257.65,3107,3107,3143.48,3413.98,36.48000000000002,12.850000000000023,1.0498738598874442
23154,-73.97923278808595,40.74475860595703,-73.98435974121094,40.73027038574219,349.82,3107,3107,3132.5,3482.32,25.5,1.7053025658242404e-13,1.0000000000000004
23155,-73.9878921508789,40.73244094848633,-73.99063110351562,40.71902847290039,494.7,3107,3107,-1.0,-1.0,-1,-1,0.0
23156,-73.98727416992188,40.73961639404297,-74.00335693359375,40.71782684326172,590.89,3108,3108,-1.0,-1.0,-1,-1,0.0
23157,-73.95944213867188,40.767539978027344,-73.95755004882812,40.776180267333984,299.33,3108,3108,3159.57,3458.9,51.570000000000164,-5.684341886080802e-14,0.9999999999999998
23158,-73.96878814697266,40.76145553588867,-73.98065185546875,40.74496841430664,419.05,3108,3108,3146.5099999999998,3565.56,38.50999999999976,1.7053025658242404e-13,1.0000000000000004
23159,-73.97130584716798,40.74681091308594,-73.95541381835938,40.76853561401367,368.13,3108,3108,3128.01,3496.1400000000003,20.01000000000022,1.1368683772161603e-13,1.0000000000000002
23160,-73.96607971191406,40.794883728027344,-73.98590850830078,40.772136688232415,542.95,3108,3108,-1.0,-1.0,-1,-1,0.0
23161,-73.9964141845703,40.763328552246094,-74.00331115722656,40.73265075683594,744.15,3108,3108,3143.42,3888.16,35.42000000000007,0.5899999999998045,1.0007928509037154
23162,-73.98214721679686,40.77288055419922,-73.98239135742188,40.76375961303711,273.49,3109,3109,-1.0,-1.0,-1,-1,0.0
23163,-73.97743225097656,40.73828887939453,-73.99051666259766,40.746849060058594,557.88,3109,3109,-1.0,-1.0,-1,-1,0.0
23164,-73.96641540527342,40.799015045166016,-73.97025299072266,40.78933715820313,194.91,3109,3109,3738.6499999999996,3933.56,629.6499999999996,3.126388037344441e-13,1.0000000000000016
23165,-73.98570251464844,40.74377059936523,-73.9825439453125,40.75022506713867,230.72,3109,3109,3151.71,3382.43,42.710000000000036,-1.9895196601282805e-13,0.9999999999999991
23166,-74.00721740722656,40.72781372070313,-73.98683929443358,40.72979736328125,583.78,3109,3109,3362.23,3946.0099999999998,253.23000000000002,-2.2737367544323206e-13,0.9999999999999996
23167,-73.977783203125,40.786975860595696,-73.9877700805664,40.779563903808594,276.95,3109,3109,3148.2200000000003,3437.46,39.220000000000255,12.289999999999793,1.0443762411987716
23168,-74.01590728759766,40.710933685302734,-73.97996520996094,40.726749420166016,761.12,3109,3109,-1.0,-1.0,-1,-1,0.0
23169,-73.98419189453125,40.77013397216797,-73.992431640625,40.739654541015625,913.22,3109,3109,3133.78,4138.2699999999995,24.7800000000002,91.2699999999993,1.0999430586277121
23170,-73.9714584350586,40.787574768066406,-73.9876251220703,40.76534652709961,475.42,3110,3110,3215.53,3690.95,105.5300000000002,-3.979039320256561e-13,0.9999999999999991
23171,-73.97008514404298,40.79939651489258,-73.98798370361328,40.779541015625,474.82,3110,3110,3120.0,3594.82,10.0,1.7053025658242404e-13,1.0000000000000004
23172,-73.97560119628906,40.76034927368164,-73.98426055908203,40.737266540527344,656.68,3110,3110,-1.0,-1.0,-1,-1,0.0
23173,-73.98682403564453,40.76266098022461,-73.96702575683594,40.7664794921875,526.01,3110,3110,3147.4100000000003,3673.42,37.41000000000031,-2.2737367544323206e-13,0.9999999999999996
23174,-73.96723937988281,40.7611198425293,-73.97850036621094,40.77316284179688,534.03,3110,3110,3143.66,3697.65,33.659999999999854,19.960000000000264,1.0373761773683132
23175,-73.99236297607422,40.74940872192383,-74.00308990478516,40.75632095336913,393.04,3110,3110,3153.98,3547.02,43.98000000000002,-5.684341886080802e-14,0.9999999999999999
23176,-73.99676513671875,40.73316192626953,-73.99752044677734,40.74011993408203,267.21,3111,3111,3167.67,3434.88,56.67000000000007,5.684341886080802e-14,1.0000000000000002
23177,-73.99626922607422,40.74338150024415,-74.00121307373048,40.725284576416016,488.62,3111,3111,3147.87,3636.49,36.86999999999989,-1.1368683772161603e-13,0.9999999999999998
23178,-73.94827270507811,40.7746696472168,-73.9727783203125,40.76093673706055,885.88,3111,3111,3163.27,4049.15,52.26999999999998,1.1368683772161603e-13,1.0000000000000002
23179,-73.99974822998048,40.73324966430664,-73.98348236083984,40.75563049316406,549.54,3111,3111,3140.38,3689.92,29.38000000000011,0.0,1.0
23180,-73.9929428100586,40.73392868041992,-73.97232818603516,40.75571823120117,843.89,3111,3111,-1.0,-1.0,-1,-1,0.0
23181,-73.98223876953125,40.76295852661133,-73.98931884765625,40.74195861816406,667.35,3111,3111,3139.59,3844.44,28.590000000000146,37.499999999999886,1.056192402787143
23182,-74.00028228759766,40.726463317871094,-73.99314880371094,40.73235321044922,228.84,3111,3111,3169.58,3398.42,58.57999999999993,1.4210854715202004e-13,1.0000000000000007
23183,-73.98860931396483,40.73720169067383,-73.98422241210938,40.75239944458008,571.17,3112,3112,-1.0,-1.0,-1,-1,0.0
23184,-73.97816467285155,40.75244140625,-73.9495620727539,40.78498840332031,872.44,3112,3112,-1.0,-1.0,-1,-1,0.0
23185,-73.95885467529298,40.77477645874024,-73.9779052734375,40.7126350402832,997.27,3112,3112,3122.64,4119.91,10.639999999999873,0.0,1.0
23186,-73.9920196533203,40.76448822021485,-73.98014831542969,40.76557159423828,300.49,3112,3112,-1.0,-1.0,-1,-1,0.0
23187,-74.00200653076173,40.719539642333984,-74.010009765625,40.73242950439453,468.91,3112,3112,3213.83,3682.7400000000002,101.82999999999993,2.8421709430404007e-13,1.0000000000000007
23188,-73.98588562011719,40.76232147216797,-73.97644805908203,40.76541519165039,279.81,3113,3113,3136.33,3436.16,23.329999999999927,20.019999999999925,1.07154855080233
23189,-74.00684356689453,40.74411010742188,-73.98400115966798,40.72703170776367,854.63,3113,3113,3184.25,4038.8799999999997,71.25,-3.410605131648481e-13,0.9999999999999996
23190,-73.94557189941406,40.77389907836913,-73.97432708740234,40.76158142089844,896.5,3113,3113,3123.29,4082.75,10.289999999999964,62.960000000000036,1.070228667038483
23191,-73.95591735839844,40.76380157470703,-73.99197387695312,40.74907684326172,1024.69,3113,3113,3148.43,4220.43,35.429999999999836,47.3100000000004,1.0461700611892382
23192,-73.9915313720703,40.75482177734375,-73.98755645751955,40.773719787597656,562.97,3113,3113,3134.19,3714.76,21.190000000000055,17.600000000000136,1.0312627671101482
23193,-74.0024185180664,40.71879959106445,-74.0129623413086,40.70349884033203,471.22,3113,3113,3151.46,3622.68,38.460000000000036,-2.2737367544323206e-13,0.9999999999999996
23194,-73.96092987060547,40.76551055908203,-73.98658752441406,40.72658157348633,897.62,3113,3113,3121.34,4018.96,8.340000000000146,-1.1368683772161603e-13,0.9999999999999999
23195,-73.97488403320312,40.74184036254883,-74.0037384033203,40.72354507446289,874.11,3113,3113,-1.0,-1.0,-1,-1,0.0
23196,-74.01404571533203,40.71355819702149,-73.97035217285155,40.75718688964844,1130.33,3113,3113,3152.5,4355.42,39.5,72.59000000000015,1.0642201834862386
23197,-73.98523712158203,40.73163986206055,-73.9999008178711,40.73868942260742,415.34,3113,3113,-1.0,-1.0,-1,-1,0.0
23198,-73.95326232910156,40.77949905395508,-73.95986938476562,40.78215026855469,218.12,3114,3114,3158.18,3433.5099999999998,44.179999999999836,57.20999999999992,1.2622868145974688
23199,-74.00392150878906,40.72602844238281,-74.00787353515625,40.75141143798828,571.42,3114,3114,3183.0,3754.42,69.0,1.1368683772161603e-13,1.0000000000000002
23200,-73.97126770019531,40.782657623291016,-73.95435333251955,40.77890396118164,428.2,3114,3114,3161.11,3589.31,47.11000000000013,-1.7053025658242404e-13,0.9999999999999996
23201,-73.95736694335938,40.78331756591797,-73.9775161743164,40.75933074951172,726.05,3114,3114,3140.13,3866.18,26.13000000000011,-2.2737367544323206e-13,0.9999999999999997
23202,-73.97808074951173,40.752342224121094,-73.98757934570312,40.751556396484375,378.01,3114,3114,-1.0,-1.0,-1,-1,0.0
23203,-73.9808120727539,40.759910583496094,-73.9649887084961,40.77420043945313,575.18,3114,3114,3146.55,3721.73,32.55000000000018,-1.1368683772161603e-13,0.9999999999999998
23204,-74.01358032226562,40.70232009887695,-73.97666931152342,40.71836853027344,415.07,3114,3114,-1.0,-1.0,-1,-1,0.0
23205,-73.98406219482422,40.74638366699219,-73.97727203369139,40.75561141967773,232.18,3114,3114,3158.58,3390.76,44.57999999999993,2.8421709430404007e-13,1.0000000000000013
23206,-74.0082015991211,40.7224235534668,-73.9833984375,40.7414665222168,795.1,3114,3114,3230.3,4025.4,116.30000000000018,-1.1368683772161603e-13,0.9999999999999999
23207,-73.94644927978516,40.80084609985352,-73.94430541992188,40.78828811645508,340.1,3114,3114,3256.75,3596.85,142.75,-1.1368683772161603e-13,0.9999999999999997
23208,-73.97832489013672,40.75159454345703,-73.9521942138672,40.7812614440918,800.47,3115,3115,-1.0,-1.0,-1,-1,0.0
23209,-73.98201751708984,40.771427154541016,-73.97276306152342,40.748966217041016,927.82,3115,3115,-1.0,-1.0,-1,-1,0.0
23210,-73.97830200195312,40.74158096313477,-73.9863739013672,40.72231674194336,496.02,3115,3115,3174.4300000000003,3729.1500000000005,59.43000000000029,58.70000000000027,1.118342002338616
23211,-73.98600006103516,40.756778717041016,-73.98783111572266,40.744304656982415,406.9,3115,3115,-1.0,-1.0,-1,-1,0.0
23212,-73.9895782470703,40.75269317626953,-73.97398376464845,40.75975036621094,516.97,3115,3115,3143.12,3660.09,28.11999999999989,2.2737367544323206e-13,1.0000000000000004
23213,-73.95216369628906,40.76916122436523,-73.96167755126955,40.76451110839844,292.34,3115,3115,3137.62,3429.96,22.61999999999989,1.7053025658242404e-13,1.0000000000000007
23214,-73.97922515869139,40.75808334350585,-73.99101257324219,40.755760192871094,462.22,3115,3115,3154.57,3679.63,39.570000000000164,62.83999999999992,1.13595257669508
23215,-74.00310516357422,40.75147247314453,-73.96736145019531,40.76639175415039,904.29,3116,3116,3123.7200000000003,4028.0099999999998,7.720000000000255,-4.547473508864641e-13,0.9999999999999994
23216,-73.97776794433594,40.783855438232415,-73.97078704833984,40.79527282714844,200.45,3116,3116,3128.7,3329.15,12.699999999999818,2.8421709430404007e-13,1.0000000000000013
23217,-73.99436950683594,40.7349853515625,-74.00692749023438,40.74078750610352,455.08,3116,3116,-1.0,-1.0,-1,-1,0.0
23218,-74.00225067138672,40.72427368164063,-74.00437927246094,40.740535736083984,508.33,3116,3116,3158.71,3709.0,42.710000000000036,41.95999999999998,1.0825448035724825
23219,-73.96025848388672,40.77314376831055,-73.97348022460938,40.75453567504883,528.0,3116,3116,3138.03,3666.03,22.0300000000002,0.0,1.0
23220,-73.95498657226562,40.79935836791992,-73.97212219238281,40.79903030395508,425.93,3116,3116,3387.42,3813.35,271.4200000000001,-1.7053025658242404e-13,0.9999999999999996
23221,-73.97549438476562,40.75619888305664,-73.99674987792969,40.74270629882813,690.72,3117,3117,-1.0,-1.0,-1,-1,0.0
23222,-73.94469451904298,40.77923583984375,-73.96204376220702,40.76393127441406,514.91,3117,3117,3160.32,3675.23,43.320000000000164,-1.1368683772161603e-13,0.9999999999999998
23223,-73.9754867553711,40.75160598754883,-73.98220825195312,40.74675750732422,216.91,3117,3117,3122.69,3339.6,5.690000000000055,-1.4210854715202004e-13,0.9999999999999993
23224,-73.9785614013672,40.78573226928711,-73.966796875,40.78897476196289,274.7,3117,3117,-1.0,-1.0,-1,-1,0.0
23225,-73.99609375,40.720306396484375,-73.96561431884766,40.75947189331055,1104.23,3117,3117,3228.67,4332.9,111.67000000000007,-4.547473508864641e-13,0.9999999999999996
23226,-73.97511291503906,40.7498779296875,-73.97877502441406,40.72422409057617,606.39,3118,3118,-1.0,-1.0,-1,-1,0.0
23227,-73.9781494140625,40.75224685668945,-73.97855377197266,40.73093795776367,689.24,3118,3118,-1.0,-1.0,-1,-1,0.0
23228,-73.98214721679686,40.71464157104492,-74.0125503540039,40.7015495300293,334.71,3118,3118,3293.62,3628.33,175.6199999999999,5.684341886080802e-14,1.0000000000000002
23229,-73.96505737304686,40.75951385498047,-73.96006774902342,40.77052688598633,296.23,3118,3118,-1.0,-1.0,-1,-1,0.0
23230,-73.97743225097656,40.78703308105469,-73.96561431884766,40.79119873046875,247.83,3118,3118,3173.38,3444.67,55.38000000000011,23.45999999999995,1.094661663236896
23231,-73.98206329345702,40.76836395263672,-73.99810791015625,40.74509048461913,800.18,3119,3119,-1.0,-1.0,-1,-1,0.0
23232,-73.9664535522461,40.79433059692383,-73.94925689697266,40.79072189331055,586.89,3119,3119,3223.0,3809.89,104.0,-1.1368683772161603e-13,0.9999999999999998
23233,-74.00674438476562,40.7310676574707,-73.9993438720703,40.74416732788085,249.17,3119,3119,3231.75,3480.92,112.75,8.526512829121202e-14,1.0000000000000004
23234,-74.00482177734375,40.74177169799805,-74.00293731689453,40.73106002807617,350.64,3119,3119,-1.0,-1.0,-1,-1,0.0
23235,-73.97416687011719,40.76041030883789,-73.97115325927734,40.74851989746094,508.96,3119,3119,-1.0,-1.0,-1,-1,0.0
23236,-74.0080337524414,40.71484756469727,-73.99664306640625,40.73240280151367,426.11,3120,3120,-1.0,-1.0,-1,-1,0.0
23237,-74.01241302490234,40.71975326538085,-74.01734161376955,40.7075424194336,285.55,3120,3120,3175.42,3512.0099999999998,55.42000000000007,51.03999999999968,1.1787427770968295
23238,-73.98200988769531,40.75201034545898,-73.95115661621094,40.77771759033203,889.08,3120,3120,-1.0,-1.0,-1,-1,0.0
23239,-73.96065521240234,40.765869140625,-73.9876937866211,40.76227569580078,859.53,3120,3120,-1.0,-1.0,-1,-1,0.0
23240,-74.0069808959961,40.74396133422852,-73.98338317871094,40.72679138183594,854.63,3120,3120,3152.87,4063.8500000000004,32.86999999999989,56.35000000000048,1.0659349660086828
23241,-74.00289154052734,40.7604866027832,-73.99162292480467,40.759613037109375,348.49,3120,3120,3202.58,3551.0699999999997,82.57999999999993,-2.2737367544323206e-13,0.9999999999999993
23242,-73.989501953125,40.741695404052734,-73.99851989746094,40.73894882202149,242.12,3120,3120,3133.28,3375.4,13.2800000000002,-1.1368683772161603e-13,0.9999999999999996
23243,-73.95417785644531,40.77025985717773,-73.95944213867188,40.761878967285156,369.1,3120,3120,3159.13,3528.23,39.13000000000011,-1.1368683772161603e-13,0.9999999999999997
23244,-73.98983764648438,40.752456665039055,-73.95040130615234,40.78394317626953,1162.37,3120,3120,3136.62,4298.989999999999,16.61999999999989,-9.094947017729282e-13,0.9999999999999992
23245,-73.98416900634766,40.754878997802734,-73.982421875,40.774818420410156,602.45,3121,3121,3152.91,3819.83,31.909999999999854,64.47000000000003,1.1070130301269816
23246,-73.98741149902342,40.76272964477539,-73.95310974121094,40.771766662597656,875.06,3121,3121,-1.0,-1.0,-1,-1,0.0
23247,-73.98027038574219,40.745811462402344,-74.00983428955078,40.72186279296875,996.48,3121,3121,-1.0,-1.0,-1,-1,0.0
23248,-73.98357391357422,40.72598648071289,-73.9690170288086,40.7501106262207,448.47,3121,3121,3173.67,3622.14,52.67000000000007,-2.2737367544323206e-13,0.9999999999999994
23249,-73.98523712158203,40.76863479614258,-74.00071716308595,40.737281799316406,831.23,3121,3121,-1.0,-1.0,-1,-1,0.0
23250,-73.97417449951173,40.78911209106445,-73.9554672241211,40.80937194824219,550.21,3121,3121,3173.79,3724.0,52.789999999999964,0.0,1.0
23251,-73.98652648925781,40.760833740234375,-73.99576568603516,40.74396896362305,529.68,3121,3121,-1.0,-1.0,-1,-1,0.0
23252,-73.97901153564453,40.76423263549805,-73.97750854492188,40.75854110717773,235.54,3122,3122,-1.0,-1.0,-1,-1,0.0
23253,-73.95748138427734,40.77688217163085,-73.95245361328125,40.80024719238281,583.96,3122,3122,-1.0,-1.0,-1,-1,0.0
23254,-73.96463012695312,40.760589599609375,-73.98445892333984,40.78149032592773,1025.65,3122,3122,-1.0,-1.0,-1,-1,0.0
23255,-73.98816680908203,40.72877883911133,-73.99131774902342,40.717628479003906,431.33,3122,3122,-1.0,-1.0,-1,-1,0.0
23256,-73.9861068725586,40.76077651977539,-74.0036849975586,40.747520446777344,587.21,3122,3122,3173.58,3760.79,51.57999999999993,0.0,1.0
23257,-73.98783111572266,40.7209587097168,-73.98966979980467,40.73440933227539,460.54,3122,3122,3150.12,3610.66,28.11999999999989,-5.684341886080802e-14,0.9999999999999999
23258,-73.9563980102539,40.78706359863281,-73.97379302978516,40.76310348510742,585.34,3122,3122,3272.04,3857.38,150.03999999999996,1.1368683772161603e-13,1.0000000000000002
23259,-73.9822006225586,40.72797775268555,-73.98981475830078,40.73380661010742,299.16,3122,3122,3237.04,3536.2,115.03999999999996,-1.7053025658242404e-13,0.9999999999999994
23260,-73.98271179199219,40.77325820922852,-73.94835662841797,40.77552795410156,891.02,3122,3122,-1.0,-1.0,-1,-1,0.0
23261,-73.99313354492188,40.72979736328125,-73.99300384521484,40.71316146850585,725.06,3122,3122,3175.0,3900.06,53.0,0.0,1.0
23262,-74.00462341308595,40.707298278808594,-73.96456909179686,40.75598907470703,845.07,3123,3123,-1.0,-1.0,-1,-1,0.0
23263,-73.97828674316406,40.751556396484375,-73.99571990966798,40.74586486816406,535.58,3123,3123,-1.0,-1.0,-1,-1,0.0
23264,-73.98670196533203,40.74539566040039,-73.98912811279298,40.737548828125,229.04,3123,3123,3168.53,3427.37,45.5300000000002,29.7999999999997,1.130108278030037
23265,-74.01261901855469,40.706642150878906,-73.98138427734375,40.736492156982415,914.04,3123,3123,-1.0,-1.0,-1,-1,0.0
23266,-74.00668334960938,40.71515274047852,-73.9831771850586,40.76484298706055,1259.47,3123,3123,-1.0,-1.0,-1,-1,0.0
23267,-73.9582748413086,40.77286148071289,-73.94934844970702,40.80237197875977,588.37,3123,3123,3172.5099999999998,3760.88,49.50999999999976,3.410605131648481e-13,1.0000000000000007
23268,-73.96746826171875,40.75698471069336,-74.00077819824219,40.73715591430664,873.74,3123,3123,-1.0,-1.0,-1,-1,0.0
23269,-73.97386169433594,40.75975036621094,-73.9881134033203,40.73217010498047,843.12,3123,3123,-1.0,-1.0,-1,-1,0.0
23270,-73.97647094726562,40.7507209777832,-73.99143981933594,40.75024032592773,487.15,3123,3123,3214.17,3701.32,91.17000000000007,1.1368683772161603e-13,1.0000000000000002
23271,-74.00077819824219,40.74723815917969,-74.00814056396483,40.73823928833008,307.52,3123,3123,-1.0,-1.0,-1,-1,0.0
23272,-74.00606536865234,40.70947265625,-73.99158477783203,40.75527572631836,1159.47,3123,3123,-1.0,-1.0,-1,-1,0.0
23273,-73.98931884765625,40.736152648925774,-74.00467681884766,40.747989654541016,573.5,3123,3123,-1.0,-1.0,-1,-1,0.0
23274,-73.9898681640625,40.73921585083008,-73.99185943603516,40.7203483581543,721.87,3123,3123,-1.0,-1.0,-1,-1,0.0
23275,-73.9888687133789,40.74999237060547,-74.00235748291014,40.7606201171875,501.29,3123,3123,-1.0,-1.0,-1,-1,0.0
23276,-73.97752380371094,40.76543426513672,-74.0111770629883,40.72854614257813,1121.17,3124,3124,-1.0,-1.0,-1,-1,0.0
23277,-73.98980712890625,40.73550415039063,-73.99454498291014,40.72492599487305,301.34,3124,3124,3282.17,3583.51,158.17000000000007,1.7053025658242404e-13,1.0000000000000007
23278,-73.97560882568358,40.74951934814453,-73.95156860351562,40.771839141845696,630.01,3124,3124,-1.0,-1.0,-1,-1,0.0
23279,-73.99323272705078,40.74236679077149,-73.9831771850586,40.72661209106445,609.04,3125,3125,-1.0,-1.0,-1,-1,0.0
23280,-73.98845672607422,40.75503158569336,-74.00560760498048,40.74578094482422,489.5,3125,3125,-1.0,-1.0,-1,-1,0.0
23281,-73.97785186767578,40.75722885131836,-73.9809036254883,40.74470520019531,406.29,3125,3125,-1.0,-1.0,-1,-1,0.0
23282,-73.99369049072266,40.75704956054688,-73.9924087524414,40.72568893432617,1004.58,3125,3125,3169.5099999999998,4241.08,44.50999999999976,66.99000000000012,1.0666845846025206
23283,-73.99064636230467,40.75598907470703,-73.96863555908203,40.7681770324707,649.65,3125,3125,-1.0,-1.0,-1,-1,0.0
23284,-73.98692321777342,40.74702072143555,-73.98692321777342,40.72553253173828,626.39,3125,3125,3162.29,3788.68,37.289999999999964,-1.1368683772161603e-13,0.9999999999999998
23285,-73.99430847167969,40.7403564453125,-74.00782012939453,40.716346740722656,560.03,3125,3125,-1.0,-1.0,-1,-1,0.0
23286,-73.9818344116211,40.768367767333984,-73.98546600341797,40.738582611083984,1008.5,3125,3125,-1.0,-1.0,-1,-1,0.0
23287,-73.98661804199219,40.76191711425781,-73.97799682617188,40.74188995361328,923.95,3125,3125,-1.0,-1.0,-1,-1,0.0
23288,-73.99320220947266,40.762901306152344,-73.95755004882812,40.78260040283203,823.52,3125,3125,-1.0,-1.0,-1,-1,0.0
23289,-73.95198822021484,40.81925964355469,-73.94436645507811,40.82797622680664,248.44,3125,3125,3871.0800000000004,4119.52,746.0800000000004,5.684341886080802e-14,1.0000000000000002
23290,-73.96327209472656,40.77514266967773,-73.98018646240234,40.75895690917969,693.35,3126,3126,-1.0,-1.0,-1,-1,0.0
23291,-74.00521850585938,40.7293701171875,-74.01712036132812,40.7048454284668,582.86,3126,3126,3180.5,3777.44,54.5,14.080000000000041,1.0241567443296846
23292,-73.99121856689453,40.76559829711913,-73.9881362915039,40.77934646606445,319.46,3126,3126,-1.0,-1.0,-1,-1,0.0
23293,-73.9744415283203,40.7935905456543,-73.95713806152342,40.77664184570313,615.66,3126,3126,3233.13,3848.79,107.13000000000011,-1.1368683772161603e-13,0.9999999999999998
23294,-73.99468994140625,40.745304107666016,-74.00773620605469,40.71493148803711,623.86,3126,3126,-1.0,-1.0,-1,-1,0.0
23295,-74.00281524658203,40.76051330566406,-74.0022201538086,40.74692916870117,372.57,3127,3127,-1.0,-1.0,-1,-1,0.0
23296,-74.00234985351562,40.718955993652344,-73.98991394042969,40.71969604492188,592.28,3127,3127,-1.0,-1.0,-1,-1,0.0
23297,-73.98699951171875,40.75102996826172,-73.98529052734375,40.72053909301758,1000.76,3127,3127,3210.12,4210.88,83.11999999999989,2.2737367544323206e-13,1.0000000000000002
23298,-73.993896484375,40.73611831665039,-74.00521850585938,40.725730895996094,398.86,3127,3127,3151.86,3568.11,24.860000000000127,17.389999999999986,1.0435992578849722
23299,-73.97328186035155,40.75830841064453,-73.97882843017578,40.73663330078125,652.72,3127,3127,-1.0,-1.0,-1,-1,0.0
23300,-73.98712158203125,40.77114868164063,-73.9539794921875,40.77048873901367,834.43,3127,3127,3213.2,4047.6299999999997,86.19999999999982,-1.1368683772161603e-13,0.9999999999999999
23301,-73.96798706054686,40.7589111328125,-73.95085906982422,40.7714958190918,448.21,3127,3127,-1.0,-1.0,-1,-1,0.0
23302,-73.95663452148438,40.780925750732415,-73.95868682861328,40.77253341674805,312.11,3127,3127,3199.62,3554.5299999999997,72.61999999999989,42.79999999999984,1.137131139662298
23303,-73.98307037353516,40.73868179321289,-73.9805145263672,40.73221206665039,246.66,3128,3128,3158.26,3404.92,30.26000000000022,-1.4210854715202004e-13,0.9999999999999994
23304,-73.97627258300781,40.739761352539055,-73.99217224121094,40.747745513916016,639.66,3128,3128,-1.0,-1.0,-1,-1,0.0
23305,-73.96992492675781,40.799537658691406,-73.9671630859375,40.79348754882813,241.87,3128,3128,4241.46,4483.33,1113.46,-1.1368683772161603e-13,0.9999999999999996
23306,-74.00482177734375,40.71902084350585,-74.00171661376955,40.73067855834961,213.71,3128,3128,-1.0,-1.0,-1,-1,0.0
23307,-74.00054931640625,40.72088623046875,-73.98896026611328,40.75870132446289,1119.11,3128,3128,-1.0,-1.0,-1,-1,0.0
23308,-74.00399780273438,40.72555923461913,-73.99346923828125,40.74205017089844,333.95,3128,3128,3213.33,3547.28,85.32999999999993,2.8421709430404007e-13,1.0000000000000009
23309,-73.99146270751955,40.76002883911133,-73.9848098754883,40.768379211425774,339.12,3129,3129,-1.0,-1.0,-1,-1,0.0
23310,-73.97772979736328,40.757999420166016,-74.01549530029298,40.71562194824219,1249.04,3129,3129,3174.31,4463.49,45.309999999999945,40.13999999999987,1.0321366809709855
23311,-73.97103118896483,40.755531311035156,-73.97676849365234,40.7492790222168,246.17,3129,3129,-1.0,-1.0,-1,-1,0.0
23312,-73.9794692993164,40.7437858581543,-73.97216033935547,40.75132369995117,292.85,3129,3129,-1.0,-1.0,-1,-1,0.0
23313,-73.98892974853516,40.74243927001953,-73.97727966308595,40.751968383789055,390.91,3129,3129,3159.82,3590.41,30.820000000000164,39.679999999999666,1.1015067406819976
23314,-73.99320983886719,40.74803924560547,-73.98793029785155,40.73527145385742,459.74,3129,3129,-1.0,-1.0,-1,-1,0.0
23315,-73.96082305908203,40.77511215209961,-73.94537353515625,40.7741813659668,405.82,3129,3129,3277.91,3683.73,148.90999999999985,1.7053025658242404e-13,1.0000000000000004
23316,-73.9983673095703,40.7559700012207,-74.00112915039062,40.73675155639648,562.75,3129,3129,-1.0,-1.0,-1,-1,0.0
23317,-73.97269439697266,40.78577423095703,-73.98050689697266,40.77817916870117,242.52,3129,3129,3167.65,3410.17,38.65000000000009,-2.842170943040401e-14,0.9999999999999999
23318,-73.99408721923827,40.72496795654297,-74.00684356689453,40.73302841186523,386.01,3129,3129,3171.43,3557.44,42.429999999999836,2.2737367544323206e-13,1.0000000000000007
23319,-73.96401977539062,40.75687026977539,-73.95852661132812,40.76799392700195,234.82,3129,3129,3246.94,3481.76,117.94000000000005,1.7053025658242404e-13,1.0000000000000007
23320,-73.97284698486328,40.758689880371094,-74.0049285888672,40.74086380004883,1022.45,3130,3130,-1.0,-1.0,-1,-1,0.0
23321,-73.9544219970703,40.76411819458008,-73.99263763427734,40.762561798095696,1140.56,3130,3130,-1.0,-1.0,-1,-1,0.0
23322,-73.97911071777342,40.74462127685547,-73.95233154296875,40.78127670288085,816.66,3130,3130,-1.0,-1.0,-1,-1,0.0
23323,-73.96202850341797,40.77639770507813,-73.9668960571289,40.78435897827149,240.91,3130,3130,3152.85,3423.59,22.84999999999991,29.83000000000024,1.123822174255947
23324,-73.98233032226562,40.76830291748047,-73.97891998291014,40.75648880004883,512.86,3130,3130,-1.0,-1.0,-1,-1,0.0
23325,-73.98306274414062,40.771499633789055,-73.99532318115234,40.72882080078125,1252.18,3130,3130,-1.0,-1.0,-1,-1,0.0
23326,-74.00852966308595,40.714210510253906,-73.9922332763672,40.72386932373047,565.38,3130,3130,-1.0,-1.0,-1,-1,0.0
23327,-73.96348571777344,40.77736282348633,-73.9608383178711,40.757286071777344,756.81,3130,3130,-1.0,-1.0,-1,-1,0.0
23328,-73.96703338623048,40.77259063720703,-73.97496032714845,40.76176071166992,320.47,3130,3130,-1.0,-1.0,-1,-1,0.0
23329,-73.9852066040039,40.72755813598633,-73.9781723022461,40.7250862121582,209.55,3131,3131,3170.91,3380.46,39.909999999999854,1.7053025658242404e-13,1.0000000000000009
23330,-73.95133972167969,40.78596878051758,-73.94273376464845,40.78607177734375,222.33,3131,3131,3184.2400000000002,3406.57,53.24000000000024,-8.526512829121202e-14,0.9999999999999997
23331,-73.99748229980467,40.72927856445313,-73.98262023925781,40.71464920043945,791.33,3131,3131,3189.92,3981.25,58.92000000000007,-1.1368683772161603e-13,0.9999999999999999
23332,-73.95437622070312,40.78729248046875,-73.95448303222656,40.779640197753906,290.54,3131,3131,3163.66,3527.75,32.659999999999854,73.55000000000013,1.2531493081847598
23333,-74.0154800415039,40.71204376220703,-73.97587585449219,40.7787971496582,1318.82,3131,3131,3279.62,4598.4400000000005,148.6199999999999,6.821210263296962e-13,1.0000000000000004
23334,-73.9903793334961,40.7562370300293,-73.99449157714845,40.75057601928711,354.91,3131,3131,-1.0,-1.0,-1,-1,0.0
23335,-74.00630950927734,40.734466552734375,-73.98907470703125,40.74797821044922,480.83,3131,3131,-1.0,-1.0,-1,-1,0.0
23336,-73.99119567871094,40.75006866455078,-74.00514221191406,40.71066665649415,1009.49,3131,3131,3190.05,4199.54,59.05000000000018,-2.2737367544323206e-13,0.9999999999999998
23337,-73.99042510986328,40.740966796875,-73.98733520507811,40.72216033935547,706.95,3132,3132,-1.0,-1.0,-1,-1,0.0
23338,-74.00541687011719,40.75142288208008,-73.99403381347656,40.74709701538085,357.66,3132,3132,3187.19,3544.85,55.190000000000055,-1.7053025658242404e-13,0.9999999999999996
23339,-74.00560760498048,40.75098037719727,-73.98291015625,40.76652526855469,584.45,3132,3132,-1.0,-1.0,-1,-1,0.0
23340,-73.96147155761719,40.76060104370117,-73.97398376464845,40.76166534423828,532.99,3132,3132,-1.0,-1.0,-1,-1,0.0
23341,-73.98104095458984,40.74180603027344,-74.0031967163086,40.73894882202149,731.42,3132,3132,3150.0,3881.42,18.0,1.1368683772161603e-13,1.0000000000000002
23342,-73.98439025878906,40.77995300292969,-73.97631072998048,40.7884178161621,227.88,3132,3132,-1.0,-1.0,-1,-1,0.0
23343,-73.95362091064453,40.787010192871094,-73.9848403930664,40.75934600830078,1040.71,3132,3132,3251.16,4291.87,119.15999999999985,0.0,1.0
23344,-73.9786605834961,40.753433227539055,-73.95527648925781,40.77775573730469,710.2,3132,3132,-1.0,-1.0,-1,-1,0.0
23345,-73.98677062988281,40.76641082763672,-74.01611328125,40.71123123168945,1156.17,3133,3133,-1.0,-1.0,-1,-1,0.0
23346,-73.99680328369139,40.75282669067383,-74.00519561767578,40.72296142578125,711.7,3133,3133,-1.0,-1.0,-1,-1,0.0
23347,-73.98155212402342,40.74671936035156,-73.952392578125,40.76964950561523,815.75,3133,3133,-1.0,-1.0,-1,-1,0.0
23348,-73.96324157714845,40.762428283691406,-73.95246124267578,40.76964950561523,343.74,3133,3133,-1.0,-1.0,-1,-1,0.0
23349,-73.97944641113281,40.7651481628418,-74.0052032470703,40.74061584472656,839.05,3133,3133,-1.0,-1.0,-1,-1,0.0
23350,-73.98783874511719,40.74953079223633,-73.97804260253906,40.75355911254883,328.34,3133,3133,3184.38,3512.72,51.38000000000011,-2.8421709430404007e-13,0.9999999999999991
23351,-73.9757080078125,40.789566040039055,-73.98224639892578,40.764961242675774,605.38,3133,3133,3192.42,3797.8,59.42000000000007,1.1368683772161603e-13,1.0000000000000002
23352,-73.97303771972656,40.75273513793945,-73.97753143310547,40.77950668334961,925.92,3133,3133,3190.97,4116.89,57.9699999999998,5.684341886080801e-13,1.0000000000000007
23353,-73.97673034667969,40.788330078125,-73.99562835693358,40.76457977294922,492.74,3133,3133,3156.12,3711.24,23.11999999999989,62.37999999999988,1.1265982059503996
23354,-73.99166107177734,40.744606018066406,-73.99903869628906,40.76414108276367,799.5,3134,3134,3153.45,4047.75,19.449999999999818,94.80000000000018,1.1185741088180114
23355,-73.95964813232422,40.76296997070313,-73.95340728759766,40.77830123901367,325.75,3134,3134,-1.0,-1.0,-1,-1,0.0
23356,-73.97362518310547,40.754798889160156,-74.0087661743164,40.73813247680664,1040.46,3134,3134,3155.4100000000003,4199.95,21.41000000000031,4.0799999999994725,1.003921342483132
23357,-73.98140716552734,40.73283004760742,-73.97902679443358,40.77663040161133,1214.21,3134,3134,3165.84,4450.29,31.840000000000146,70.23999999999978,1.0578483128948037
23358,-73.97625732421875,40.760101318359375,-73.95262908935547,40.766563415527344,682.37,3134,3134,-1.0,-1.0,-1,-1,0.0
23359,-73.97400665283203,40.7628288269043,-73.9625015258789,40.76714706420898,373.67,3134,3134,-1.0,-1.0,-1,-1,0.0
23360,-73.9873504638672,40.760520935058594,-73.95838165283203,40.76213836669922,905.86,3134,3134,3166.07,4071.9300000000003,32.070000000000164,1.1368683772161603e-13,1.0000000000000002
23361,-73.98213958740234,40.76839065551758,-73.9923324584961,40.74924850463867,672.26,3134,3134,-1.0,-1.0,-1,-1,0.0
23362,-73.98909759521484,40.72145080566406,-73.978759765625,40.737892150878906,313.0,3135,3135,3163.21,3476.21,28.210000000000036,0.0,1.0
23363,-73.97480773925781,40.75912857055664,-73.98040008544923,40.76403427124024,341.42,3135,3135,-1.0,-1.0,-1,-1,0.0
23364,-73.99331665039062,40.75516128540039,-73.99768829345702,40.7464599609375,256.83,3136,3136,-1.0,-1.0,-1,-1,0.0
23365,-73.98078155517578,40.738075256347656,-74.00299835205078,40.73360061645508,570.48,3136,3136,-1.0,-1.0,-1,-1,0.0
23366,-73.99081420898438,40.760990142822266,-73.99203491210938,40.73524856567383,799.03,3136,3136,-1.0,-1.0,-1,-1,0.0
23367,-74.01263427734375,40.70663070678711,-74.01593780517578,40.71528244018555,326.43,3136,3136,-1.0,-1.0,-1,-1,0.0
23368,-73.99366760253906,40.7501106262207,-73.98050689697266,40.75151824951172,503.18,3136,3136,-1.0,-1.0,-1,-1,0.0
23369,-73.9774398803711,40.75389862060547,-73.96868133544923,40.764556884765625,433.81,3137,3137,-1.0,-1.0,-1,-1,0.0
23370,-74.01078033447266,40.7109260559082,-73.98784637451173,40.74422836303711,875.61,3137,3137,-1.0,-1.0,-1,-1,0.0
23371,-73.99601745605469,40.764068603515625,-74.01712036132812,40.71155166625977,909.0,3137,3137,-1.0,-1.0,-1,-1,0.0
23372,-73.96205139160156,40.77056884765625,-73.96845245361328,40.76210403442383,249.17,3137,3137,3152.02,3401.19,15.019999999999982,8.526512829121202e-14,1.0000000000000004
23373,-73.97647094726562,40.73963928222656,-74.00411224365234,40.73095703125,755.28,3137,3137,-1.0,-1.0,-1,-1,0.0
23374,-73.9817886352539,40.768272399902344,-73.97396087646483,40.75578689575195,637.02,3137,3137,-1.0,-1.0,-1,-1,0.0
23375,-73.98123931884766,40.74683380126953,-73.97449493408203,40.75161361694336,255.12,3137,3137,-1.0,-1.0,-1,-1,0.0
23376,-73.99811553955078,40.75580596923828,-73.98318481445312,40.74613571166992,615.55,3137,3137,3160.45,3811.36,23.449999999999818,35.360000000000355,1.0574445617740238
23377,-74.00498962402342,40.746543884277344,-73.98356628417969,40.77362823486328,603.78,3138,3138,3190.56,3794.3399999999997,52.559999999999945,-2.2737367544323206e-13,0.9999999999999997
23378,-73.99110412597656,40.732582092285156,-74.00748443603516,40.74319839477539,554.46,3138,3138,3150.0,3804.24,12.0,99.77999999999975,1.1799588789092086
23379,-73.95951843261719,40.7691764831543,-73.95989227294923,40.780437469482415,360.71,3138,3138,3216.25,3576.96,78.25,5.684341886080802e-14,1.0000000000000002
23380,-73.9878921508789,40.744712829589844,-74.00301361083984,40.73125076293945,486.48,3138,3138,3180.49,3671.56,42.48999999999978,4.5900000000001455,1.0094351258016776
23381,-73.99142456054686,40.749794006347656,-73.99285125732422,40.75436019897461,271.5,3139,3139,3234.7,3506.2,95.69999999999982,0.0,1.0
23382,-73.99858093261719,40.7198600769043,-73.9841537475586,40.72473907470703,484.94,3139,3139,-1.0,-1.0,-1,-1,0.0
23383,-73.9637680053711,40.75776290893555,-73.97960662841797,40.732948303222656,774.4,3139,3139,3159.87,3967.51,20.86999999999989,33.24000000000035,1.0429235537190087
23384,-73.96453094482422,40.76062393188477,-73.97254943847656,40.746742248535156,352.13,3139,3139,-1.0,-1.0,-1,-1,0.0
23385,-73.97423553466798,40.75317001342773,-74.01076507568358,40.72021484375,1140.09,3139,3139,3193.79,4377.57,54.789999999999964,43.68999999999983,1.038321536019086
23386,-73.98133850097656,40.76900100708008,-73.94992065429686,40.77708053588867,796.12,3139,3139,-1.0,-1.0,-1,-1,0.0
23387,-73.98011779785155,40.75458908081055,-73.98326110839844,40.726417541503906,787.87,3139,3139,-1.0,-1.0,-1,-1,0.0
23388,-73.99127960205078,40.74919891357422,-74.00509643554686,40.74104690551758,353.99,3139,3139,3191.65,3545.6400000000003,52.65000000000009,2.2737367544323206e-13,1.0000000000000007
23389,-73.9717254638672,40.74424743652344,-73.98002624511719,40.75081253051758,487.04,3139,3139,-1.0,-1.0,-1,-1,0.0
23390,-73.98583221435547,40.74393844604492,-73.9745864868164,40.75949096679688,394.15,3139,3139,-1.0,-1.0,-1,-1,0.0
23391,-73.98241424560547,40.7276611328125,-73.99040222167969,40.733882904052734,342.62,3139,3139,3196.21,3585.21,57.210000000000036,46.379999999999995,1.135368629969062
23392,-73.97080993652342,40.75825881958008,-73.96476745605469,40.77243041992188,418.58,3140,3140,3174.0499999999997,3592.63,34.04999999999973,3.979039320256561e-13,1.0000000000000009
23393,-73.98587036132812,40.74392318725585,-73.9535903930664,40.77942657470703,990.06,3140,3140,3173.8599999999997,4163.92,33.85999999999967,4.547473508864641e-13,1.0000000000000004
23394,-73.9783477783203,40.7484245300293,-73.9832992553711,40.756019592285156,426.31,3140,3140,-1.0,-1.0,-1,-1,0.0
23395,-73.98645782470702,40.74003982543945,-73.97700500488281,40.745361328125,267.16,3140,3140,3184.29,3515.2000000000003,44.289999999999964,63.750000000000284,1.2386210510555482
23396,-73.9785614013672,40.76234436035156,-73.98211669921875,40.76931762695313,326.67,3140,3140,-1.0,-1.0,-1,-1,0.0
23397,-73.97262573242188,40.748741149902344,-74.00341033935547,40.73765563964844,838.41,3140,3140,-1.0,-1.0,-1,-1,0.0
23398,-73.99272155761719,40.756832122802734,-73.9852523803711,40.76349258422852,304.06,3140,3140,3187.71,3491.77,47.710000000000036,-5.684341886080802e-14,0.9999999999999998
23399,-73.95661926269531,40.7713279724121,-73.9513931274414,40.77942276000977,278.61,3140,3140,3258.88,3537.4900000000002,118.88000000000011,1.1368683772161603e-13,1.0000000000000004
23400,-73.95027160644531,40.77743911743164,-73.97516632080078,40.7524299621582,879.21,3140,3140,3196.09,4117.11,56.090000000000146,41.80999999999949,1.0475540542077542
23401,-73.96540069580078,40.7661018371582,-73.94664001464845,40.78070831298828,452.54,3140,3140,3153.67,3606.21,13.670000000000073,-5.684341886080802e-14,0.9999999999999999
23402,-73.97383117675781,40.76428604125977,-73.98308563232422,40.76045608520508,375.63,3140,3140,3193.52,3612.31,53.51999999999998,43.15999999999997,1.1149003008279423
23403,-73.98997497558594,40.74101257324219,-73.99147033691406,40.7670783996582,794.52,3141,3141,-1.0,-1.0,-1,-1,0.0
23404,-73.95879364013672,40.78051376342773,-73.96286010742188,40.76946640014648,332.98,3141,3141,3150.74,3535.02,9.739999999999782,51.30000000000018,1.1540633071055324
23405,-73.99046325683594,40.74041366577149,-73.99178314208984,40.75462341308594,546.24,3141,3141,-1.0,-1.0,-1,-1,0.0
23406,-73.988037109375,40.718650817871094,-73.98229217529298,40.74002075195313,586.76,3141,3141,3353.08,3939.84,212.07999999999993,2.2737367544323206e-13,1.0000000000000004
23407,-74.013427734375,40.70841979980469,-73.9994888305664,40.72483825683594,639.06,3141,3141,-1.0,-1.0,-1,-1,0.0
23408,-73.98577880859375,40.76242065429688,-74.005126953125,40.74095153808594,700.05,3141,3141,-1.0,-1.0,-1,-1,0.0
23409,-73.98342895507811,40.750431060791016,-73.98329162597656,40.75614929199219,235.27,3141,3141,3160.28,3471.96,19.2800000000002,76.40999999999983,1.324775789518425
23410,-73.98664093017578,40.76690673828125,-73.98728942871094,40.761146545410156,213.24,3142,3142,-1.0,-1.0,-1,-1,0.0
23411,-73.97212219238281,40.74995040893555,-73.98973846435547,40.74006652832031,543.87,3142,3142,3157.43,3731.54,15.429999999999836,30.240000000000123,1.055601522422638
23412,-73.98196411132812,40.76265335083008,-73.99095916748048,40.72360229492188,1239.28,3142,3142,-1.0,-1.0,-1,-1,0.0
23413,-73.99108123779298,40.75572967529297,-73.98243713378906,40.77330017089844,504.28,3142,3142,3173.1800000000003,3677.46,31.18000000000029,-2.2737367544323206e-13,0.9999999999999996
23414,-73.99490356445312,40.73643112182617,-73.98236846923827,40.74884033203125,563.98,3142,3142,-1.0,-1.0,-1,-1,0.0
23415,-74.00184631347656,40.740718841552734,-73.9817886352539,40.747371673583984,616.48,3142,3142,-1.0,-1.0,-1,-1,0.0
23416,-74.00926208496094,40.706214904785156,-73.98388671875,40.721656799316406,590.37,3142,3142,3247.13,3837.5,105.13000000000011,-1.1368683772161603e-13,0.9999999999999998
23417,-73.9771499633789,40.75121688842773,-73.99723052978516,40.71952438354492,901.3,3142,3142,-1.0,-1.0,-1,-1,0.0
23418,-73.94481658935547,40.779205322265625,-73.95574188232422,40.7838134765625,365.74,3142,3142,-1.0,-1.0,-1,-1,0.0
23419,-73.98500061035155,40.73646926879883,-73.97715759277344,40.7523193359375,448.36,3143,3143,3201.2599999999998,3649.62,58.25999999999976,1.1368683772161603e-13,1.0000000000000002
23420,-73.95948791503906,40.763031005859375,-73.95426177978516,40.7747802734375,258.51,3143,3143,-1.0,-1.0,-1,-1,0.0
23421,-73.97171020507811,40.763343811035156,-73.95681762695312,40.78586196899415,475.56,3143,3143,-1.0,-1.0,-1,-1,0.0
23422,-73.98905944824219,40.72665023803711,-74.0019989013672,40.72148895263672,560.05,3143,3143,3563.2400000000002,4123.29,420.24000000000024,-2.2737367544323206e-13,0.9999999999999996
23423,-73.96601104736328,40.789833068847656,-73.97185516357422,40.8001823425293,347.5,3143,3143,3268.93,3616.43,125.92999999999984,0.0,1.0
23424,-74.00264739990234,40.733863830566406,-74.00126647949219,40.72038269042969,463.08,3143,3143,3194.64,3657.72,51.63999999999987,-5.684341886080802e-14,0.9999999999999999
23425,-74.00115966796875,40.73136901855469,-73.98407745361328,40.74985122680664,576.94,3143,3143,-1.0,-1.0,-1,-1,0.0
23426,-73.98424530029298,40.754432678222656,-73.97821044921875,40.763431549072266,222.51,3143,3143,3173.25,3395.7599999999998,30.25,-2.2737367544323206e-13,0.999999999999999
23427,-73.97531890869139,40.7611083984375,-73.96394348144531,40.77364730834961,379.05,3144,3144,-1.0,-1.0,-1,-1,0.0
23428,-73.97965240478516,40.7613410949707,-73.95126342773438,40.77172088623047,836.14,3144,3144,3186.9700000000003,4053.51,42.970000000000255,30.399999999999977,1.03635754777908
23429,-73.9706802368164,40.75622177124024,-73.97938537597656,40.765174865722656,573.21,3144,3144,-1.0,-1.0,-1,-1,0.0
23430,-74.01422882080078,40.71539306640625,-73.99559020996094,40.7334098815918,636.74,3144,3144,3160.06,3796.8,16.059999999999945,2.2737367544323206e-13,1.0000000000000004
23431,-73.95557403564453,40.764068603515625,-73.98761749267578,40.74894332885742,1012.49,3144,3144,-1.0,-1.0,-1,-1,0.0
23432,-73.98521423339844,40.728328704833984,-73.9912109375,40.75786972045898,1093.35,3145,3145,3180.92,4310.26,35.92000000000007,35.99000000000024,1.0329171811405315
23433,-73.95427703857422,40.76416015625,-73.95027160644531,40.78424835205078,501.07,3145,3145,-1.0,-1.0,-1,-1,0.0
23434,-73.9989013671875,40.74458312988281,-73.9892578125,40.75830459594727,386.18,3145,3145,3153.7,3539.88,8.699999999999818,2.8421709430404007e-13,1.0000000000000007
23435,-73.98976135253906,40.74807739257813,-74.00769805908203,40.74070358276367,569.91,3145,3145,-1.0,-1.0,-1,-1,0.0
23436,-73.98976135253906,40.74723815917969,-73.95938110351562,40.7712516784668,965.64,3145,3145,-1.0,-1.0,-1,-1,0.0
23437,-74.00849914550781,40.74646759033203,-74.0105743408203,40.70455932617188,956.43,3145,3145,3179.79,4136.22,34.789999999999964,3.410605131648481e-13,1.0000000000000004
23438,-73.98970031738281,40.74699020385742,-73.9876480102539,40.73984909057617,319.04,3145,3145,-1.0,-1.0,-1,-1,0.0
23439,-73.94484710693358,40.779056549072266,-73.98007202148438,40.789894104003906,759.28,3145,3145,-1.0,-1.0,-1,-1,0.0
23440,-73.98457336425781,40.7594108581543,-73.95109558105469,40.78830337524415,1019.7,3145,3145,3284.62,4304.32,139.6199999999999,-2.2737367544323206e-13,0.9999999999999998
23441,-73.97805786132812,40.745948791503906,-73.98407745361328,40.75241088867188,429.87,3146,3146,-1.0,-1.0,-1,-1,0.0
23442,-73.98570251464844,40.738296508789055,-74.00602722167969,40.74377822875977,650.57,3146,3146,-1.0,-1.0,-1,-1,0.0
23443,-73.99291229248048,40.74272918701172,-73.98331451416014,40.73799133300781,273.61,3146,3146,-1.0,-1.0,-1,-1,0.0
23444,-73.97843170166014,40.78584671020508,-73.97985076904298,40.77453994750977,307.88,3146,3146,-1.0,-1.0,-1,-1,0.0
23445,-73.9813232421875,40.741458892822266,-73.98924255371094,40.72661972045898,343.98,3146,3146,-1.0,-1.0,-1,-1,0.0
23446,-73.9950180053711,40.75517272949219,-73.9859619140625,40.73113250732422,822.35,3147,3147,-1.0,-1.0,-1,-1,0.0
23447,-73.98152923583984,40.78425979614258,-73.9977035522461,40.76174926757813,432.17,3147,3147,3203.12,3635.29,56.11999999999989,5.684341886080802e-14,1.0000000000000002
23448,-74.0038833618164,40.71334838867188,-73.9841537475586,40.729270935058594,605.82,3147,3147,-1.0,-1.0,-1,-1,0.0
23449,-74.00001525878906,40.73316955566406,-73.99317932128906,40.736576080322266,199.13,3147,3147,3278.29,3477.42,131.28999999999996,1.1368683772161603e-13,1.0000000000000007
23450,-73.99027252197266,40.751731872558594,-73.99313354492188,40.73559188842773,421.23,3148,3148,3206.91,3628.1400000000003,58.909999999999854,4.547473508864641e-13,1.000000000000001
23451,-73.98548889160156,40.735740661621094,-74.0057373046875,40.73799133300781,612.67,3148,3148,3240.54,3853.21,92.53999999999996,1.1368683772161603e-13,1.0000000000000002
23452,-73.95413970947266,40.770332336425774,-73.98163604736328,40.78395462036133,727.57,3149,3149,-1.0,-1.0,-1,-1,0.0
23453,-73.98381042480467,40.770408630371094,-73.9512176513672,40.77180480957031,926.2,3149,3149,-1.0,-1.0,-1,-1,0.0
23454,-73.99124908447266,40.73223114013672,-73.9954605102539,40.71708297729492,561.02,3149,3149,3154.37,3768.42,5.369999999999891,53.0300000000002,1.0945242593846924
23455,-73.99498748779298,40.73132705688477,-73.97242736816406,40.76068115234375,947.14,3149,3149,-1.0,-1.0,-1,-1,0.0
23456,-73.97611999511719,40.74480438232422,-74.00841522216798,40.71996307373047,970.63,3149,3149,-1.0,-1.0,-1,-1,0.0
23457,-74.00459289550781,40.73031997680664,-73.99176788330078,40.72457885742188,450.09,3149,3149,3204.22,3701.35,55.2199999999998,47.040000000000134,1.104512430847164
23458,-73.95697784423827,40.77496719360352,-73.9895248413086,40.76799011230469,886.31,3149,3149,3171.31,4119.95,22.309999999999945,62.32999999999993,1.0703252812221458
23459,-73.97683715820312,40.75902938842773,-73.98616790771484,40.75006103515625,357.17,3149,3149,-1.0,-1.0,-1,-1,0.0
23460,-73.9823989868164,40.76838684082031,-73.96517181396483,40.76993179321289,500.02,3150,3150,-1.0,-1.0,-1,-1,0.0
23461,-73.97805023193358,40.78654479980469,-73.96963500976562,40.75774383544922,1076.01,3150,3150,-1.0,-1.0,-1,-1,0.0
23462,-73.99765014648438,40.75658798217773,-73.96186828613281,40.80575180053711,864.7,3150,3150,-1.0,-1.0,-1,-1,0.0
23463,-73.9771499633789,40.76457214355469,-73.9581298828125,40.78197479248047,552.14,3150,3150,-1.0,-1.0,-1,-1,0.0
23464,-73.98017883300781,40.76069641113281,-73.98278045654298,40.742130279541016,681.12,3150,3150,-1.0,-1.0,-1,-1,0.0
23465,-73.96771240234375,40.76369094848633,-73.95984649658203,40.77944946289063,404.68,3150,3150,-1.0,-1.0,-1,-1,0.0
23466,-73.96231842041014,40.76342391967773,-73.97113037109375,40.751224517822266,313.26,3150,3150,3197.93,3511.19,47.929999999999836,2.2737367544323206e-13,1.0000000000000007
23467,-73.97258758544923,40.76472473144531,-73.96099090576173,40.77658462524415,365.31,3150,3150,3191.79,3557.1,41.789999999999964,-5.684341886080802e-14,0.9999999999999999
23468,-73.97064208984375,40.788429260253906,-73.98287963867188,40.77171325683594,338.34,3150,3150,3187.27,3525.61,37.26999999999998,1.7053025658242404e-13,1.0000000000000004
23469,-73.99579620361328,40.72509002685547,-74.00599670410156,40.72576141357422,282.52,3150,3150,3188.91,3471.43,38.909999999999854,0.0,1.0
23470,-73.9593276977539,40.78036117553711,-73.97141265869139,40.76652145385742,387.82,3151,3151,-1.0,-1.0,-1,-1,0.0
23471,-73.9874496459961,40.7506103515625,-73.98800659179686,40.75972366333008,343.52,3151,3151,-1.0,-1.0,-1,-1,0.0
23472,-73.96701049804686,40.803916931152344,-73.9466552734375,40.78235626220703,930.96,3151,3151,3241.08,4172.04,90.07999999999993,0.0,1.0
23473,-74.00346374511719,40.74351119995117,-73.99488830566406,40.75014877319336,271.8,3151,3151,3187.75,3459.55,36.75,1.7053025658242404e-13,1.0000000000000007
23474,-73.96841430664062,40.75942993164063,-73.94922637939453,40.78518295288085,463.54,3151,3151,-1.0,-1.0,-1,-1,0.0
23475,-73.9955825805664,40.74911880493164,-73.94757843017578,40.81021118164063,1400.46,3151,3151,-1.0,-1.0,-1,-1,0.0
23476,-73.99427795410156,40.7394905090332,-73.9705810546875,40.784950256347656,1180.42,3151,3151,-1.0,-1.0,-1,-1,0.0
23477,-73.98831939697266,40.72373580932617,-73.9857177734375,40.73136901855469,198.12,3151,3151,3371.33,3569.45,220.32999999999993,-1.1368683772161603e-13,0.9999999999999994
23478,-73.97486877441406,40.75043487548828,-73.95071411132812,40.77122116088867,613.39,3151,3151,-1.0,-1.0,-1,-1,0.0
23479,-73.97508239746094,40.79040908813477,-73.97852325439453,40.76367950439453,748.17,3151,3151,3180.5,3994.67,29.5,66.00000000000011,1.088215245198284
23480,-73.97341918945312,40.76396560668945,-73.98137664794923,40.75346374511719,314.08,3151,3151,-1.0,-1.0,-1,-1,0.0
23481,-73.98652648925781,40.73841857910156,-74.00353240966798,40.72278213500977,637.42,3151,3151,-1.0,-1.0,-1,-1,0.0
23482,-73.95803070068358,40.77455139160156,-73.96231842041014,40.768638610839844,255.11,3151,3151,-1.0,-1.0,-1,-1,0.0
23483,-73.9869384765625,40.76129913330078,-73.98603820800781,40.77273178100585,305.34,3152,3152,-1.0,-1.0,-1,-1,0.0
23484,-73.98994445800781,40.75719833374024,-73.97842407226562,40.76318359375,404.61,3152,3152,3188.59,3673.18,36.590000000000146,79.97999999999968,1.1976718321346473
23485,-73.95838165283203,40.77579116821289,-73.98333740234375,40.730167388916016,1155.6,3152,3152,-1.0,-1.0,-1,-1,0.0
23486,-74.0149688720703,40.71374130249024,-73.9902801513672,40.7181396484375,756.64,3152,3152,-1.0,-1.0,-1,-1,0.0
23487,-73.96707916259766,40.76513671875,-74.0011215209961,40.7365608215332,1094.55,3152,3152,-1.0,-1.0,-1,-1,0.0
23488,-73.98902893066406,40.736663818359375,-74.00260162353516,40.73392868041992,377.41,3153,3153,3311.24,3688.65,158.23999999999978,2.8421709430404007e-13,1.0000000000000007
23489,-73.99481964111328,40.732437133789055,-74.01277923583984,40.71626663208008,695.55,3153,3153,3196.33,3891.88,43.32999999999993,2.2737367544323206e-13,1.0000000000000002
23490,-73.96846008300781,40.75496292114258,-73.96586608886719,40.76458358764648,362.96,3153,3153,-1.0,-1.0,-1,-1,0.0
23491,-73.94156646728516,40.79174041748047,-73.95108032226562,40.7707405090332,433.65,3153,3153,3531.11,3964.76,378.1100000000001,1.1368683772161603e-13,1.0000000000000002
23492,-73.9570770263672,40.7706184387207,-73.97513580322266,40.753318786621094,665.51,3153,3153,-1.0,-1.0,-1,-1,0.0
23493,-73.97306823730467,40.78517532348633,-73.96365356445312,40.79292678833008,244.73,3153,3153,3243.55,3488.28,90.55000000000018,2.842170943040401e-14,1.0000000000000002
23494,-73.95600891113281,40.76813507080078,-73.94705200195312,40.780006408691406,187.67,3153,3153,3190.79,3378.46,37.789999999999964,8.526512829121202e-14,1.0000000000000004
23495,-73.98213958740234,40.77854919433594,-73.9763412475586,40.7881088256836,210.88,3153,3153,3349.5,3560.38,196.5,1.1368683772161603e-13,1.0000000000000004
23496,-73.95469665527342,40.764961242675774,-73.96263885498048,40.77320098876953,394.16,3153,3153,-1.0,-1.0,-1,-1,0.0
23497,-73.98200225830078,40.76071166992188,-73.99121856689453,40.763687133789055,284.96,3153,3153,-1.0,-1.0,-1,-1,0.0
23498,-74.00414276123048,40.75109100341797,-74.00511169433594,40.74132919311523,271.37,3153,3153,-1.0,-1.0,-1,-1,0.0
23499,-73.96018981933594,40.77286911010742,-74.0018310546875,40.73543930053711,1333.24,3153,3153,-1.0,-1.0,-1,-1,0.0
23500,-73.99140930175781,40.73881530761719,-74.00777435302734,40.751712799072266,540.62,3153,3153,3257.53,3798.15,104.5300000000002,-1.1368683772161603e-13,0.9999999999999998
23501,-73.98410034179686,40.76980590820313,-73.96713256835938,40.77251434326172,547.69,3153,3153,-1.0,-1.0,-1,-1,0.0
23502,-73.951171875,40.77875900268555,-73.95770263671875,40.77025985717773,194.97,3154,3154,3259.53,3454.5,105.5300000000002,-1.9895196601282805e-13,0.999999999999999
23503,-73.99610900878906,40.753623962402344,-73.98223876953125,40.7650146484375,565.6,3154,3154,-1.0,-1.0,-1,-1,0.0
23504,-73.95187377929686,40.77773666381836,-73.96793365478516,40.75561141967773,610.81,3154,3154,-1.0,-1.0,-1,-1,0.0
23505,-73.9815673828125,40.73257064819336,-73.97207641601562,40.79397964477539,1405.22,3154,3154,3204.42,4634.75,50.42000000000007,25.1099999999999,1.0178690881143166
23506,-73.98394012451173,40.743350982666016,-73.97824096679686,40.751258850097656,232.74,3154,3154,3187.02,3419.7599999999998,33.01999999999998,-2.2737367544323206e-13,0.999999999999999
23507,-73.99398040771484,40.72264862060547,-73.9754867553711,40.7895736694336,1574.54,3154,3154,-1.0,-1.0,-1,-1,0.0
23508,-73.98799133300781,40.73823165893555,-73.99939727783203,40.73747634887695,334.92,3154,3154,-1.0,-1.0,-1,-1,0.0
23509,-73.95036315917969,40.783607482910156,-73.97154998779298,40.79715347290039,624.19,3155,3155,3291.09,3915.28,136.09000000000015,0.0,1.0
23510,-74.00772094726562,40.74069213867188,-73.9906234741211,40.753868103027344,568.27,3155,3155,-1.0,-1.0,-1,-1,0.0
23511,-73.96849822998048,40.75540161132813,-73.99474334716798,40.74368286132813,803.79,3155,3155,-1.0,-1.0,-1,-1,0.0
23512,-73.9926528930664,40.74304962158203,-73.98516082763672,40.75328826904297,289.46,3155,3155,3199.29,3488.75,44.289999999999964,5.684341886080802e-14,1.0000000000000002
23513,-73.9974136352539,40.75700378417969,-73.9876480102539,40.75296401977539,296.63,3155,3155,-1.0,-1.0,-1,-1,0.0
23514,-73.98554229736328,40.74150848388672,-73.99284362792969,40.74792098999024,405.25,3155,3155,-1.0,-1.0,-1,-1,0.0
23515,-73.95079040527342,40.77930068969727,-73.98776245117188,40.74441528320313,1208.0,3155,3155,3202.2,4449.1,47.19999999999982,38.900000000000546,1.0322019867549674
23516,-73.99614715576173,40.72593688964844,-73.99535369873048,40.759681701660156,886.95,3155,3155,-1.0,-1.0,-1,-1,0.0
23517,-73.97920227050781,40.74945068359375,-74.00145721435547,40.740211486816406,681.16,3155,3155,3270.04,3953.86,115.03999999999996,2.6600000000001955,1.003905103059487
23518,-73.97123718261719,40.75830841064453,-73.9896011352539,40.735740661621094,580.22,3155,3155,3198.11,3778.33,43.11000000000013,-2.2737367544323206e-13,0.9999999999999996
23519,-73.96665954589844,40.76152420043945,-73.96846008300781,40.75561141967773,229.75,3155,3155,-1.0,-1.0,-1,-1,0.0
23520,-73.96759033203125,40.76936340332031,-73.98473358154298,40.779541015625,587.83,3155,3155,-1.0,-1.0,-1,-1,0.0
23521,-73.95708465576173,40.76629638671875,-73.95214080810547,40.78137969970703,303.62,3155,3155,-1.0,-1.0,-1,-1,0.0
23522,-73.99202728271484,40.7451171875,-73.9789810180664,40.75296020507813,404.96,3156,3156,-1.0,-1.0,-1,-1,0.0
23523,-73.969970703125,40.78413009643555,-73.96343231201173,40.7691535949707,504.45,3156,3156,-1.0,-1.0,-1,-1,0.0
23524,-73.9703140258789,40.76233291625977,-73.98079681396483,40.747520446777344,512.56,3156,3156,-1.0,-1.0,-1,-1,0.0
23525,-73.9785614013672,40.77273941040039,-73.98394775390625,40.760398864746094,431.96,3156,3156,-1.0,-1.0,-1,-1,0.0
23526,-73.99896240234375,40.73429870605469,-73.9832763671875,40.75621032714844,559.38,3156,3156,-1.0,-1.0,-1,-1,0.0
23527,-73.97464752197266,40.75249481201172,-73.9754180908203,40.79114151000977,1194.62,3156,3156,-1.0,-1.0,-1,-1,0.0
23528,-73.97463226318358,40.74225234985352,-73.99246978759766,40.74940490722656,646.22,3157,3157,3215.46,3918.23,58.460000000000036,56.549999999999955,1.0875088978985483
23529,-73.9734115600586,40.76502990722656,-73.98944854736328,40.75876998901367,654.75,3157,3157,-1.0,-1.0,-1,-1,0.0
23530,-74.00656890869139,40.70784378051758,-73.98296356201173,40.73527145385742,761.58,3157,3157,-1.0,-1.0,-1,-1,0.0
23531,-74.01081085205078,40.72600936889648,-74.01445770263672,40.714012145996094,287.46,3157,3157,-1.0,-1.0,-1,-1,0.0
23532,-73.97431945800781,40.75736618041992,-73.95415496826173,40.77866744995117,586.92,3157,3157,-1.0,-1.0,-1,-1,0.0
23533,-73.97229766845702,40.753318786621094,-73.95824432373048,40.77283096313477,440.57,3157,3157,3205.35,3645.92,48.34999999999991,1.7053025658242404e-13,1.0000000000000004
23534,-73.99137115478516,40.727760314941406,-73.98738861083984,40.72003173828125,367.46,3157,3157,3253.04,3620.5,96.03999999999996,5.684341886080802e-14,1.0000000000000002
23535,-73.96299743652342,40.79919052124024,-73.97682189941406,40.78591918945313,303.91,3157,3157,3352.14,3656.05,195.13999999999987,2.8421709430404007e-13,1.0000000000000009
23536,-74.00601196289062,40.73506164550781,-73.99024963378906,40.756690979003906,547.01,3157,3157,-1.0,-1.0,-1,-1,0.0
23537,-73.9935989379883,40.74734497070313,-73.97679901123048,40.775001525878906,820.83,3157,3157,-1.0,-1.0,-1,-1,0.0
23538,-73.97384643554686,40.761734008789055,-73.9597930908203,40.76935958862305,369.68,3157,3157,3189.88,3559.56,32.88000000000011,-1.7053025658242404e-13,0.9999999999999996
23539,-73.97463989257811,40.76236343383789,-73.9755630493164,40.745361328125,600.34,3158,3158,3206.68,3807.02,48.679999999999836,1.1368683772161603e-13,1.0000000000000002
23540,-73.98898315429686,40.72695541381836,-73.97322845458984,40.78766632080078,1485.71,3158,3158,3434.29,4920.0,276.28999999999996,0.0,1.0
23541,-73.98924255371094,40.74307632446289,-74.0105209350586,40.71780776977539,769.45,3158,3158,-1.0,-1.0,-1,-1,0.0
23542,-73.94364166259766,40.77790069580078,-73.95993041992188,40.76223754882813,531.18,3158,3158,3255.5,3786.68,97.5,-1.1368683772161603e-13,0.9999999999999998
23543,-73.96569061279298,40.771671295166016,-73.9552993774414,40.78302383422852,267.3,3158,3158,3203.2,3517.16,45.19999999999982,46.660000000000025,1.1745604190048635
23544,-73.98333740234375,40.756107330322266,-73.97835540771484,40.75981903076172,270.87,3158,3158,-1.0,-1.0,-1,-1,0.0
23545,-73.98335266113281,40.730228424072266,-73.99297332763672,40.743011474609375,538.26,3158,3158,3216.96,3755.2200000000003,58.960000000000036,2.2737367544323206e-13,1.0000000000000004
23546,-73.95284271240234,40.786521911621094,-73.95987701416014,40.77944946289063,234.34,3158,3158,3242.25,3476.59,84.25,1.4210854715202004e-13,1.0000000000000007
23547,-73.97901916503906,40.7404670715332,-73.93814086914062,40.80464553833008,1161.07,3159,3159,3307.08,4468.150000000001,148.07999999999993,6.821210263296962e-13,1.0000000000000007
23548,-73.96681976318358,40.76739883422852,-73.97624206542969,40.78820037841797,606.38,3159,3159,-1.0,-1.0,-1,-1,0.0
23549,-74.00051116943358,40.74254989624024,-73.99475860595702,40.750301361083984,187.76,3159,3159,3180.0,3367.76,21.0,2.2737367544323206e-13,1.000000000000001
23550,-73.9972152709961,40.722328186035156,-73.99073028564453,40.74892807006836,792.93,3159,3159,-1.0,-1.0,-1,-1,0.0
23551,-73.9469451904297,40.78014755249024,-73.97245025634766,40.78605270385742,553.9,3159,3159,-1.0,-1.0,-1,-1,0.0
23552,-73.99372100830078,40.73567962646485,-74.00369262695312,40.722599029541016,520.87,3159,3159,3192.51,3713.38,33.51000000000022,-1.1368683772161603e-13,0.9999999999999998
23553,-73.95301055908203,40.78042602539063,-73.93429565429686,40.79387283325195,383.75,3159,3159,3181.1099999999997,3564.8599999999997,22.109999999999673,0.0,1.0
23554,-73.95600891113281,40.7788314819336,-73.94347381591797,40.7769660949707,352.16,3160,3160,3180.0,3532.16,20.0,-1.7053025658242404e-13,0.9999999999999996
23555,-73.98123931884766,40.73754119873047,-73.99246978759766,40.72100067138672,399.81,3160,3160,-1.0,-1.0,-1,-1,0.0
23556,-74.00119018554686,40.7415885925293,-73.98306274414062,40.76681900024415,655.9,3160,3160,3184.04,3839.94,24.039999999999964,1.1368683772161603e-13,1.0000000000000002
23557,-73.98654174804686,40.74006271362305,-74.01221466064453,40.71685791015625,901.51,3160,3160,-1.0,-1.0,-1,-1,0.0
23558,-74.0000991821289,40.7193489074707,-73.99530029296875,40.71984100341797,293.87,3160,3160,3190.05,3483.92,30.050000000000182,-1.1368683772161603e-13,0.9999999999999997
23559,-73.95147705078125,40.77843856811523,-73.94373321533203,40.777847290039055,227.53,3160,3160,3553.4500000000003,3780.98,393.4500000000003,-2.5579538487363607e-13,0.9999999999999989
23560,-73.98728942871094,40.753021240234375,-73.98258972167969,40.727970123291016,816.62,3160,3160,-1.0,-1.0,-1,-1,0.0
23561,-74.00496673583984,40.741523742675774,-74.00774383544923,40.708099365234375,1038.81,3160,3160,-1.0,-1.0,-1,-1,0.0
23562,-73.99180603027342,40.7432861328125,-73.95885467529298,40.76386260986328,865.17,3160,3160,-1.0,-1.0,-1,-1,0.0
23563,-73.98996734619139,40.77274703979492,-73.99742889404298,40.76540756225585,247.0,3160,3160,3227.53,3474.5299999999997,67.5300000000002,-4.547473508864641e-13,0.9999999999999981
23564,-73.98928833007811,40.736343383789055,-73.97842407226562,40.724796295166016,523.4,3161,3161,3180.0,3703.4,19.0,1.1368683772161603e-13,1.0000000000000002
23565,-74.00436401367188,40.73092269897461,-73.98793029785155,40.74976348876953,566.52,3161,3161,3229.0,3795.52,68.0,0.0,1.0
23566,-73.99986267089844,40.72048950195313,-73.982177734375,40.723670959472656,595.82,3161,3161,-1.0,-1.0,-1,-1,0.0
23567,-73.99830627441406,40.72113037109375,-73.9847183227539,40.753700256347656,885.94,3161,3161,-1.0,-1.0,-1,-1,0.0
23568,-73.96536254882812,40.765968322753906,-73.95527648925781,40.76893615722656,275.42,3161,3161,3204.28,3483.37,43.2800000000002,3.669999999999675,1.0133251034783228
23569,-73.99002838134766,40.7561912536621,-73.94654846191406,40.80058670043945,1218.21,3161,3161,-1.0,-1.0,-1,-1,0.0
23570,-73.96852111816406,40.7864646911621,-73.98340606689453,40.77947235107422,384.28,3161,3161,3200.88,3634.16,39.88000000000011,48.99999999999977,1.127511189757468
23571,-73.98128509521484,40.74725341796875,-73.96725463867188,40.75745391845703,513.17,3161,3161,-1.0,-1.0,-1,-1,0.0
23572,-74.01593017578125,40.70500183105469,-73.99952697753906,40.723411560058594,691.98,3161,3161,3252.92,3944.9,91.92000000000007,0.0,1.0
23573,-74.00418090820312,40.72204971313477,-73.98783874511719,40.73831176757813,646.24,3161,3161,-1.0,-1.0,-1,-1,0.0
23574,-73.99531555175781,40.743919372558594,-73.98857879638672,40.727352142333984,588.22,3162,3162,3214.96,3803.18,52.960000000000036,-2.2737367544323206e-13,0.9999999999999997
23575,-73.99163055419923,40.738624572753906,-74.0008544921875,40.72600173950195,426.38,3162,3162,3183.96,3703.2200000000003,21.960000000000036,92.88000000000022,1.217833857122755
23576,-74.0017318725586,40.74602127075195,-73.99842834472656,40.733070373535156,413.07,3162,3162,-1.0,-1.0,-1,-1,0.0
23577,-73.98333740234375,40.755088806152344,-73.96053314208984,40.77285385131836,755.31,3162,3162,3191.12,4026.35,29.11999999999989,79.92000000000007,1.1058108591174485
23578,-73.9833755493164,40.7762565612793,-73.98243713378906,40.78495788574219,277.73,3163,3163,3205.7599999999998,3483.4900000000002,42.75999999999976,4.547473508864641e-13,1.0000000000000016
23579,-73.97679901123048,40.75839614868164,-73.95157623291014,40.76985931396485,779.66,3163,3163,-1.0,-1.0,-1,-1,0.0
23580,-73.97200775146483,40.76013946533203,-73.99198913574219,40.759361267089844,758.09,3163,3163,-1.0,-1.0,-1,-1,0.0
23581,-74.00084686279298,40.736976623535156,-74.00581359863281,40.72613906860352,209.83,3163,3163,-1.0,-1.0,-1,-1,0.0
23582,-73.97570037841797,40.78953552246094,-73.98087310791014,40.77814865112305,261.74,3163,3163,3301.3,3563.04,138.30000000000018,-2.2737367544323206e-13,0.9999999999999991
23583,-73.94673919677734,40.77214050292969,-73.9572525024414,40.77450942993164,264.75,3164,3164,3220.29,3485.04,56.289999999999964,0.0,1.0
23584,-73.97868347167969,40.751136779785156,-73.98126220703125,40.76798629760742,688.42,3164,3164,-1.0,-1.0,-1,-1,0.0
23585,-73.99211120605469,40.73814010620117,-74.00863647460938,40.71949768066406,620.15,3164,3164,3188.08,3825.62,24.079999999999927,17.389999999999986,1.028041602838023
23586,-73.96939086914062,40.76948165893555,-73.96208953857422,40.76443099975585,303.34,3164,3164,-1.0,-1.0,-1,-1,0.0
23587,-73.97080993652342,40.75186538696289,-73.98988342285155,40.7516975402832,675.67,3164,3164,-1.0,-1.0,-1,-1,0.0
23588,-73.99451446533203,40.745338439941406,-73.98653411865234,40.763370513916016,546.74,3164,3164,3218.43,3765.17,54.429999999999836,2.2737367544323206e-13,1.0000000000000004
23589,-74.00537872314453,40.73926544189453,-73.99346160888672,40.7243537902832,663.49,3164,3164,3297.71,3961.2000000000003,133.71000000000004,2.2737367544323206e-13,1.0000000000000004
23590,-73.97805786132812,40.75247573852539,-73.99649047851562,40.744453430175774,508.18,3164,3164,-1.0,-1.0,-1,-1,0.0
23591,-73.96227264404298,40.77914810180664,-73.94389343261719,40.77783966064453,533.58,3165,3165,3331.25,3864.8300000000004,166.25,3.410605131648481e-13,1.0000000000000007
23592,-73.99018096923827,40.74658584594727,-73.99385070800781,40.72822570800781,588.13,3165,3165,-1.0,-1.0,-1,-1,0.0
23593,-74.0077896118164,40.7515754699707,-73.9845962524414,40.77492141723633,573.15,3165,3165,3215.13,3788.28,50.13000000000011,1.1368683772161603e-13,1.0000000000000002
23594,-73.9580535888672,40.76495361328125,-73.97957611083984,40.77778244018555,697.45,3165,3165,3190.12,3887.57,25.11999999999989,2.2737367544323206e-13,1.0000000000000002
23595,-73.95294189453125,40.7795524597168,-73.9977035522461,40.741695404052734,1427.54,3165,3165,-1.0,-1.0,-1,-1,0.0
23596,-73.9717788696289,40.7581901550293,-73.9920883178711,40.74911880493164,711.62,3165,3165,-1.0,-1.0,-1,-1,0.0
23597,-74.01641845703125,40.705039978027344,-74.0046615600586,40.74202346801758,633.26,3165,3165,-1.0,-1.0,-1,-1,0.0
23598,-73.99406433105469,40.75152969360352,-73.98190307617188,40.755943298339844,402.44,3165,3165,-1.0,-1.0,-1,-1,0.0
23599,-73.99419403076173,40.746257781982415,-73.97336578369139,40.75236892700195,684.34,3165,3165,-1.0,-1.0,-1,-1,0.0
23600,-73.94210815429686,40.82270050048828,-73.97456359863281,40.78757095336913,864.15,3165,3165,3234.04,4098.19,69.03999999999996,-3.410605131648481e-13,0.9999999999999996
23601,-74.00377655029298,40.75094985961913,-73.99040222167969,40.72343063354492,1004.19,3166,3166,-1.0,-1.0,-1,-1,0.0
23602,-73.95418548583984,40.821590423583984,-73.96334838867188,40.80377960205078,389.26,3166,3166,3591.29,3980.55,425.28999999999996,2.2737367544323206e-13,1.0000000000000007
23603,-73.98661041259766,40.73038101196289,-73.98914337158203,40.758487701416016,1026.94,3166,3166,3253.45,4280.39,87.44999999999982,4.547473508864641e-13,1.0000000000000004
23604,-73.9896469116211,40.7254295349121,-73.99700927734375,40.741416931152344,632.15,3166,3166,3240.54,3872.69,74.53999999999996,1.1368683772161603e-13,1.0000000000000002
23605,-73.97088623046875,40.78837966918945,-73.98489379882812,40.74679946899415,1135.32,3166,3166,3196.0499999999997,4372.18,30.049999999999727,40.81000000000063,1.035945812634324
23606,-73.95182037353516,40.77779006958008,-73.97218322753906,40.750938415527344,724.77,3166,3166,-1.0,-1.0,-1,-1,0.0
23607,-73.96768951416014,40.792911529541016,-73.95633697509766,40.78112030029297,429.95,3167,3167,3273.83,3703.78,106.82999999999993,2.8421709430404007e-13,1.0000000000000007
23608,-73.98886108398438,40.75642013549805,-73.99971771240234,40.75899887084961,284.92,3167,3167,-1.0,-1.0,-1,-1,0.0
23609,-73.97870635986328,40.766807556152344,-73.97498321533203,40.787841796875,479.83,3167,3167,-1.0,-1.0,-1,-1,0.0
23610,-73.96489715576173,40.80683517456055,-73.94985961914062,40.80168533325195,540.02,3167,3167,3282.29,3822.31,115.28999999999996,0.0,1.0
23611,-73.98458099365234,40.72473526000977,-74.00756072998048,40.73270034790039,735.86,3167,3167,3452.83,4188.6900000000005,285.8299999999999,5.684341886080801e-13,1.0000000000000007
23612,-73.9802474975586,40.742759704589844,-73.9894790649414,40.75816345214844,718.41,3168,3168,3215.03,3950.48,47.0300000000002,17.03999999999985,1.0237190462270847
23613,-73.96450805664062,40.76458358764648,-73.95611572265625,40.77289962768555,228.28,3168,3168,-1.0,-1.0,-1,-1,0.0
23614,-73.975341796875,40.75307846069336,-73.9808120727539,40.7386589050293,361.46,3168,3168,-1.0,-1.0,-1,-1,0.0
23615,-73.99134063720702,40.7349853515625,-73.96699523925781,40.75511169433594,763.42,3168,3168,-1.0,-1.0,-1,-1,0.0
23616,-73.96315002441406,40.77778625488281,-74.01476287841797,40.7142333984375,1545.77,3168,3168,-1.0,-1.0,-1,-1,0.0
23617,-73.99478149414062,40.724910736083984,-73.98967742919923,40.725730895996094,232.13,3168,3168,-1.0,-1.0,-1,-1,0.0
23618,-73.96138763427734,40.774803161621094,-73.97640991210938,40.79091262817383,568.41,3168,3168,-1.0,-1.0,-1,-1,0.0
23619,-73.9682388305664,40.770790100097656,-73.99308776855469,40.7463493347168,921.48,3169,3169,-1.0,-1.0,-1,-1,0.0
23620,-73.9913330078125,40.739219665527344,-74.00061798095702,40.72751235961913,384.88,3169,3169,3187.35,3594.81,18.34999999999991,22.58000000000004,1.058667636665974
23621,-73.98095703125,40.7505111694336,-73.96717834472656,40.7636604309082,527.42,3169,3169,-1.0,-1.0,-1,-1,0.0
23622,-74.00281524658203,40.76049041748047,-74.0035171508789,40.72398376464844,909.25,3170,3170,3193.95,4103.2,23.949999999999818,0.0,1.0
23623,-73.95868682861328,40.780860900878906,-73.98123931884766,40.77850341796875,458.59,3170,3170,3209.17,3667.76,39.17000000000007,1.7053025658242404e-13,1.0000000000000004
23624,-73.9918441772461,40.738105773925774,-73.97795867919923,40.76296997070313,741.39,3170,3170,-1.0,-1.0,-1,-1,0.0
23625,-73.99099731445312,40.76594543457031,-73.96743774414062,40.75603103637695,816.49,3170,3170,3343.09,4159.58,173.09000000000015,-2.2737367544323206e-13,0.9999999999999997
23626,-73.98693084716798,40.77585983276367,-73.96485900878906,40.7641487121582,719.49,3170,3170,-1.0,-1.0,-1,-1,0.0
23627,-73.94651794433594,40.77692031860352,-73.96437835693358,40.75542831420898,549.98,3171,3171,-1.0,-1.0,-1,-1,0.0
23628,-73.97489929199219,40.79033660888672,-73.94197845458984,40.85163497924805,884.25,3171,3171,3217.46,4104.29,46.460000000000036,2.5799999999999272,1.0029177268871925
23629,-73.99378967285155,40.767032623291016,-73.99192047119139,40.72723388671875,1170.24,3171,3171,3204.03,4386.06,33.0300000000002,11.790000000000191,1.0100748564397048
23630,-73.96919250488281,40.75381088256836,-73.95438385009766,40.76993942260742,362.14,3171,3171,-1.0,-1.0,-1,-1,0.0
23631,-73.9817123413086,40.74641036987305,-74.00021362304686,40.72211456298828,714.14,3171,3171,-1.0,-1.0,-1,-1,0.0
23632,-74.00859069824219,40.71155166625977,-74.00613403320312,40.71937561035156,301.57,3171,3171,-1.0,-1.0,-1,-1,0.0
23633,-73.9984130859375,40.75597381591797,-74.00390625,40.743019104003906,363.85,3172,3172,3184.83,3651.59,12.829999999999927,102.9100000000002,1.2828363336539788
23634,-74.00016784667969,40.720008850097656,-73.99857330322266,40.72972106933594,410.45,3172,3172,-1.0,-1.0,-1,-1,0.0
23635,-73.9478530883789,40.79016876220703,-73.95320129394531,40.78042984008789,246.58,3172,3172,3269.51,3516.09,97.51000000000022,-8.526512829121202e-14,0.9999999999999997
23636,-74.00708770751955,40.727638244628906,-73.98065948486328,40.75664138793945,1010.12,3172,3172,3246.79,4256.91,74.78999999999996,-1.1368683772161603e-13,0.9999999999999999
23637,-73.98551940917969,40.7578125,-73.9830093383789,40.77174758911133,448.61,3172,3172,-1.0,-1.0,-1,-1,0.0
23638,-73.9612045288086,40.81018829345703,-73.93914031982422,40.80500793457031,577.68,3172,3172,3620.36,4198.04,448.3600000000001,-1.1368683772161603e-13,0.9999999999999998
23639,-74.0042953491211,40.747520446777344,-73.99150848388672,40.75305557250977,354.51,3172,3172,-1.0,-1.0,-1,-1,0.0
23640,-73.98221588134766,40.77145767211913,-74.00450134277344,40.74772644042969,728.06,3172,3172,3216.87,3954.18,44.86999999999989,9.25,1.0127049968409196
23641,-73.96304321289062,40.777870178222656,-73.96839141845702,40.75531768798828,753.58,3172,3172,-1.0,-1.0,-1,-1,0.0
23642,-73.9805145263672,40.78246307373047,-73.99752044677734,40.71472930908203,1693.92,3173,3173,-1.0,-1.0,-1,-1,0.0
23643,-73.99810791015625,40.733829498291016,-74.00175476074219,40.73545837402344,221.28,3173,3173,-1.0,-1.0,-1,-1,0.0
23644,-73.99961853027342,40.74372100830078,-73.99855041503906,40.76409149169922,559.29,3173,3173,3200.4,3759.69,27.40000000000009,0.0,1.0
23645,-74.00604248046875,40.735111236572266,-73.99140930175781,40.71470642089844,1008.4,3173,3173,3221.58,4261.61,48.57999999999993,31.629999999999768,1.031366521221737
23646,-73.96356201171875,40.774559020996094,-73.95394134521484,40.78475570678711,241.92,3173,3173,3180.92,3422.84,7.920000000000073,8.526512829121202e-14,1.0000000000000004
23647,-73.97464752197266,40.729656219482415,-73.98234558105469,40.741790771484375,491.03,3173,3173,3362.17,3853.2,189.17000000000007,-2.2737367544323206e-13,0.9999999999999996
23648,-74.00505828857422,40.74100112915039,-73.98904418945312,40.73064041137695,586.21,3173,3173,3198.64,3784.85,25.639999999999873,0.0,1.0
23649,-73.99810791015625,40.74045944213867,-74.01390838623048,40.71686935424805,620.37,3173,3173,3231.08,3851.45,58.07999999999993,-1.1368683772161603e-13,0.9999999999999998
23650,-73.99002838134766,40.73448181152344,-73.98088073730467,40.72251510620117,494.41,3173,3173,3180.0,3674.41,7.0,-1.7053025658242404e-13,0.9999999999999997
23651,-73.993408203125,40.75254821777344,-73.98606109619139,40.75905227661133,384.02,3174,3174,-1.0,-1.0,-1,-1,0.0
23652,-73.9564208984375,40.77143096923828,-73.95030212402342,40.77974319458008,267.32,3174,3174,3275.8,3543.12,101.80000000000018,-2.8421709430404007e-13,0.9999999999999989
23653,-73.98388671875,40.73193740844727,-73.97673797607422,40.75183868408203,592.46,3174,3174,3214.21,3806.67,40.210000000000036,0.0,1.0
23654,-73.97765350341797,40.75774383544922,-73.9981689453125,40.72466278076172,879.64,3174,3174,-1.0,-1.0,-1,-1,0.0
23655,-74.00747680664062,40.74102783203125,-73.96739959716798,40.80608367919922,1202.9,3174,3174,-1.0,-1.0,-1,-1,0.0
23656,-74.0059585571289,40.735496520996094,-73.9825439453125,40.74766159057617,654.81,3175,3175,-1.0,-1.0,-1,-1,0.0
23657,-73.99029541015625,40.756439208984375,-73.95389556884766,40.77058792114258,1002.37,3175,3175,-1.0,-1.0,-1,-1,0.0
23658,-73.96131134033203,40.76032257080078,-73.9845962524414,40.71896362304688,811.01,3175,3175,-1.0,-1.0,-1,-1,0.0
23659,-73.97803497314453,40.757362365722656,-73.982421875,40.7426872253418,440.04,3175,3175,-1.0,-1.0,-1,-1,0.0
23660,-73.98951721191406,40.75674819946289,-73.97701263427734,40.74728012084961,594.97,3175,3175,3208.1,3868.45,33.09999999999991,65.37999999999988,1.1098878935072354
23661,-73.9781723022461,40.75141143798828,-73.96366119384766,40.76549911499024,514.63,3175,3175,-1.0,-1.0,-1,-1,0.0
23662,-73.97090148925781,40.75886917114258,-74.00627899169923,40.72272109985352,1168.57,3175,3175,3201.02,4376.22,26.019999999999982,6.6300000000003365,1.0056736010679723
23663,-73.95381927490234,40.76671981811523,-73.95941162109375,40.75931930541992,215.31,3175,3175,-1.0,-1.0,-1,-1,0.0
23664,-73.97708129882812,40.758167266845696,-73.9645004272461,40.77012252807617,463.68,3175,3175,-1.0,-1.0,-1,-1,0.0
23665,-73.9773712158203,40.749732971191406,-74.00057220458984,40.74158096313477,662.75,3175,3175,-1.0,-1.0,-1,-1,0.0
23666,-73.94978332519531,40.776309967041016,-73.95147705078125,40.77006912231445,193.45,3175,3175,3183.66,3427.85,8.659999999999854,50.740000000000066,1.2622899974153532
23667,-73.97386932373048,40.7630615234375,-74.0016098022461,40.73550033569336,858.5,3176,3176,3213.14,4071.64,37.13999999999987,0.0,1.0
23668,-74.01710510253906,40.705379486083984,-73.9754409790039,40.75488662719727,1188.74,3176,3176,3199.38,4388.12,23.38000000000011,-2.2737367544323206e-13,0.9999999999999998
23669,-73.98193359375,40.77939987182617,-73.9666519165039,40.76446914672852,656.27,3176,3176,3297.17,3953.44,121.17000000000007,0.0,1.0
23670,-73.99579620361328,40.76433944702149,-73.99579620361328,40.75394058227539,323.09,3176,3176,-1.0,-1.0,-1,-1,0.0
23671,-73.9739761352539,40.7542724609375,-73.99848937988281,40.7172737121582,1044.47,3176,3176,3262.42,4306.89,86.42000000000007,2.2737367544323206e-13,1.0000000000000002
23672,-73.97714233398438,40.7530517578125,-73.95526123046875,40.764198303222656,732.53,3176,3176,-1.0,-1.0,-1,-1,0.0
23673,-73.97245788574219,40.76510238647461,-73.9769973754883,40.745281219482415,683.88,3176,3176,3231.7,3916.41,55.69999999999982,0.8300000000000409,1.0012136632157689
23674,-73.96248626708984,40.76076126098633,-73.94520568847656,40.77855682373047,429.94,3176,3176,-1.0,-1.0,-1,-1,0.0
23675,-73.9788818359375,40.771766662597656,-73.95840454101562,40.765472412109375,569.46,3177,3177,-1.0,-1.0,-1,-1,0.0
23676,-73.99009704589844,40.73229217529297,-73.98741149902342,40.7387809753418,194.32,3177,3177,3210.03,3436.85,33.0300000000002,32.499999999999716,1.167249897076985
23677,-73.97154998779298,40.75129318237305,-73.9876480102539,40.75997924804688,692.93,3177,3177,-1.0,-1.0,-1,-1,0.0
23678,-73.98990631103516,40.73406982421875,-73.95812225341797,40.77302932739258,1028.51,3177,3177,3201.6,4230.110000000001,24.59999999999991,6.821210263296962e-13,1.0000000000000007
23679,-73.97450256347656,40.77838897705078,-73.97147369384766,40.76639938354492,436.47,3177,3177,-1.0,-1.0,-1,-1,0.0
23680,-73.9658203125,40.766998291015625,-73.95960998535155,40.77695846557617,229.04,3177,3177,-1.0,-1.0,-1,-1,0.0
23681,-73.97075653076173,40.75642395019531,-73.96504211425781,40.76893997192383,361.62,3178,3178,3185.5499999999997,3547.17,7.549999999999727,3.410605131648481e-13,1.0000000000000009
23682,-73.9688720703125,40.76409149169922,-73.97125244140625,40.752845764160156,438.17,3178,3178,-1.0,-1.0,-1,-1,0.0
23683,-73.97808837890625,40.7294807434082,-73.99701690673827,40.73759078979492,439.26,3178,3178,3220.08,3659.34,42.07999999999993,2.2737367544323206e-13,1.0000000000000004
23684,-73.95162963867188,40.79083633422852,-73.94767761230467,40.776145935058594,524.49,3178,3178,3361.45,3885.94,183.44999999999982,2.2737367544323206e-13,1.0000000000000004
23685,-73.99899291992188,40.720211029052734,-73.99488830566406,40.75943374633789,1053.82,3178,3178,-1.0,-1.0,-1,-1,0.0
23686,-73.9801025390625,40.74287414550781,-73.9861831665039,40.73063659667969,275.83,3178,3178,-1.0,-1.0,-1,-1,0.0
23687,-73.99629974365234,40.75329971313477,-74.00090789794923,40.74235916137695,295.47,3178,3178,-1.0,-1.0,-1,-1,0.0
23688,-73.9613265991211,40.769325256347656,-73.96886444091797,40.7617301940918,308.54,3178,3178,3231.75,3540.29,53.75,-5.684341886080802e-14,0.9999999999999998
23689,-73.98275756835938,40.73390579223633,-73.9996337890625,40.73595428466797,509.69,3178,3178,-1.0,-1.0,-1,-1,0.0
23690,-73.9725570678711,40.75947952270508,-73.96060180664062,40.77550888061523,451.83,3179,3179,-1.0,-1.0,-1,-1,0.0
23691,-73.9805679321289,40.75329971313477,-73.9901351928711,40.756797790527344,274.34,3179,3179,-1.0,-1.0,-1,-1,0.0
23692,-73.99402618408203,40.75110244750977,-74.00465393066406,40.741943359375,330.19,3179,3179,-1.0,-1.0,-1,-1,0.0
23693,-73.96173095703125,40.77414321899415,-73.97029876708984,40.76476669311523,350.45,3179,3179,3223.72,3574.17,44.7199999999998,2.8421709430404007e-13,1.0000000000000009
23694,-73.95533752441406,40.76504135131836,-73.96595764160156,40.76533889770508,347.33,3180,3180,-1.0,-1.0,-1,-1,0.0
23695,-73.9864501953125,40.77864837646485,-73.97907257080078,40.765228271484375,481.12,3180,3180,3199.4700000000003,3710.01,19.470000000000255,29.41999999999996,1.0611489857000331
23696,-73.98261260986328,40.76274871826172,-73.98095703125,40.77840805053711,505.59,3180,3180,-1.0,-1.0,-1,-1,0.0
23697,-73.98170471191406,40.763671875,-73.98216247558594,40.771888732910156,366.23,3180,3180,-1.0,-1.0,-1,-1,0.0
23698,-73.9710922241211,40.760398864746094,-73.95704650878906,40.77502822875977,406.94,3180,3180,-1.0,-1.0,-1,-1,0.0
23699,-73.98094940185547,40.766395568847656,-73.9786605834961,40.75688552856445,431.08,3180,3180,3222.37,3714.58,42.36999999999989,61.13000000000005,1.141806625220377
23700,-74.0072021484375,40.72798156738281,-73.96569061279298,40.75862884521485,1293.6,3180,3180,3246.79,4568.3,66.78999999999996,27.91000000000031,1.021575448361163
23701,-73.96485900878906,40.76955032348633,-73.96868896484375,40.763099670410156,252.03,3181,3181,3232.82,3484.85,51.820000000000164,-2.5579538487363607e-13,0.999999999999999
23702,-73.9947967529297,40.71870803833008,-74.00310516357422,40.74095153808594,727.59,3181,3181,-1.0,-1.0,-1,-1,0.0
23703,-73.99705505371094,40.747318267822266,-73.94286346435547,40.80668640136719,1550.04,3181,3181,-1.0,-1.0,-1,-1,0.0
23704,-73.97677612304686,40.7589225769043,-73.97352600097656,40.74821472167969,516.21,3181,3181,3321.17,3837.38,140.17000000000007,0.0,1.0
23705,-73.9756851196289,40.78179550170898,-73.9583511352539,40.76152420043945,937.18,3181,3181,-1.0,-1.0,-1,-1,0.0
23706,-73.98847198486328,40.760032653808594,-73.97506713867188,40.75351333618164,546.8,3182,3182,-1.0,-1.0,-1,-1,0.0
23707,-73.97040557861328,40.7598762512207,-73.97113037109375,40.7651481628418,244.86,3182,3182,-1.0,-1.0,-1,-1,0.0
23708,-73.95630645751955,40.77567672729492,-73.93999481201173,40.811683654785156,739.87,3182,3182,-1.0,-1.0,-1,-1,0.0
23709,-73.99336242675781,40.74205017089844,-73.9850311279297,40.73963165283203,244.03,3182,3182,3210.0,3493.28,28.0,39.2500000000002,1.160840880219646
23710,-73.99122619628906,40.77051162719727,-73.97271728515625,40.78662872314453,455.37,3182,3182,3940.2599999999998,4395.63,758.2599999999998,3.410605131648481e-13,1.0000000000000007
23711,-73.99724578857422,40.74676513671875,-73.98593139648438,40.76253128051758,450.12,3182,3182,3216.57,3666.69,34.570000000000164,-1.1368683772161603e-13,0.9999999999999998
23712,-73.98937225341797,40.77275848388672,-73.95767974853516,40.76847457885742,797.3,3182,3182,3316.21,4113.51,134.21000000000004,2.2737367544323206e-13,1.0000000000000002
23713,-73.99883270263672,40.723060607910156,-73.98681640625,40.75094604492188,795.06,3182,3182,-1.0,-1.0,-1,-1,0.0
23714,-73.9554672241211,40.76403045654297,-73.95319366455078,40.77991485595703,391.7,3183,3183,3293.79,3685.49,110.78999999999996,-1.7053025658242404e-13,0.9999999999999996
23715,-73.98577880859375,40.75282287597656,-74.00556945800781,40.750972747802734,536.27,3183,3183,3216.0,3819.44,33.0,67.17000000000007,1.1252540697782836
23716,-73.9814224243164,40.76476669311523,-73.99691009521484,40.71809768676758,1489.39,3183,3183,-1.0,-1.0,-1,-1,0.0
23717,-73.96517944335938,40.75596237182617,-73.97289276123048,40.74370956420898,429.62,3183,3183,3222.9,3694.7000000000003,39.90000000000009,42.18000000000018,1.098179786788325
23718,-73.98272705078125,40.77161026000977,-73.98997497558594,40.75900268554688,447.6,3184,3184,3221.89,3669.49,37.88999999999987,-1.1368683772161603e-13,0.9999999999999998
23719,-73.98994445800781,40.73516845703125,-73.99589538574219,40.7591667175293,777.41,3184,3184,3240.54,4017.9500000000003,56.539999999999964,3.410605131648481e-13,1.0000000000000004
23720,-73.96029663085938,40.770118713378906,-73.96305084228516,40.77804183959961,308.25,3184,3184,-1.0,-1.0,-1,-1,0.0
23721,-73.97429656982422,40.75448226928711,-73.99386596679686,40.73590087890625,576.42,3184,3184,3275.5,3851.92,91.5,1.1368683772161603e-13,1.0000000000000002
23722,-73.97820281982422,40.76215362548828,-73.9896011352539,40.719520568847656,1428.45,3184,3184,-1.0,-1.0,-1,-1,0.0
23723,-73.98909759521484,40.72677230834961,-74.00858306884766,40.70897674560547,808.44,3184,3184,3449.96,4258.4,265.96000000000004,-4.547473508864641e-13,0.9999999999999994
23724,-73.96416473388672,40.76787185668945,-73.97457885742188,40.761695861816406,427.47,3184,3184,-1.0,-1.0,-1,-1,0.0
23725,-73.96304321289062,40.75665283203125,-73.95378875732422,40.76685333251953,250.45,3185,3185,-1.0,-1.0,-1,-1,0.0
23726,-73.98892211914062,40.75841522216797,-73.98206329345702,40.76290512084961,281.76,3185,3185,3257.92,3539.68,72.92000000000007,-2.2737367544323206e-13,0.9999999999999992
23727,-73.99903106689453,40.72492980957031,-73.9906997680664,40.72985076904297,286.39,3185,3185,-1.0,-1.0,-1,-1,0.0
23728,-73.97464752197266,40.76055145263672,-73.96011352539062,40.77117919921875,424.13,3185,3185,-1.0,-1.0,-1,-1,0.0
23729,-73.95763397216798,40.7855339050293,-73.9644546508789,40.77602005004883,193.62,3185,3185,3711.27,3904.89,526.27,-1.1368683772161603e-13,0.9999999999999994
23730,-73.9756317138672,40.781898498535156,-73.9910430908203,40.7605094909668,531.6,3185,3185,-1.0,-1.0,-1,-1,0.0
23731,-73.97594451904298,40.76559066772461,-73.9632797241211,40.77513885498047,398.35,3185,3185,-1.0,-1.0,-1,-1,0.0
23732,-73.96383666992188,40.802940368652344,-73.95973205566406,40.81211853027344,208.25,3185,3185,3411.96,3620.21,226.96000000000004,0.0,1.0
23733,-73.98226928710938,40.77819061279297,-73.98462677001955,40.76908874511719,205.8,3185,3185,-1.0,-1.0,-1,-1,0.0
23734,-73.99405670166014,40.75128555297852,-73.98136138916014,40.75006103515625,437.76,3185,3185,-1.0,-1.0,-1,-1,0.0
23735,-73.99394226074219,40.72450256347656,-73.98426055908203,40.728946685791016,287.99,3185,3185,3471.46,3759.45,286.46000000000004,-2.2737367544323206e-13,0.9999999999999992
23736,-73.98406982421875,40.76813888549805,-73.97976684570312,40.76485824584961,202.74,3185,3185,-1.0,-1.0,-1,-1,0.0
23737,-73.9976577758789,40.746665954589844,-73.98565673828125,40.75257110595703,422.08,3185,3185,-1.0,-1.0,-1,-1,0.0
23738,-74.0078582763672,40.75156021118164,-73.99507141113281,40.7500114440918,366.96,3186,3186,3295.1,3662.06,109.09999999999991,5.684341886080802e-14,1.0000000000000002
23739,-73.9869613647461,40.761478424072266,-74.00167846679686,40.7618293762207,442.14,3186,3186,-1.0,-1.0,-1,-1,0.0
23740,-73.9732894897461,40.76404190063477,-73.97042083740234,40.78390121459961,556.42,3186,3186,3213.96,3858.77,27.960000000000036,88.38999999999999,1.158854821897128
23741,-73.97520446777344,40.75041961669922,-73.9908218383789,40.75085830688477,559.65,3186,3186,-1.0,-1.0,-1,-1,0.0
23742,-73.99839782714845,40.72516632080078,-73.99873352050781,40.73471450805664,297.0,3186,3186,-1.0,-1.0,-1,-1,0.0
23743,-73.96784973144531,40.76274871826172,-73.99598693847656,40.74360275268555,906.51,3186,3186,3245.62,4152.13,59.61999999999989,2.2737367544323206e-13,1.0000000000000002
23744,-73.97449493408203,40.75036239624024,-73.9576873779297,40.766700744628906,444.14,3187,3187,-1.0,-1.0,-1,-1,0.0
23745,-73.9799575805664,40.743263244628906,-73.96049499511719,40.76396942138672,627.65,3187,3187,3245.5,3873.15,58.5,1.1368683772161603e-13,1.0000000000000002
23746,-73.99556732177734,40.7439842224121,-73.97953033447266,40.75242614746094,496.07,3187,3187,3227.07,3723.14,40.070000000000164,-2.8421709430404007e-13,0.9999999999999994
23747,-73.99952697753906,40.74392700195313,-73.96732330322266,40.75763320922852,982.39,3187,3187,-1.0,-1.0,-1,-1,0.0
23748,-73.96337127685547,40.774681091308594,-73.99795532226562,40.75407791137695,1051.71,3187,3187,-1.0,-1.0,-1,-1,0.0
23749,-73.98915100097656,40.738868713378906,-73.97787475585938,40.75783157348633,699.83,3187,3187,-1.0,-1.0,-1,-1,0.0
23750,-73.99514770507811,40.72513961791992,-74.00334167480467,40.73255157470703,384.42,3187,3187,3535.29,3919.71,348.28999999999996,5.684341886080802e-14,1.0000000000000002
23751,-73.98297882080078,40.745132446289055,-73.99075317382812,40.74044418334961,254.84,3188,3188,-1.0,-1.0,-1,-1,0.0
23752,-73.9861831665039,40.74036026000977,-73.9910888671875,40.76557159423828,828.24,3188,3188,3224.46,4052.7,36.460000000000036,-2.2737367544323206e-13,0.9999999999999998
23753,-73.9923095703125,40.74518966674805,-73.99020385742188,40.73755645751953,256.94,3188,3188,-1.0,-1.0,-1,-1,0.0
23754,-74.00411224365234,40.71995162963867,-73.98291015625,40.75682830810547,912.84,3188,3188,-1.0,-1.0,-1,-1,0.0
23755,-73.98190307617188,40.772159576416016,-73.99082946777342,40.75072860717773,740.42,3188,3188,-1.0,-1.0,-1,-1,0.0
23756,-74.00114440917969,40.731536865234375,-73.99189758300781,40.726280212402344,397.67,3188,3188,3226.99,3624.66,38.98999999999978,5.684341886080802e-14,1.0000000000000002
23757,-73.97584533691406,40.75453567504883,-74.01606750488281,40.70934677124024,1174.16,3189,3189,-1.0,-1.0,-1,-1,0.0
23758,-74.00923919677734,40.72587203979492,-73.99982452392578,40.74181365966797,352.04,3189,3189,3289.25,3641.29,100.25,-5.684341886080802e-14,0.9999999999999999
23759,-73.97867584228516,40.78561019897461,-73.95608520507811,40.779651641845696,550.78,3189,3189,3830.2000000000003,4380.9800000000005,641.2000000000003,2.2737367544323206e-13,1.0000000000000004
23760,-74.0045394897461,40.74164581298828,-73.95182800292969,40.781898498535156,1474.52,3189,3189,-1.0,-1.0,-1,-1,0.0
23761,-74.00096130371094,40.725749969482415,-74.0050277709961,40.737319946289055,338.96,3189,3189,3286.29,3625.25,97.28999999999996,5.684341886080802e-14,1.0000000000000002
23762,-73.98619842529298,40.74061965942383,-74.00540161132812,40.7065315246582,880.19,3189,3189,3232.81,4113.0,43.809999999999945,0.0,1.0
23763,-73.99620056152342,40.72521209716797,-73.97705841064453,40.75209426879883,712.62,3189,3189,-1.0,-1.0,-1,-1,0.0
23764,-73.97045135498048,40.7938346862793,-73.95449829101562,40.77890396118164,572.36,3189,3189,3297.09,3869.45,108.09000000000015,-3.410605131648481e-13,0.9999999999999994
23765,-74.0066680908203,40.73141098022461,-73.99720764160156,40.7470932006836,307.79,3190,3190,3241.42,3549.21,51.42000000000007,-5.684341886080802e-14,0.9999999999999998
23766,-73.9909896850586,40.742279052734375,-73.98124694824219,40.7413215637207,241.79,3190,3190,-1.0,-1.0,-1,-1,0.0
23767,-73.99546813964845,40.75974655151367,-73.98145294189453,40.77879333496094,353.2,3190,3190,3233.68,3586.88,43.679999999999836,2.8421709430404007e-13,1.0000000000000009
23768,-73.94774627685547,40.79890823364258,-73.95687103271484,40.78073120117188,365.16,3190,3190,3325.17,3690.33,135.17000000000007,-1.7053025658242404e-13,0.9999999999999996
23769,-73.97455596923827,40.75676345825195,-73.97904968261719,40.765037536621094,458.76,3190,3190,-1.0,-1.0,-1,-1,0.0
23770,-73.99368286132812,40.72099685668945,-73.98284912109375,40.75679016113281,1036.51,3190,3190,3399.7,4436.21,209.69999999999982,2.2737367544323206e-13,1.0000000000000002
23771,-73.95297241210938,40.77199935913085,-73.96714782714845,40.758460998535156,508.68,3190,3190,3368.18,3876.86,178.17999999999984,2.8421709430404007e-13,1.0000000000000007
23772,-73.99897766113281,40.74444961547852,-74.00023651123048,40.7312889099121,382.26,3190,3190,-1.0,-1.0,-1,-1,0.0
23773,-73.9825210571289,40.7450065612793,-73.98908233642578,40.75679397583008,552.84,3190,3190,3232.47,3842.8,42.4699999999998,57.49000000000035,1.103990304608929
23774,-73.98075103759766,40.7596435546875,-73.9514389038086,40.77953338623047,873.36,3190,3190,3226.21,4113.4800000000005,36.210000000000036,13.910000000000423,1.0159269945955853
23775,-74.00745391845702,40.71350860595703,-74.00891876220702,40.73334503173828,481.56,3190,3190,-1.0,-1.0,-1,-1,0.0
23776,-73.95610809326173,40.78454971313477,-73.95159912109375,40.77190017700195,436.49,3191,3191,3239.75,3725.16,48.75,48.919999999999845,1.1120758780269877
23777,-73.9964370727539,40.737003326416016,-74.0020523071289,40.72299575805664,525.33,3191,3191,-1.0,-1.0,-1,-1,0.0
23778,-73.99137878417969,40.75528335571289,-73.98818969726562,40.74824905395508,504.94,3191,3191,-1.0,-1.0,-1,-1,0.0
23779,-73.98951721191406,40.74747848510742,-73.97808837890625,40.74905776977539,376.12,3191,3191,3245.82,3621.94,54.820000000000164,-1.1368683772161603e-13,0.9999999999999997
23780,-73.9826889038086,40.74231719970703,-73.98606872558594,40.73070907592773,259.61,3191,3191,3233.62,3539.57,42.61999999999989,46.34000000000026,1.1784985170062796
23781,-73.9887161254883,40.76899337768555,-73.98481750488281,40.77943801879883,237.59,3191,3191,-1.0,-1.0,-1,-1,0.0
23782,-73.97637939453125,40.7652702331543,-73.96443176269531,40.775638580322266,480.52,3191,3191,-1.0,-1.0,-1,-1,0.0
23783,-73.9920425415039,40.74909210205078,-73.95372009277344,40.77528762817383,1247.25,3192,3192,3210.0,4457.249999999999,18.0,-9.094947017729282e-13,0.9999999999999992
23784,-73.99114227294923,40.7333984375,-73.99681854248048,40.72517013549805,188.46,3192,3192,-1.0,-1.0,-1,-1,0.0
23785,-73.9881134033203,40.74400329589844,-74.00670623779298,40.73019027709961,504.74,3192,3192,-1.0,-1.0,-1,-1,0.0
23786,-73.98107147216798,40.76483917236328,-73.97705841064453,40.75917053222656,306.92,3192,3192,3250.79,3557.71,58.789999999999964,5.684341886080802e-14,1.0000000000000002
23787,-73.96044158935547,40.78153991699219,-73.97251892089844,40.76511001586913,421.91,3192,3192,3242.92,3664.83,50.92000000000007,-1.7053025658242404e-13,0.9999999999999996
23788,-73.97785186767578,40.763614654541016,-73.97193908691406,40.781715393066406,487.0,3192,3192,3221.35,3708.35,29.34999999999991,0.0,1.0
23789,-74.00184631347656,40.72076034545898,-73.97850799560547,40.75103378295898,1006.7,3192,3192,-1.0,-1.0,-1,-1,0.0
23790,-73.97931671142578,40.755279541015625,-73.97716522216798,40.75101089477539,251.53,3192,3192,3249.32,3500.8500000000004,57.320000000000164,1.9895196601282805e-13,1.0000000000000009
23791,-73.97833251953125,40.75178146362305,-73.99173736572266,40.731361389160156,527.12,3192,3192,-1.0,-1.0,-1,-1,0.0
23792,-73.9880599975586,40.7187728881836,-73.98802947998048,40.75961685180664,1317.63,3192,3192,3294.38,4612.01,102.38000000000011,0.0,1.0
23793,-73.985107421875,40.73649978637695,-73.99536895751955,40.740928649902344,312.71,3192,3192,3297.37,3610.08,105.36999999999989,5.684341886080802e-14,1.0000000000000002
23794,-73.99488830566406,40.74007415771485,-73.98464965820312,40.75410842895508,386.0,3192,3192,-1.0,-1.0,-1,-1,0.0
23795,-73.9650650024414,40.755165100097656,-73.95989227294923,40.77204895019531,378.77,3193,3193,3218.24,3601.18,25.23999999999978,4.170000000000073,1.0110093196398873
23796,-73.95135498046875,40.78852844238281,-73.95110321044923,40.78292465209961,242.86,3193,3193,3593.06,3835.92,400.05999999999995,1.1368683772161603e-13,1.0000000000000004
23797,-73.97782135009766,40.75796127319336,-73.97643280029298,40.78070068359375,735.34,3193,3193,-1.0,-1.0,-1,-1,0.0
23798,-73.9634780883789,40.79845809936523,-74.0078582763672,40.74042892456055,1409.99,3193,3193,3404.6,4814.590000000001,211.5999999999999,1.1368683772161603e-12,1.0000000000000009
23799,-73.97705841064453,40.76588821411133,-73.98390960693358,40.74340057373047,756.21,3193,3193,-1.0,-1.0,-1,-1,0.0
23800,-73.9847412109375,40.74835205078125,-74.00479888916014,40.74174880981445,524.79,3193,3193,3211.79,3755.34,18.789999999999964,18.76000000000022,1.0357476323862882
23801,-73.99443054199219,40.74574661254883,-74.00564575195312,40.726016998291016,373.45,3193,3193,3236.56,3610.01,43.559999999999945,2.8421709430404007e-13,1.0000000000000007
23802,-73.95155334472656,40.77341079711913,-73.95259094238281,40.78241729736328,272.15,3194,3194,3241.1,3560.75,47.09999999999991,47.500000000000114,1.1745361014146614
23803,-73.96904754638672,40.76691055297852,-73.95905303955078,40.777549743652344,287.63,3194,3194,-1.0,-1.0,-1,-1,0.0
23804,-73.98869323730467,40.737022399902344,-73.98201751708984,40.74613952636719,316.57,3194,3194,-1.0,-1.0,-1,-1,0.0
23805,-73.99935913085938,40.72684097290039,-73.99049377441406,40.74103927612305,449.72,3194,3194,3234.02,3683.7400000000002,40.01999999999998,2.2737367544323206e-13,1.0000000000000004
23806,-73.99536895751955,40.72510147094727,-73.97844696044923,40.762351989746094,1011.27,3194,3194,-1.0,-1.0,-1,-1,0.0
23807,-74.0013198852539,40.73611831665039,-74.0112075805664,40.71578979492188,484.87,3195,3195,3371.87,3856.74,176.8699999999999,-1.1368683772161603e-13,0.9999999999999998
23808,-73.97847747802734,40.75252151489258,-73.97743225097656,40.73276138305664,622.21,3195,3195,-1.0,-1.0,-1,-1,0.0
23809,-73.97403717041014,40.76309585571289,-73.99003601074219,40.76198959350585,481.91,3195,3195,3244.16,3726.07,49.159999999999854,2.8421709430404007e-13,1.0000000000000007
23810,-73.95162200927734,40.77831268310547,-73.96586608886719,40.75871658325195,534.52,3195,3195,3227.7000000000003,3762.2200000000003,32.70000000000027,0.0,1.0
23811,-73.9826889038086,40.76163864135742,-73.98237609863281,40.76831817626953,261.15,3195,3195,-1.0,-1.0,-1,-1,0.0
23812,-73.98493194580078,40.73968505859375,-73.97512054443358,40.75198364257813,410.56,3195,3195,-1.0,-1.0,-1,-1,0.0
23813,-74.0077896118164,40.71174240112305,-73.9737777709961,40.7506217956543,1041.08,3195,3195,-1.0,-1.0,-1,-1,0.0
23814,-73.9480743408203,40.770416259765625,-73.96577453613281,40.7736701965332,477.17,3195,3195,3226.12,3782.2999999999997,31.11999999999989,79.00999999999982,1.1655804011149062
23815,-74.00556182861328,40.73883819580078,-73.97309875488281,40.75254821777344,948.88,3195,3195,-1.0,-1.0,-1,-1,0.0
23816,-74.01612091064453,40.71506118774415,-73.9941864013672,40.751121520996094,788.16,3196,3196,3233.7,4021.86,37.69999999999982,3.410605131648481e-13,1.0000000000000004
23817,-73.97943115234375,40.767105102539055,-73.99144744873048,40.76002502441406,440.28,3196,3196,-1.0,-1.0,-1,-1,0.0
23818,-73.99031066894531,40.75100708007813,-73.9846954345703,40.73276138305664,625.22,3196,3196,-1.0,-1.0,-1,-1,0.0
23819,-73.99623107910156,40.73637771606445,-73.95204162597656,40.78286361694336,1359.46,3196,3196,3217.42,4611.89,21.420000000000073,35.01000000000022,1.0257528724640668
23820,-73.95915985107422,40.76781463623047,-73.97859954833984,40.76490020751953,633.34,3196,3196,-1.0,-1.0,-1,-1,0.0
23821,-73.99165344238281,40.73896026611328,-74.00663757324219,40.720039367675774,570.24,3196,3196,-1.0,-1.0,-1,-1,0.0
23822,-73.97068786621094,40.75856399536133,-73.9617691040039,40.77695846557617,512.71,3196,3196,-1.0,-1.0,-1,-1,0.0
23823,-73.99339294433594,40.72793960571289,-73.99358367919923,40.73310089111328,220.54,3196,3196,3225.28,3445.82,29.2800000000002,-2.842170943040401e-14,0.9999999999999999
23824,-74.0025405883789,40.72156143188477,-74.00647735595702,40.7374382019043,523.36,3196,3196,-1.0,-1.0,-1,-1,0.0
23825,-73.98114013671875,40.73734664916992,-74.0059814453125,40.74446105957031,730.91,3196,3196,-1.0,-1.0,-1,-1,0.0
23826,-73.98238372802734,40.7691535949707,-73.95705413818358,40.78034210205078,720.94,3197,3197,3274.54,3995.48,77.53999999999996,0.0,1.0
23827,-73.99787139892578,40.749488830566406,-73.97908020019531,40.75006103515625,661.82,3197,3197,-1.0,-1.0,-1,-1,0.0
23828,-74.00638580322266,40.72642517089844,-73.99665069580078,40.725528717041016,282.17,3197,3197,3312.41,3594.58,115.40999999999985,5.684341886080802e-14,1.0000000000000002
23829,-73.97295379638672,40.7478141784668,-73.98981475830078,40.72574234008789,488.4,3197,3197,-1.0,-1.0,-1,-1,0.0
23830,-73.97869110107422,40.78335952758789,-73.9894790649414,40.75965118408203,756.15,3197,3197,-1.0,-1.0,-1,-1,0.0
23831,-73.97142791748048,40.78242111206055,-73.95332336425781,40.77951049804688,438.99,3197,3197,3213.29,3652.2799999999997,16.289999999999964,-2.2737367544323206e-13,0.9999999999999994
23832,-73.93365478515625,40.79533386230469,-73.94715881347656,40.79426956176758,316.96,3197,3197,3292.92,3609.88,95.92000000000007,5.684341886080802e-14,1.0000000000000002
23833,-74.0067367553711,40.730781555175774,-73.98150634765625,40.72917175292969,733.71,3197,3197,-1.0,-1.0,-1,-1,0.0
23834,-73.98751068115234,40.76002883911133,-73.98529052734375,40.74749755859375,556.05,3197,3197,-1.0,-1.0,-1,-1,0.0
23835,-73.95974731445312,40.77674102783203,-73.96720886230467,40.766616821289055,278.25,3197,3197,-1.0,-1.0,-1,-1,0.0
23836,-73.9867172241211,40.75738906860352,-73.98869323730467,40.74265670776367,455.19,3197,3197,-1.0,-1.0,-1,-1,0.0
23837,-73.99935150146483,40.72014999389648,-73.99179077148438,40.72438049316406,254.87,3198,3198,-1.0,-1.0,-1,-1,0.0
23838,-73.95601654052734,40.77868270874024,-73.99702453613281,40.72210693359375,1580.13,3198,3198,3216.08,4796.21,18.079999999999927,0.0,1.0
23839,-74.00466918945312,40.707069396972656,-74.00637054443358,40.73930740356445,867.61,3198,3198,3329.21,4196.820000000001,131.21000000000004,5.684341886080801e-13,1.0000000000000007
23840,-73.99609375,40.743667602539055,-74.00658416748048,40.74394226074219,268.49,3198,3198,3210.46,3503.83,12.460000000000036,24.87999999999988,1.0926663935342094
23841,-73.96273040771484,40.7706184387207,-73.95914459228516,40.78049850463867,272.38,3198,3198,3255.88,3528.26,57.88000000000011,1.1368683772161603e-13,1.0000000000000004
23842,-73.96892547607422,40.758872985839844,-73.95664978027344,40.77142333984375,344.07,3198,3198,-1.0,-1.0,-1,-1,0.0
23843,-73.96752166748048,40.76316833496094,-73.9654998779297,40.755218505859375,332.88,3198,3198,-1.0,-1.0,-1,-1,0.0
23844,-74.01001739501955,40.72084045410156,-74.00550079345702,40.72555160522461,251.93,3198,3198,3257.84,3509.77,59.840000000000146,-1.7053025658242404e-13,0.9999999999999993
23845,-74.00067138671875,40.74210739135742,-73.9630126953125,40.758155822753906,946.19,3198,3198,3238.86,4221.96,40.86000000000013,36.909999999999854,1.0390090785148858
23846,-73.99156188964845,40.72977066040039,-73.9789047241211,40.74114608764648,386.54,3199,3199,3337.8,3724.34,138.80000000000018,-5.684341886080802e-14,0.9999999999999999
23847,-73.95303344726562,40.78617477416992,-73.96068572998048,40.81575775146485,829.45,3199,3199,-1.0,-1.0,-1,-1,0.0
23848,-73.98391723632812,40.76081466674805,-73.99475860595702,40.765113830566406,358.0,3199,3199,3215.7,3638.53,16.699999999999818,64.83000000000038,1.1810893854748614
23849,-73.97262573242188,40.762519836425774,-73.98973846435547,40.74741744995117,709.68,3199,3199,3240.5,3950.18,41.5,-1.1368683772161603e-13,0.9999999999999999
23850,-73.9962387084961,40.74329376220703,-73.98789978027342,40.72821044921875,573.95,3199,3199,3242.43,3858.51,43.429999999999836,42.13000000000034,1.07340360658594
23851,-73.98389434814453,40.75046157836913,-73.9888916015625,40.75851058959961,390.85,3200,3200,-1.0,-1.0,-1,-1,0.0
23852,-73.96601104736328,40.75801086425781,-73.99082946777342,40.73389434814453,665.54,3200,3200,-1.0,-1.0,-1,-1,0.0
23853,-73.98233795166014,40.77238082885742,-73.97760009765625,40.784278869628906,287.66,3200,3200,-1.0,-1.0,-1,-1,0.0
23854,-73.98564147949219,40.7177963256836,-73.99656677246094,40.72378158569336,436.61,3200,3200,3434.88,3871.4900000000002,234.8800000000001,1.1368683772161603e-13,1.0000000000000002
23855,-73.96691131591797,40.79393005371094,-73.95291900634766,40.81597900390625,503.49,3200,3200,3212.39,3715.88,12.389999999999873,2.2737367544323206e-13,1.0000000000000004
23856,-74.00433349609375,40.72476577758789,-74.00688934326173,40.7300910949707,208.33,3200,3200,-1.0,-1.0,-1,-1,0.0
23857,-73.97705841064453,40.74736022949219,-73.98072814941406,40.76586151123047,818.63,3201,3201,-1.0,-1.0,-1,-1,0.0
23858,-73.9611587524414,40.75770950317383,-73.96864318847656,40.76465225219727,457.95,3201,3201,-1.0,-1.0,-1,-1,0.0
23859,-73.99148559570312,40.75020217895508,-73.97288513183594,40.75661087036133,772.71,3201,3201,-1.0,-1.0,-1,-1,0.0
23860,-73.96910095214845,40.7658805847168,-73.9915313720703,40.75965881347656,711.72,3201,3201,3232.28,3986.21,31.2800000000002,42.20999999999981,1.0593070308548302
23861,-73.99115753173827,40.74969100952149,-73.99537658691406,40.72071075439453,934.76,3201,3201,-1.0,-1.0,-1,-1,0.0
23862,-73.98693084716798,40.73668670654297,-73.98084259033203,40.789417266845696,1425.14,3202,3202,-1.0,-1.0,-1,-1,0.0
23863,-74.00184631347656,40.72828674316406,-74.00897979736328,40.7199821472168,277.33,3202,3202,3222.13,3508.9,20.13000000000011,9.439999999999998,1.0340388706595032
23864,-73.98971557617188,40.76130294799805,-74.00139617919923,40.751380920410156,385.65,3202,3202,3212.22,3597.87,10.2199999999998,1.1368683772161603e-13,1.0000000000000002
23865,-73.99927520751955,40.71889877319336,-73.99314880371094,40.73491287231445,484.96,3202,3202,-1.0,-1.0,-1,-1,0.0
23866,-73.98396301269531,40.73111343383789,-74.00653839111328,40.74048614501953,642.29,3202,3202,3254.64,3896.9300000000003,52.63999999999987,4.547473508864641e-13,1.0000000000000007
23867,-73.97824096679686,40.7523193359375,-73.99453735351562,40.75024032592773,594.62,3202,3202,-1.0,-1.0,-1,-1,0.0
23868,-73.95420837402342,40.77878189086913,-73.95012664794923,40.7686653137207,378.53,3202,3202,-1.0,-1.0,-1,-1,0.0
23869,-73.97086334228516,40.76116943359375,-73.9747314453125,40.75331115722656,276.93,3202,3202,3224.81,3501.74,22.809999999999945,-1.7053025658242404e-13,0.9999999999999993
23870,-73.98137664794923,40.78338623046875,-73.9637680053711,40.77687454223633,425.17,3202,3202,3234.75,3659.92,32.75,5.684341886080802e-14,1.0000000000000002
23871,-74.01604461669923,40.70916748046875,-74.0051040649414,40.72258377075195,462.91,3202,3202,-1.0,-1.0,-1,-1,0.0
23872,-73.9871597290039,40.7457389831543,-74.00811004638672,40.73273086547852,616.9,3202,3202,-1.0,-1.0,-1,-1,0.0
23873,-73.99617767333984,40.76388168334961,-73.99635314941406,40.73242950439453,852.77,3203,3203,3261.62,4126.18,58.61999999999989,11.790000000000418,1.013825533262193
23874,-73.97480010986328,40.76199722290039,-73.98262786865234,40.75118637084961,308.26,3203,3203,3216.32,3524.58,13.320000000000164,-2.2737367544323206e-13,0.9999999999999992
23875,-73.95082092285155,40.77066040039063,-73.9613037109375,40.75618362426758,442.85,3203,3203,3243.43,3686.2799999999997,40.429999999999836,-1.1368683772161603e-13,0.9999999999999998
23876,-73.9625473022461,40.77278137207031,-73.94908905029298,40.77331924438477,409.49,3203,3203,-1.0,-1.0,-1,-1,0.0
23877,-74.00775909423827,40.75164794921875,-73.9932632446289,40.74556350708008,402.21,3203,3203,3254.2,3656.41,51.19999999999982,5.684341886080802e-14,1.0000000000000002
23878,-73.98072814941406,40.74208450317383,-73.97380065917969,40.73776245117188,374.84,3203,3203,3249.84,3692.32,46.840000000000146,67.64000000000004,1.1804503254722016
23879,-73.98992919921875,40.75228118896485,-73.98174285888672,40.74943161010742,276.24,3203,3203,-1.0,-1.0,-1,-1,0.0
23880,-74.00789642333984,40.74100112915039,-73.98538208007811,40.74225997924805,673.71,3203,3203,-1.0,-1.0,-1,-1,0.0
23881,-74.0077133178711,40.70537185668945,-74.01657104492188,40.709739685058594,360.27,3203,3203,3380.17,3740.44,177.17000000000007,0.0,1.0
23882,-73.9759521484375,40.75817108154297,-73.99954223632812,40.73096084594727,789.13,3204,3204,-1.0,-1.0,-1,-1,0.0
23883,-73.99224090576173,40.73102188110352,-74.00667572021484,40.73134994506836,397.63,3204,3204,3222.12,3619.75,18.11999999999989,1.1368683772161603e-13,1.0000000000000002
23884,-73.9754409790039,40.777019500732415,-73.99700927734375,40.73929214477539,1096.93,3204,3204,-1.0,-1.0,-1,-1,0.0
23885,-73.98214721679686,40.768569946289055,-73.97722625732422,40.78450012207031,438.48,3204,3204,3230.02,3668.5000000000005,26.019999999999982,4.547473508864641e-13,1.000000000000001
23886,-73.97290802001955,40.75902938842773,-73.97923278808595,40.740589141845696,565.31,3204,3204,-1.0,-1.0,-1,-1,0.0
23887,-73.99642181396483,40.72584915161133,-74.01020812988281,40.731269836425774,371.08,3204,3204,3317.29,3688.37,113.28999999999996,-5.684341886080802e-14,0.9999999999999999
23888,-73.97315979003906,40.7443962097168,-73.98430633544923,40.77387619018555,1115.87,3204,3204,3255.29,4371.16,51.289999999999964,0.0,1.0
23889,-73.95706939697266,40.78049850463867,-73.95897674560547,40.77081298828125,294.71,3204,3204,3237.8199999999997,3532.5299999999997,33.81999999999971,5.684341886080802e-14,1.0000000000000002
23890,-73.9791259765625,40.74442672729492,-73.98027038574219,40.72634506225585,490.4,3204,3204,-1.0,-1.0,-1,-1,0.0
23891,-73.9570083618164,40.77446365356445,-73.94580841064453,40.78987121582031,231.4,3204,3204,-1.0,-1.0,-1,-1,0.0
23892,-73.97209167480467,40.75777816772461,-73.96212005615234,40.76860809326172,320.36,3204,3204,-1.0,-1.0,-1,-1,0.0
23893,-73.96437835693358,40.76456832885742,-73.9336929321289,40.79426956176758,641.1,3205,3205,3255.73,3914.86,50.73000000000002,18.030000000000086,1.0281235376696305
23894,-73.98847961425781,40.77841567993164,-73.97722625732422,40.78522872924805,309.88,3205,3205,-1.0,-1.0,-1,-1,0.0
23895,-74.00724792480467,40.75144958496094,-73.99137115478516,40.75115966796875,590.71,3205,3205,3247.16,3869.0899999999997,42.159999999999854,31.2199999999998,1.0528516530954273
23896,-73.94796752929686,40.77486038208008,-73.96784210205078,40.75571823120117,617.94,3205,3205,3263.79,3881.73,58.789999999999964,0.0,1.0
23897,-74.00398254394531,40.72558975219727,-73.98745727539062,40.74430847167969,565.53,3205,3205,3213.33,3778.86,8.329999999999927,2.2737367544323206e-13,1.0000000000000004
23898,-73.97317504882812,40.75799179077149,-73.97747039794923,40.748512268066406,318.34,3205,3205,3249.06,3629.3599999999997,44.059999999999945,61.95999999999975,1.194634667336809
23899,-73.9847640991211,40.75197982788085,-73.98453521728516,40.76442337036133,388.57,3205,3205,-1.0,-1.0,-1,-1,0.0
23900,-73.98330688476562,40.74224090576172,-73.99172973632812,40.74898910522461,464.04,3205,3205,3215.31,3736.82,10.309999999999945,57.4700000000002,1.123847082148091
23901,-73.97452545166014,40.76379776000977,-73.94668579101562,40.77656173706055,754.35,3206,3206,-1.0,-1.0,-1,-1,0.0
23902,-73.95667266845702,40.775150299072266,-73.976806640625,40.78516006469727,577.57,3206,3206,-1.0,-1.0,-1,-1,0.0
23903,-73.98799133300781,40.75495910644531,-74.00733947753906,40.74111557006836,626.77,3206,3206,3257.37,3888.9700000000003,51.36999999999989,4.830000000000382,1.0077061761092592
23904,-73.99678039550781,40.723854064941406,-73.97195434570312,40.7460823059082,681.2,3206,3206,-1.0,-1.0,-1,-1,0.0
23905,-73.96693420410156,40.77275848388672,-73.9547119140625,40.78650283813477,330.05,3206,3206,3260.2599999999998,3590.31,54.25999999999976,1.7053025658242404e-13,1.0000000000000004
23906,-73.9636993408203,40.75711441040039,-73.96575927734375,40.7737693786621,570.66,3206,3206,3237.61,3841.15,31.610000000000127,32.879999999999995,1.0576174955314899
23907,-73.99890899658203,40.7341194152832,-73.99211120605469,40.73981857299805,242.2,3207,3207,-1.0,-1.0,-1,-1,0.0
23908,-73.9770278930664,40.78001022338867,-73.99649047851562,40.74200820922852,1002.2,3207,3207,3213.56,4324.15,6.559999999999945,108.38999999999965,1.1081520654559964
23909,-73.98600006103516,40.76281356811523,-73.9828109741211,40.77163696289063,245.72,3207,3207,3258.86,3504.58,51.86000000000013,-1.9895196601282805e-13,0.9999999999999992
23910,-73.9666976928711,40.7672119140625,-73.95862579345702,40.77395629882813,273.87,3207,3207,3226.57,3500.44,19.570000000000164,-1.1368683772161603e-13,0.9999999999999996
23911,-73.95307922363281,40.78601837158203,-74.00359344482422,40.73550415039063,1596.02,3207,3207,-1.0,-1.0,-1,-1,0.0
23912,-73.9703369140625,40.75621795654297,-73.97516632080078,40.72174072265625,892.88,3207,3207,-1.0,-1.0,-1,-1,0.0
23913,-73.9911880493164,40.76533126831055,-73.94537353515625,40.77846145629883,1088.68,3207,3207,3239.25,4354.54,32.25,26.6099999999999,1.0244424440606972
23914,-73.99788665771484,40.73286056518555,-73.98731231689453,40.72999954223633,293.83,3207,3207,3241.15,3534.98,34.15000000000009,-5.684341886080802e-14,0.9999999999999998
23915,-73.97098541259766,40.75869369506836,-73.99913787841797,40.739173889160156,846.64,3207,3207,-1.0,-1.0,-1,-1,0.0
23916,-73.97091674804686,40.755577087402344,-73.95467376708984,40.76583480834961,428.94,3208,3208,3228.71,3657.65,20.710000000000036,5.684341886080802e-14,1.0000000000000002
23917,-73.96369171142578,40.76568984985352,-73.96347045898438,40.77524185180664,308.29,3208,3208,3262.91,3571.2,54.909999999999854,-5.684341886080802e-14,0.9999999999999998
23918,-73.99484252929686,40.7402458190918,-74.00425720214845,40.74267578125,246.41,3208,3208,3266.17,3512.58,58.17000000000007,-1.4210854715202004e-13,0.9999999999999994
23919,-73.97530364990234,40.76129913330078,-73.98523712158203,40.74740982055664,370.39,3208,3208,3231.5499999999997,3601.94,23.549999999999727,3.410605131648481e-13,1.0000000000000009
23920,-73.96614837646483,40.75825881958008,-73.97160339355469,40.74382781982422,441.88,3208,3208,3243.47,3714.76,35.4699999999998,29.410000000000423,1.066556531184938
23921,-73.97765350341797,40.75033950805664,-73.98339080810547,40.74475860595703,199.53,3208,3208,-1.0,-1.0,-1,-1,0.0
23922,-73.97874450683594,40.75101852416992,-73.95706176757811,40.77163696289063,724.28,3208,3208,-1.0,-1.0,-1,-1,0.0
23923,-73.97341918945312,40.74795150756836,-73.95713806152342,40.77159881591797,600.34,3208,3208,-1.0,-1.0,-1,-1,0.0
23924,-73.98753356933594,40.76008987426758,-74.00882720947266,40.714561462402344,1138.88,3209,3209,3245.31,4410.68,36.309999999999945,26.490000000000236,1.0232596937341951
23925,-73.99749755859375,40.7216911315918,-74.00284576416014,40.73931121826172,556.72,3209,3209,-1.0,-1.0,-1,-1,0.0
23926,-73.95897674560547,40.76819229125977,-73.9784164428711,40.76569747924805,732.53,3209,3209,-1.0,-1.0,-1,-1,0.0
23927,-74.00480651855469,40.70711898803711,-73.98560333251955,40.72854995727539,477.57,3209,3209,3372.16,3849.73,163.15999999999985,1.7053025658242404e-13,1.0000000000000004
23928,-74.00647735595702,40.75125122070313,-73.98094940185547,40.73469161987305,802.69,3209,3209,-1.0,-1.0,-1,-1,0.0
23929,-73.94619750976562,40.78038787841797,-74.00507354736328,40.71904373168945,1624.99,3209,3209,3252.67,4877.66,43.67000000000007,-2.2737367544323206e-13,0.9999999999999999
23930,-73.95386505126955,40.7851791381836,-73.9485855102539,40.77396011352539,392.66,3209,3209,3266.5199999999995,3672.7299999999996,57.51999999999953,13.550000000000011,1.0345082259461111
23931,-73.95935821533203,40.77437973022461,-73.96597290039062,40.765419006347656,240.74,3209,3209,3238.63,3479.37,29.63000000000011,-2.2737367544323206e-13,0.999999999999999
23932,-73.9545669555664,40.78401184082031,-73.97193908691406,40.76004409790039,652.37,3209,3209,-1.0,-1.0,-1,-1,0.0
23933,-73.96665954589844,40.79413986206055,-73.97543334960938,40.78987121582031,204.56,3210,3210,3304.37,3508.93,94.36999999999989,-5.684341886080802e-14,0.9999999999999997
23934,-74.0041732788086,40.72248840332031,-73.9767074584961,40.76483917236328,1081.26,3210,3210,-1.0,-1.0,-1,-1,0.0
23935,-74.00276947021484,40.7606315612793,-73.9861602783203,40.75897979736328,522.17,3210,3210,3210.0,3732.17,0.0,1.1368683772161603e-13,1.0000000000000002
23936,-73.9791488647461,40.734779357910156,-73.98887634277344,40.73414611816406,258.95,3210,3210,3544.96,3803.91,334.96000000000004,-1.7053025658242404e-13,0.9999999999999993
23937,-73.98545837402342,40.75371551513672,-73.99301147460938,40.770183563232415,587.81,3210,3210,3217.18,3859.44,7.179999999999836,54.45000000000027,1.0926319729164191
23938,-74.00149536132812,40.72121047973633,-74.0123291015625,40.70698165893555,474.14,3211,3211,3439.77,3913.91,228.76999999999998,-1.1368683772161603e-13,0.9999999999999998
23939,-73.9619598388672,40.76293182373047,-73.97808837890625,40.78846740722656,861.36,3211,3211,-1.0,-1.0,-1,-1,0.0
23940,-73.98213195800781,40.7364387512207,-73.9927978515625,40.7293815612793,337.25,3211,3211,3258.99,3599.1099999999997,47.98999999999978,2.869999999999891,1.008510007412898
23941,-73.98117828369139,40.76774978637695,-73.97521209716798,40.745769500732415,898.0,3212,3212,-1.0,-1.0,-1,-1,0.0
23942,-73.97968292236328,40.7672119140625,-73.9764633178711,40.7608757019043,305.66,3212,3212,-1.0,-1.0,-1,-1,0.0
23943,-73.96041107177734,40.769779205322266,-73.96971130371094,40.797306060791016,751.35,3212,3212,-1.0,-1.0,-1,-1,0.0
23944,-73.99047088623048,40.740058898925774,-73.98345947265625,40.73165893554688,475.74,3212,3212,-1.0,-1.0,-1,-1,0.0
23945,-73.98995208740234,40.73860168457031,-73.99181365966798,40.74914932250977,434.05,3212,3212,-1.0,-1.0,-1,-1,0.0
23946,-74.0159454345703,40.71111297607422,-74.00457763671875,40.71929168701172,366.44,3213,3213,-1.0,-1.0,-1,-1,0.0
23947,-73.98229217529298,40.76838684082031,-73.95878601074219,40.81503677368164,863.91,3213,3213,-1.0,-1.0,-1,-1,0.0
23948,-73.9505844116211,40.78631591796875,-73.96348571777344,40.76875686645508,409.77,3213,3213,-1.0,-1.0,-1,-1,0.0
23949,-73.99713897705078,40.74217987060547,-73.99165344238281,40.7367057800293,232.92,3213,3213,3264.5899999999997,3497.51,51.58999999999969,5.400124791776761e-13,1.0000000000000022
23950,-74.0028305053711,40.76051330566406,-73.9909896850586,40.759483337402344,348.49,3213,3213,-1.0,-1.0,-1,-1,0.0
23951,-73.9697265625,40.78471755981445,-73.98809051513672,40.73107528686523,1509.28,3213,3213,3258.5,4767.78,45.5,-2.2737367544323206e-13,0.9999999999999999
23952,-73.96934509277344,40.760459899902344,-73.97513580322266,40.757484436035156,311.6,3214,3214,-1.0,-1.0,-1,-1,0.0
23953,-74.00099945068358,40.74711227416992,-74.0062484741211,40.73705673217773,268.53,3214,3214,-1.0,-1.0,-1,-1,0.0
23954,-73.97560882568358,40.76335906982422,-73.98955535888672,40.729251861572266,921.22,3214,3214,-1.0,-1.0,-1,-1,0.0
23955,-74.01300811767578,40.70642852783203,-73.98856353759766,40.76165008544922,1144.17,3214,3214,-1.0,-1.0,-1,-1,0.0
23956,-73.97962188720702,40.78131103515625,-73.9698486328125,40.79462814331055,217.08,3214,3214,3267.2200000000003,3484.3,53.220000000000255,-8.526512829121202e-14,0.9999999999999996
23957,-73.98792266845702,40.74962997436523,-73.95442962646483,40.76586151123047,960.1,3214,3214,-1.0,-1.0,-1,-1,0.0
23958,-73.98136901855469,40.766109466552734,-73.98416900634766,40.77880096435547,411.59,3214,3214,-1.0,-1.0,-1,-1,0.0
23959,-74.00898742675781,40.71377182006836,-73.99452209472656,40.72478866577149,524.84,3214,3214,-1.0,-1.0,-1,-1,0.0
23960,-73.95095825195312,40.77060317993164,-73.9553451538086,40.77949905395508,296.83,3214,3214,3270.37,3629.57,56.36999999999989,62.37000000000029,1.2101202708621106
23961,-73.9653091430664,40.75841522216797,-73.95676422119139,40.76809692382813,242.32,3215,3215,3274.36,3516.68,59.36000000000013,-2.8421709430404007e-13,0.9999999999999988
23962,-73.98004150390625,40.761192321777344,-73.99977111816406,40.76101684570313,652.48,3215,3215,3240.0,3892.48,25.0,0.0,1.0
23963,-73.946044921875,40.77327346801758,-73.95528411865234,40.77688980102539,318.74,3215,3215,-1.0,-1.0,-1,-1,0.0
23964,-73.97648620605469,40.75970458984375,-74.00072479248048,40.72075653076172,1024.69,3215,3215,3274.39,4308.79,59.38999999999987,9.710000000000036,1.0094760366549884
23965,-73.98793029785155,40.753028869628906,-73.9908905029297,40.74279022216797,307.09,3215,3215,-1.0,-1.0,-1,-1,0.0
23966,-73.9892349243164,40.74195861816406,-74.0010757446289,40.72909927368164,351.57,3215,3215,-1.0,-1.0,-1,-1,0.0
23967,-73.94734954833984,40.776123046875,-73.95086669921875,40.78297424316406,217.79,3215,3215,3294.66,3512.45,79.65999999999985,-2.842170943040401e-14,0.9999999999999999
23968,-73.97113037109375,40.74712753295898,-73.97806549072266,40.75462341308594,411.41,3215,3215,-1.0,-1.0,-1,-1,0.0
23969,-74.00135803222656,40.7277717590332,-73.98612976074219,40.74055862426758,528.66,3215,3215,-1.0,-1.0,-1,-1,0.0
23970,-73.96281433105469,40.75843048095703,-73.95175170898438,40.77021026611328,288.32,3216,3216,-1.0,-1.0,-1,-1,0.0
23971,-73.960693359375,40.766380310058594,-73.97906494140625,40.76478576660156,711.59,3216,3216,-1.0,-1.0,-1,-1,0.0
23972,-73.97109985351562,40.74711990356445,-73.97840881347656,40.75453186035156,393.79,3216,3216,-1.0,-1.0,-1,-1,0.0
23973,-73.98532104492188,40.7735710144043,-73.96796417236328,40.78960418701172,449.19,3216,3216,3253.85,3703.04,37.84999999999991,5.684341886080802e-14,1.0000000000000002
23974,-74.00332641601562,40.74893569946289,-73.9947967529297,40.75275039672852,299.29,3216,3216,3398.84,3698.13,182.84000000000015,-5.684341886080802e-14,0.9999999999999998
23975,-73.96633911132812,40.758018493652344,-73.97566986083984,40.74491882324219,303.42,3216,3216,3243.47,3546.89,27.4699999999998,5.684341886080802e-14,1.0000000000000002
23976,-73.96633148193358,40.762073516845696,-73.95878601074219,40.76388168334961,206.25,3216,3216,3271.3199999999997,3541.4799999999996,55.31999999999971,63.909999999999854,1.309866666666666
23977,-73.9802474975586,40.752906799316406,-73.98841094970702,40.742988586425774,286.6,3217,3217,-1.0,-1.0,-1,-1,0.0
23978,-73.97657012939453,40.775386810302734,-73.94747161865234,40.78387069702149,715.67,3217,3217,-1.0,-1.0,-1,-1,0.0
23979,-73.98758697509766,40.76121139526367,-73.99034118652342,40.75120162963867,367.32,3217,3217,-1.0,-1.0,-1,-1,0.0
23980,-73.96854400634766,40.77043151855469,-73.97708892822266,40.75529479980469,519.31,3217,3217,3351.54,3870.85,134.53999999999996,0.0,1.0
23981,-73.99263000488281,40.723819732666016,-73.95187377929686,40.777015686035156,1088.93,3217,3217,3366.59,4455.5199999999995,149.59000000000015,-6.821210263296962e-13,0.9999999999999993
23982,-73.97962951660156,40.75489044189453,-73.99058532714845,40.75132369995117,330.13,3217,3217,-1.0,-1.0,-1,-1,0.0
23983,-73.95352935791014,40.77961730957031,-73.95423889160156,40.78823852539063,251.4,3217,3217,3252.81,3544.51,35.809999999999945,40.30000000000027,1.160302307080351
23984,-73.98201751708984,40.7805290222168,-73.98993682861328,40.774864196777344,226.43,3217,3217,3245.98,3472.41,28.980000000000018,-1.7053025658242404e-13,0.9999999999999992
23985,-73.99740600585938,40.756832122802734,-73.9893798828125,40.77450942993164,411.38,3217,3217,-1.0,-1.0,-1,-1,0.0
23986,-73.9795913696289,40.74665069580078,-74.00713348388672,40.74081039428711,809.17,3217,3217,-1.0,-1.0,-1,-1,0.0
23987,-73.97063446044923,40.78859329223633,-74.00820922851562,40.73774719238281,1295.79,3217,3217,3395.37,4691.160000000001,178.3699999999999,9.094947017729282e-13,1.0000000000000007
23988,-74.00958251953125,40.70410919189453,-73.97756195068358,40.74557113647461,771.43,3218,3218,3528.08,4299.509999999999,310.0799999999999,-5.684341886080801e-13,0.9999999999999992
23989,-73.9879379272461,40.76482391357422,-74.0074234008789,40.73332977294922,884.59,3218,3218,-1.0,-1.0,-1,-1,0.0
23990,-73.9740676879883,40.762943267822266,-73.99542999267578,40.72203063964844,1169.4,3218,3218,-1.0,-1.0,-1,-1,0.0
23991,-74.0018539428711,40.74064636230469,-73.97828674316406,40.77285385131836,842.33,3218,3218,3266.9,4109.23,48.90000000000009,-5.684341886080801e-13,0.9999999999999993
23992,-73.99234008789062,40.7308006286621,-73.97821807861328,40.758125305175774,885.98,3218,3218,-1.0,-1.0,-1,-1,0.0
23993,-74.00225067138672,40.75554656982422,-73.99150848388672,40.75500869750977,302.92,3218,3218,3242.2,3545.12,24.199999999999818,5.684341886080802e-14,1.0000000000000002
23994,-73.98162841796875,40.76060485839844,-73.94991302490234,40.784004211425774,839.23,3219,3219,3384.29,4223.52,165.28999999999996,4.547473508864641e-13,1.0000000000000004
23995,-73.9798812866211,40.78582763671875,-73.99372863769531,40.75733184814453,715.79,3219,3219,3348.76,4064.55,129.76000000000022,0.0,1.0
23996,-73.9532699584961,40.78668212890625,-73.96521759033203,40.76620864868164,519.49,3219,3219,3331.34,3850.83,112.34000000000015,-2.2737367544323206e-13,0.9999999999999996
23997,-73.96498107910156,40.759910583496094,-73.97711944580078,40.74538040161133,412.25,3219,3219,-1.0,-1.0,-1,-1,0.0
23998,-74.00849151611328,40.720718383789055,-73.98277282714845,40.76239013671875,1088.32,3219,3219,-1.0,-1.0,-1,-1,0.0
23999,-73.99158477783203,40.75010681152344,-73.97898864746094,40.76684188842773,695.21,3219,3219,-1.0,-1.0,-1,-1,0.0
24000,-73.99032592773438,40.75152206420898,-73.99510955810547,40.72489929199219,795.65,3219,3219,3256.18,4133.65,37.179999999999836,81.81999999999982,1.1028341607490728
24001,-73.98997497558594,40.73935317993164,-73.99417877197266,40.72863388061523,307.64,3219,3219,3269.06,3576.7000000000003,50.059999999999945,3.410605131648481e-13,1.000000000000001
24002,-73.9537353515625,40.775150299072266,-73.96089935302734,40.77001190185547,230.96,3219,3219,3252.5,3483.46,33.5,2.842170943040401e-14,1.0000000000000002
24003,-74.00814056396483,40.71472549438477,-73.9983139038086,40.71969604492188,394.85,3220,3220,-1.0,-1.0,-1,-1,0.0
24004,-73.95005798339844,40.78010940551758,-73.97557067871094,40.795425415039055,781.44,3220,3220,3260.83,4067.78,40.82999999999993,25.51000000000022,1.032644860769861
24005,-73.9913330078125,40.72996139526367,-73.99278259277344,40.74618911743164,601.58,3220,3220,3268.66,3899.15,48.659999999999854,28.910000000000196,1.0480567838026533
24006,-73.97906494140625,40.74052810668945,-73.99076080322266,40.72439956665039,347.81,3220,3220,-1.0,-1.0,-1,-1,0.0
24007,-73.9942398071289,40.73229598999024,-73.96790313720702,40.75626754760742,874.94,3220,3220,-1.0,-1.0,-1,-1,0.0
24008,-74.00200653076173,40.71926879882813,-74.0040283203125,40.7239990234375,258.22,3220,3220,3294.46,3552.68,74.46000000000004,-2.2737367544323206e-13,0.9999999999999991
24009,-73.986328125,40.74345397949219,-74.008544921875,40.74555969238281,618.83,3220,3220,-1.0,-1.0,-1,-1,0.0
24010,-73.9783706665039,40.76272964477539,-73.98537445068358,40.77642822265625,544.87,3220,3220,-1.0,-1.0,-1,-1,0.0
24011,-73.96089935302734,40.78089141845703,-73.9710922241211,40.766883850097656,349.24,3221,3221,3271.1,3620.34,50.09999999999991,2.2737367544323206e-13,1.0000000000000007
24012,-74.00772094726562,40.74087524414063,-73.98466491699219,40.74249649047852,690.59,3221,3221,-1.0,-1.0,-1,-1,0.0
24013,-73.9798126220703,40.78396224975585,-73.95547485351562,40.77950668334961,573.42,3221,3221,3268.68,3842.1,47.679999999999836,1.1368683772161603e-13,1.0000000000000002
24014,-74.0082473754883,40.73752212524415,-74.01531982421875,40.71129608154297,511.63,3221,3221,-1.0,-1.0,-1,-1,0.0
24015,-73.97358703613281,40.78974151611328,-73.96817016601562,40.79964065551758,183.23,3221,3221,3351.76,3534.9900000000002,130.76000000000022,2.842170943040401e-14,1.0000000000000002
24016,-73.98539733886719,40.744300842285156,-73.9775390625,40.763450622558594,612.86,3221,3221,-1.0,-1.0,-1,-1,0.0
24017,-73.98786926269531,40.770015716552734,-73.9647216796875,40.805885314941406,651.79,3221,3221,-1.0,-1.0,-1,-1,0.0
24018,-73.9775390625,40.74240112304688,-73.97618865966798,40.73521041870117,218.75,3221,3221,-1.0,-1.0,-1,-1,0.0
24019,-73.9823226928711,40.7517204284668,-74.0031509399414,40.73314666748047,559.91,3222,3222,3262.62,3852.6,40.61999999999989,30.07000000000005,1.0537050597417443
24020,-74.00130462646483,40.75268173217773,-73.994873046875,40.75027084350585,301.07,3222,3222,-1.0,-1.0,-1,-1,0.0
24021,-73.97291564941406,40.785892486572266,-73.97318267822266,40.79541397094727,270.91,3222,3222,3270.33,3541.24,48.32999999999993,-1.7053025658242404e-13,0.9999999999999993
24022,-73.97087097167969,40.7553596496582,-73.95327758789062,40.780174255371094,510.26,3222,3222,-1.0,-1.0,-1,-1,0.0
24023,-74.0049285888672,40.72343826293945,-73.99484252929686,40.74020385742188,318.98,3222,3222,3335.79,3654.77,113.78999999999996,0.0,1.0
24024,-73.9656753540039,40.79539489746094,-73.97474670410156,40.77804946899415,331.13,3222,3222,3676.9700000000003,4008.1,454.97000000000025,-3.410605131648481e-13,0.999999999999999
24025,-73.97632598876955,40.73969650268555,-74.00154876708984,40.73589324951172,651.32,3222,3222,-1.0,-1.0,-1,-1,0.0
24026,-73.98508453369139,40.768348693847656,-73.97586059570312,40.76119613647461,409.9,3222,3222,-1.0,-1.0,-1,-1,0.0
24027,-74.01223754882812,40.71687698364258,-74.00990295410156,40.73247146606445,204.81,3222,3222,3320.0,3524.81,98.0,-5.684341886080802e-14,0.9999999999999998
24028,-73.98215484619139,40.76980209350585,-73.95408630371094,40.784481048583984,759.53,3223,3223,3259.75,4019.28,36.75,2.2737367544323206e-13,1.0000000000000002
24029,-73.99597930908203,40.75374221801758,-73.99756622314453,40.74248123168945,329.2,3223,3223,3283.0,3612.2,60.0,-1.7053025658242404e-13,0.9999999999999994
24030,-73.97359466552734,40.75579071044922,-74.00694274902342,40.74078369140625,1038.26,3223,3223,-1.0,-1.0,-1,-1,0.0
24031,-73.987060546875,40.74545669555664,-74.00266265869139,40.760684967041016,783.19,3223,3223,3265.21,4067.87,42.210000000000036,19.4699999999998,1.024859867975842
24032,-73.99113464355469,40.73940658569336,-73.98487854003906,40.76404571533203,797.11,3223,3223,-1.0,-1.0,-1,-1,0.0
24033,-73.96420288085938,40.766761779785156,-73.9763946533203,40.78571319580078,595.0,3223,3223,-1.0,-1.0,-1,-1,0.0
24034,-73.98653411865234,40.756080627441406,-73.96291351318358,40.76647567749024,771.09,3223,3223,-1.0,-1.0,-1,-1,0.0
24035,-74.0056915283203,40.7257194519043,-74.01006317138672,40.70992660522461,471.63,3223,3223,3280.06,3751.69,57.059999999999945,1.1368683772161603e-13,1.0000000000000002
24036,-73.98526000976562,40.7688102722168,-73.98063659667969,40.76190185546875,402.2,3224,3224,-1.0,-1.0,-1,-1,0.0
24037,-73.9828567504883,40.74206924438477,-73.9799270629883,40.7563591003418,539.49,3224,3224,-1.0,-1.0,-1,-1,0.0
24038,-73.96158599853516,40.80113220214844,-73.95178985595702,40.77786254882813,693.95,3224,3224,3328.92,4022.87,104.92000000000007,-2.2737367544323206e-13,0.9999999999999997
24039,-73.99492645263672,40.74007415771485,-73.97647857666014,40.76087188720703,769.68,3224,3224,-1.0,-1.0,-1,-1,0.0
24040,-73.96926879882812,40.757755279541016,-73.95654296875,40.76801300048828,352.77,3224,3224,3280.57,3654.68,56.570000000000164,21.33999999999969,1.060492672279388
24041,-73.9806137084961,40.76480484008789,-73.9876251220703,40.7213134765625,1419.65,3224,3224,3243.63,4728.030000000001,19.63000000000011,64.75000000000045,1.0456098334096435
24042,-73.9664535522461,40.75970077514648,-74.0030288696289,40.72679901123047,1069.3,3224,3224,-1.0,-1.0,-1,-1,0.0
24043,-73.99517822265625,40.717681884765625,-73.98473358154298,40.75115966796875,976.54,3224,3224,-1.0,-1.0,-1,-1,0.0
24044,-73.97372436523438,40.794677734375,-73.9630355834961,40.80017852783203,292.84,3224,3224,3307.5,3600.34,83.5,1.7053025658242404e-13,1.0000000000000007
24045,-73.96830749511719,40.75080871582031,-73.98982238769531,40.74174880981445,647.25,3224,3224,-1.0,-1.0,-1,-1,0.0
24046,-73.96842193603516,40.76190948486328,-73.9713134765625,40.75641632080078,222.5,3224,3224,3261.8199999999997,3484.3199999999997,37.81999999999971,0.0,1.0
24047,-73.99302673339844,40.734073638916016,-73.98220825195312,40.731712341308594,370.63,3224,3224,-1.0,-1.0,-1,-1,0.0
24048,-74.00443267822266,40.71660232543945,-73.99302673339844,40.72802734375,499.95,3224,3224,3306.71,3806.66,82.71000000000004,-1.7053025658242404e-13,0.9999999999999997
24049,-73.98504638671875,40.73622131347656,-73.96340179443358,40.75741958618164,534.27,3224,3224,-1.0,-1.0,-1,-1,0.0
24050,-73.99327850341797,40.76274490356445,-73.95372009277344,40.80669403076172,958.48,3225,3225,3256.31,4282.56,31.309999999999945,67.77000000000044,1.070705700692764
24051,-73.99693298339844,40.73651123046875,-74.00430297851562,40.70711898803711,910.96,3225,3225,-1.0,-1.0,-1,-1,0.0
24052,-73.9711380004883,40.76686096191406,-73.98212432861328,40.76839065551758,340.39,3225,3225,3263.38,3603.77,38.38000000000011,-1.1368683772161603e-13,0.9999999999999997
24053,-73.97911071777342,40.76253128051758,-73.9837646484375,40.77370834350585,435.46,3225,3225,3372.59,3808.05,147.59000000000015,5.684341886080802e-14,1.0000000000000002
24054,-74.00221252441406,40.726478576660156,-73.97756958007811,40.76324844360352,920.46,3225,3225,-1.0,-1.0,-1,-1,0.0
24055,-74.00179290771484,40.75077819824219,-73.98683166503906,40.75096893310547,482.49,3225,3225,3291.33,3773.82,66.32999999999993,2.2737367544323206e-13,1.0000000000000004
24056,-73.9740219116211,40.7513084411621,-73.95916748046875,40.771827697753906,471.37,3225,3225,-1.0,-1.0,-1,-1,0.0
24057,-73.96113586425781,40.76071548461913,-73.9803009033203,40.76518630981445,686.87,3225,3225,-1.0,-1.0,-1,-1,0.0
24058,-74.00914001464844,40.71503829956055,-73.99893951416014,40.714759826660156,544.07,3225,3225,-1.0,-1.0,-1,-1,0.0
24059,-73.99806976318358,40.72026824951172,-73.99768829345702,40.73362350463867,540.6,3226,3226,3241.23,3781.83,15.230000000000018,-1.1368683772161603e-13,0.9999999999999998
24060,-73.97345733642578,40.752349853515625,-73.98101806640625,40.742862701416016,341.04,3226,3226,-1.0,-1.0,-1,-1,0.0
24061,-73.99360656738281,40.75231170654297,-73.93711853027344,40.85417175292969,1389.96,3226,3226,-1.0,-1.0,-1,-1,0.0
24062,-73.95513153076173,40.78023910522461,-73.94767761230467,40.78723907470703,195.78,3226,3226,-1.0,-1.0,-1,-1,0.0
24063,-73.99574279785155,40.73340606689453,-74.00643920898438,40.73814010620117,394.18,3226,3226,-1.0,-1.0,-1,-1,0.0
24064,-74.01024627685547,40.71949005126953,-74.01451873779298,40.71548843383789,237.38,3226,3226,3267.77,3524.31,41.76999999999998,19.159999999999968,1.0807144662566348
24065,-73.99036407470702,40.75631713867188,-73.9890899658203,40.76284790039063,214.23,3226,3226,3285.67,3499.9,59.67000000000007,2.842170943040401e-14,1.0000000000000002
24066,-73.96054077148438,40.8076286315918,-73.98200988769531,40.77320098876953,650.01,3226,3226,3474.92,4124.93,248.92000000000007,2.2737367544323206e-13,1.0000000000000004
24067,-73.97158813476562,40.75458908081055,-73.98339080810547,40.7842025756836,1076.43,3226,3226,-1.0,-1.0,-1,-1,0.0
24068,-73.99595642089844,40.72533416748047,-73.98409271240234,40.721458435058594,328.37,3227,3227,3275.02,3603.39,48.01999999999998,-1.1368683772161603e-13,0.9999999999999997
24069,-73.94877624511719,40.77415084838867,-73.9572525024414,40.784400939941406,398.54,3227,3227,3271.09,3669.63,44.090000000000146,-5.684341886080802e-14,0.9999999999999999
24070,-73.98609924316406,40.74065017700195,-73.98136901855469,40.75854110717773,606.12,3227,3227,-1.0,-1.0,-1,-1,0.0
24071,-73.99966430664062,40.73768997192383,-74.00944519042969,40.71942901611328,476.2,3227,3227,-1.0,-1.0,-1,-1,0.0
24072,-74.00248718261719,40.73984146118164,-73.99378967285155,40.7523193359375,314.55,3227,3227,3263.38,3577.93,36.38000000000011,-2.8421709430404007e-13,0.9999999999999991
24073,-73.97444915771484,40.78337860107422,-73.98103332519531,40.7445182800293,1171.0,3227,3227,3342.5,4513.5,115.5,0.0,1.0
24074,-73.98430633544923,40.76813125610352,-73.98311614990234,40.76201248168945,256.12,3228,3228,-1.0,-1.0,-1,-1,0.0
24075,-73.99286651611328,40.75354385375977,-73.95639038085938,40.78006362915039,1033.29,3228,3228,-1.0,-1.0,-1,-1,0.0
24076,-73.98094940185547,40.729591369628906,-73.99011993408203,40.717140197753906,503.36,3228,3228,3268.17,3771.53,40.17000000000007,1.1368683772161603e-13,1.0000000000000002
24077,-73.98690032958984,40.76129150390625,-73.97319030761719,40.7646713256836,486.44,3228,3228,-1.0,-1.0,-1,-1,0.0
24078,-73.961181640625,40.76068878173828,-73.94152069091797,40.7935905456543,521.13,3228,3228,-1.0,-1.0,-1,-1,0.0
24079,-73.9462661743164,40.78023147583008,-74.00767517089844,40.74076843261719,1637.74,3228,3228,3347.33,4985.07,119.32999999999993,-2.2737367544323206e-13,0.9999999999999999
24080,-73.95314025878906,40.77252578735352,-73.95263671875,40.783557891845696,280.95,3229,3229,3252.19,3533.14,23.190000000000055,-1.7053025658242404e-13,0.9999999999999994
24081,-73.96520233154298,40.75520706176758,-73.95222473144531,40.77555847167969,402.7,3229,3229,3258.35,3661.0499999999997,29.34999999999991,-1.7053025658242404e-13,0.9999999999999996
24082,-73.970703125,40.75899887084961,-73.97683715820312,40.74679183959961,335.06,3229,3229,-1.0,-1.0,-1,-1,0.0
24083,-73.99009704589844,40.756290435791016,-73.9593505859375,40.77717971801758,877.32,3229,3229,3240.25,4117.57,11.25,-3.410605131648481e-13,0.9999999999999996
24084,-73.97685241699219,40.75917053222656,-73.99336242675781,40.74662399291992,565.55,3229,3229,-1.0,-1.0,-1,-1,0.0
24085,-73.96946716308594,40.76326370239258,-74.01256561279298,40.70166397094727,1173.0,3229,3229,3280.29,4483.51,51.289999999999964,30.220000000000255,1.0257630008525151
24086,-73.97126007080078,40.78767013549805,-73.9805145263672,40.78233337402344,254.98,3229,3229,-1.0,-1.0,-1,-1,0.0
24087,-73.98855590820312,40.745811462402344,-74.00668334960938,40.74150466918945,584.66,3230,3230,3250.98,3909.22,20.980000000000018,73.57999999999981,1.1258509219033281
24088,-73.98165130615234,40.77045440673828,-73.97515869140625,40.790203094482415,445.92,3230,3230,3245.03,3690.95,15.0300000000002,-3.979039320256561e-13,0.9999999999999991
24089,-73.9879150390625,40.76488494873047,-73.9821014404297,40.771568298339844,288.48,3230,3230,-1.0,-1.0,-1,-1,0.0
24090,-73.9953384399414,40.7331428527832,-73.98306274414062,40.7561912536621,654.22,3230,3230,3252.96,3907.18,22.960000000000036,-2.2737367544323206e-13,0.9999999999999997
24091,-74.01238250732422,40.71831893920898,-73.98413848876955,40.7649040222168,985.47,3230,3230,-1.0,-1.0,-1,-1,0.0
24092,-73.98063659667969,40.78180313110352,-73.97442626953125,40.77988052368164,213.62,3230,3230,3269.81,3483.43,39.809999999999945,-1.1368683772161603e-13,0.9999999999999994
24093,-73.99158477783203,40.75048828125,-74.00537109375,40.73997497558594,401.44,3230,3230,3241.92,3675.0099999999998,11.920000000000073,31.649999999999693,1.0788411717815856
24094,-73.99140930175781,40.75004959106445,-74.00630187988281,40.72270965576172,521.61,3230,3230,-1.0,-1.0,-1,-1,0.0
24095,-73.97319030761719,40.78517532348633,-73.99244689941406,40.72498321533203,1687.99,3230,3230,3244.86,4950.43,14.860000000000127,17.580000000000155,1.0104147536419055
24096,-73.99021911621094,40.729251861572266,-74.00098419189453,40.73383331298828,386.63,3230,3230,3336.93,3723.56,106.92999999999984,1.1368683772161603e-13,1.0000000000000002
24097,-73.96443939208984,40.773941040039055,-73.9924087524414,40.75389099121094,1026.45,3231,3231,-1.0,-1.0,-1,-1,0.0
24098,-73.9789505004883,40.75510025024415,-73.96768188476562,40.753849029541016,499.29,3231,3231,-1.0,-1.0,-1,-1,0.0
24099,-74.00755310058594,40.75157928466797,-73.99907684326173,40.730770111083984,717.3,3231,3231,3290.73,4008.03,59.73000000000002,2.2737367544323206e-13,1.0000000000000002
24100,-73.99517822265625,40.74467086791992,-73.9788818359375,40.74922180175781,495.5,3231,3231,3289.6,3785.1,58.59999999999991,0.0,1.0
24101,-73.97223663330078,40.75330352783203,-73.97410583496094,40.76176071166992,479.59,3231,3231,-1.0,-1.0,-1,-1,0.0
24102,-73.982666015625,40.763092041015625,-74.00846099853516,40.72098159790039,1113.72,3231,3231,-1.0,-1.0,-1,-1,0.0
24103,-73.9940414428711,40.75141906738281,-73.9748306274414,40.79352951049805,895.91,3231,3231,-1.0,-1.0,-1,-1,0.0
24104,-73.97515869140625,40.73306655883789,-73.99057006835938,40.75204849243164,859.49,3232,3232,-1.0,-1.0,-1,-1,0.0
24105,-73.98065185546875,40.75994110107422,-73.962646484375,40.76726150512695,592.75,3232,3232,3243.88,3836.63,11.88000000000011,0.0,1.0
24106,-73.97403717041014,40.78403854370117,-73.9839859008789,40.77965545654297,281.09,3232,3232,-1.0,-1.0,-1,-1,0.0
24107,-73.9639663696289,40.76130676269531,-73.97364044189453,40.7637939453125,377.79,3232,3232,-1.0,-1.0,-1,-1,0.0
24108,-73.98934936523438,40.7481575012207,-73.93861389160156,40.80857849121094,1412.53,3232,3232,-1.0,-1.0,-1,-1,0.0
24109,-73.99485778808595,40.76615905761719,-73.98682403564453,40.76242065429688,252.79,3232,3232,3257.81,3554.27,25.809999999999945,43.670000000000044,1.172752086712291
24110,-73.98526763916014,40.7447509765625,-73.99190521240234,40.749267578125,365.13,3232,3232,-1.0,-1.0,-1,-1,0.0
24111,-73.9994583129883,40.72499084472656,-73.9920196533203,40.71634292602539,579.21,3233,3233,-1.0,-1.0,-1,-1,0.0
24112,-73.97347259521484,40.74966812133789,-73.98507690429686,40.72788619995117,496.45,3233,3233,3307.63,3804.08,74.63000000000011,-1.7053025658242404e-13,0.9999999999999997
24113,-73.98346710205078,40.746978759765625,-73.97007751464845,40.7654685974121,470.06,3233,3233,3257.5,3727.56,24.5,-5.684341886080802e-14,0.9999999999999999
24114,-73.98150634765625,40.75358581542969,-73.97471618652342,40.75441360473633,251.42,3233,3233,-1.0,-1.0,-1,-1,0.0
24115,-73.98854064941406,40.74295043945313,-73.95652770996094,40.76696014404297,831.84,3233,3233,-1.0,-1.0,-1,-1,0.0
24116,-73.95712280273438,40.770751953125,-74.00935363769531,40.746185302734375,1393.0,3233,3233,3287.4100000000003,4737.4800000000005,54.41000000000031,57.070000000000164,1.0409691313711416
24117,-73.99222564697266,40.74383163452149,-73.97832489013672,40.75276565551758,453.92,3233,3233,3240.0,3693.92,7.0,5.684341886080802e-14,1.0000000000000002
24118,-73.98200225830078,40.72806167602539,-73.9920654296875,40.748966217041016,873.38,3234,3234,3356.21,4229.59,122.21000000000004,1.1368683772161603e-13,1.0000000000000002
24119,-73.98961639404298,40.734371185302734,-73.97525787353516,40.72894287109375,384.54,3234,3234,3338.71,3723.25,104.71000000000004,-5.684341886080802e-14,0.9999999999999999
24120,-73.95487976074219,40.778587341308594,-73.9608154296875,40.781593322753906,184.59,3234,3234,3255.08,3439.67,21.079999999999927,1.4210854715202004e-13,1.0000000000000007
24121,-73.97510528564453,40.750503540039055,-73.96636199951173,40.79245376586913,1126.39,3234,3234,3253.06,4379.45,19.059999999999945,-2.2737367544323206e-13,0.9999999999999998
24122,-73.96654510498048,40.79391098022461,-73.97285461425781,40.748573303222656,1291.06,3235,3235,3270.23,4623.42,35.23000000000002,62.13000000000011,1.0481232475640172
24123,-73.97230529785155,40.76240921020508,-73.94698333740234,40.77415466308594,663.11,3235,3235,-1.0,-1.0,-1,-1,0.0
24124,-73.96617889404298,40.76805877685547,-73.98831939697266,40.748741149902344,937.44,3235,3235,-1.0,-1.0,-1,-1,0.0
24125,-73.99134826660156,40.750343322753906,-73.97138977050781,40.76604080200195,915.76,3235,3235,-1.0,-1.0,-1,-1,0.0
24126,-73.9965286254883,40.73185729980469,-73.98438262939453,40.77991485595703,1201.26,3235,3235,3280.63,4535.03,45.63000000000011,53.139999999999645,1.0442368846044983
24127,-73.9931640625,40.730018615722656,-74.00220489501955,40.72660827636719,271.08,3236,3236,3352.42,3623.5,116.42000000000007,-5.684341886080802e-14,0.9999999999999998
24128,-74.00687408447266,40.73010635375977,-73.99247741699219,40.72435760498047,551.09,3236,3236,3420.92,3972.01,184.92000000000007,1.1368683772161603e-13,1.0000000000000002
24129,-73.98513793945312,40.73907470703125,-73.98925018310547,40.726280212402344,378.15,3236,3236,3268.62,3720.06,32.61999999999989,73.29000000000008,1.1938119793732649
24130,-73.98390197753906,40.739273071289055,-73.92940521240234,40.8540153503418,1981.71,3236,3236,3267.78,5270.92,31.7800000000002,21.429999999999836,1.0108138930519601
24131,-73.9752426147461,40.75606155395508,-74.00898742675781,40.71379852294922,1282.94,3236,3236,-1.0,-1.0,-1,-1,0.0
24132,-73.97463226318358,40.74217987060547,-73.94927215576173,40.775089263916016,528.39,3236,3236,-1.0,-1.0,-1,-1,0.0
24133,-73.99166870117188,40.750091552734375,-74.007568359375,40.74092483520508,472.53,3236,3236,-1.0,-1.0,-1,-1,0.0
24134,-73.97697448730467,40.75099563598633,-73.98719787597656,40.74873352050781,421.12,3236,3236,3280.79,3776.36,44.789999999999964,74.45000000000016,1.1767904635258362
24135,-73.98053741455078,40.76745986938477,-73.95337677001955,40.77692794799805,767.14,3236,3236,-1.0,-1.0,-1,-1,0.0
24136,-73.984619140625,40.76850509643555,-73.98143768310547,40.74664688110352,865.7,3236,3236,-1.0,-1.0,-1,-1,0.0
24137,-73.98909759521484,40.77724838256836,-73.94657135009766,40.78070068359375,1032.28,3237,3237,3365.83,4398.11,128.82999999999993,-2.2737367544323206e-13,0.9999999999999998
24138,-73.97409057617188,40.74980545043945,-73.9944076538086,40.763538360595696,834.31,3237,3237,-1.0,-1.0,-1,-1,0.0
24139,-73.96491241455078,40.80686950683594,-73.97431945800781,40.79114151000977,320.68,3237,3237,3381.08,3701.7599999999998,144.07999999999993,-1.7053025658242404e-13,0.9999999999999994
24140,-73.96068572998048,40.76799011230469,-73.9678192138672,40.755615234375,423.72,3237,3237,-1.0,-1.0,-1,-1,0.0
24141,-73.96475219726562,40.791751861572266,-73.98152160644531,40.78001022338867,398.63,3237,3237,3288.95,3731.19,51.94999999999982,43.61000000000024,1.1093996939517854
24142,-73.9529800415039,40.78300094604492,-73.9597396850586,40.75878143310547,737.8,3237,3237,3264.8,4003.43,27.800000000000182,0.8299999999996999,1.001124966115478
24143,-73.94395446777344,40.79535675048828,-73.94329833984375,40.78609848022461,311.16,3237,3237,3320.37,3631.53,83.36999999999989,2.8421709430404007e-13,1.0000000000000009
24144,-73.98512268066406,40.732177734375,-73.98509979248048,40.72174835205078,375.48,3238,3238,3287.5,3662.98,49.5,0.0,1.0
24145,-73.99875640869139,40.744789123535156,-73.98467254638672,40.74332046508789,401.0,3238,3238,-1.0,-1.0,-1,-1,0.0
24146,-73.98397827148438,40.73771286010742,-73.9914321899414,40.727455139160156,299.86,3238,3238,-1.0,-1.0,-1,-1,0.0
24147,-73.95182037353516,40.7778205871582,-73.9590301513672,40.76737976074219,261.59,3238,3238,3255.44,3517.0299999999997,17.440000000000055,-2.8421709430404007e-13,0.9999999999999989
24148,-74.0008544921875,40.73185729980469,-74.0025863647461,40.74890518188477,500.36,3238,3238,-1.0,-1.0,-1,-1,0.0
24149,-73.99382019042969,40.74674987792969,-73.99302673339844,40.763050079345696,505.64,3238,3238,3297.45,3803.09,59.44999999999982,3.410605131648481e-13,1.0000000000000007
24150,-73.98049163818358,40.765907287597656,-73.9901123046875,40.77478408813477,403.3,3238,3238,-1.0,-1.0,-1,-1,0.0
24151,-73.97406005859375,40.76472091674805,-73.9723129272461,40.75698852539063,363.08,3238,3238,-1.0,-1.0,-1,-1,0.0
24152,-73.98185729980467,40.766845703125,-73.99461364746094,40.76076889038085,471.1,3239,3239,-1.0,-1.0,-1,-1,0.0
24153,-73.97066497802734,40.75589370727539,-73.98262786865234,40.75838088989258,540.96,3239,3239,-1.0,-1.0,-1,-1,0.0
24154,-73.98088836669923,40.763431549072266,-73.99739837646483,40.72553253173828,1105.94,3239,3239,3259.0,4433.1,20.0,68.16000000000031,1.0616308298822723
24155,-74.00857543945312,40.71982955932617,-74.00006866455078,40.73054122924805,388.67,3239,3239,-1.0,-1.0,-1,-1,0.0
24156,-73.98224639892578,40.76559829711913,-73.95960235595702,40.77191162109375,706.16,3239,3239,3296.94,4019.9,57.940000000000055,16.800000000000068,1.0237906423473435
24157,-73.97084045410156,40.751548767089844,-73.9923324584961,40.74932861328125,716.23,3239,3239,-1.0,-1.0,-1,-1,0.0
24158,-73.95716857910156,40.770267486572266,-73.96428680419923,40.76737594604492,237.92,3239,3239,3356.38,3594.3,117.38000000000011,8.526512829121202e-14,1.0000000000000004
24159,-73.9920196533203,40.72651290893555,-73.98345947265625,40.74388885498047,505.81,3239,3239,3286.2,3792.01,47.19999999999982,3.979039320256561e-13,1.0000000000000009
24160,-73.95649719238281,40.781471252441406,-73.94819641113281,40.77127075195313,427.53,3239,3239,-1.0,-1.0,-1,-1,0.0
24161,-73.97824096679686,40.75453186035156,-74.00253295898438,40.76072311401367,755.73,3239,3239,-1.0,-1.0,-1,-1,0.0
24162,-73.98719024658203,40.744239807128906,-74.00595092773438,40.72407150268555,588.53,3239,3239,3264.56,3853.0899999999997,25.559999999999945,-2.2737367544323206e-13,0.9999999999999997
24163,-73.9697265625,40.75971603393555,-73.9822006225586,40.76844787597656,538.16,3240,3240,3250.83,3844.03,10.829999999999927,55.040000000000305,1.1022744165304004
24164,-73.9915313720703,40.742279052734375,-73.9926528930664,40.75603866577149,550.41,3240,3240,3274.37,3904.83,34.36999999999989,80.05000000000007,1.145437037844516
24165,-73.9964599609375,40.7237434387207,-74.01534271240234,40.70966339111328,736.56,3240,3240,3283.5899999999997,4020.15,43.58999999999969,4.547473508864641e-13,1.0000000000000007
24166,-73.97250366210938,40.76224899291992,-73.96340179443358,40.77458953857422,261.43,3240,3240,-1.0,-1.0,-1,-1,0.0
24167,-73.9915313720703,40.75899887084961,-73.9879379272461,40.738380432128906,705.36,3240,3240,3268.62,4009.8599999999997,28.61999999999989,35.87999999999977,1.0508676420551204
24168,-74.00154876708984,40.72753143310547,-73.98312377929686,40.73052978515625,502.75,3240,3240,-1.0,-1.0,-1,-1,0.0
24169,-74.00379180908203,40.74750518798828,-73.99052429199219,40.73470306396485,533.88,3240,3240,3304.0,3837.88,64.0,1.1368683772161603e-13,1.0000000000000002
24170,-73.97766876220702,40.74934005737305,-73.99990844726562,40.72854995727539,678.58,3240,3240,-1.0,-1.0,-1,-1,0.0
24171,-73.96754455566406,40.7569580078125,-74.00125122070312,40.722415924072266,1018.42,3240,3240,3298.77,4356.27,58.76999999999998,39.080000000000496,1.038373166277175
24172,-73.9901123046875,40.756996154785156,-73.98136901855469,40.75286102294922,344.12,3240,3240,-1.0,-1.0,-1,-1,0.0
24173,-73.9619598388672,40.759620666503906,-73.97985076904298,40.78293228149415,891.89,3240,3240,3299.74,4214.45,59.73999999999978,22.82000000000005,1.0255861148796377
24174,-74.00216674804686,40.74512481689453,-73.97645568847656,40.759220123291016,907.56,3240,3240,-1.0,-1.0,-1,-1,0.0
24175,-73.96678161621094,40.77295303344727,-73.95561218261719,40.774505615234375,378.45,3240,3240,3311.04,3689.49,71.03999999999996,-1.7053025658242404e-13,0.9999999999999996
24176,-73.98973083496094,40.76770401000977,-73.97735595703125,40.74280548095703,1076.32,3241,3241,-1.0,-1.0,-1,-1,0.0
24177,-74.00077819824219,40.72077560424805,-73.9676513671875,40.76614379882813,1414.6,3241,3241,-1.0,-1.0,-1,-1,0.0
24178,-74.00578308105469,40.73307800292969,-73.98916625976562,40.75795364379883,645.55,3241,3241,3335.58,3981.1299999999997,94.57999999999993,-2.2737367544323206e-13,0.9999999999999997
24179,-74.00045013427734,40.747718811035156,-73.97901153564453,40.75026321411133,665.41,3241,3241,-1.0,-1.0,-1,-1,0.0
24180,-73.97044372558594,40.75565719604492,-73.98530578613281,40.767822265625,722.79,3241,3241,-1.0,-1.0,-1,-1,0.0
24181,-73.97315979003906,40.7486686706543,-73.95822143554686,40.76789855957031,481.55,3241,3241,-1.0,-1.0,-1,-1,0.0
24182,-73.98191833496094,40.769039154052734,-73.98198699951173,40.77663040161133,283.02,3241,3241,-1.0,-1.0,-1,-1,0.0
24183,-73.96651458740234,40.76468276977539,-73.97650146484375,40.76485824584961,413.21,3241,3241,-1.0,-1.0,-1,-1,0.0
24184,-73.97032928466798,40.75928115844727,-73.99105072021484,40.75609970092773,749.61,3241,3241,3293.0,4094.64,52.0,52.02999999999986,1.0694094262349754
24185,-73.97163391113281,40.76213455200195,-73.99092102050781,40.76089477539063,598.32,3242,3242,-1.0,-1.0,-1,-1,0.0
24186,-73.9836654663086,40.73824691772461,-73.97381591796875,40.75305938720703,364.31,3242,3242,-1.0,-1.0,-1,-1,0.0
24187,-73.98500061035155,40.75384140014648,-73.98424530029298,40.78360366821289,866.09,3242,3242,-1.0,-1.0,-1,-1,0.0
24188,-74.01441955566406,40.70476531982422,-73.9947509765625,40.72703552246094,898.63,3242,3242,-1.0,-1.0,-1,-1,0.0
24189,-73.98896026611328,40.74446868896485,-74.00759887695312,40.74082946777344,574.78,3242,3242,-1.0,-1.0,-1,-1,0.0
24190,-73.95220947265625,40.76948928833008,-73.96733093261719,40.75693893432617,469.57,3242,3242,-1.0,-1.0,-1,-1,0.0
24191,-73.97469329833984,40.75383377075195,-74.00457000732422,40.74200820922852,846.66,3242,3242,-1.0,-1.0,-1,-1,0.0
24192,-73.97301483154298,40.74871063232422,-73.98320770263672,40.71499252319336,616.0,3242,3242,-1.0,-1.0,-1,-1,0.0
24193,-73.97647857666014,40.782447814941406,-73.96085357666014,40.778167724609375,410.9,3242,3242,3464.67,3875.5699999999997,222.67000000000007,-3.410605131648481e-13,0.9999999999999992
24194,-73.98210906982422,40.77513885498047,-73.95349884033203,40.783687591552734,706.13,3243,3243,3326.7,4032.8300000000004,83.69999999999982,5.684341886080801e-13,1.0000000000000009
24195,-73.98374938964845,40.74985885620117,-73.97157287597656,40.75818252563477,479.13,3243,3243,-1.0,-1.0,-1,-1,0.0
24196,-73.97293090820312,40.75637817382813,-73.9775161743164,40.76469802856445,460.23,3243,3243,-1.0,-1.0,-1,-1,0.0
24197,-74.00019073486328,40.73049545288085,-74.00531005859375,40.70895004272461,761.31,3243,3243,3276.79,4038.1000000000004,33.789999999999964,4.547473508864641e-13,1.0000000000000007
24198,-73.9769973754883,40.76474380493164,-73.96044921875,40.81582260131836,950.78,3243,3243,-1.0,-1.0,-1,-1,0.0
24199,-73.98197937011719,40.76832962036133,-73.98161315917969,40.77819061279297,246.36,3243,3243,3301.1400000000003,3547.5000000000005,58.14000000000033,1.1368683772161603e-13,1.0000000000000004
24200,-74.00563049316406,40.72563552856445,-73.94780731201173,40.775062561035156,1468.74,3244,3244,3292.12,4798.7,48.11999999999989,37.83999999999992,1.0257635796669253
24201,-73.95974731445312,40.7705078125,-73.93914794921875,40.79082107543945,437.49,3244,3244,3285.35,3743.54,41.34999999999991,20.700000000000045,1.0473153672083935
24202,-73.97453308105469,40.76173782348633,-73.98399353027342,40.76467514038085,409.95,3244,3244,-1.0,-1.0,-1,-1,0.0
24203,-73.99745178222656,40.73002624511719,-73.97846221923827,40.75130462646485,796.94,3244,3244,3275.04,4084.94,31.039999999999964,12.960000000000036,1.0162622029261927
24204,-73.96416473388672,40.76778030395508,-73.96153259277344,40.757625579833984,454.68,3244,3244,-1.0,-1.0,-1,-1,0.0
24205,-73.97058868408203,40.764564514160156,-73.95743560791014,40.78022766113281,365.93,3244,3244,3285.89,3651.82,41.88999999999987,2.8421709430404007e-13,1.0000000000000007
24206,-73.9975051879883,40.73659133911133,-74.00829315185547,40.73637390136719,352.71,3244,3244,-1.0,-1.0,-1,-1,0.0
24207,-73.94703674316406,40.78331756591797,-73.95540618896483,40.779693603515625,201.4,3244,3244,3696.38,3897.7799999999997,452.3800000000001,-3.694822225952521e-13,0.9999999999999981
24208,-73.98609161376955,40.74658966064453,-74.00543975830078,40.739990234375,515.51,3245,3245,-1.0,-1.0,-1,-1,0.0
24209,-73.98444366455078,40.769569396972656,-73.99869537353516,40.74452209472656,691.69,3245,3245,3300.24,3991.93,55.23999999999978,0.0,1.0
24210,-74.00194549560547,40.72634887695313,-73.97977447509766,40.72275924682617,647.3,3245,3245,-1.0,-1.0,-1,-1,0.0
24211,-73.96688079833984,40.75700759887695,-73.9713134765625,40.7483787536621,217.25,3245,3245,-1.0,-1.0,-1,-1,0.0
24212,-73.97657012939453,40.75503158569336,-73.97212219238281,40.74899673461913,307.96,3245,3245,-1.0,-1.0,-1,-1,0.0
24213,-73.98577117919923,40.741458892822266,-73.99715423583984,40.74220657348633,347.78,3245,3245,-1.0,-1.0,-1,-1,0.0
24214,-73.99079895019531,40.73970031738281,-73.99652099609375,40.721981048583984,605.05,3246,3246,-1.0,-1.0,-1,-1,0.0
24215,-73.99263763427734,40.749420166015625,-74.0047378540039,40.74324035644531,302.57,3246,3246,3278.08,3589.25,32.07999999999993,8.60000000000008,1.0284231748025252
24216,-73.98294067382812,40.73872375488281,-74.01233673095702,40.70153427124024,668.44,3247,3247,-1.0,-1.0,-1,-1,0.0
24217,-73.9986801147461,40.734878540039055,-73.98879241943358,40.75844192504883,701.01,3247,3247,-1.0,-1.0,-1,-1,0.0
24218,-73.94473266601562,40.780029296875,-73.99079895019531,40.76074600219727,1192.39,3247,3247,-1.0,-1.0,-1,-1,0.0
24219,-73.9859619140625,40.7302360534668,-74.00521850585938,40.74070739746094,581.59,3247,3247,-1.0,-1.0,-1,-1,0.0
24220,-73.9967269897461,40.716529846191406,-73.97103881835938,40.75519180297852,1023.07,3247,3247,3439.0,4462.07,192.0,-3.410605131648481e-13,0.9999999999999997
24221,-73.98009490966798,40.72693252563477,-73.9915313720703,40.7447509765625,728.63,3248,3248,3406.84,4135.47,158.84000000000015,1.1368683772161603e-13,1.0000000000000002
24222,-73.991943359375,40.74908065795898,-74.00279235839844,40.74715042114258,300.58,3248,3248,-1.0,-1.0,-1,-1,0.0
24223,-73.95559692382812,40.77972412109375,-73.96528625488281,40.77497100830078,274.18,3248,3248,-1.0,-1.0,-1,-1,0.0
24224,-73.97411346435547,40.78381729125977,-73.98551177978516,40.778465270996094,312.38,3248,3248,-1.0,-1.0,-1,-1,0.0
24225,-73.98721313476562,40.74964141845703,-73.99717712402342,40.73830032348633,407.09,3248,3248,-1.0,-1.0,-1,-1,0.0
24226,-73.98062133789062,40.764793395996094,-73.99147033691406,40.75304412841797,531.0,3248,3248,-1.0,-1.0,-1,-1,0.0
24227,-73.98485565185547,40.77922821044922,-73.98086547851562,40.76968765258789,330.24,3249,3249,3286.04,3628.98,37.039999999999964,12.700000000000045,1.0384568798449614
24228,-73.99606323242188,40.73254776000977,-74.0053482055664,40.72084045410156,500.71,3249,3249,3370.38,3871.09,121.38000000000011,5.684341886080802e-14,1.0000000000000002
24229,-73.97210693359375,40.75701522827149,-74.0066909790039,40.73612594604492,1039.21,3249,3249,-1.0,-1.0,-1,-1,0.0
24230,-73.96644592285155,40.758148193359375,-74.01470947265625,40.71696472167969,1225.58,3249,3249,-1.0,-1.0,-1,-1,0.0
24231,-73.99152374267578,40.72711181640625,-73.99130249023438,40.73518371582031,256.86,3249,3249,3356.96,3613.82,107.96000000000004,1.1368683772161603e-13,1.0000000000000004
24232,-74.00801086425781,40.728870391845696,-73.99079132080078,40.73966979980469,529.54,3250,3250,-1.0,-1.0,-1,-1,0.0
24233,-73.9748764038086,40.78752136230469,-73.95121002197266,40.779258728027344,576.45,3250,3250,3300.17,3876.62,50.17000000000007,-2.2737367544323206e-13,0.9999999999999996
24234,-74.0146484375,40.70473098754883,-73.9905014038086,40.75630569458008,1064.17,3250,3250,-1.0,-1.0,-1,-1,0.0
24235,-74.00838470458984,40.70542907714844,-74.01517486572266,40.71810150146485,528.64,3250,3250,-1.0,-1.0,-1,-1,0.0
24236,-73.99366760253906,40.72114181518555,-73.98776245117188,40.72253036499024,242.65,3250,3250,3375.71,3618.36,125.71000000000004,8.526512829121202e-14,1.0000000000000004
24237,-73.97528076171875,40.761695861816406,-73.96965026855469,40.761573791503906,219.65,3250,3250,-1.0,-1.0,-1,-1,0.0
24238,-73.94915771484375,40.7767333984375,-73.95843505859375,40.78083801269531,243.29,3250,3250,3310.75,3604.16,60.75,50.11999999999986,1.2060092893254957
24239,-73.97442626953125,40.75616455078125,-73.96867370605469,40.76743698120117,325.57,3250,3250,-1.0,-1.0,-1,-1,0.0
24240,-73.97653198242188,40.76254653930664,-74.00321197509766,40.747501373291016,867.04,3250,3250,-1.0,-1.0,-1,-1,0.0
24241,-73.95061492919923,40.77104568481445,-73.99771881103516,40.72579956054688,1205.87,3251,3251,3287.54,4493.41,36.539999999999964,0.0,1.0
24242,-74.004638671875,40.75207901000977,-73.9622344970703,40.79502487182617,966.31,3251,3251,-1.0,-1.0,-1,-1,0.0
24243,-73.98310089111328,40.76270294189453,-73.98683166503906,40.75087356567383,477.37,3251,3251,3306.12,3783.4900000000002,55.11999999999989,3.410605131648481e-13,1.0000000000000007
24244,-73.99205017089844,40.749271392822266,-73.9861831665039,40.73075866699219,594.18,3251,3251,3270.0,3864.1800000000003,19.0,3.410605131648481e-13,1.0000000000000007
24245,-73.97832489013672,40.76688766479492,-73.99130249023438,40.73276901245117,1023.43,3252,3252,-1.0,-1.0,-1,-1,0.0
24246,-73.9761734008789,40.74454116821289,-73.98793029785155,40.72555541992188,411.18,3252,3252,3296.3199999999997,3707.5,44.31999999999971,2.8421709430404007e-13,1.0000000000000007
24247,-74.005859375,40.74031066894531,-73.99465179443358,40.74766159057617,423.08,3252,3252,-1.0,-1.0,-1,-1,0.0
24248,-73.9654769897461,40.75487518310547,-73.96765899658203,40.80266189575195,1197.02,3252,3252,3289.0,4518.68,37.0,32.66000000000031,1.0272844229837432
24249,-73.97474670410156,40.729698181152344,-73.98429870605469,40.736289978027344,317.29,3252,3252,-1.0,-1.0,-1,-1,0.0
24250,-73.95694732666014,40.78583908081055,-73.97309875488281,40.782730102539055,307.59,3253,3253,3361.29,3668.88,108.28999999999996,1.7053025658242404e-13,1.0000000000000004
24251,-73.95879364013672,40.77798080444336,-73.96961975097656,40.76366424560547,418.25,3253,3253,-1.0,-1.0,-1,-1,0.0
24252,-73.96073913574219,40.77226638793945,-73.96092987060547,40.75933074951172,488.62,3253,3253,3284.17,3795.4100000000003,31.170000000000073,22.620000000000232,1.0462936433220094
24253,-73.97367858886719,40.75857162475585,-73.95687866210938,40.7714958190918,505.65,3253,3253,-1.0,-1.0,-1,-1,0.0
24254,-73.9933853149414,40.742393493652344,-73.9964828491211,40.732139587402344,262.95,3253,3253,3286.94,3581.76,33.940000000000055,31.870000000000175,1.1212017493820126
24255,-73.9728012084961,40.76412963867188,-73.95874786376955,40.76704025268555,445.21,3253,3253,-1.0,-1.0,-1,-1,0.0
24256,-73.9902801513672,40.7514533996582,-74.0026092529297,40.73880386352539,355.61,3253,3253,-1.0,-1.0,-1,-1,0.0
24257,-73.99415588378906,40.751224517822266,-73.99012756347656,40.72512435913085,1016.63,3253,3253,3310.45,4327.08,57.44999999999982,1.1368683772161603e-13,1.0000000000000002
24258,-74.01091003417969,40.70975875854492,-73.98350524902342,40.72156524658203,771.57,3254,3254,-1.0,-1.0,-1,-1,0.0
24259,-73.99002075195312,40.74681854248047,-73.97483825683594,40.750801086425774,512.27,3254,3254,-1.0,-1.0,-1,-1,0.0
24260,-73.9798126220703,40.74971008300781,-73.97530364990234,40.74140930175781,361.37,3254,3254,3312.52,3673.89,58.51999999999998,-1.1368683772161603e-13,0.9999999999999997
24261,-73.9908218383789,40.739990234375,-73.98612976074219,40.72246551513672,671.12,3254,3254,-1.0,-1.0,-1,-1,0.0
24262,-74.0007553100586,40.75757598876953,-74.00244140625,40.74497985839844,296.45,3254,3254,-1.0,-1.0,-1,-1,0.0
24263,-73.97206115722656,40.756141662597656,-73.98275756835938,40.75878143310547,429.83,3254,3254,-1.0,-1.0,-1,-1,0.0
24264,-73.978759765625,40.76667022705078,-73.95639038085938,40.77788925170898,677.81,3254,3254,3300.24,3978.05,46.23999999999978,4.547473508864641e-13,1.0000000000000007
24265,-73.9749755859375,40.76152038574219,-73.99886322021484,40.73168563842773,755.84,3255,3255,-1.0,-1.0,-1,-1,0.0
24266,-73.9551773071289,40.78017044067383,-73.98636627197266,40.73772811889648,1144.41,3255,3255,3385.62,4530.03,130.6199999999999,-2.2737367544323206e-13,0.9999999999999998
24267,-73.97598266601562,40.75935363769531,-73.95662689208984,40.77836227416992,629.48,3255,3255,-1.0,-1.0,-1,-1,0.0
24268,-74.00613403320312,40.75104522705078,-73.97926330566406,40.75273132324219,751.26,3255,3255,3428.27,4179.53,173.26999999999998,-2.2737367544323206e-13,0.9999999999999997
24269,-74.00276947021484,40.76047897338867,-74.00437927246094,40.74241256713867,402.05,3255,3255,-1.0,-1.0,-1,-1,0.0
24270,-73.9774398803711,40.76436996459961,-73.98136901855469,40.774600982666016,337.86,3255,3255,3276.06,3613.92,21.059999999999945,1.1368683772161603e-13,1.0000000000000004
24271,-73.97652435302734,40.75661087036133,-73.96538543701173,40.75832748413085,353.93,3255,3255,-1.0,-1.0,-1,-1,0.0
24272,-73.98374938964845,40.76610565185547,-73.95735931396483,40.77479934692383,699.76,3255,3255,3277.4,3988.31,22.40000000000009,11.149999999999864,1.015934034526123
24273,-73.99107360839844,40.756248474121094,-73.9810562133789,40.74156951904297,714.12,3255,3255,3382.51,4096.63,127.51000000000022,-1.1368683772161603e-13,0.9999999999999999
24274,-73.95077514648438,40.77081680297852,-73.9643020629883,40.755767822265625,431.19,3256,3256,3300.99,3732.18,44.98999999999978,5.684341886080802e-14,1.0000000000000002
24275,-73.98844909667969,40.74874877929688,-73.97970581054686,40.76085662841797,350.76,3256,3256,-1.0,-1.0,-1,-1,0.0
24276,-73.98223876953125,40.77153778076172,-73.97264099121094,40.7933349609375,538.37,3256,3256,-1.0,-1.0,-1,-1,0.0
24277,-74.01052856445312,40.71752548217773,-74.00190734863281,40.7245979309082,368.22,3256,3256,-1.0,-1.0,-1,-1,0.0
24278,-73.95600891113281,40.78213119506836,-73.96930694580078,40.76337814331055,547.08,3256,3256,3328.67,3875.75,72.67000000000007,-1.1368683772161603e-13,0.9999999999999998
24279,-74.00527954101562,40.75151062011719,-73.99053192138672,40.74102020263672,462.78,3256,3256,3313.7200000000003,3776.5,57.720000000000255,-2.2737367544323206e-13,0.9999999999999996
24280,-73.99588775634766,40.738136291503906,-73.9922866821289,40.71523666381836,962.79,3256,3256,-1.0,-1.0,-1,-1,0.0
24281,-74.00968933105469,40.71575927734375,-73.98886108398438,40.74850845336913,751.44,3256,3256,-1.0,-1.0,-1,-1,0.0
24282,-73.99623107910156,40.740379333496094,-73.97096252441406,40.78300094604492,1138.43,3256,3256,-1.0,-1.0,-1,-1,0.0
24283,-73.9746551513672,40.77813720703125,-73.9646224975586,40.76812744140625,570.41,3256,3256,3315.28,3885.69,59.2800000000002,-1.1368683772161603e-13,0.9999999999999998
24284,-73.98506927490234,40.75398635864258,-73.96082305908203,40.80669021606445,1157.29,3256,3256,3311.46,4531.68,55.460000000000036,62.93000000000029,1.0543770360065328
24285,-73.96365356445312,40.757976531982415,-73.96734619140625,40.76345443725585,275.49,3256,3256,3309.48,3650.89,53.48000000000002,65.91999999999985,1.2392827325855742
24286,-73.9547348022461,40.7739143371582,-73.98297119140625,40.77183532714844,705.21,3257,3257,3278.62,4063.87,21.61999999999989,80.03999999999996,1.1134981069468668
24287,-73.98841857910156,40.77442169189453,-73.97936248779298,40.78176879882813,251.72,3257,3257,-1.0,-1.0,-1,-1,0.0
24288,-73.98719787597656,40.73614883422852,-74.00247192382812,40.72766876220703,469.85,3257,3257,-1.0,-1.0,-1,-1,0.0
24289,-73.99771118164062,40.75653839111328,-73.98419952392578,40.764747619628906,400.04,3257,3257,3286.74,3686.78,29.73999999999978,3.979039320256561e-13,1.0000000000000009
24290,-73.98719787597656,40.73728942871094,-73.9947280883789,40.71863174438477,688.4,3257,3257,3270.0,3958.4,13.0,1.1368683772161603e-13,1.0000000000000002
24291,-73.98674011230467,40.73862838745117,-74.00962829589844,40.7392807006836,713.21,3258,3258,-1.0,-1.0,-1,-1,0.0
24292,-73.98001861572266,40.74919128417969,-73.98513793945312,40.756595611572266,423.43,3258,3258,-1.0,-1.0,-1,-1,0.0
24293,-73.96464538574219,40.76574325561523,-73.96146392822266,40.75686645507813,410.8,3258,3258,3317.53,3728.33,59.5300000000002,-2.8421709430404007e-13,0.9999999999999993
24294,-73.96733093261719,40.76010513305664,-73.95118713378906,40.77931594848633,428.88,3258,3258,-1.0,-1.0,-1,-1,0.0
24295,-73.98680877685547,40.7714958190918,-73.9500732421875,40.78381729125977,864.73,3258,3258,-1.0,-1.0,-1,-1,0.0
24296,-73.97782897949219,40.76274108886719,-73.991943359375,40.73630905151367,815.27,3258,3258,-1.0,-1.0,-1,-1,0.0
24297,-73.99208068847656,40.7257194519043,-73.98433685302734,40.72917175292969,221.79,3258,3258,3324.58,3546.37,66.57999999999993,-2.842170943040401e-14,0.9999999999999999
24298,-73.98764038085938,40.73609161376953,-73.9911880493164,40.73814010620117,242.83,3258,3258,-1.0,-1.0,-1,-1,0.0
24299,-73.99582672119139,40.76419448852539,-73.98088836669923,40.75270462036133,662.54,3259,3259,-1.0,-1.0,-1,-1,0.0
24300,-73.9825668334961,40.76536560058594,-73.99144744873048,40.75007629394531,550.44,3259,3259,3415.45,3965.89,156.44999999999982,0.0,1.0
24301,-73.97684478759766,40.74803161621094,-73.96112823486328,40.76922225952149,533.36,3259,3259,-1.0,-1.0,-1,-1,0.0
24302,-73.98117828369139,40.77100372314453,-74.00000762939453,40.76143264770508,514.87,3259,3259,-1.0,-1.0,-1,-1,0.0
24303,-73.95411682128906,40.76409912109375,-73.94996643066406,40.77196502685547,268.96,3259,3259,-1.0,-1.0,-1,-1,0.0
24304,-73.96685791015625,40.7573471069336,-73.97543334960938,40.73310852050781,594.15,3259,3259,-1.0,-1.0,-1,-1,0.0
24305,-73.97538757324219,40.765472412109375,-73.98211669921875,40.77149200439453,218.95,3259,3259,3274.8,3493.75,15.800000000000182,-1.7053025658242404e-13,0.9999999999999992
24306,-73.98194122314453,40.76353073120117,-73.97824859619139,40.75413131713867,472.08,3259,3259,3342.12,3814.2,83.11999999999989,-5.684341886080802e-14,0.9999999999999999
24307,-73.98583984375,40.74097442626953,-73.96437835693358,40.807373046875,1598.32,3260,3260,3292.74,4912.97,32.73999999999978,21.910000000000537,1.0137081435507287
24308,-73.95571899414062,40.78221893310547,-73.96552276611328,40.77436065673828,289.35,3260,3260,3302.5099999999998,3605.66,42.50999999999976,13.800000000000068,1.0476931052358738
24309,-73.96730041503906,40.76316833496094,-73.97744750976562,40.74372863769531,551.43,3260,3260,-1.0,-1.0,-1,-1,0.0
24310,-73.970703125,40.75597381591797,-73.9584732055664,40.764442443847656,320.57,3260,3260,-1.0,-1.0,-1,-1,0.0
24311,-73.9820785522461,40.77505874633789,-73.96231079101562,40.798988342285156,493.87,3260,3260,3326.7,3820.5699999999997,66.69999999999982,-1.1368683772161603e-13,0.9999999999999998
24312,-73.98910522460938,40.77349472045898,-73.9758529663086,40.78046798706055,353.23,3260,3260,-1.0,-1.0,-1,-1,0.0
24313,-73.98529815673827,40.76876831054688,-73.96514892578125,40.76026153564453,682.61,3260,3260,3375.28,4057.89,115.2800000000002,-3.410605131648481e-13,0.9999999999999994
24314,-73.9906692504883,40.75584030151367,-73.97744750976562,40.72914123535156,1027.66,3260,3260,-1.0,-1.0,-1,-1,0.0
24315,-73.98719787597656,40.71402359008789,-73.98431396484375,40.72065353393555,313.5,3261,3261,-1.0,-1.0,-1,-1,0.0
24316,-73.97740936279298,40.75658798217773,-73.98240661621094,40.76826858520508,491.89,3261,3261,3298.12,3848.41,37.11999999999989,58.39999999999998,1.118725731362703
24317,-74.00527954101562,40.739933013916016,-74.0022735595703,40.72987365722656,351.85,3261,3261,-1.0,-1.0,-1,-1,0.0
24318,-73.99582672119139,40.73882293701172,-74.00828552246094,40.71678161621094,547.45,3261,3261,-1.0,-1.0,-1,-1,0.0
24319,-73.97305297851562,40.759132385253906,-73.99345397949219,40.72432327270508,994.17,3261,3261,-1.0,-1.0,-1,-1,0.0
24320,-73.98908233642578,40.75040054321289,-73.98341369628906,40.76715850830078,507.19,3261,3261,-1.0,-1.0,-1,-1,0.0
24321,-73.98211669921875,40.77056121826172,-73.98168182373048,40.77838134765625,215.12,3261,3261,3270.0,3546.41,9.0,61.28999999999985,1.2849107474897725
24322,-73.9822769165039,40.77699661254883,-73.97514343261719,40.76515579223633,415.85,3261,3261,3346.82,3762.67,85.82000000000016,-1.1368683772161603e-13,0.9999999999999998
24323,-73.9558334350586,40.77937316894531,-73.94792938232422,40.77463912963867,259.29,3261,3261,3313.88,3573.17,52.88000000000011,-5.684341886080802e-14,0.9999999999999998
24324,-73.98798370361328,40.764625549316406,-74.00501251220702,40.741065979003906,604.25,3262,3262,3289.32,3893.57,27.320000000000164,0.0,1.0
24325,-74.00900268554686,40.71590042114258,-74.01614379882812,40.71511840820313,239.5,3262,3262,-1.0,-1.0,-1,-1,0.0
24326,-73.98401641845702,40.7578010559082,-73.96109771728516,40.76068878173828,851.4,3262,3262,3360.78,4212.18,98.7800000000002,1.1368683772161603e-13,1.0000000000000002
24327,-73.97673034667969,40.74774169921875,-73.98976898193358,40.75157165527344,510.82,3262,3262,-1.0,-1.0,-1,-1,0.0
24328,-74.00526428222656,40.71838760375977,-73.99229431152342,40.72468185424805,486.76,3262,3262,3335.45,3822.21,73.44999999999982,2.2737367544323206e-13,1.0000000000000004
24329,-73.98468017578125,40.7273063659668,-73.9835433959961,40.72128677368164,260.23,3262,3262,-1.0,-1.0,-1,-1,0.0
24330,-73.98400115966798,40.74643325805664,-74.005859375,40.743629455566406,633.67,3262,3262,-1.0,-1.0,-1,-1,0.0
24331,-73.95523071289062,40.765079498291016,-73.94512176513672,40.7791404724121,361.37,3262,3262,3380.33,3741.7,118.32999999999993,-1.1368683772161603e-13,0.9999999999999997
24332,-74.00556945800781,40.750972747802734,-73.99996948242188,40.71147918701172,1046.97,3262,3262,-1.0,-1.0,-1,-1,0.0
24333,-73.97117614746094,40.76524353027344,-73.99114227294923,40.75092315673828,738.22,3263,3263,-1.0,-1.0,-1,-1,0.0
24334,-73.94448852539062,40.77947235107422,-73.98100280761719,40.78190994262695,836.93,3263,3263,-1.0,-1.0,-1,-1,0.0
24335,-73.9720001220703,40.76570129394531,-73.96622467041014,40.76764297485352,294.43,3263,3263,3311.54,3605.97,48.539999999999964,-1.7053025658242404e-13,0.9999999999999994
24336,-73.96412658691406,40.76784896850585,-73.96746063232422,40.76023483276367,266.79,3263,3263,3300.38,3600.4700000000003,37.38000000000011,33.300000000000125,1.1248172720116951
24337,-73.9542236328125,40.76625061035156,-73.98821258544923,40.7229118347168,871.57,3263,3263,3351.5,4223.07,88.5,-3.410605131648481e-13,0.9999999999999996
24338,-73.97362518310547,40.754859924316406,-73.98770904541014,40.74135971069336,461.62,3263,3263,-1.0,-1.0,-1,-1,0.0
24339,-73.9749526977539,40.75641632080078,-73.95893859863281,40.77777099609375,543.49,3263,3263,-1.0,-1.0,-1,-1,0.0
24340,-73.95660400390625,40.77800750732422,-73.99794006347656,40.7254638671875,1404.79,3263,3263,3270.0,4785.400000000001,7.0,110.61000000000058,1.0787377472789532
24341,-73.96717834472656,40.76109313964844,-73.95555877685547,40.77663803100585,301.47,3263,3263,-1.0,-1.0,-1,-1,0.0
24342,-74.01021575927734,40.72098159790039,-73.97845458984375,40.77896118164063,1126.17,3263,3263,3347.84,4474.01,84.84000000000015,0.0,1.0
24343,-73.96217346191406,40.7593002319336,-73.98052978515625,40.76757049560547,690.12,3264,3264,-1.0,-1.0,-1,-1,0.0
24344,-73.9717254638672,40.75793075561523,-73.98487854003906,40.72174835205078,924.43,3264,3264,3306.56,4279.37,42.559999999999945,48.379999999999995,1.052334952349015
24345,-74.0159683227539,40.70666885375977,-74.00958251953125,40.73928833007813,692.71,3264,3264,3405.79,4098.5,141.78999999999996,0.0,1.0
24346,-73.99620819091797,40.76344680786133,-73.97686767578125,40.75190353393555,748.25,3264,3264,3349.8,4098.05,85.80000000000018,0.0,1.0
24347,-73.9633255004883,40.76589965820313,-73.94713592529298,40.79105758666992,439.63,3264,3264,-1.0,-1.0,-1,-1,0.0
24348,-73.99820709228516,40.75098037719727,-74.00507354736328,40.74121856689453,218.78,3264,3264,3313.9299999999994,3532.7099999999996,49.92999999999938,1.9895196601282805e-13,1.0000000000000009
24349,-73.95452880859375,40.77656555175781,-73.96764373779298,40.76289367675781,460.57,3264,3264,3300.33,3760.9,36.32999999999993,1.7053025658242404e-13,1.0000000000000004
24350,-73.99484252929686,40.74026870727539,-74.0040054321289,40.744453430175774,217.7,3265,3265,-1.0,-1.0,-1,-1,0.0
24351,-73.96087646484375,40.77237319946289,-73.98491668701173,40.76896286010742,635.91,3265,3265,3353.16,3989.07,88.15999999999985,3.410605131648481e-13,1.0000000000000004
24352,-73.97943878173827,40.78178405761719,-73.95664978027344,40.78071212768555,511.75,3265,3265,3323.93,3835.68,58.929999999999836,0.0,1.0
24353,-73.989990234375,40.732852935791016,-73.99129486083984,40.744590759277344,429.67,3265,3265,3288.82,3760.7599999999998,23.820000000000164,42.269999999999584,1.09837782484232
24354,-74.00321960449219,40.72726821899415,-73.99205017089844,40.72913360595703,343.77,3265,3265,3307.55,3726.96,42.55000000000018,75.63999999999987,1.2200308345696247
24355,-73.9947967529297,40.734596252441406,-73.9988784790039,40.72982025146485,216.04,3265,3265,3279.06,3495.1,14.059999999999945,-2.842170943040401e-14,0.9999999999999999
24356,-74.00591278076173,40.72868347167969,-74.003173828125,40.71875381469727,317.53,3265,3265,3281.41,3646.2000000000003,16.409999999999854,47.260000000000446,1.148836330425473
24357,-73.97142791748048,40.74414443969727,-73.9869842529297,40.74921417236328,608.24,3265,3265,-1.0,-1.0,-1,-1,0.0
24358,-73.97149658203125,40.79526901245117,-73.98149108886719,40.78031921386719,316.33,3265,3265,3270.37,3644.07,5.369999999999891,57.37000000000029,1.1813612366832116
24359,-73.99482727050781,40.71852111816406,-73.98188781738281,40.73284149169922,433.82,3265,3265,3359.88,3793.7,94.88000000000011,-2.8421709430404007e-13,0.9999999999999993
24360,-73.9778594970703,40.754310607910156,-73.97145080566406,40.75529861450195,268.51,3266,3266,-1.0,-1.0,-1,-1,0.0
24361,-73.957275390625,40.770374298095696,-73.97509002685547,40.75567626953125,691.7,3266,3266,-1.0,-1.0,-1,-1,0.0
24362,-73.993408203125,40.762977600097656,-74.00355529785155,40.75149536132813,307.96,3266,3266,3289.86,3597.82,23.860000000000127,5.684341886080802e-14,1.0000000000000002
24363,-73.96988677978516,40.78963851928711,-73.98126220703125,40.763668060302734,647.57,3266,3266,3306.04,3953.61,40.039999999999964,1.1368683772161603e-13,1.0000000000000002
24364,-73.95462799072266,40.78750228881836,-73.99347686767578,40.72744369506836,1596.73,3266,3266,3299.83,4980.0599999999995,33.82999999999993,83.49999999999955,1.052294376632242
24365,-73.96269226074219,40.799129486083984,-73.95101165771484,40.81006240844727,368.75,3266,3266,3444.14,3812.89,178.13999999999987,0.0,1.0
24366,-73.9631576538086,40.76239013671875,-73.97896575927734,40.74354553222656,552.67,3267,3267,-1.0,-1.0,-1,-1,0.0
24367,-73.99166107177734,40.76470184326172,-73.98216247558594,40.74102020263672,1017.18,3267,3267,3430.71,4447.889999999999,163.71000000000004,-5.684341886080801e-13,0.9999999999999994
24368,-73.9881820678711,40.72295379638672,-74.00816345214845,40.71569061279297,665.23,3267,3267,3451.5299999999997,4116.76,184.52999999999975,4.547473508864641e-13,1.0000000000000007
24369,-73.9908676147461,40.75547409057617,-73.98058319091797,40.763496398925774,360.72,3267,3267,3276.54,3637.2599999999998,9.539999999999964,-2.2737367544323206e-13,0.9999999999999993
24370,-73.99715423583984,40.7470703125,-73.99017333984375,40.76072311401367,494.55,3267,3267,3291.5,3804.98,24.5,18.930000000000007,1.0382772217167122
24371,-73.9822998046875,40.754154205322266,-73.9850311279297,40.732246398925774,590.21,3267,3267,3286.69,3909.8700000000003,19.690000000000055,32.970000000000255,1.0558614730350218
24372,-73.99169158935547,40.74248504638672,-73.9996795654297,40.744140625,182.62,3267,3267,-1.0,-1.0,-1,-1,0.0
24373,-73.97635650634766,40.7553825378418,-73.9596176147461,40.776798248291016,593.27,3267,3267,-1.0,-1.0,-1,-1,0.0
24374,-73.99699401855469,40.722740173339844,-73.9811019897461,40.72515869140625,480.32,3267,3267,-1.0,-1.0,-1,-1,0.0
24375,-73.95417022705078,40.766109466552734,-73.96372985839844,40.77413940429688,422.84,3268,3268,3307.96,3730.8,39.960000000000036,1.7053025658242404e-13,1.0000000000000004
24376,-73.97672271728516,40.75246810913085,-73.97074127197266,40.78675842285156,960.6,3268,3268,-1.0,-1.0,-1,-1,0.0
24377,-73.95658874511719,40.77988052368164,-73.97779083251955,40.78628158569336,438.37,3268,3268,3542.96,3981.33,274.96000000000004,-1.1368683772161603e-13,0.9999999999999998
24378,-73.97881317138672,40.76171875,-73.98397827148438,40.73017120361328,1069.75,3268,3268,3319.03,4451.77,51.0300000000002,62.99000000000024,1.0588829165692921
24379,-73.99526977539062,40.73968124389648,-73.98204040527344,40.74640274047852,473.81,3268,3268,-1.0,-1.0,-1,-1,0.0
24380,-73.9760513305664,40.757488250732415,-73.9686279296875,40.76463317871094,282.35,3268,3268,3271.47,3553.82,3.4699999999998,3.410605131648481e-13,1.000000000000001
24381,-73.96599578857422,40.75299835205078,-73.97280883789062,40.764747619628906,565.19,3268,3268,3305.8,3870.99,37.80000000000018,-4.547473508864641e-13,0.9999999999999992
24382,-73.97610473632812,40.76043701171875,-73.99368286132812,40.73599624633789,560.56,3268,3268,3317.94,3878.5,49.940000000000055,0.0,1.0
24383,-73.97367095947266,40.7919807434082,-73.96218872070312,40.80218124389648,312.54,3269,3269,3826.73,4139.27,557.73,3.979039320256561e-13,1.0000000000000013
24384,-73.97368621826173,40.75772476196289,-73.95536041259766,40.782493591308594,646.31,3269,3269,-1.0,-1.0,-1,-1,0.0
24385,-73.97864532470702,40.78804397583008,-73.95641326904298,40.7781639099121,527.45,3269,3269,3288.82,3907.97,19.820000000000164,91.69999999999959,1.1738553417385527
24386,-73.9859619140625,40.74655151367188,-74.00663757324219,40.741458892822266,564.93,3269,3269,3294.33,3932.84,25.329999999999927,73.58000000000027,1.1302462251960426
24387,-73.95092010498048,40.779090881347656,-73.95303344726562,40.767311096191406,319.04,3269,3269,3304.37,3638.66,35.36999999999989,15.249999999999943,1.0477996489468404
24388,-73.9683837890625,40.79960250854492,-73.98223876953125,40.76953506469727,665.5,3269,3269,3367.28,4032.7799999999997,98.2800000000002,-4.547473508864641e-13,0.9999999999999993
24389,-73.99840545654298,40.72618103027344,-74.003662109375,40.74022674560547,391.39,3269,3269,-1.0,-1.0,-1,-1,0.0
24390,-73.95411682128906,40.78144073486328,-73.9806137084961,40.77828979492188,598.66,3269,3269,3304.66,3903.32,35.659999999999854,3.410605131648481e-13,1.0000000000000007
24391,-73.98934173583984,40.763179779052734,-73.99803924560547,40.76081848144531,254.8,3269,3269,-1.0,-1.0,-1,-1,0.0
24392,-74.0044937133789,40.74226379394531,-73.98490142822266,40.77008438110352,735.83,3270,3270,3270.0,4005.83,0.0,-1.1368683772161603e-13,0.9999999999999999
24393,-73.95188140869139,40.77798843383789,-73.95081329345702,40.76956176757813,245.08,3270,3270,3323.99,3569.07,53.98999999999978,3.694822225952521e-13,1.0000000000000016
24394,-73.96949768066406,40.75721740722656,-73.96012115478516,40.77037048339844,297.28,3270,3270,3304.77,3602.05,34.76999999999998,2.2737367544323206e-13,1.0000000000000007
24395,-73.95835876464845,40.784427642822266,-74.00540161132812,40.7258415222168,1582.67,3270,3270,3413.21,4995.88,143.21000000000004,0.0,1.0
24396,-73.96127319335938,40.7807731628418,-73.97443389892578,40.787635803222656,243.91,3270,3270,3274.25,3518.16,4.25,-1.4210854715202004e-13,0.9999999999999994
24397,-73.95365142822266,40.78216171264648,-73.95722961425781,40.77426528930664,195.25,3270,3270,3289.0,3484.25,19.0,0.0,1.0
24398,-73.9797134399414,40.75500106811523,-74.00309753417969,40.734580993652344,649.46,3270,3270,3318.07,4027.4300000000003,48.070000000000164,59.90000000000009,1.0922304683891233
24399,-74.00877380371094,40.704532623291016,-74.0044937133789,40.71718215942383,496.88,3270,3270,3308.5499999999997,3805.43,38.54999999999973,1.1368683772161603e-13,1.0000000000000002
24400,-73.99192810058595,40.74414825439453,-74.00897216796875,40.72587203979492,595.32,3271,3271,-1.0,-1.0,-1,-1,0.0
24401,-73.95901489257811,40.81577682495117,-73.95059967041014,40.80984497070313,227.63,3271,3271,3564.29,3791.92,293.28999999999996,1.1368683772161603e-13,1.0000000000000004
24402,-73.97418212890625,40.75404739379883,-73.98635864257811,40.740058898925774,359.25,3271,3271,3320.04,3679.29,49.039999999999964,0.0,1.0
24403,-73.9730224609375,40.75811767578125,-73.95771789550781,40.782386779785156,551.38,3271,3271,-1.0,-1.0,-1,-1,0.0
24404,-73.97260284423827,40.79363250732422,-73.97473907470702,40.78837203979492,217.91,3271,3271,-1.0,-1.0,-1,-1,0.0
24405,-73.99259948730467,40.73762130737305,-73.9910430908203,40.73006057739258,265.38,3271,3271,-1.0,-1.0,-1,-1,0.0
24406,-73.96943664550781,40.76919555664063,-73.98187255859375,40.777809143066406,369.79,3271,3271,-1.0,-1.0,-1,-1,0.0
24407,-74.00820922851562,40.7327995300293,-74.00186157226562,40.7351951599121,252.8,3271,3271,-1.0,-1.0,-1,-1,0.0
24408,-73.99022674560547,40.724952697753906,-73.97853851318358,40.72450256347656,319.59,3271,3271,3508.12,3827.71,237.1199999999999,1.7053025658242404e-13,1.0000000000000004
24409,-73.97078704833984,40.75583267211913,-73.97905731201173,40.76520919799805,573.21,3272,3272,-1.0,-1.0,-1,-1,0.0
24410,-73.99445343017578,40.72300720214844,-73.99528503417969,40.75988388061523,995.86,3272,3272,3422.46,4418.320000000001,150.46000000000004,5.684341886080801e-13,1.0000000000000007
24411,-73.97221374511719,40.75651931762695,-73.98258972167969,40.75149917602539,395.06,3272,3272,-1.0,-1.0,-1,-1,0.0
24412,-73.994873046875,40.746360778808594,-73.9818801879883,40.75860977172852,466.92,3272,3272,-1.0,-1.0,-1,-1,0.0
24413,-73.97459411621094,40.78739929199219,-73.9598617553711,40.80123519897461,359.83,3272,3272,3371.12,3730.95,99.11999999999989,-5.684341886080802e-14,0.9999999999999999
24414,-73.9650650024414,40.77523040771485,-73.98262023925781,40.77900695800781,473.04,3272,3272,3323.18,3861.63,51.179999999999836,65.41000000000025,1.1382758329105367
24415,-73.97692108154298,40.74760818481445,-73.94863891601562,40.80328369140625,1208.56,3272,3272,-1.0,-1.0,-1,-1,0.0
24416,-74.0023193359375,40.73956680297852,-73.99179077148438,40.73355484008789,363.67,3272,3272,3300.0,3663.67,28.0,5.684341886080802e-14,1.0000000000000002
24417,-73.97627258300781,40.79114151000977,-73.9801025390625,40.78128051757813,262.7,3272,3272,-1.0,-1.0,-1,-1,0.0
24418,-73.97142028808595,40.79779052734375,-73.97946166992188,40.765380859375,789.04,3273,3273,3375.91,4164.95,102.90999999999985,0.0,1.0
24419,-73.9764175415039,40.76031112670898,-73.9620132446289,40.77073669433594,466.1,3273,3273,-1.0,-1.0,-1,-1,0.0
24420,-73.98080444335938,40.76202774047852,-73.97019958496094,40.75830841064453,528.78,3273,3273,-1.0,-1.0,-1,-1,0.0
24421,-73.97844696044923,40.777244567871094,-73.9549102783203,40.78321075439453,588.71,3274,3274,3300.0,3888.71,26.0,0.0,1.0
24422,-73.96858978271484,40.75836181640625,-73.950439453125,40.78369140625,480.55,3274,3274,-1.0,-1.0,-1,-1,0.0
24423,-73.96369171142578,40.77145004272461,-73.97183990478516,40.78213882446289,335.2,3274,3274,-1.0,-1.0,-1,-1,0.0
24424,-73.97479248046875,40.75088882446289,-73.9931640625,40.73701858520508,575.79,3274,3274,-1.0,-1.0,-1,-1,0.0
24425,-73.98399353027342,40.76094055175781,-73.98363494873048,40.7391014099121,816.42,3274,3274,-1.0,-1.0,-1,-1,0.0
24426,-73.96769714355469,40.80229568481445,-73.94799041748048,40.80712890625,553.9,3274,3274,3933.41,4487.3099999999995,659.4099999999999,-3.410605131648481e-13,0.9999999999999993
24427,-74.0076904296875,40.72505187988281,-74.00698852539062,40.71442031860352,389.23,3274,3274,3331.96,3721.19,57.960000000000036,0.0,1.0
24428,-73.98722076416014,40.76064682006836,-73.965087890625,40.755218505859375,787.28,3274,3274,-1.0,-1.0,-1,-1,0.0
24429,-73.99424743652342,40.74589920043945,-74.00457763671875,40.74202728271485,261.2,3274,3274,3321.71,3582.91,47.710000000000036,-1.7053025658242404e-13,0.9999999999999993
24430,-74.00605773925781,40.748531341552734,-73.9916000366211,40.74251556396485,318.34,3275,3275,-1.0,-1.0,-1,-1,0.0
24431,-73.97784423828125,40.74643325805664,-73.98743438720702,40.75080490112305,418.24,3275,3275,3333.2,3751.44,58.19999999999982,2.2737367544323206e-13,1.0000000000000004
24432,-74.01321411132812,40.714370727539055,-73.97071075439453,40.798824310302734,1271.56,3275,3275,-1.0,-1.0,-1,-1,0.0
24433,-73.99999237060547,40.728477478027344,-73.99258422851562,40.74323654174805,405.84,3275,3275,-1.0,-1.0,-1,-1,0.0
24434,-73.9894790649414,40.75647735595703,-73.94743347167969,40.781829833984375,1138.17,3275,3275,3317.13,4455.3,42.13000000000011,0.0,1.0
24435,-73.98091125488281,40.742095947265625,-73.98558807373048,40.75580978393555,622.37,3275,3275,3330.42,3969.83,55.42000000000007,17.03999999999985,1.02737921172293
24436,-73.99057006835938,40.74199676513672,-73.98358154296875,40.767295837402344,775.97,3275,3275,-1.0,-1.0,-1,-1,0.0
24437,-73.98017120361328,40.74988174438477,-73.96653747558594,40.7612190246582,464.46,3275,3275,3327.91,3792.37,52.909999999999854,5.684341886080802e-14,1.0000000000000002
24438,-74.00042724609375,40.752689361572266,-73.9896011352539,40.77281188964844,436.75,3275,3275,-1.0,-1.0,-1,-1,0.0
24439,-73.99074554443358,40.75587844848633,-73.9917984008789,40.76968765258789,443.43,3276,3276,3319.81,3799.65,43.809999999999945,36.41000000000014,1.0821099158830032
24440,-73.97554779052734,40.77658462524415,-73.95458221435547,40.806678771972656,611.65,3276,3276,3396.0,4007.65,120.0,1.1368683772161603e-13,1.0000000000000002
24441,-73.97032165527342,40.78910827636719,-73.98851776123048,40.76022338867188,720.94,3276,3276,-1.0,-1.0,-1,-1,0.0
24442,-73.98663330078125,40.7459831237793,-74.004150390625,40.74762344360352,444.63,3276,3276,-1.0,-1.0,-1,-1,0.0
24443,-73.99633026123048,40.73619842529297,-74.00528717041014,40.74615859985352,361.78,3276,3276,-1.0,-1.0,-1,-1,0.0
24444,-73.98880767822266,40.75845718383789,-73.94830322265625,40.78477096557617,1033.12,3276,3276,3300.46,4425.17,24.460000000000036,91.59000000000015,1.0886537865881991
24445,-73.99517822265625,40.754730224609375,-74.0067138671875,40.744155883789055,323.22,3276,3276,3375.92,3699.14,99.92000000000007,-2.2737367544323206e-13,0.9999999999999993
24446,-73.99353790283203,40.727142333984375,-73.98284149169923,40.72278594970703,330.21,3276,3276,-1.0,-1.0,-1,-1,0.0
24447,-73.9913330078125,40.770423889160156,-73.969482421875,40.76087188720703,638.03,3276,3276,3447.22,4085.25,171.2199999999998,2.2737367544323206e-13,1.0000000000000004
24448,-73.94719696044923,40.78002166748047,-73.95523834228516,40.77243041992188,224.51,3276,3276,3305.83,3568.82,29.829999999999927,38.480000000000246,1.1713954834973954
24449,-73.97926330566406,40.767005920410156,-73.97020721435547,40.79695129394531,690.31,3277,3277,-1.0,-1.0,-1,-1,0.0
24450,-73.9911880493164,40.7503318786621,-74.01704406738281,40.707557678222656,989.23,3277,3277,-1.0,-1.0,-1,-1,0.0
24451,-73.98705291748048,40.733253479003906,-73.9779739379883,40.7458381652832,288.19,3277,3277,-1.0,-1.0,-1,-1,0.0
24452,-73.96857452392578,40.76221084594727,-73.98825073242188,40.73933029174805,624.75,3277,3277,3309.64,3934.3900000000003,32.63999999999987,4.547473508864641e-13,1.0000000000000007
24453,-73.95669555664062,40.767005920410156,-73.98119354248048,40.75018310546875,939.19,3277,3277,-1.0,-1.0,-1,-1,0.0
24454,-73.96839904785155,40.76490020751953,-74.00846099853516,40.72332763671875,1476.71,3277,3277,3302.91,4808.990000000001,25.909999999999854,29.3700000000008,1.0198888068747423
24455,-74.00447845458984,40.72550964355469,-73.9815902709961,40.74102020263672,654.02,3277,3277,-1.0,-1.0,-1,-1,0.0
24456,-73.96147155761719,40.7719612121582,-73.95860290527342,40.76721954345703,180.53,3277,3277,-1.0,-1.0,-1,-1,0.0
24457,-73.96196746826173,40.77088165283203,-73.98358154296875,40.74974822998047,825.57,3277,3277,3334.15,4199.04,57.15000000000009,39.31999999999982,1.0476276996499385
24458,-74.00753021240234,40.74311828613281,-73.99275970458984,40.76324081420898,403.21,3278,3278,-1.0,-1.0,-1,-1,0.0
24459,-73.9578628540039,40.77350997924805,-73.94805908203125,40.787071228027344,210.85,3278,3278,-1.0,-1.0,-1,-1,0.0
24460,-73.98567962646483,40.7784423828125,-73.96188354492188,40.79803085327149,576.24,3278,3278,-1.0,-1.0,-1,-1,0.0
24461,-74.00575256347656,40.7508544921875,-73.96013641357422,40.77381896972656,1199.36,3278,3278,-1.0,-1.0,-1,-1,0.0
24462,-73.97344207763672,40.792728424072266,-73.98352813720702,40.782020568847656,252.2,3278,3278,-1.0,-1.0,-1,-1,0.0
24463,-73.95098876953125,40.77081298828125,-73.97016906738281,40.75956344604492,652.55,3278,3278,3300.99,3996.1,22.98999999999978,42.56000000000017,1.065221055857789
24464,-73.97083282470702,40.74736022949219,-73.9597930908203,40.76266860961913,266.18,3278,3278,-1.0,-1.0,-1,-1,0.0
24465,-74.00732421875,40.74119186401367,-73.95857238769531,40.778507232666016,1321.53,3278,3278,-1.0,-1.0,-1,-1,0.0
24466,-73.99588775634766,40.75325012207031,-73.98330688476562,40.718509674072266,1199.51,3278,3278,-1.0,-1.0,-1,-1,0.0
24467,-74.00347137451173,40.72407150268555,-73.9749755859375,40.762054443359375,1111.58,3279,3279,3400.12,4511.7,121.11999999999989,0.0,1.0
24468,-74.00848388671875,40.73458862304688,-73.98841094970702,40.7598991394043,723.56,3279,3279,-1.0,-1.0,-1,-1,0.0
24469,-74.00740051269531,40.73260116577149,-73.9992446899414,40.73389053344727,309.96,3279,3279,-1.0,-1.0,-1,-1,0.0
24470,-73.97805023193358,40.748477935791016,-73.9837188720703,40.72579574584961,556.6,3279,3279,-1.0,-1.0,-1,-1,0.0
24471,-73.96663665771484,40.75781631469727,-73.97273254394531,40.764892578125,483.18,3279,3279,3335.94,3819.12,56.940000000000055,-1.7053025658242404e-13,0.9999999999999997
24472,-73.95858764648438,40.76404190063477,-73.94920349121094,40.7730827331543,234.79,3279,3279,3300.0,3534.79,21.0,-2.842170943040401e-14,0.9999999999999999
24473,-73.95912170410156,40.77336502075195,-73.953369140625,40.76847457885742,314.88,3279,3279,-1.0,-1.0,-1,-1,0.0
24474,-73.95890808105469,40.77584838867188,-73.96844482421875,40.76641082763672,426.12,3279,3279,-1.0,-1.0,-1,-1,0.0
24475,-73.98580169677734,40.75688171386719,-73.9912567138672,40.750335693359375,220.83,3280,3280,3392.99,3613.82,112.98999999999978,3.694822225952521e-13,1.0000000000000018
24476,-74.0147705078125,40.71671676635742,-73.98790740966798,40.73677062988281,852.9,3280,3280,-1.0,-1.0,-1,-1,0.0
24477,-73.99452209472656,40.75046920776367,-73.98623657226562,40.76208877563477,360.4,3280,3280,3331.46,3691.86,51.460000000000036,1.1368683772161603e-13,1.0000000000000002
24478,-74.00202941894531,40.75054168701172,-73.99463653564453,40.750465393066406,203.34,3280,3280,-1.0,-1.0,-1,-1,0.0
24479,-73.96782684326173,40.76287460327149,-73.9695816040039,40.75622940063477,262.83,3280,3280,-1.0,-1.0,-1,-1,0.0
24480,-73.9549789428711,40.769927978515625,-73.96437072753906,40.80716323852539,1017.92,3280,3280,-1.0,-1.0,-1,-1,0.0
24481,-74.01435852050781,40.71525955200195,-73.99874114990234,40.76370239257813,776.55,3280,3280,3328.08,4104.629999999999,48.07999999999993,-6.821210263296962e-13,0.9999999999999991
24482,-73.97358703613281,40.750247955322266,-73.9525375366211,40.76654815673828,598.06,3280,3280,-1.0,-1.0,-1,-1,0.0
24483,-73.98486328125,40.753772735595696,-73.9969024658203,40.76253509521485,499.85,3280,3280,-1.0,-1.0,-1,-1,0.0
24484,-74.00711822509766,40.72762680053711,-73.9678192138672,40.75453186035156,1180.92,3281,3281,-1.0,-1.0,-1,-1,0.0
24485,-73.97374725341797,40.7844123840332,-73.98446655273438,40.76701354980469,435.66,3281,3281,3422.38,3858.04,141.3800000000001,-1.7053025658242404e-13,0.9999999999999996
24486,-73.99105072021484,40.725181579589844,-73.98881530761719,40.7442512512207,741.39,3281,3281,3587.95,4329.34,306.9499999999998,3.410605131648481e-13,1.0000000000000004
24487,-73.96968078613281,40.789981842041016,-73.95059204101562,40.77143859863281,689.42,3281,3281,-1.0,-1.0,-1,-1,0.0
24488,-74.00613403320312,40.70616149902344,-73.9874038696289,40.73167419433594,662.85,3282,3282,3448.85,4111.7,166.8499999999999,-1.1368683772161603e-13,0.9999999999999998
24489,-73.96802520751955,40.76242446899415,-73.96243286132812,40.75698852539063,280.49,3282,3282,3385.17,3665.66,103.17000000000007,-2.2737367544323206e-13,0.9999999999999992
24490,-73.98036193847656,40.7656135559082,-73.98887634277344,40.75954818725585,383.41,3282,3282,-1.0,-1.0,-1,-1,0.0
24491,-73.98204040527344,40.77851104736328,-73.9788360595703,40.75915145874024,692.05,3282,3282,3322.64,4091.77,40.63999999999987,77.08000000000015,1.1113792356043641
24492,-73.96744537353516,40.80343246459961,-74.00299835205078,40.74417114257813,1189.74,3282,3282,3366.2,4555.94,84.19999999999982,-2.2737367544323206e-13,0.9999999999999998
24493,-73.95369720458984,40.76655578613281,-73.98121643066406,40.737548828125,627.79,3283,3283,-1.0,-1.0,-1,-1,0.0
24494,-73.9890365600586,40.76266098022461,-73.98857879638672,40.77399063110352,306.71,3283,3283,-1.0,-1.0,-1,-1,0.0
24495,-74.01302337646483,40.706443786621094,-74.00992584228516,40.73469543457031,509.92,3283,3283,-1.0,-1.0,-1,-1,0.0
24496,-73.95428466796875,40.76632690429688,-74.00315856933594,40.73811721801758,1207.83,3283,3283,-1.0,-1.0,-1,-1,0.0
24497,-73.95645904541014,40.77553939819336,-73.9822998046875,40.77191925048828,674.49,3283,3283,3331.59,4006.08,48.590000000000146,-2.2737367544323206e-13,0.9999999999999997
24498,-73.94745635986328,40.78200149536133,-73.95234680175781,40.77254867553711,236.16,3283,3283,3311.79,3547.95,28.789999999999964,-1.4210854715202004e-13,0.9999999999999994
24499,-73.97613525390625,40.754798889160156,-73.97337341308594,40.76144409179688,238.84,3283,3283,-1.0,-1.0,-1,-1,0.0
24500,-73.95927429199219,40.77159118652344,-73.94898223876955,40.78923797607422,288.52,3284,3284,3318.52,3607.04,34.51999999999998,0.0,1.0
24501,-73.98081970214844,40.75938034057617,-73.96356964111328,40.75809860229492,602.39,3284,3284,-1.0,-1.0,-1,-1,0.0
24502,-74.00556182861328,40.72562789916992,-74.00947570800781,40.710880279541016,430.55,3284,3284,-1.0,-1.0,-1,-1,0.0
24503,-73.99759674072266,40.74483871459961,-73.9896469116211,40.74182891845703,210.17,3284,3284,3343.54,3553.71,59.539999999999964,8.526512829121202e-14,1.0000000000000004
24504,-73.98351287841797,40.741397857666016,-73.98817443847656,40.72798156738281,320.48,3284,3284,3320.42,3687.2400000000002,36.42000000000007,46.340000000000146,1.1445956065901153
24505,-73.97605895996094,40.74974822998047,-73.96534729003906,40.76673126220703,479.91,3284,3284,3314.61,3794.52,30.610000000000127,-1.7053025658242404e-13,0.9999999999999997
24506,-73.98107147216798,40.788818359375,-73.96681213378906,40.772621154785156,594.01,3285,3285,-1.0,-1.0,-1,-1,0.0
24507,-73.98275756835938,40.772476196289055,-73.95626068115234,40.78408432006836,682.37,3285,3285,3378.54,4060.91,93.53999999999996,-1.1368683772161603e-13,0.9999999999999998
24508,-74.00340270996094,40.74017333984375,-73.99539947509766,40.759952545166016,530.69,3285,3285,-1.0,-1.0,-1,-1,0.0
24509,-73.9823989868164,40.74843978881836,-74.00823974609375,40.74866104125977,685.93,3285,3285,3337.12,4082.35,52.11999999999989,59.30000000000007,1.086451970317671
24510,-73.98761749267578,40.73852157592773,-73.95511627197266,40.77324676513672,917.85,3285,3285,3317.12,4234.97,32.11999999999989,3.410605131648481e-13,1.0000000000000004
24511,-73.94931030273438,40.77700424194336,-73.97344207763672,40.79706954956055,777.52,3285,3285,3310.75,4158.66,25.75,70.38999999999987,1.0905314332750282
24512,-73.96750640869139,40.763160705566406,-73.99369049072266,40.73603057861328,832.76,3285,3285,-1.0,-1.0,-1,-1,0.0
24513,-73.98788452148438,40.74755096435547,-73.97198486328125,40.79450225830078,1132.54,3285,3285,-1.0,-1.0,-1,-1,0.0
24514,-73.96876525878906,40.75359725952149,-73.96043395996094,40.76158142089844,229.77,3285,3285,-1.0,-1.0,-1,-1,0.0
24515,-74.00666046142578,40.713768005371094,-74.00519561767578,40.73395538330078,550.54,3285,3285,-1.0,-1.0,-1,-1,0.0
24516,-73.98583984375,40.74094772338867,-73.9533462524414,40.78520202636719,1087.77,3285,3285,-1.0,-1.0,-1,-1,0.0
24517,-73.98413848876955,40.741058349609375,-73.99378204345702,40.746559143066406,408.09,3285,3285,-1.0,-1.0,-1,-1,0.0
24518,-73.99468994140625,40.76093292236328,-73.98951721191406,40.75885772705078,222.63,3286,3286,3368.84,3591.47,82.84000000000015,-3.410605131648481e-13,0.9999999999999984
24519,-73.98052978515625,40.75321960449219,-73.98107147216798,40.782241821289055,878.32,3286,3286,-1.0,-1.0,-1,-1,0.0
24520,-73.9572982788086,40.77024841308594,-73.98699188232422,40.76613998413085,809.25,3286,3286,3305.53,4114.780000000001,19.5300000000002,4.547473508864641e-13,1.0000000000000007
24521,-73.9695587158203,40.76446914672852,-73.95217895507811,40.77043151855469,581.0,3286,3286,3321.75,3902.75,35.75,0.0,1.0
24522,-73.9484634399414,40.7806510925293,-73.96459197998048,40.759376525878906,578.6,3287,3287,3324.13,3902.73,37.13000000000011,-1.1368683772161603e-13,0.9999999999999998
24523,-73.99674224853516,40.7475471496582,-73.9490966796875,40.77936553955078,1298.04,3287,3287,-1.0,-1.0,-1,-1,0.0
24524,-74.00130462646483,40.751861572265625,-73.990478515625,40.732872009277344,733.92,3287,3287,3311.7599999999998,4045.68,24.759999999999764,1.1368683772161603e-13,1.0000000000000002
24525,-73.96164703369139,40.78010940551758,-73.98574829101562,40.77217102050781,623.65,3287,3287,3313.71,3996.2299999999996,26.710000000000036,58.86999999999955,1.0943958951334876
24526,-74.00096893310547,40.731689453125,-73.98394775390625,40.74362182617188,509.61,3287,3287,-1.0,-1.0,-1,-1,0.0
24527,-73.96695709228516,40.793701171875,-73.97541046142578,40.78702163696289,192.4,3287,3287,-1.0,-1.0,-1,-1,0.0
24528,-73.98703765869139,40.72954177856445,-73.99178314208984,40.74913024902344,778.59,3287,3287,-1.0,-1.0,-1,-1,0.0
24529,-73.9906997680664,40.766151428222656,-73.97595977783203,40.77956008911133,363.69,3287,3287,-1.0,-1.0,-1,-1,0.0
24530,-73.98249816894531,40.752601623535156,-73.9646224975586,40.760929107666016,633.76,3287,3287,-1.0,-1.0,-1,-1,0.0
24531,-73.97704315185547,40.78852081298828,-73.95555114746094,40.7777099609375,528.99,3288,3288,3342.51,3925.7799999999997,54.51000000000022,54.27999999999952,1.1026106353617262
24532,-73.97026824951173,40.759578704833984,-73.95658111572266,40.785728454589844,672.29,3288,3288,-1.0,-1.0,-1,-1,0.0
24533,-73.99651336669923,40.7251205444336,-73.97908020019531,40.72369384765625,492.5,3288,3288,3386.75,3879.25,98.75,0.0,1.0
24534,-73.98097991943358,40.76388931274415,-73.99693298339844,40.755409240722656,718.99,3288,3288,3317.43,4068.18,29.429999999999836,31.75999999999999,1.0441730761206693
24535,-74.00398254394531,40.75098037719727,-73.99494171142578,40.750099182128906,312.92,3288,3288,3503.08,3816.0,215.07999999999993,5.684341886080802e-14,1.0000000000000002
24536,-73.97991180419923,40.730201721191406,-73.98927307128906,40.74151992797852,485.48,3288,3288,-1.0,-1.0,-1,-1,0.0
24537,-73.9786148071289,40.757488250732415,-73.96442413330078,40.76797103881836,498.18,3289,3289,-1.0,-1.0,-1,-1,0.0
24538,-73.96893310546875,40.79829025268555,-73.95525360107422,40.812110900878906,420.38,3289,3289,3321.75,3749.69,32.75,7.560000000000059,1.017983729007089
24539,-73.98601531982422,40.756141662597656,-73.98049163818358,40.745094299316406,452.87,3289,3289,-1.0,-1.0,-1,-1,0.0
24540,-73.97969055175781,40.760948181152344,-73.96649932861328,40.77227020263672,401.59,3289,3289,3341.54,3743.13,52.539999999999964,1.7053025658242404e-13,1.0000000000000004
24541,-73.93926239013672,40.80504989624024,-73.955322265625,40.78552627563477,536.4,3289,3289,3328.5099999999998,3864.91,39.50999999999976,1.1368683772161603e-13,1.0000000000000002
24542,-73.97365570068358,40.7480697631836,-74.00846862792969,40.7442741394043,1006.01,3289,3289,3348.46,4354.47,59.460000000000036,2.2737367544323206e-13,1.0000000000000002
24543,-73.95817565917969,40.76465606689453,-73.98139190673827,40.74696350097656,768.86,3289,3289,3310.91,4123.42,21.909999999999854,43.650000000000205,1.056772364279583
24544,-73.9662094116211,40.76469802856445,-73.96902465820312,40.75417709350585,354.01,3290,3290,3303.95,3692.87,13.949999999999818,34.91000000000008,1.0986130335301265
24545,-73.96666717529298,40.804481506347656,-73.96044158935547,40.81573486328125,254.04,3290,3290,3857.65,4111.69,567.6500000000001,-4.831690603168681e-13,0.9999999999999981
24546,-74.00051879882812,40.718605041503906,-74.009521484375,40.7235107421875,397.43,3290,3290,3342.91,3782.72,52.909999999999854,42.37999999999994,1.1066351307148428
24547,-73.97018432617188,40.789306640625,-73.97335815429686,40.79635238647461,269.99,3290,3290,-1.0,-1.0,-1,-1,0.0
24548,-73.98052215576173,40.783050537109375,-73.94518280029298,40.7752799987793,837.16,3290,3290,3347.57,4212.52,57.570000000000164,27.790000000000305,1.033195565961107
24549,-73.96337127685547,40.76586151123047,-73.95645141601562,40.77301025390625,202.45,3290,3290,3328.85,3531.2999999999997,38.84999999999991,-1.7053025658242404e-13,0.9999999999999991
24550,-73.99952697753906,40.71947860717773,-73.99983978271484,40.726722717285156,412.11,3290,3290,-1.0,-1.0,-1,-1,0.0
24551,-74.00130462646483,40.746376037597656,-73.99832153320312,40.726051330566406,644.21,3291,3291,-1.0,-1.0,-1,-1,0.0
24552,-73.96404266357422,40.75688934326172,-73.97012329101562,40.76232147216797,364.8,3291,3291,3381.79,3746.59,90.78999999999996,1.7053025658242404e-13,1.0000000000000004
24553,-73.977783203125,40.7492561340332,-73.96707916259766,40.76372146606445,499.33,3291,3291,-1.0,-1.0,-1,-1,0.0
24554,-73.9649429321289,40.76667022705078,-74.00013732910156,40.736152648925774,1162.12,3291,3291,3309.4,4471.52,18.40000000000009,4.547473508864641e-13,1.0000000000000004
24555,-73.99542999267578,40.74481964111328,-74.00769805908203,40.742881774902344,348.45,3291,3291,3337.9,3686.35,46.90000000000009,-1.7053025658242404e-13,0.9999999999999996
24556,-74.01168060302734,40.71003341674805,-73.9763412475586,40.74901580810547,1105.75,3291,3291,-1.0,-1.0,-1,-1,0.0
24557,-73.99498748779298,40.725749969482415,-74.00263977050781,40.73963928222656,533.33,3291,3291,-1.0,-1.0,-1,-1,0.0
24558,-73.9865493774414,40.745792388916016,-74.010009765625,40.71000671386719,1043.95,3291,3291,3340.02,4393.68,49.01999999999998,9.710000000000264,1.0093012117438578
24559,-73.9698486328125,40.78464889526367,-73.98763275146483,40.76131057739258,680.95,3291,3291,3320.24,4067.78,29.23999999999978,66.59000000000037,1.097789852412072
24560,-73.98902130126955,40.73662185668945,-73.98195648193358,40.74602890014648,335.57,3291,3291,3331.36,3699.43,40.36000000000013,32.499999999999716,1.096850135590189
24561,-73.95204162597656,40.7775993347168,-73.9502410888672,40.77117156982422,213.21,3292,3292,3329.87,3543.08,37.86999999999989,2.842170943040401e-14,1.0000000000000002
24562,-74.00215148925781,40.74601745605469,-73.99126434326173,40.7421760559082,215.79,3292,3292,3419.0,3634.79,127.0,-2.842170943040401e-14,0.9999999999999999
24563,-73.97936248779298,40.78483963012695,-74.00830841064453,40.736270904541016,1146.67,3292,3292,3335.18,4529.27,43.179999999999836,47.42000000000053,1.0413545309461314
24564,-73.97148895263672,40.79533386230469,-73.97782135009766,40.78547286987305,207.96,3292,3292,3343.04,3551.0,51.039999999999964,2.842170943040401e-14,1.0000000000000002
24565,-73.95397186279298,40.77903747558594,-73.94441986083984,40.80232238769531,448.96,3292,3292,3344.15,3793.11,52.15000000000009,5.684341886080802e-14,1.0000000000000002
24566,-73.98309326171875,40.74165344238281,-74.00987243652342,40.70536804199219,844.61,3292,3292,3402.83,4247.44,110.82999999999993,-3.410605131648481e-13,0.9999999999999996
24567,-73.97433471679686,40.75979614257813,-73.95623779296875,40.78343200683594,490.85,3292,3292,-1.0,-1.0,-1,-1,0.0
24568,-73.94064331054686,40.79316329956055,-73.95421600341797,40.78453063964844,338.7,3293,3293,3386.26,3748.08,93.26000000000022,23.11999999999972,1.0682609979332736
24569,-73.98204040527344,40.77939224243164,-74.0001220703125,40.74285125732422,930.02,3293,3293,3334.28,4281.25,41.2800000000002,16.949999999999818,1.0182254145072147
24570,-73.97911071777342,40.75297164916992,-73.98312377929686,40.771728515625,694.87,3293,3293,3318.47,4013.34,25.4699999999998,3.410605131648481e-13,1.0000000000000004
24571,-73.954345703125,40.766151428222656,-73.98701477050781,40.755348205566406,1019.25,3293,3293,-1.0,-1.0,-1,-1,0.0
24572,-73.9879379272461,40.733619689941406,-74.01612854003906,40.70927810668945,955.95,3293,3293,-1.0,-1.0,-1,-1,0.0
24573,-73.98937225341797,40.75870895385742,-74.00743865966798,40.74333953857422,650.36,3293,3293,3300.0,3950.36,7.0,1.1368683772161603e-13,1.0000000000000002
24574,-73.97879028320312,40.76255416870117,-73.98479461669923,40.7592658996582,289.46,3293,3293,-1.0,-1.0,-1,-1,0.0
24575,-73.97449493408203,40.74210739135742,-74.00812530517578,40.74034881591797,913.66,3293,3293,3358.12,4283.12,65.11999999999989,11.340000000000032,1.0124116192018913
24576,-73.96751403808595,40.76035690307617,-73.97698211669923,40.77667236328125,628.2,3294,3294,-1.0,-1.0,-1,-1,0.0
24577,-73.97513580322266,40.76541137695313,-73.9777603149414,40.753578186035156,474.25,3294,3294,-1.0,-1.0,-1,-1,0.0
24578,-73.96795654296875,40.77110290527344,-73.96790313720702,40.76259231567383,332.16,3294,3294,3324.94,3657.1,30.940000000000055,-1.7053025658242404e-13,0.9999999999999994
24579,-73.97358703613281,40.74365997314453,-74.0145263671875,40.71551132202149,802.94,3294,3294,-1.0,-1.0,-1,-1,0.0
24580,-73.98851013183594,40.74894332885742,-73.9781265258789,40.75242614746094,310.46,3294,3294,-1.0,-1.0,-1,-1,0.0
24581,-73.99486541748048,40.73994827270508,-73.96642303466798,40.79332733154297,1257.63,3294,3294,-1.0,-1.0,-1,-1,0.0
24582,-73.97434997558594,40.7549057006836,-73.95514678955078,40.76732635498047,498.44,3295,3295,-1.0,-1.0,-1,-1,0.0
24583,-73.99128723144531,40.7502326965332,-73.98866271972656,40.75779342651367,361.34,3295,3295,3303.84,3665.1800000000003,8.840000000000146,1.7053025658242404e-13,1.0000000000000004
24584,-73.96800994873048,40.7564582824707,-73.98326873779298,40.77545928955078,895.2,3295,3295,3333.58,4304.09,38.57999999999993,75.31000000000017,1.0841264521894551
24585,-73.9858169555664,40.74420166015625,-73.98712158203125,40.760738372802734,638.92,3295,3295,3301.44,3942.32,6.440000000000055,1.96000000000015,1.003067676704439
24586,-73.96124267578125,40.764915466308594,-73.95111846923827,40.79107284545898,601.22,3295,3295,-1.0,-1.0,-1,-1,0.0
24587,-73.9774169921875,40.764461517333984,-73.9859390258789,40.77217102050781,344.04,3295,3295,3332.79,3676.83,37.789999999999964,-5.684341886080802e-14,0.9999999999999999
24588,-73.98037719726562,40.785606384277344,-73.98345947265625,40.7760009765625,311.31,3295,3295,4208.08,4519.39,913.0799999999999,3.979039320256561e-13,1.0000000000000013
24589,-73.96617126464845,40.7949104309082,-73.97624969482422,40.7889404296875,228.22,3295,3295,3350.08,3578.3,55.07999999999993,2.5579538487363607e-13,1.000000000000001
24590,-73.9986572265625,40.71974563598633,-73.98491668701173,40.7289924621582,441.85,3296,3296,3452.29,3894.14,156.28999999999996,-1.1368683772161603e-13,0.9999999999999998
24591,-73.97119140625,40.762290954589844,-73.96533966064453,40.79193115234375,741.15,3296,3296,3439.62,4180.77,143.6199999999999,5.684341886080801e-13,1.0000000000000007
24592,-74.01245880126955,40.71370315551758,-73.99510955810547,40.72138977050781,776.33,3296,3296,3327.55,4103.88,31.550000000000182,-1.1368683772161603e-13,0.9999999999999999
24593,-73.99079895019531,40.74208068847656,-73.9812240600586,40.7806510925293,1022.59,3296,3296,3329.21,4351.8,33.210000000000036,1.1368683772161603e-13,1.0000000000000002
24594,-74.00019836425781,40.72721862792969,-74.00933837890625,40.70988082885742,622.77,3296,3296,3305.79,3928.56,9.789999999999964,0.0,1.0
24595,-73.9818344116211,40.76804733276367,-73.96681213378906,40.80504608154297,723.75,3296,3296,3301.1400000000003,4024.8900000000003,5.140000000000327,0.0,1.0
24596,-73.9798812866211,40.76179504394531,-73.97793579101562,40.75536346435547,386.97,3296,3296,3319.03,3706.0,23.0300000000002,-2.2737367544323206e-13,0.9999999999999994
24597,-73.975830078125,40.75698852539063,-73.98177337646483,40.77613067626953,630.3,3296,3296,3325.46,3955.7599999999998,29.460000000000036,-2.2737367544323206e-13,0.9999999999999997
24598,-74.00921630859375,40.70842742919922,-73.99047088623048,40.71769714355469,549.14,3296,3296,-1.0,-1.0,-1,-1,0.0
24599,-73.99713897705078,40.74073028564453,-73.98748016357422,40.742881774902344,343.25,3296,3296,-1.0,-1.0,-1,-1,0.0
24600,-73.99812316894531,40.72941970825195,-73.99124145507811,40.74311065673828,386.28,3297,3297,-1.0,-1.0,-1,-1,0.0
24601,-74.00513458251955,40.720008850097656,-73.9708023071289,40.7484130859375,1091.09,3297,3297,-1.0,-1.0,-1,-1,0.0
24602,-74.00586700439453,40.70625305175781,-73.9598388671875,40.77092742919922,1173.58,3297,3297,3316.05,4489.63,19.050000000000182,0.0,1.0
24603,-73.98197174072266,40.77795028686523,-73.95955657958984,40.77991104125977,506.88,3297,3297,3304.68,3904.56,7.679999999999836,93.00000000000011,1.1834753787878791
24604,-73.9900665283203,40.75713348388672,-73.95914459228516,40.7691764831543,883.41,3297,3297,3343.79,4227.2,46.789999999999964,-1.1368683772161603e-13,0.9999999999999999
24605,-73.97804260253906,40.76466751098633,-73.99116516113281,40.74881362915039,636.15,3297,3297,3348.39,3984.54,51.38999999999987,1.1368683772161603e-13,1.0000000000000002
24606,-73.9969482421875,40.72504425048828,-73.99189758300781,40.749114990234375,679.22,3297,3297,-1.0,-1.0,-1,-1,0.0
24607,-73.99467468261719,40.71872329711913,-73.9898681640625,40.73360061645508,420.85,3297,3297,3554.7,3975.55,257.6999999999998,3.410605131648481e-13,1.0000000000000009
24608,-74.0023422241211,40.7264518737793,-74.01564025878906,40.71789169311523,470.82,3297,3297,3443.41,3914.23,146.40999999999985,1.7053025658242404e-13,1.0000000000000004
24609,-73.99201202392578,40.74254989624024,-73.98088836669923,40.73820877075195,316.11,3297,3297,-1.0,-1.0,-1,-1,0.0
24610,-73.97259521484375,40.75006866455078,-73.98796844482422,40.75696563720703,558.29,3297,3297,-1.0,-1.0,-1,-1,0.0
24611,-73.9930191040039,40.74248123168945,-73.97284698486328,40.73672866821289,606.11,3297,3297,-1.0,-1.0,-1,-1,0.0
24612,-73.96832275390625,40.75904846191406,-73.96965789794923,40.794700622558594,922.81,3298,3298,3348.08,4318.96,50.07999999999993,48.070000000000164,1.0520908962841757
24613,-73.98210906982422,40.75186538696289,-73.99048614501955,40.750843048095696,247.62,3298,3298,-1.0,-1.0,-1,-1,0.0
24614,-73.97205352783203,40.760520935058594,-73.95925903320312,40.78034973144531,477.06,3298,3298,-1.0,-1.0,-1,-1,0.0
24615,-73.98560333251955,40.768821716308594,-73.99658203125,40.7628288269043,301.84,3298,3298,3333.1,3649.77,35.09999999999991,14.830000000000098,1.0491319904585215
24616,-73.9881362915039,40.75460815429688,-73.96333312988281,40.757808685302734,759.53,3298,3298,-1.0,-1.0,-1,-1,0.0
24617,-74.00760650634766,40.73286437988281,-73.98397827148438,40.775390625,839.7,3298,3298,-1.0,-1.0,-1,-1,0.0
24618,-73.98580932617188,40.74126815795898,-73.99166870117188,40.75398254394531,589.76,3299,3299,-1.0,-1.0,-1,-1,0.0
24619,-73.98087310791014,40.75048065185547,-73.97264099121094,40.75617980957031,371.3,3299,3299,-1.0,-1.0,-1,-1,0.0
24620,-73.99705505371094,40.7421989440918,-74.0059585571289,40.73443984985352,275.42,3299,3299,-1.0,-1.0,-1,-1,0.0
24621,-73.98309326171875,40.78159713745117,-73.94845581054686,40.77650833129883,825.71,3299,3299,3413.24,4238.95,114.23999999999978,0.0,1.0
24622,-73.99873352050781,40.73475646972656,-73.96662139892578,40.75316619873047,839.19,3299,3299,-1.0,-1.0,-1,-1,0.0
24623,-73.97408294677734,40.75149154663085,-73.95279693603516,40.77217102050781,545.03,3300,3300,-1.0,-1.0,-1,-1,0.0
24624,-73.9789810180664,40.75011444091797,-73.99107360839844,40.75023651123047,431.78,3300,3300,3304.12,3797.61,4.119999999999891,61.710000000000264,1.1429200055583868
24625,-73.95408630371094,40.77885055541992,-73.9594497680664,40.77135848999024,293.88,3300,3300,3351.49,3679.12,51.48999999999978,33.750000000000114,1.1148427929767255
24626,-73.94658660888672,40.78314971923828,-73.9613265991211,40.75934982299805,657.38,3300,3300,3484.07,4141.45,184.07000000000016,-3.410605131648481e-13,0.9999999999999994
24627,-73.9810791015625,40.75062942504883,-73.99144744873048,40.75017929077149,361.82,3300,3300,3338.9700000000003,3700.79,38.970000000000255,-2.8421709430404007e-13,0.9999999999999992
24628,-73.98206329345702,40.76828002929688,-73.98157501220702,40.78020095825195,383.14,3300,3300,3331.2400000000002,3714.38,31.240000000000236,-1.1368683772161603e-13,0.9999999999999997
24629,-73.98057556152342,40.734199523925774,-73.9854507446289,40.7529182434082,732.16,3300,3300,3340.96,4108.09,40.960000000000036,34.97000000000014,1.0477627840909094
24630,-74.00006866455078,40.76185989379883,-73.98657989501955,40.76919937133789,409.41,3300,3300,3309.16,3718.57,9.159999999999854,2.8421709430404007e-13,1.0000000000000007
24631,-73.98824310302734,40.74919891357422,-73.97853088378906,40.752689361572266,310.46,3300,3300,3347.7000000000003,3658.16,47.70000000000027,-3.979039320256561e-13,0.9999999999999987
24632,-73.98381805419923,40.7555046081543,-73.96166229248048,40.76835632324219,729.88,3300,3300,-1.0,-1.0,-1,-1,0.0
24633,-73.98786926269531,40.73214721679688,-73.97358703613281,40.73776626586913,462.09,3300,3300,-1.0,-1.0,-1,-1,0.0
24634,-73.98548889160156,40.75225067138672,-74.0064468383789,40.73440933227539,678.31,3300,3300,-1.0,-1.0,-1,-1,0.0
24635,-73.99166870117188,40.754859924316406,-73.99691772460938,40.74234390258789,355.89,3301,3301,-1.0,-1.0,-1,-1,0.0
24636,-73.98128509521484,40.74478530883789,-73.990966796875,40.765869140625,866.75,3301,3301,-1.0,-1.0,-1,-1,0.0
24637,-73.98896026611328,40.726959228515625,-74.00228118896483,40.74018096923828,597.57,3301,3301,3553.08,4150.65,252.07999999999993,-3.410605131648481e-13,0.9999999999999994
24638,-73.9802474975586,40.77463912963867,-73.9520034790039,40.77212905883789,731.8,3301,3301,-1.0,-1.0,-1,-1,0.0
24639,-73.97122192382812,40.79800796508789,-73.97869110107422,40.79040908813477,190.7,3301,3301,3344.33,3535.03,43.32999999999993,2.8421709430404007e-13,1.0000000000000016
24640,-73.98149871826173,40.75898361206055,-73.9835433959961,40.76603317260742,301.03,3302,3302,-1.0,-1.0,-1,-1,0.0
24641,-73.98787689208984,40.743667602539055,-73.97399139404298,40.75509643554688,566.58,3302,3302,-1.0,-1.0,-1,-1,0.0
24642,-73.9941864013672,40.741859436035156,-74.00640869140625,40.743106842041016,418.65,3302,3302,-1.0,-1.0,-1,-1,0.0
24643,-73.97715759277344,40.75415802001953,-73.97035217285155,40.76200866699219,314.05,3302,3302,-1.0,-1.0,-1,-1,0.0
24644,-73.95731353759766,40.7794189453125,-73.97283935546875,40.76451873779297,530.09,3302,3302,3455.59,3985.6800000000003,153.59000000000015,1.1368683772161603e-13,1.0000000000000002
24645,-73.97003173828125,40.75690841674805,-73.9563980102539,40.77547836303711,385.94,3302,3302,-1.0,-1.0,-1,-1,0.0
24646,-73.98880004882812,40.74855422973633,-73.99356842041014,40.7213134765625,880.22,3302,3302,-1.0,-1.0,-1,-1,0.0
24647,-73.93941497802734,40.80171585083008,-73.94450378417969,40.79909896850585,204.4,3302,3302,3533.7599999999998,3738.16,231.75999999999976,8.526512829121202e-14,1.0000000000000004
24648,-74.0059051513672,40.740249633789055,-73.9944076538086,40.75074005126953,388.84,3302,3302,3361.32,3750.16,59.320000000000164,-2.8421709430404007e-13,0.9999999999999992
24649,-73.96896362304686,40.75830078125,-73.95877075195312,40.7689208984375,309.83,3302,3302,-1.0,-1.0,-1,-1,0.0
24650,-73.98213195800781,40.77078628540039,-73.9881591796875,40.74831771850585,880.8,3303,3303,3382.96,4274.59,79.96000000000004,10.830000000000155,1.0122956403269756
24651,-73.96585083007811,40.758697509765625,-73.9885482788086,40.76341247558594,855.42,3303,3303,-1.0,-1.0,-1,-1,0.0
24652,-73.98957061767578,40.73445129394531,-74.00675201416014,40.74420928955078,545.71,3303,3303,-1.0,-1.0,-1,-1,0.0
24653,-73.97607421875,40.75994110107422,-74.00250244140625,40.76070785522461,787.55,3303,3303,-1.0,-1.0,-1,-1,0.0
24654,-73.9666976928711,40.76171875,-73.97418212890625,40.78834915161133,750.52,3303,3303,3358.54,4119.08,55.539999999999964,10.019999999999982,1.0133507434845175
24655,-73.98179626464844,40.77388000488281,-73.98432922363281,40.75897979736328,496.02,3303,3303,-1.0,-1.0,-1,-1,0.0
24656,-73.9557113647461,40.78802108764648,-73.9690170288086,40.76501846313477,590.4,3304,3304,3414.29,4004.69,110.28999999999996,1.1368683772161603e-13,1.0000000000000002
24657,-73.9813232421875,40.78110122680664,-73.9686279296875,40.80154800415039,451.64,3304,3304,3362.52,3860.91,58.51999999999998,46.749999999999886,1.1035116464440702
24658,-73.9684066772461,40.755386352539055,-73.97531890869139,40.74864959716797,248.92,3304,3304,-1.0,-1.0,-1,-1,0.0
24659,-73.98086547851562,40.74748611450195,-73.9471435546875,40.77989959716797,857.77,3304,3304,-1.0,-1.0,-1,-1,0.0
24660,-73.97732543945312,40.764514923095696,-74.00635528564453,40.71439743041992,1401.21,3304,3304,3348.39,4749.6,44.38999999999987,4.547473508864641e-13,1.0000000000000002
24661,-74.00187683105469,40.74060440063477,-73.99634552001955,40.72570037841797,575.31,3304,3304,3407.54,3982.85,103.53999999999996,0.0,1.0
24662,-74.00273895263672,40.73937606811523,-73.95851135253906,40.82043075561523,1354.77,3304,3304,3417.0,4771.7699999999995,113.0,-4.547473508864641e-13,0.9999999999999997
24663,-73.98268127441406,40.7452392578125,-73.9889144897461,40.73149871826172,416.96,3304,3304,-1.0,-1.0,-1,-1,0.0
24664,-74.00774383544923,40.70526885986328,-73.9998779296875,40.7345085144043,787.86,3305,3305,3332.84,4189.63,27.840000000000146,68.92999999999995,1.0874901632269691
24665,-73.99589538574219,40.764137268066406,-73.97982025146483,40.76560974121094,427.52,3305,3305,3540.8,3968.32,235.80000000000018,0.0,1.0
24666,-73.98960876464844,40.73944854736328,-73.97808837890625,40.75143814086913,422.54,3305,3305,-1.0,-1.0,-1,-1,0.0
24667,-73.97512054443358,40.745338439941406,-73.98682403564453,40.74028015136719,291.92,3305,3305,3342.54,3634.46,37.539999999999964,5.684341886080802e-14,1.0000000000000002
24668,-73.9904556274414,40.75627136230469,-73.9828109741211,40.7395896911621,761.21,3305,3305,-1.0,-1.0,-1,-1,0.0
24669,-73.9964370727539,40.72391128540039,-73.99723815917969,40.73344039916992,346.6,3305,3305,3429.87,3776.47,124.86999999999989,-1.1368683772161603e-13,0.9999999999999997
24670,-73.99026489257811,40.72512817382813,-73.99712371826173,40.71787643432617,381.78,3306,3306,3626.07,4007.85,320.07000000000016,-2.2737367544323206e-13,0.9999999999999994
24671,-73.98883056640625,40.72984313964844,-74.00949859619139,40.70521545410156,874.38,3306,3306,3363.25,4252.44,57.25,14.809999999999604,1.0169377158672426
24672,-73.96013641357422,40.76214218139648,-73.98255157470702,40.78484725952149,897.91,3306,3306,3337.63,4320.5,31.63000000000011,84.95999999999992,1.0946197280351038
24673,-74.0070571899414,40.728191375732415,-73.97825622558594,40.74861145019531,935.31,3306,3306,-1.0,-1.0,-1,-1,0.0
24674,-73.98722076416014,40.76115036010742,-73.97807312011719,40.74237060546875,837.49,3306,3306,-1.0,-1.0,-1,-1,0.0
24675,-73.98217010498048,40.77362823486328,-73.98934936523438,40.7431640625,988.49,3306,3306,3351.89,4375.82,45.88999999999987,35.43999999999983,1.0358526641645336
24676,-73.95097351074219,40.77891159057617,-73.95945739746094,40.76723098754883,287.09,3306,3306,3358.67,3645.76,52.67000000000007,1.7053025658242404e-13,1.0000000000000007
24677,-74.00457000732422,40.740631103515625,-73.97814178466798,40.753013610839844,859.98,3306,3306,-1.0,-1.0,-1,-1,0.0
24678,-73.99054718017578,40.75653839111328,-73.97955322265625,40.78163146972656,599.78,3307,3307,3339.75,3992.8700000000003,32.75,53.34000000000037,1.0889326086231625
24679,-73.96692657470702,40.804176330566406,-73.9369125366211,40.82440948486328,793.03,3307,3307,3444.25,4237.28,137.25,-2.2737367544323206e-13,0.9999999999999997
24680,-73.95410919189453,40.76412582397461,-73.98368835449219,40.74386978149415,748.21,3307,3307,-1.0,-1.0,-1,-1,0.0
24681,-73.9827880859375,40.76763153076172,-73.97566223144531,40.79045867919922,535.32,3307,3307,-1.0,-1.0,-1,-1,0.0
24682,-74.00094604492188,40.73162078857422,-73.99514770507811,40.74475860595703,372.82,3307,3307,3364.57,3737.39,57.570000000000164,-2.8421709430404007e-13,0.9999999999999992
24683,-73.97846984863281,40.76180648803711,-73.98277282714845,40.77178192138672,362.45,3307,3307,-1.0,-1.0,-1,-1,0.0
24684,-73.98243713378906,40.7666130065918,-73.95679473876955,40.77825546264648,721.11,3307,3307,3338.35,4063.38,31.34999999999991,3.9200000000001864,1.0054360638460154
24685,-73.98260498046875,40.73165893554688,-73.97826385498048,40.74570083618164,357.42,3308,3308,3347.83,3705.25,39.82999999999993,5.684341886080802e-14,1.0000000000000002
24686,-74.01610565185547,40.71495056152344,-73.99758148193358,40.72966384887695,631.5,3308,3308,3366.54,3998.04,58.539999999999964,0.0,1.0
24687,-73.98179626464844,40.72843551635742,-73.99745178222656,40.74172973632813,627.54,3308,3308,3696.14,4323.68,388.1399999999999,4.547473508864641e-13,1.0000000000000007
24688,-73.97951507568358,40.74954223632813,-73.98863983154298,40.77775573730469,1016.65,3308,3308,-1.0,-1.0,-1,-1,0.0
24689,-73.98136901855469,40.76391220092773,-73.94879150390625,40.78292846679688,931.27,3308,3308,3402.12,4333.39,94.11999999999989,4.547473508864641e-13,1.0000000000000004
24690,-73.9498291015625,40.780540466308594,-73.96112823486328,40.760589599609375,629.01,3308,3308,3350.83,3979.8399999999997,42.82999999999993,-2.2737367544323206e-13,0.9999999999999997
24691,-73.9449234008789,40.774768829345696,-73.95377349853516,40.76692962646485,244.32,3308,3308,-1.0,-1.0,-1,-1,0.0
24692,-73.9860076904297,40.777656555175774,-73.97250366210938,40.78220748901367,337.38,3309,3309,-1.0,-1.0,-1,-1,0.0
24693,-73.97823333740234,40.78813171386719,-73.9832534790039,40.77119827270508,389.77,3309,3309,-1.0,-1.0,-1,-1,0.0
24694,-73.97380065917969,40.779239654541016,-73.9393310546875,40.80513000488281,762.71,3309,3309,-1.0,-1.0,-1,-1,0.0
24695,-73.95207214355469,40.7731819152832,-73.98619079589844,40.75081634521485,1183.35,3309,3309,3348.96,4594.5199999999995,39.960000000000036,62.20999999999958,1.0525710905480201
24696,-73.98043823242188,40.76514053344727,-73.98533630371094,40.75195693969727,466.71,3309,3309,-1.0,-1.0,-1,-1,0.0
24697,-73.96697998046875,40.77257537841797,-74.00988006591797,40.72498321533203,1362.12,3309,3309,-1.0,-1.0,-1,-1,0.0
24698,-73.96436309814453,40.76543426513672,-73.99485015869139,40.723308563232415,1135.33,3309,3309,-1.0,-1.0,-1,-1,0.0
24699,-73.9754867553711,40.75580978393555,-73.97732543945312,40.78983688354492,977.1,3309,3309,-1.0,-1.0,-1,-1,0.0
24700,-73.97386169433594,40.74808883666992,-73.95292663574219,40.78332138061523,809.63,3309,3309,-1.0,-1.0,-1,-1,0.0
24701,-73.95384979248048,40.77878189086913,-73.98185729980467,40.75280380249024,967.58,3310,3310,3337.0,4344.04,27.0,39.45999999999992,1.0407821575476963
24702,-73.98686981201173,40.76123046875,-73.96218872070312,40.799049377441406,847.36,3310,3310,3331.28,4238.860000000001,21.2800000000002,60.22000000000037,1.071067787009064
24703,-73.9885482788086,40.74871826171875,-73.9887466430664,40.75878143310547,373.8,3310,3310,-1.0,-1.0,-1,-1,0.0
24704,-74.00531005859375,40.745960235595696,-74.00548553466798,40.73940658569336,202.27,3310,3310,3358.33,3560.6,48.32999999999993,-2.842170943040401e-14,0.9999999999999999
24705,-73.98841094970702,40.723350524902344,-74.00457000732422,40.731048583984375,481.27,3310,3310,3362.62,3843.89,52.61999999999989,0.0,1.0
24706,-74.00743103027342,40.70519256591797,-73.9828872680664,40.74788665771485,1000.41,3310,3310,3423.56,4423.97,113.55999999999995,3.410605131648481e-13,1.0000000000000004
24707,-73.96170043945312,40.77119827270508,-73.95461273193358,40.77803039550781,205.01,3310,3310,-1.0,-1.0,-1,-1,0.0
24708,-73.98615264892578,40.734718322753906,-73.9715576171875,40.7544174194336,494.68,3310,3310,-1.0,-1.0,-1,-1,0.0
24709,-73.9778594970703,40.76171112060547,-73.97337341308594,40.75990676879883,247.62,3311,3311,-1.0,-1.0,-1,-1,0.0
24710,-73.97982788085938,40.746498107910156,-73.99664306640625,40.73656845092773,502.49,3311,3311,3348.79,3851.28,37.789999999999964,2.2737367544323206e-13,1.0000000000000004
24711,-73.99374389648438,40.7516975402832,-73.97592163085938,40.78051376342773,776.88,3311,3311,3340.29,4117.17,29.289999999999964,1.1368683772161603e-13,1.0000000000000002
24712,-73.96590423583984,40.7950553894043,-73.97847747802734,40.77262878417969,481.8,3311,3311,-1.0,-1.0,-1,-1,0.0
24713,-73.98245239257811,40.7718620300293,-73.97900390625,40.78221893310547,252.66,3311,3311,3367.33,3619.99,56.32999999999993,-1.4210854715202004e-13,0.9999999999999994
24714,-74.00467681884766,40.74387741088867,-73.99092102050781,40.73307800292969,496.33,3311,3311,3369.7,3902.63,58.69999999999982,36.60000000000031,1.073741260854674
24715,-73.97147369384766,40.76611709594727,-73.96363067626955,40.77421188354492,235.47,3311,3311,-1.0,-1.0,-1,-1,0.0
24716,-73.98396301269531,40.740516662597656,-73.97816467285155,40.75814056396485,584.5,3311,3311,-1.0,-1.0,-1,-1,0.0
24717,-73.96694946289062,40.76131820678711,-73.95660400390625,40.77106094360352,289.98,3312,3312,-1.0,-1.0,-1,-1,0.0
24718,-73.95579528808595,40.77974319458008,-73.98925018310547,40.7630615234375,856.94,3312,3312,3383.66,4240.6,71.65999999999985,4.547473508864641e-13,1.0000000000000004
24719,-74.00677490234375,40.70570755004883,-74.01074981689453,40.72425079345703,525.95,3312,3312,-1.0,-1.0,-1,-1,0.0
24720,-73.97535705566406,40.76234436035156,-73.9973907470703,40.72429275512695,993.44,3312,3312,-1.0,-1.0,-1,-1,0.0
24721,-73.99842834472656,40.72483825683594,-74.00190734863281,40.73720932006836,521.17,3312,3312,-1.0,-1.0,-1,-1,0.0
24722,-73.98278045654298,40.7669792175293,-73.98199462890625,40.774238586425774,217.23,3312,3312,3354.07,3631.76,42.070000000000164,60.460000000000065,1.2783225153063575
24723,-74.01555633544923,40.71439743041992,-74.00863647460938,40.71963882446289,281.13,3312,3312,3357.2000000000003,3638.33,45.20000000000027,-3.410605131648481e-13,0.9999999999999988
24724,-73.98866271972656,40.745452880859375,-73.9791259765625,40.75001907348633,380.39,3312,3312,3358.73,3793.53,46.73000000000002,54.410000000000196,1.143037408975
24725,-73.98651885986328,40.75167846679688,-73.97763061523438,40.7635498046875,329.52,3313,3313,3346.21,3675.73,33.210000000000036,0.0,1.0
24726,-73.99334716796875,40.757301330566406,-74.0049819946289,40.72964096069336,650.12,3313,3313,3360.57,4010.69,47.570000000000164,-1.1368683772161603e-13,0.9999999999999998
24727,-73.96534729003906,40.76607894897461,-73.9508514404297,40.77087783813477,368.05,3313,3313,3368.48,3736.5299999999997,55.48000000000002,-2.8421709430404007e-13,0.9999999999999992
24728,-73.9681167602539,40.76249313354492,-73.97683715820312,40.7501335144043,334.3,3313,3313,-1.0,-1.0,-1,-1,0.0
24729,-73.99456024169923,40.74538803100585,-74.00428009033203,40.75767135620117,440.1,3314,3314,3365.37,3805.47,51.36999999999989,-1.1368683772161603e-13,0.9999999999999998
24730,-73.97897338867188,40.75343704223633,-73.96959686279298,40.75399398803711,347.13,3314,3314,-1.0,-1.0,-1,-1,0.0
24731,-73.97591400146483,40.76057815551758,-73.9756851196289,40.74139404296875,725.17,3314,3314,-1.0,-1.0,-1,-1,0.0
24732,-73.98999786376955,40.73498916625977,-73.99015808105469,40.73807144165039,186.83,3314,3314,3428.38,3615.21,114.38000000000011,-8.526512829121202e-14,0.9999999999999996
24733,-74.00347137451173,40.73254013061523,-73.99024963378906,40.75603866577149,672.18,3314,3314,-1.0,-1.0,-1,-1,0.0
24734,-73.97151947021484,40.76604080200195,-73.9574966430664,40.774089813232415,406.25,3315,3315,-1.0,-1.0,-1,-1,0.0
24735,-73.99504852294923,40.73971176147461,-73.98822021484375,40.73033905029297,453.09,3315,3315,-1.0,-1.0,-1,-1,0.0
24736,-73.99067687988281,40.76625061035156,-73.93996429443358,40.81507110595703,1122.09,3315,3315,-1.0,-1.0,-1,-1,0.0
24737,-73.99120330810547,40.75046157836913,-73.98893737792969,40.7291145324707,669.69,3315,3315,-1.0,-1.0,-1,-1,0.0
24738,-73.9848098754883,40.769248962402344,-73.98861694335938,40.77851867675781,273.75,3315,3315,-1.0,-1.0,-1,-1,0.0
24739,-73.9843521118164,40.76198196411133,-73.95906829833984,40.7724494934082,816.42,3315,3315,-1.0,-1.0,-1,-1,0.0
24740,-73.98047637939453,40.76049423217773,-73.99116516113281,40.75039291381836,468.28,3315,3315,3469.71,3937.99,154.71000000000004,-2.2737367544323206e-13,0.9999999999999996
24741,-73.98209381103516,40.73851776123047,-73.93264770507811,40.84627914428711,1929.15,3315,3315,3334.63,5336.2300000000005,19.63000000000011,72.45000000000027,1.037555400046653
24742,-73.9835205078125,40.72674179077149,-73.97846221923827,40.720481872558594,254.5,3315,3315,3556.79,3811.29,241.78999999999996,0.0,1.0
24743,-73.99658966064453,40.72557830810547,-73.97138977050781,40.79785919189453,1396.0,3315,3315,3577.79,4973.79,262.78999999999996,0.0,1.0
24744,-73.99137878417969,40.75022888183594,-73.99027252197266,40.75670623779297,319.05,3316,3316,-1.0,-1.0,-1,-1,0.0
24745,-73.99044036865234,40.75113296508789,-74.00282287597656,40.76054382324219,464.88,3316,3316,-1.0,-1.0,-1,-1,0.0
24746,-73.95362091064453,40.77943801879883,-73.9781494140625,40.74496841430664,988.58,3316,3316,3368.83,4392.78,52.82999999999993,35.36999999999978,1.0357785915151023
24747,-73.97750091552734,40.73828887939453,-73.97994995117188,40.74311065673828,193.05,3316,3316,3438.67,3631.72,122.67000000000007,-2.8421709430404007e-13,0.9999999999999986
24748,-73.97798919677734,40.76387405395508,-73.98410034179686,40.77141189575195,279.29,3316,3316,-1.0,-1.0,-1,-1,0.0
24749,-73.98195648193358,40.740623474121094,-73.98564910888672,40.75174331665039,503.19,3316,3316,3350.9500000000003,3854.14,34.95000000000027,-3.979039320256561e-13,0.9999999999999992
24750,-73.9627914428711,40.772605895996094,-73.99241638183594,40.72116088867188,1340.98,3316,3316,3354.48,4748.09,38.48000000000002,52.63000000000011,1.0392474160688452
24751,-73.96341705322266,40.77472305297852,-73.97948455810547,40.783668518066406,430.48,3317,3317,-1.0,-1.0,-1,-1,0.0
24752,-73.9558334350586,40.785469055175774,-74.00946807861328,40.738128662109375,1587.4,3317,3317,3367.04,4954.44,50.039999999999964,-4.547473508864641e-13,0.9999999999999997
24753,-73.97396850585938,40.79195785522461,-73.95570373535155,40.76826095581055,889.25,3317,3317,-1.0,-1.0,-1,-1,0.0
24754,-73.9903335571289,40.73397445678711,-73.98854064941406,40.71373748779297,843.95,3317,3317,3414.71,4258.66,97.71000000000004,-2.2737367544323206e-13,0.9999999999999998
24755,-74.00733947753906,40.71585083007813,-73.99788665771484,40.73584365844727,365.24,3317,3317,-1.0,-1.0,-1,-1,0.0
24756,-73.99959564208984,40.75411605834961,-73.98672485351562,40.75932312011719,344.88,3317,3317,3435.87,3780.75,118.86999999999989,1.1368683772161603e-13,1.0000000000000002
24757,-73.96404266357422,40.79257583618164,-73.97620391845702,40.788177490234375,237.9,3318,3318,-1.0,-1.0,-1,-1,0.0
24758,-73.98994445800781,40.76738357543945,-74.00170135498048,40.72949981689453,1023.58,3318,3318,-1.0,-1.0,-1,-1,0.0
24759,-73.98657989501955,40.77682876586913,-73.97740936279298,40.78948974609375,300.95,3318,3318,-1.0,-1.0,-1,-1,0.0
24760,-73.99604797363281,40.76482391357422,-73.98807525634766,40.74372863769531,737.7,3318,3318,3631.3,4369.0,313.3000000000002,-2.2737367544323206e-13,0.9999999999999997
24761,-73.99993133544923,40.7213134765625,-73.99198913574219,40.72952651977539,386.42,3318,3318,3408.54,3794.96,90.53999999999996,5.684341886080802e-14,1.0000000000000002
24762,-73.98009490966798,40.75103378295898,-73.98238372802734,40.76115798950195,445.84,3318,3318,-1.0,-1.0,-1,-1,0.0
24763,-74.00248718261719,40.72145080566406,-74.00665283203125,40.73109817504883,362.49,3319,3319,3362.46,3724.95,43.460000000000036,-2.2737367544323206e-13,0.9999999999999993
24764,-73.97392272949219,40.75867462158203,-73.95362854003906,40.77927017211913,560.05,3319,3319,-1.0,-1.0,-1,-1,0.0
24765,-73.95624542236328,40.77561950683594,-73.95697784423827,40.76236343383789,448.3,3319,3319,3334.33,3831.3,15.329999999999927,48.67000000000024,1.108565692616552
24766,-73.98216247558594,40.76877975463867,-73.99571990966798,40.73323822021485,1032.62,3319,3319,-1.0,-1.0,-1,-1,0.0
24767,-73.98365783691406,40.74399948120117,-74.00889587402342,40.73814010620117,747.76,3319,3319,3339.94,4087.7,20.940000000000055,-2.2737367544323206e-13,0.9999999999999997
24768,-73.97962951660156,40.75299072265625,-73.9942626953125,40.729530334472656,637.61,3319,3319,-1.0,-1.0,-1,-1,0.0
24769,-73.97645568847656,40.78079223632813,-73.94754028320312,40.78948211669922,732.28,3319,3319,-1.0,-1.0,-1,-1,0.0
24770,-73.97266387939453,40.75342559814453,-73.98005676269531,40.744792938232415,314.67,3319,3319,-1.0,-1.0,-1,-1,0.0
24771,-73.97604370117188,40.74877548217773,-73.99134826660156,40.75566482543945,591.37,3320,3320,-1.0,-1.0,-1,-1,0.0
24772,-73.97425842285155,40.746978759765625,-74.00196075439453,40.73358154296875,711.29,3320,3320,3333.68,4098.88,13.679999999999836,53.91000000000031,1.075791871107425
24773,-74.00767517089844,40.725093841552734,-73.9725112915039,40.755126953125,1124.34,3320,3320,-1.0,-1.0,-1,-1,0.0
24774,-73.96794128417969,40.76826858520508,-73.97534942626955,40.79108428955078,613.47,3320,3320,-1.0,-1.0,-1,-1,0.0
24775,-73.95729064941406,40.80176162719727,-73.94650268554686,40.79207229614258,372.26,3320,3320,3413.75,3786.01,93.75,2.2737367544323206e-13,1.0000000000000007
24776,-73.95703887939453,40.774749755859375,-73.95677947998048,40.76813125610352,256.59,3320,3320,3338.11,3594.7,18.110000000000127,-2.8421709430404007e-13,0.9999999999999989
24777,-73.97138214111328,40.76179504394531,-73.95397186279298,40.766868591308594,490.94,3321,3321,3339.16,3917.91,18.159999999999854,87.81,1.178860960606184
24778,-73.96182250976562,40.76833724975585,-73.9862060546875,40.736915588378906,919.72,3321,3321,3388.75,4308.47,67.75,2.2737367544323206e-13,1.0000000000000002
24779,-74.00823974609375,40.7473030090332,-73.96090698242188,40.76673126220703,1249.04,3321,3321,3362.85,4645.97,41.84999999999991,34.08000000000038,1.0272849548453216
24780,-73.96620178222656,40.75785446166992,-73.9859390258789,40.7368049621582,557.79,3321,3321,3359.93,3917.72,38.929999999999836,0.0,1.0
24781,-73.96202850341797,40.77617645263672,-73.96351623535155,40.76848220825195,266.86,3321,3321,3366.09,3632.9500000000003,45.090000000000146,1.1368683772161603e-13,1.0000000000000004
24782,-73.9865951538086,40.76188659667969,-74.00585174560547,40.7401123046875,753.01,3321,3321,-1.0,-1.0,-1,-1,0.0
24783,-73.97962951660156,40.74927520751953,-74.0014114379883,40.73356628417969,655.5,3321,3321,-1.0,-1.0,-1,-1,0.0
24784,-73.99910736083984,40.725040435791016,-73.97602844238281,40.744720458984375,761.67,3321,3321,-1.0,-1.0,-1,-1,0.0
24785,-74.00240325927734,40.74515914916992,-74.00559234619139,40.72557830810547,492.63,3321,3321,-1.0,-1.0,-1,-1,0.0
24786,-73.97516632080078,40.76158142089844,-74.00438690185547,40.74163818359375,889.34,3321,3321,3360.72,4308.03,39.7199999999998,57.969999999999914,1.0651831695414575
24787,-73.9797134399414,40.743446350097656,-73.95232391357422,40.772891998291016,687.18,3322,3322,-1.0,-1.0,-1,-1,0.0
24788,-73.98894500732422,40.75199890136719,-73.98121643066406,40.74708938598633,350.91,3322,3322,-1.0,-1.0,-1,-1,0.0
24789,-73.9768829345703,40.75098037719727,-73.98182678222656,40.73912811279297,254.41,3322,3322,3366.71,3621.12,44.710000000000036,-1.4210854715202004e-13,0.9999999999999994
24790,-74.00627899169923,40.7335205078125,-73.99569702148438,40.72105026245117,702.08,3322,3322,3495.0,4197.08,173.0,-1.1368683772161603e-13,0.9999999999999999
24791,-73.9661636352539,40.76805877685547,-73.99046325683594,40.7485237121582,918.61,3322,3322,-1.0,-1.0,-1,-1,0.0
24792,-73.95186614990234,40.769355773925774,-73.96176147460938,40.76820373535156,331.6,3322,3322,-1.0,-1.0,-1,-1,0.0
24793,-73.99729919433594,40.71916198730469,-73.98983764648438,40.73184585571289,378.38,3323,3323,-1.0,-1.0,-1,-1,0.0
24794,-74.01315307617188,40.71651840209961,-74.0067138671875,40.74067687988281,493.81,3323,3323,-1.0,-1.0,-1,-1,0.0
24795,-73.95692443847656,40.77780532836913,-73.9820556640625,40.758155822753906,894.47,3323,3323,3369.52,4263.99,46.51999999999998,-2.2737367544323206e-13,0.9999999999999998
24796,-73.98773193359375,40.75299835205078,-73.95687866210938,40.775001525878906,930.47,3323,3323,3379.09,4353.32,56.090000000000146,43.759999999999536,1.0470299955936242
24797,-73.99410247802734,40.728763580322266,-74.00250244140625,40.73136520385742,385.13,3323,3323,3368.19,3753.32,45.190000000000055,1.1368683772161603e-13,1.0000000000000002
24798,-73.98894500732422,40.743896484375,-74.01492309570312,40.71112060546875,955.37,3323,3323,-1.0,-1.0,-1,-1,0.0
24799,-73.97952270507811,40.72736740112305,-73.9867630004883,40.72151947021485,307.37,3323,3323,3371.38,3678.75,48.38000000000011,-1.1368683772161603e-13,0.9999999999999997
24800,-73.99058532714845,40.7510871887207,-74.00782012939453,40.73284149169922,507.85,3323,3323,3360.5400000000004,3868.3900000000003,37.54000000000042,-1.1368683772161603e-13,0.9999999999999998
24801,-73.97222137451173,40.762298583984375,-73.9678726196289,40.79401016235352,733.44,3324,3324,-1.0,-1.0,-1,-1,0.0
24802,-73.96781158447266,40.755950927734375,-73.99195861816406,40.749061584472656,815.52,3324,3324,-1.0,-1.0,-1,-1,0.0
24803,-73.9913558959961,40.729896545410156,-73.99943542480467,40.74240112304688,513.08,3324,3324,-1.0,-1.0,-1,-1,0.0
24804,-73.97698211669923,40.75107955932617,-73.99874114990234,40.72813034057617,678.66,3324,3324,3345.92,4024.58,21.920000000000073,-1.1368683772161603e-13,0.9999999999999998
24805,-74.00013732910156,40.74298095703125,-74.00685119628906,40.71989822387695,529.87,3324,3324,3377.08,3906.95,53.07999999999993,-1.1368683772161603e-13,0.9999999999999998
24806,-73.97354888916014,40.75204086303711,-73.98401641845702,40.760608673095696,585.95,3325,3325,-1.0,-1.0,-1,-1,0.0
24807,-73.99146270751955,40.749759674072266,-73.98046112060547,40.73371887207031,606.77,3325,3325,-1.0,-1.0,-1,-1,0.0
24808,-74.0159683227539,40.71517181396485,-74.0050277709961,40.72085952758789,328.99,3325,3325,3377.92,3706.91,52.92000000000007,-2.2737367544323206e-13,0.9999999999999993
24809,-74.01368713378906,40.7145881652832,-73.99401092529298,40.734390258789055,648.32,3325,3325,-1.0,-1.0,-1,-1,0.0
24810,-73.95865631103516,40.784034729003906,-73.9801025390625,40.765491485595696,720.46,3325,3325,3490.88,4211.34,165.8800000000001,0.0,1.0
24811,-73.9547119140625,40.77340316772461,-73.95474243164062,40.787559509277344,382.2,3325,3325,3330.0,3712.2000000000003,5.0,2.8421709430404007e-13,1.0000000000000007
24812,-73.9610824584961,40.79666519165039,-73.97421264648438,40.788333892822266,270.26,3325,3325,3385.0,3681.0499999999997,60.0,25.789999999999736,1.095426626211795
24813,-73.97167205810547,40.75467300415039,-74.00028228759766,40.7286262512207,960.49,3325,3325,-1.0,-1.0,-1,-1,0.0
24814,-73.97643280029298,40.763877868652344,-73.98726654052734,40.760990142822266,431.21,3326,3326,-1.0,-1.0,-1,-1,0.0
24815,-74.0062942504883,40.74537658691406,-73.99705505371094,40.74478530883789,248.54,3326,3326,3361.59,3648.63,35.590000000000146,38.49999999999997,1.154904643115796
24816,-73.9590301513672,40.76371765136719,-73.97657775878906,40.775577545166016,628.32,3326,3326,3367.14,4057.5899999999997,41.13999999999987,62.12999999999977,1.0988827349121464
24817,-73.9933090209961,40.73655700683594,-73.98980712890625,40.73025894165039,301.88,3326,3326,-1.0,-1.0,-1,-1,0.0
24818,-74.00633239746094,40.7336311340332,-74.0149688720703,40.718170166015625,490.35,3326,3326,-1.0,-1.0,-1,-1,0.0
24819,-73.97335052490234,40.76091766357422,-73.9541015625,40.78447723388672,533.85,3326,3326,-1.0,-1.0,-1,-1,0.0
24820,-74.01262664794923,40.71511840820313,-73.986572265625,40.76821899414063,931.8,3326,3326,-1.0,-1.0,-1,-1,0.0
24821,-73.98677062988281,40.7224998474121,-74.00550842285155,40.73012924194336,532.98,3326,3326,3362.42,3934.61,36.42000000000007,39.210000000000036,1.0735674884611055
24822,-73.9924545288086,40.73073196411133,-74.00330352783203,40.72878646850585,277.68,3327,3327,-1.0,-1.0,-1,-1,0.0
24823,-73.98023223876955,40.739341735839844,-73.99075317382812,40.75591278076172,794.66,3327,3327,-1.0,-1.0,-1,-1,0.0
24824,-73.98592376708984,40.7410545349121,-74.00519561767578,40.705223083496094,861.65,3327,3327,-1.0,-1.0,-1,-1,0.0
24825,-74.00678253173827,40.73046112060547,-73.99005889892578,40.7346305847168,514.71,3327,3327,3454.76,3969.4700000000003,127.76000000000022,0.0,1.0
24826,-73.982421875,40.76819229125977,-73.98365020751955,40.76208114624024,218.99,3327,3327,-1.0,-1.0,-1,-1,0.0
24827,-73.96678924560547,40.769798278808594,-73.9588165283203,40.77818298339844,250.41,3327,3327,3386.92,3648.04,59.92000000000007,10.709999999999894,1.0427698574338082
24828,-74.00164031982422,40.74663543701172,-73.99387359619139,40.73363494873047,516.21,3327,3327,3384.7,3900.91,57.69999999999982,0.0,1.0
24829,-73.98308563232422,40.74189758300781,-74.0008773803711,40.72591018676758,563.3,3327,3327,3366.41,4001.29,39.409999999999854,71.58000000000015,1.1270726078466184
24830,-73.99295806884766,40.754638671875,-73.9957733154297,40.76434326171875,419.31,3327,3327,-1.0,-1.0,-1,-1,0.0
24831,-74.00257110595702,40.73963928222656,-74.00901794433594,40.74663925170898,324.47,3327,3327,3373.83,3698.3,46.82999999999993,2.2737367544323206e-13,1.0000000000000007
24832,-73.98147583007811,40.74128723144531,-74.00857543945312,40.74563598632813,798.2,3327,3327,-1.0,-1.0,-1,-1,0.0
24833,-74.00823974609375,40.71680450439453,-73.97576141357422,40.7896842956543,1369.81,3328,3328,3447.34,4817.15,119.34000000000015,-4.547473508864641e-13,0.9999999999999997
24834,-73.97404479980467,40.75342178344727,-73.9744644165039,40.76148986816406,397.17,3328,3328,-1.0,-1.0,-1,-1,0.0
24835,-73.98958587646483,40.73600769042969,-73.97806549072266,40.75116729736328,411.95,3328,3328,3343.7400000000002,3846.18,15.740000000000236,90.48999999999961,1.219662580410243
24836,-73.99059295654298,40.7511100769043,-73.99352264404298,40.721351623535156,935.79,3328,3328,3386.1,4321.889999999999,58.09999999999991,-4.547473508864641e-13,0.9999999999999996
24837,-73.97773742675781,40.75864028930664,-73.95240020751955,40.77268981933594,731.04,3328,3328,-1.0,-1.0,-1,-1,0.0
24838,-74.0135498046875,40.716960906982415,-73.99525451660156,40.728828430175774,661.95,3328,3328,3367.04,4028.9900000000002,39.039999999999964,2.2737367544323206e-13,1.0000000000000004
24839,-73.96697998046875,40.77260971069336,-73.9834442138672,40.76071166992188,632.39,3328,3328,3349.35,3983.32,21.34999999999991,1.5800000000002683,1.0024984582298901
24840,-73.97835540771484,40.753028869628906,-73.97886657714845,40.76543045043945,518.38,3329,3329,-1.0,-1.0,-1,-1,0.0
24841,-73.9691162109375,40.76136016845703,-73.99415588378906,40.74031448364258,804.88,3329,3329,3348.43,4201.09,19.429999999999836,47.780000000000314,1.0593628863930031
24842,-73.9773178100586,40.75429916381836,-73.98159790039062,40.7365608215332,565.62,3329,3329,-1.0,-1.0,-1,-1,0.0
24843,-73.94696807861328,40.77179336547852,-73.95182037353516,40.781829833984375,320.28,3329,3329,-1.0,-1.0,-1,-1,0.0
24844,-73.97382354736328,40.76335525512695,-73.9786148071289,40.71363067626953,1052.17,3329,3329,3350.63,4439.86,21.63000000000011,37.05999999999949,1.0352224450421506
24845,-73.99449920654298,40.731948852539055,-73.9700698852539,40.79953002929688,1461.94,3329,3329,3360.08,4868.17,31.079999999999927,46.15000000000009,1.0315676429949245
24846,-73.97252655029298,40.75334548950195,-73.98816680908203,40.77954864501953,1020.17,3330,3330,-1.0,-1.0,-1,-1,0.0
24847,-73.98614501953125,40.764747619628906,-73.99259948730467,40.76772689819336,268.12,3330,3330,-1.0,-1.0,-1,-1,0.0
24848,-73.99260711669923,40.74277877807617,-73.99463653564453,40.75035095214844,267.13,3330,3330,-1.0,-1.0,-1,-1,0.0
24849,-73.96891784667969,40.75405883789063,-73.978759765625,40.752601623535156,336.79,3330,3330,-1.0,-1.0,-1,-1,0.0
24850,-73.99491119384766,40.75037384033203,-74.004150390625,40.75255966186523,285.25,3330,3330,-1.0,-1.0,-1,-1,0.0
24851,-73.99337005615234,40.75271987915039,-73.9794692993164,40.75274658203125,440.27,3330,3330,-1.0,-1.0,-1,-1,0.0
24852,-73.96743774414062,40.7563362121582,-73.98716735839844,40.72937774658203,524.49,3330,3330,-1.0,-1.0,-1,-1,0.0
24853,-73.97822570800781,40.745567321777344,-73.96291351318358,40.762413024902344,550.08,3330,3330,-1.0,-1.0,-1,-1,0.0
24854,-73.99832153320312,40.74543380737305,-73.98123168945312,40.7468376159668,490.74,3330,3330,3330.0,3820.74,0.0,-2.2737367544323206e-13,0.9999999999999996
24855,-73.9495391845703,40.78787612915039,-73.95865631103516,40.775257110595696,265.7,3330,3330,3460.82,3726.52,130.82000000000016,-1.7053025658242404e-13,0.9999999999999993
24856,-73.95762634277344,40.78202819824219,-74.01789093017578,40.70634841918945,1608.76,3331,3331,-1.0,-1.0,-1,-1,0.0
24857,-73.9900131225586,40.71799087524415,-73.98003387451173,40.71103286743164,417.08,3331,3331,3592.29,4009.37,261.28999999999996,-5.684341886080802e-14,0.9999999999999999
24858,-73.97724151611328,40.76433944702149,-73.93038940429686,40.84894180297852,1343.7,3331,3331,-1.0,-1.0,-1,-1,0.0
24859,-73.96985626220702,40.799781799316406,-73.98053741455078,40.78398132324219,327.82,3331,3331,3441.45,3769.27,110.44999999999982,1.7053025658242404e-13,1.0000000000000004
24860,-73.98035430908203,40.74274444580078,-73.97552490234375,40.75199508666992,293.68,3331,3331,-1.0,-1.0,-1,-1,0.0
24861,-73.96089172363281,40.772239685058594,-73.96881103515625,40.76129150390625,314.53,3331,3331,3368.08,3682.61,37.07999999999993,2.2737367544323206e-13,1.0000000000000007
24862,-73.99176788330078,40.74920654296875,-73.98625946044923,40.73292922973633,563.45,3331,3331,-1.0,-1.0,-1,-1,0.0
24863,-73.94729614257811,40.776145935058594,-73.95211791992188,40.78121566772461,193.61,3331,3331,3389.63,3625.4500000000003,58.63000000000011,42.21000000000015,1.2180155983678536
24864,-73.96800994873048,40.76244735717773,-73.98197174072266,40.743629455566406,476.17,3331,3331,-1.0,-1.0,-1,-1,0.0
24865,-73.97371673583984,40.76041030883789,-73.9591064453125,40.771881103515625,435.38,3331,3331,-1.0,-1.0,-1,-1,0.0
24866,-73.99569702148438,40.74917984008789,-73.99370574951173,40.76217269897461,370.46,3332,3332,3378.58,3788.67,46.57999999999993,39.630000000000166,1.106975112022891
24867,-73.97170257568358,40.74653625488281,-73.95365142822266,40.774452209472656,542.06,3332,3332,3369.64,3911.7,37.63999999999987,0.0,1.0
24868,-73.99315643310547,40.74787902832031,-73.99011993408203,40.729019165039055,595.99,3332,3332,-1.0,-1.0,-1,-1,0.0
24869,-73.98261260986328,40.748634338378906,-73.94728851318358,40.78022384643555,906.84,3332,3332,-1.0,-1.0,-1,-1,0.0
24870,-73.9858169555664,40.74084091186523,-73.96746063232422,40.75775146484375,655.65,3332,3332,-1.0,-1.0,-1,-1,0.0
24871,-73.988037109375,40.76884841918945,-74.00031280517578,40.73389053344727,974.04,3332,3332,-1.0,-1.0,-1,-1,0.0
24872,-73.9720458984375,40.76326370239258,-73.95602416992188,40.78465270996094,428.52,3332,3332,-1.0,-1.0,-1,-1,0.0
24873,-74.00530242919923,40.71837997436523,-73.9985122680664,40.7348518371582,288.5,3333,3333,-1.0,-1.0,-1,-1,0.0
24874,-74.00848388671875,40.74050521850585,-74.01477813720702,40.70977783203125,570.04,3333,3333,3380.19,3970.73,47.190000000000055,20.5,1.0359623886043086
24875,-73.98088073730467,40.74762344360352,-73.95347595214845,40.77693176269531,863.53,3333,3333,-1.0,-1.0,-1,-1,0.0
24876,-73.95130157470702,40.77809143066406,-73.97069549560547,40.79518127441406,639.43,3333,3333,3726.42,4365.85,393.4200000000001,3.410605131648481e-13,1.0000000000000004
24877,-73.98472595214844,40.74546813964844,-74.00247192382812,40.73969650268555,504.89,3333,3333,-1.0,-1.0,-1,-1,0.0
24878,-74.00616455078125,40.7512092590332,-73.99449920654298,40.75071334838867,300.34,3334,3334,3453.95,3754.29,119.94999999999982,1.7053025658242404e-13,1.0000000000000007
24879,-73.97509765625,40.76176834106445,-73.98495483398438,40.74261474609375,586.07,3334,3334,-1.0,-1.0,-1,-1,0.0
24880,-73.95265197753906,40.776611328125,-73.96410369873048,40.77075958251953,383.03,3334,3334,3475.71,3858.74,141.71000000000004,-2.2737367544323206e-13,0.9999999999999994
24881,-74.00316619873048,40.74917984008789,-73.97696685791014,40.747318267822266,769.52,3334,3334,3537.43,4306.95,203.42999999999984,0.0,1.0
24882,-74.00028228759766,40.7255973815918,-74.00428771972656,40.73041534423828,198.75,3334,3334,-1.0,-1.0,-1,-1,0.0
24883,-73.9610824584961,40.769020080566406,-73.98262023925781,40.7816276550293,709.72,3334,3334,-1.0,-1.0,-1,-1,0.0
24884,-73.9605941772461,40.7755012512207,-73.94642639160156,40.77240753173828,363.41,3335,3335,3490.0,3853.41,155.0,-1.7053025658242404e-13,0.9999999999999996
24885,-73.9836654663086,40.74970626831055,-73.98696899414062,40.72941589355469,550.7,3335,3335,-1.0,-1.0,-1,-1,0.0
24886,-74.00404357910156,40.74212265014648,-73.99995422363281,40.725494384765625,627.48,3335,3335,-1.0,-1.0,-1,-1,0.0
24887,-74.00057983398438,40.72093200683594,-74.0016098022461,40.72115707397461,182.42,3335,3335,3430.46,3612.88,95.46000000000004,8.526512829121202e-14,1.0000000000000004
24888,-73.99227142333984,40.730716705322266,-73.98907470703125,40.74425888061523,544.24,3335,3335,-1.0,-1.0,-1,-1,0.0
24889,-73.9965591430664,40.72378158569336,-73.98853302001955,40.72135925292969,439.78,3335,3335,3476.91,3916.69,141.90999999999985,2.2737367544323206e-13,1.0000000000000004
24890,-73.95152282714845,40.77861022949219,-73.96968078613281,40.78963088989258,534.04,3335,3335,-1.0,-1.0,-1,-1,0.0
24891,-73.94700622558595,40.780288696289055,-73.9478759765625,40.80039978027344,456.07,3336,3336,3378.46,3834.53,42.460000000000036,1.7053025658242404e-13,1.0000000000000004
24892,-73.97393798828125,40.75195693969727,-73.95928955078125,40.75915145874024,415.42,3336,3336,-1.0,-1.0,-1,-1,0.0
24893,-73.96900939941406,40.76412963867188,-73.95545959472656,40.777740478515625,467.14,3336,3336,3385.21,3893.14,49.210000000000036,40.78999999999985,1.0873185768720295
24894,-74.00416564941406,40.72545623779297,-73.98885345458984,40.727481842041016,499.24,3336,3336,3376.37,3885.35,40.36999999999989,9.740000000000009,1.0195096546751061
24895,-73.98950958251955,40.75244522094727,-73.97702026367188,40.743560791015625,533.45,3336,3336,-1.0,-1.0,-1,-1,0.0
24896,-73.98783111572266,40.744941711425774,-73.9761734008789,40.776451110839844,981.82,3336,3336,-1.0,-1.0,-1,-1,0.0
24897,-73.98461151123048,40.7426986694336,-73.95988464355469,40.774452209472656,871.81,3336,3336,3445.72,4317.53,109.7199999999998,0.0,1.0
24898,-73.99708557128906,40.75839614868164,-73.99742889404298,40.718994140625,1183.5,3336,3336,3376.33,4566.96,40.32999999999993,7.130000000000109,1.0060245035910436
24899,-74.00605773925781,40.70708084106445,-73.95991516113281,40.76244354248047,982.34,3336,3336,3399.38,4381.719999999999,63.38000000000011,-7.958078640513122e-13,0.9999999999999992
24900,-73.96829986572266,40.762508392333984,-73.9676055908203,40.770973205566406,424.92,3337,3337,-1.0,-1.0,-1,-1,0.0
24901,-73.98201751708984,40.76567840576172,-73.98577117919923,40.72687149047852,1250.31,3337,3337,3382.23,4677.44,45.23000000000002,44.899999999999636,1.0359110940486755
24902,-73.97114562988281,40.76034164428711,-73.96485137939453,40.76388549804688,217.75,3337,3337,-1.0,-1.0,-1,-1,0.0
24903,-73.99813079833984,40.73608016967773,-73.9905776977539,40.73139953613281,281.5,3338,3338,3418.12,3699.62,80.11999999999989,0.0,1.0
24904,-73.984375,40.7798957824707,-73.97480010986328,40.79307174682617,295.49,3338,3338,3422.33,3717.82,84.32999999999993,2.2737367544323206e-13,1.0000000000000007
24905,-73.978271484375,40.77310562133789,-73.98165893554686,40.77856063842773,195.96,3338,3338,3485.13,3681.09,147.1300000000001,2.842170943040401e-14,1.0000000000000002
24906,-73.95948791503906,40.76752471923828,-73.99118041992188,40.71477890014648,1117.83,3338,3338,-1.0,-1.0,-1,-1,0.0
24907,-73.9713134765625,40.79788589477539,-73.98111724853516,40.76951599121094,689.22,3338,3338,3535.54,4224.76,197.53999999999996,2.2737367544323206e-13,1.0000000000000002
24908,-73.98086547851562,40.760292053222656,-73.98123931884766,40.78446578979492,728.23,3338,3338,3392.84,4121.07,54.840000000000146,-4.547473508864641e-13,0.9999999999999993
24909,-73.97895812988281,40.76192092895508,-73.9825210571289,40.723228454589844,1281.86,3339,3339,3365.38,4717.65,26.38000000000011,70.40999999999963,1.054927995256892
24910,-73.99925231933594,40.74406051635742,-74.00463104248048,40.75228118896485,299.22,3339,3339,-1.0,-1.0,-1,-1,0.0
24911,-73.95450592041014,40.76959991455078,-73.96260833740234,40.775554656982415,363.97,3339,3339,3640.2200000000003,4004.19,301.22000000000025,-2.2737367544323206e-13,0.9999999999999993
24912,-73.97969818115234,40.76599502563477,-73.98628234863281,40.73458480834961,1024.8,3339,3339,3386.92,4436.9,47.92000000000007,25.17999999999961,1.0245706479313033
24913,-73.94927215576173,40.78440856933594,-73.95825958251955,40.778770446777344,232.83,3339,3339,3378.8200000000006,3611.6500000000005,39.82000000000062,-8.526512829121202e-14,0.9999999999999997
24914,-73.9906692504883,40.75661849975585,-73.97071838378906,40.79753112792969,875.09,3339,3339,-1.0,-1.0,-1,-1,0.0
24915,-73.95213317871094,40.77755355834961,-73.96617126464845,40.755516052246094,661.52,3340,3340,3398.67,4060.19,58.67000000000007,0.0,1.0
24916,-73.99354553222656,40.751766204833984,-74.00539398193358,40.75121688842773,277.91,3340,3340,3390.6800000000003,3668.59,50.68000000000029,-1.7053025658242404e-13,0.9999999999999993
24917,-73.9934844970703,40.74640274047852,-74.00741577148438,40.741111755371094,409.45,3340,3340,-1.0,-1.0,-1,-1,0.0
24918,-73.99029541015625,40.7566032409668,-73.94037628173827,40.82005310058594,1436.88,3340,3340,-1.0,-1.0,-1,-1,0.0
24919,-73.98272705078125,40.7393798828125,-73.98722076416014,40.76594924926758,1052.43,3340,3340,3366.89,4425.9,26.889999999999873,6.5799999999997,1.0062521972957819
24920,-73.99288177490234,40.737220764160156,-74.00626373291014,40.73968124389648,406.42,3340,3340,-1.0,-1.0,-1,-1,0.0
24921,-74.00137329101562,40.74132919311523,-73.96351623535155,40.76501083374024,1146.1,3341,3341,3475.54,4621.639999999999,134.53999999999996,-4.547473508864641e-13,0.9999999999999996
24922,-73.9769287109375,40.74939346313477,-73.99948120117188,40.71965026855469,822.47,3341,3341,-1.0,-1.0,-1,-1,0.0
24923,-73.95608520507811,40.77970504760742,-73.98094177246094,40.78609848022461,565.54,3341,3341,3475.92,4041.46,134.92000000000007,0.0,1.0
24924,-73.9681396484375,40.75911712646485,-73.98394012451173,40.76507568359375,665.26,3341,3341,-1.0,-1.0,-1,-1,0.0
24925,-74.0010986328125,40.74170684814453,-73.98944091796875,40.75773620605469,459.43,3341,3341,3576.04,4035.4700000000003,235.03999999999996,2.8421709430404007e-13,1.0000000000000007
24926,-73.98164367675781,40.73286437988281,-73.97727203369139,40.75192642211913,496.42,3342,3342,3442.38,3938.8,100.38000000000011,5.684341886080802e-14,1.0000000000000002
24927,-73.97090911865234,40.75174331665039,-73.98365020751955,40.74386978149415,392.41,3342,3342,-1.0,-1.0,-1,-1,0.0
24928,-73.99372100830078,40.75173950195313,-73.98210906982422,40.74311065673828,644.25,3342,3342,-1.0,-1.0,-1,-1,0.0
24929,-73.97863006591797,40.77824020385742,-73.98687744140625,40.76678085327149,277.23,3342,3342,3368.87,3646.1,26.86999999999989,0.0,1.0
24930,-73.99270629882812,40.74823760986328,-73.98529052734375,40.72370529174805,839.63,3342,3342,-1.0,-1.0,-1,-1,0.0
24931,-73.96959686279298,40.79788208007813,-73.9822998046875,40.76925659179688,646.76,3342,3342,3360.0,4059.42,18.0,52.66000000000008,1.0814212381718105
24932,-73.99063110351562,40.73083114624024,-73.97001647949219,40.753822326660156,716.35,3342,3342,3519.49,4235.84,177.48999999999978,3.410605131648481e-13,1.0000000000000004
24933,-73.99114227294923,40.75036239624024,-73.97171783447266,40.75762176513672,807.04,3342,3342,-1.0,-1.0,-1,-1,0.0
24934,-73.97575378417969,40.74491882324219,-73.99231719970702,40.749168395996094,591.22,3342,3342,-1.0,-1.0,-1,-1,0.0
24935,-73.96764373779298,40.80236434936523,-73.93565368652342,40.85708236694336,930.83,3342,3342,3360.0,4290.83,18.0,-1.1368683772161603e-13,0.9999999999999999
24936,-73.97171020507811,40.75710678100585,-73.98223114013672,40.77107620239258,675.36,3343,3343,-1.0,-1.0,-1,-1,0.0
24937,-73.98358154296875,40.77374267578125,-73.97869110107422,40.747764587402344,970.72,3343,3343,3452.37,4423.09,109.36999999999989,2.2737367544323206e-13,1.0000000000000002
24938,-73.99234008789062,40.74909973144531,-74.00296020507811,40.728271484375,500.07,3343,3343,3397.66,3950.06,54.659999999999854,52.3300000000001,1.104645349651049
24939,-73.99105834960938,40.74208450317383,-73.99220275878906,40.75381088256836,479.07,3343,3343,3397.29,3876.36,54.289999999999964,1.7053025658242404e-13,1.0000000000000004
24940,-73.9986343383789,40.72616195678711,-73.9815902709961,40.73256301879883,462.41,3343,3343,-1.0,-1.0,-1,-1,0.0
24941,-73.96772766113281,40.78778076171875,-73.98606109619139,40.77560043334961,483.07,3343,3343,3360.58,3843.6499999999996,17.579999999999927,-2.8421709430404007e-13,0.9999999999999994
24942,-73.99634552001955,40.73816299438477,-73.99922180175781,40.72319793701172,527.64,3343,3343,-1.0,-1.0,-1,-1,0.0
24943,-74.01579284667969,40.71521377563477,-73.97622680664062,40.74897003173828,1094.55,3343,3343,-1.0,-1.0,-1,-1,0.0
24944,-73.98786926269531,40.720890045166016,-74.00456237792969,40.733360290527344,739.98,3344,3344,3383.87,4123.849999999999,39.86999999999989,-4.547473508864641e-13,0.9999999999999993
24945,-73.99272918701173,40.72365188598633,-73.98312377929686,40.72660827636719,261.9,3344,3344,3415.21,3677.11,71.21000000000004,1.1368683772161603e-13,1.0000000000000004
24946,-73.96966552734375,40.75697708129883,-73.97368621826173,40.79214096069336,990.79,3344,3344,-1.0,-1.0,-1,-1,0.0
24947,-73.95765686035155,40.77045440673828,-73.96279907226562,40.77404403686523,253.97,3344,3344,-1.0,-1.0,-1,-1,0.0
24948,-73.96813201904298,40.78713989257813,-73.98103332519531,40.7652587890625,593.37,3344,3344,3377.41,4019.49,33.409999999999854,48.70999999999992,1.0820904326137148
24949,-73.98436737060547,40.73853302001953,-74.00321197509766,40.7350959777832,566.58,3345,3345,3393.86,3960.44,48.86000000000013,-1.1368683772161603e-13,0.9999999999999998
24950,-73.98373413085938,40.76573181152344,-73.98603820800781,40.7630615234375,251.17,3345,3345,-1.0,-1.0,-1,-1,0.0
24951,-73.9766845703125,40.74803924560547,-73.96134185791014,40.76042938232422,420.52,3345,3345,3390.93,3856.0299999999997,45.929999999999836,44.57999999999993,1.10601160467992
24952,-73.97364044189453,40.76350784301758,-73.99188232421875,40.75055313110352,641.54,3345,3345,3370.53,4012.07,25.5300000000002,0.0,1.0
24953,-73.95314025878906,40.81780624389648,-73.94023132324219,40.80553817749024,481.49,3345,3345,3963.91,4445.4,618.9099999999999,-2.2737367544323206e-13,0.9999999999999996
24954,-73.96713256835938,40.76666259765625,-73.9600067138672,40.75870895385742,454.73,3345,3345,3467.03,3921.7599999999998,122.0300000000002,-4.547473508864641e-13,0.999999999999999
24955,-73.97862243652342,40.772621154785156,-73.9711380004883,40.751243591308594,836.63,3345,3345,-1.0,-1.0,-1,-1,0.0
24956,-73.9678726196289,40.75550842285156,-73.99139404296875,40.750186920166016,765.03,3346,3346,-1.0,-1.0,-1,-1,0.0
24957,-73.97122192382812,40.757850646972656,-73.98468780517578,40.73650360107422,506.3,3346,3346,3393.4,3899.7,47.40000000000009,-2.8421709430404007e-13,0.9999999999999994
24958,-73.97531890869139,40.75003051757813,-73.97036743164062,40.75905990600585,340.55,3346,3346,-1.0,-1.0,-1,-1,0.0
24959,-73.99332427978516,40.76267623901367,-74.01599884033203,40.71550750732422,927.75,3346,3346,3404.4500000000003,4332.2,58.45000000000027,-4.547473508864641e-13,0.9999999999999996
24960,-73.96038818359375,40.7729377746582,-73.956298828125,40.7679443359375,223.74,3347,3347,3393.45,3617.19,46.44999999999982,2.2737367544323206e-13,1.000000000000001
24961,-73.98228454589844,40.76826095581055,-73.97964477539062,40.7558479309082,546.78,3347,3347,3393.719999999999,3967.7099999999987,46.71999999999889,27.20999999999981,1.049764073301876
24962,-73.98905181884766,40.7485237121582,-73.98922729492188,40.7578239440918,355.88,3347,3347,-1.0,-1.0,-1,-1,0.0
24963,-73.95563507080078,40.77191925048828,-73.95034790039062,40.78669357299805,332.52,3347,3347,3375.83,3708.35,28.829999999999927,0.0,1.0
24964,-73.97894287109375,40.76217651367188,-73.98893737792969,40.75571060180664,385.17,3347,3347,-1.0,-1.0,-1,-1,0.0
24965,-73.97027587890625,40.789226531982415,-73.9538803100586,40.785118103027344,427.44,3347,3347,-1.0,-1.0,-1,-1,0.0
24966,-73.99758148193358,40.74649429321289,-73.99774932861328,40.75664138793945,266.61,3347,3347,3369.83,3706.88,22.829999999999927,70.44000000000017,1.2642061438055594
24967,-73.99416351318358,40.7199592590332,-74.01006317138672,40.704010009765625,477.26,3348,3348,3401.95,3889.59,53.94999999999982,10.380000000000337,1.021749151405943
24968,-74.00028228759766,40.7266731262207,-74.01236724853516,40.70695877075195,687.53,3348,3348,-1.0,-1.0,-1,-1,0.0
24969,-73.98040771484375,40.76731872558594,-73.97376251220702,40.764591217041016,223.58,3348,3348,3378.0099999999998,3601.59,30.009999999999764,3.694822225952521e-13,1.0000000000000016
24970,-74.0030746459961,40.74557113647461,-73.98865509033203,40.7498779296875,438.63,3348,3348,-1.0,-1.0,-1,-1,0.0
24971,-73.98613739013672,40.72649765014648,-73.99356079101562,40.72458267211913,288.25,3348,3348,3493.63,3781.88,145.6300000000001,0.0,1.0
24972,-73.94844055175781,40.773921966552734,-73.9760513305664,40.788761138916016,689.28,3348,3348,3398.41,4087.69,50.409999999999854,2.2737367544323206e-13,1.0000000000000002
24973,-74.00670623779298,40.731609344482415,-73.973388671875,40.79287338256836,1141.77,3349,3349,3360.0,4501.7699999999995,11.0,-4.547473508864641e-13,0.9999999999999996
24974,-73.99159240722656,40.75022888183594,-73.97942352294923,40.73995971679688,540.65,3349,3349,-1.0,-1.0,-1,-1,0.0
24975,-73.98429870605469,40.76728057861328,-73.96353149414062,40.76565933227539,667.35,3349,3349,-1.0,-1.0,-1,-1,0.0
24976,-73.99165344238281,40.75812149047852,-74.0018081665039,40.7616081237793,238.54,3349,3349,-1.0,-1.0,-1,-1,0.0
24977,-73.97651672363281,40.7668571472168,-73.9682388305664,40.75639724731445,576.13,3349,3349,-1.0,-1.0,-1,-1,0.0
24978,-73.98236846923827,40.77351379394531,-73.9805145263672,40.76603698730469,279.4,3349,3349,-1.0,-1.0,-1,-1,0.0
24979,-73.9919662475586,40.759178161621094,-73.9944076538086,40.72467803955078,1059.38,3350,3350,3403.33,4498.53,53.32999999999993,35.81999999999971,1.0338122297947854
24980,-73.99102020263672,40.76084518432617,-73.97467041015625,40.79355239868164,685.32,3350,3350,-1.0,-1.0,-1,-1,0.0
24981,-73.97624206542969,40.76374435424805,-73.98564147949219,40.772117614746094,344.04,3350,3350,3397.49,3741.5299999999997,47.48999999999978,-5.684341886080802e-14,0.9999999999999999
24982,-73.98918914794923,40.747764587402344,-73.98655700683594,40.722164154052734,919.55,3350,3350,-1.0,-1.0,-1,-1,0.0
24983,-73.99002075195312,40.74433135986328,-73.98792266845702,40.758277893066406,526.09,3350,3350,-1.0,-1.0,-1,-1,0.0
24984,-73.97006225585938,40.75677108764648,-73.97660064697266,40.76203918457031,351.72,3350,3350,-1.0,-1.0,-1,-1,0.0
24985,-73.97261810302734,40.759849548339844,-73.98880004882812,40.73590087890625,670.09,3350,3350,-1.0,-1.0,-1,-1,0.0
24986,-74.00454711914062,40.71277236938477,-73.98259735107422,40.72732162475585,641.24,3350,3350,3484.34,4125.58,134.34000000000015,-2.2737367544323206e-13,0.9999999999999997
24987,-73.9830551147461,40.722469329833984,-73.99897003173827,40.73001480102539,431.58,3350,3350,3375.32,3806.9,25.320000000000164,-5.684341886080802e-14,0.9999999999999999
24988,-73.98046875,40.753326416015625,-73.9766082763672,40.73942565917969,546.92,3351,3351,3430.12,4003.55,79.11999999999989,26.510000000000332,1.048471440064361
24989,-73.9945297241211,40.74627685546875,-73.990234375,40.73723983764648,310.23,3351,3351,3402.29,3712.52,51.289999999999964,0.0,1.0
24990,-73.97953033447266,40.765419006347656,-73.99269104003906,40.7675895690918,340.75,3351,3351,3381.88,3722.63,30.88000000000011,0.0,1.0
24991,-73.9912109375,40.75019836425781,-73.99030303955078,40.75060272216797,293.28,3351,3351,-1.0,-1.0,-1,-1,0.0
24992,-73.99024200439453,40.7408332824707,-73.99954986572266,40.73760223388672,254.45,3351,3351,3404.0899999999997,3658.54,53.08999999999969,2.8421709430404007e-13,1.000000000000001
24993,-73.96813201904298,40.765403747558594,-73.97518157958984,40.752288818359375,426.13,3351,3351,3369.56,3853.94,18.559999999999945,58.250000000000114,1.1366953746509283
24994,-73.95601654052734,40.77603149414063,-73.94505310058594,40.79111099243164,211.69,3352,3352,3384.05,3595.74,32.05000000000018,-3.979039320256561e-13,0.9999999999999981
24995,-74.01361846923827,40.713829040527344,-73.99773406982422,40.72582626342773,579.33,3352,3352,3378.48,4031.48,26.480000000000018,73.66999999999996,1.127164137883417
24996,-73.97542572021484,40.75237655639648,-73.99175262451173,40.71488952636719,1013.09,3352,3352,-1.0,-1.0,-1,-1,0.0
24997,-73.9588165283203,40.77328872680664,-73.97000122070312,40.7606201171875,451.0,3352,3352,-1.0,-1.0,-1,-1,0.0
24998,-73.95475006103516,40.76970672607422,-73.9457015991211,40.77812957763672,193.08,3352,3352,3382.6800000000003,3575.7599999999998,30.68000000000029,-5.400124791776761e-13,0.9999999999999972
24999,-73.99067687988281,40.76644134521485,-73.96168518066406,40.77404022216797,738.2,3352,3352,3362.94,4101.14,10.940000000000055,2.2737367544323206e-13,1.0000000000000002
25000,-73.98500061035155,40.7791404724121,-73.98631286621094,40.77204895019531,199.16,3353,3353,3363.12,3667.91,10.11999999999989,105.62999999999997,1.5303775858606143
25001,-73.95933532714845,40.77252197265625,-73.96875762939453,40.75902557373047,561.72,3353,3353,-1.0,-1.0,-1,-1,0.0
25002,-73.98407745361328,40.74346923828125,-73.97894287109375,40.76176071166992,623.79,3353,3353,3385.5,4026.33,32.5,17.039999999999964,1.0273168854903092
25003,-73.98100280761719,40.76526641845703,-73.96900177001955,40.75518035888672,589.09,3353,3353,-1.0,-1.0,-1,-1,0.0
25004,-73.9968490600586,40.72300338745117,-73.98667907714845,40.73960494995117,449.78,3353,3353,-1.0,-1.0,-1,-1,0.0
25005,-73.97212219238281,40.76254653930664,-73.94117736816406,40.80759811401367,852.23,3353,3353,3403.16,4255.39,50.159999999999854,4.547473508864641e-13,1.0000000000000004
25006,-74.00529479980467,40.72765731811523,-73.96929168701173,40.7520637512207,1050.84,3353,3353,-1.0,-1.0,-1,-1,0.0
25007,-73.99079132080078,40.729000091552734,-73.97260284423827,40.78591918945313,1444.28,3353,3353,3405.84,4850.119999999999,52.840000000000146,-1.1368683772161603e-12,0.9999999999999992
25008,-74.01465606689453,40.71540069580078,-73.97685241699219,40.751968383789055,1141.25,3354,3354,-1.0,-1.0,-1,-1,0.0
25009,-74.00127410888672,40.72417449951172,-74.00206756591797,40.739662170410156,505.7,3354,3354,-1.0,-1.0,-1,-1,0.0
25010,-73.97816467285155,40.75424575805664,-73.96305847167969,40.75436019897461,504.91,3354,3354,-1.0,-1.0,-1,-1,0.0
25011,-73.98686218261719,40.75432586669922,-73.99404907226562,40.7413215637207,437.43,3354,3354,3507.67,3945.1,153.67000000000007,-1.7053025658242404e-13,0.9999999999999996
25012,-73.96562957763672,40.76272964477539,-73.95591735839844,40.77455139160156,227.69,3354,3354,3384.0099999999998,3611.7,30.009999999999764,5.684341886080802e-14,1.0000000000000002
25013,-73.99776458740234,40.751502990722656,-74.00875854492188,40.73204803466797,493.58,3355,3355,-1.0,-1.0,-1,-1,0.0
25014,-73.98190307617188,40.768943786621094,-73.9581069946289,40.764739990234375,717.78,3355,3355,-1.0,-1.0,-1,-1,0.0
25015,-73.99208068847656,40.769474029541016,-74.00239562988281,40.7608757019043,290.64,3355,3355,3412.03,3702.67,57.0300000000002,-1.1368683772161603e-13,0.9999999999999996
25016,-73.97278594970702,40.75234603881836,-73.96113586425781,40.76895523071289,384.29,3355,3355,-1.0,-1.0,-1,-1,0.0
25017,-73.97628784179686,40.76019287109375,-73.99405670166014,40.75338745117188,552.88,3355,3355,3387.71,4019.56,32.710000000000036,78.96999999999991,1.14283388800463
25018,-74.00586700439453,40.74013137817383,-73.99315643310547,40.72425079345703,759.24,3355,3355,3470.87,4230.11,115.86999999999989,-2.2737367544323206e-13,0.9999999999999997
25019,-73.99092864990234,40.7503318786621,-73.99198913574219,40.75815963745117,419.05,3355,3355,-1.0,-1.0,-1,-1,0.0
25020,-73.97265625,40.79364013671875,-73.98014831542969,40.7654685974121,725.7,3355,3355,3372.7999999999997,4098.5,17.799999999999727,2.2737367544323206e-13,1.0000000000000002
25021,-73.98878479003906,40.722251892089844,-74.00572204589844,40.74041748046875,763.55,3355,3355,3531.62,4295.17,176.6199999999999,2.2737367544323206e-13,1.0000000000000002
25022,-73.97874450683594,40.78536605834961,-73.9522933959961,40.80329132080078,636.05,3355,3355,3399.5899999999997,4035.64,44.58999999999969,2.2737367544323206e-13,1.0000000000000004
25023,-73.97795867919923,40.75202941894531,-73.95363616943358,40.77009201049805,648.65,3356,3356,-1.0,-1.0,-1,-1,0.0
25024,-73.97334289550781,40.757789611816406,-73.9908676147461,40.75775146484375,585.92,3356,3356,3379.92,3979.4700000000003,23.920000000000073,13.630000000000223,1.0232625614418354
25025,-73.9637222290039,40.768421173095696,-73.97271728515625,40.764739990234375,338.77,3356,3356,-1.0,-1.0,-1,-1,0.0
25026,-73.96829223632812,40.78676986694336,-73.9826431274414,40.77732849121094,399.58,3356,3356,3401.97,3801.55,45.9699999999998,3.979039320256561e-13,1.0000000000000009
25027,-73.99388122558594,40.76176071166992,-73.9830551147461,40.776615142822266,260.99,3356,3356,3415.13,3676.12,59.13000000000011,-2.2737367544323206e-13,0.9999999999999991
25028,-73.97322845458984,40.75606918334961,-73.98892974853516,40.76369857788085,693.82,3356,3356,-1.0,-1.0,-1,-1,0.0
25029,-73.96627044677734,40.76482772827149,-73.95732116699219,40.770111083984375,296.82,3357,3357,3376.64,3673.46,19.639999999999873,1.7053025658242404e-13,1.0000000000000007
25030,-74.00446319580078,40.71980285644531,-73.99043273925781,40.72492599487305,578.7,3357,3357,-1.0,-1.0,-1,-1,0.0
25031,-74.00042724609375,40.727088928222656,-73.95356750488281,40.78364181518555,1535.4,3357,3357,-1.0,-1.0,-1,-1,0.0
25032,-74.00395965576173,40.74217987060547,-74.00502014160156,40.7315788269043,356.39,3357,3357,3360.0,3716.3900000000003,3.0,3.410605131648481e-13,1.0000000000000009
25033,-73.96846771240234,40.764549255371094,-73.95650482177734,40.774810791015625,339.73,3357,3357,-1.0,-1.0,-1,-1,0.0
25034,-73.98780059814453,40.74962615966797,-73.97771453857422,40.7641487121582,385.81,3358,3358,3391.35,3777.16,33.34999999999991,-5.684341886080802e-14,0.9999999999999999
25035,-74.01510620117188,40.70834732055664,-73.94951629638672,40.7724838256836,1289.93,3358,3358,-1.0,-1.0,-1,-1,0.0
25036,-73.98226928710938,40.762939453125,-73.9639663696289,40.77457046508789,635.8,3358,3358,3407.59,4043.39,49.590000000000146,-2.2737367544323206e-13,0.9999999999999997
25037,-73.9820327758789,40.7580451965332,-73.97734069824219,40.76516342163085,199.3,3358,3358,3407.2,3606.5,49.19999999999982,1.7053025658242404e-13,1.0000000000000009
25038,-73.97360229492188,40.76391220092773,-73.98372650146483,40.76604080200195,392.21,3358,3358,3361.58,3753.79,3.5799999999999272,5.684341886080802e-14,1.0000000000000002
25039,-73.9594192504883,40.77087020874024,-73.95166778564453,40.76633834838867,263.09,3358,3358,-1.0,-1.0,-1,-1,0.0
25040,-73.97427368164062,40.753849029541016,-73.97830200195312,40.744041442871094,262.0,3358,3358,-1.0,-1.0,-1,-1,0.0
25041,-73.97212982177734,40.76535034179688,-73.97791290283203,40.76313018798828,244.58,3359,3359,-1.0,-1.0,-1,-1,0.0
25042,-73.98716735839844,40.76268005371094,-73.98171997070312,40.74966049194336,635.83,3359,3359,-1.0,-1.0,-1,-1,0.0
25043,-74.01715850830078,40.70546340942383,-73.98180389404298,40.74888610839844,1183.49,3359,3359,-1.0,-1.0,-1,-1,0.0
25044,-73.98878479003906,40.74872970581055,-73.99087524414062,40.75566482543945,317.58,3359,3359,-1.0,-1.0,-1,-1,0.0
25045,-73.97755432128906,40.75896835327149,-73.9850082397461,40.74819564819336,278.34,3359,3359,3375.45,3653.79,16.449999999999818,1.7053025658242404e-13,1.0000000000000007
25046,-74.0081558227539,40.73956680297852,-74.00410461425781,40.70746612548828,877.66,3360,3360,3423.83,4301.49,63.82999999999993,-1.1368683772161603e-13,0.9999999999999999
25047,-73.95985412597656,40.77640151977539,-73.9683609008789,40.76568603515625,349.0,3360,3360,-1.0,-1.0,-1,-1,0.0
25048,-73.96868896484375,40.75774765014648,-73.97477722167969,40.75293350219727,231.52,3360,3360,-1.0,-1.0,-1,-1,0.0
25049,-73.99128723144531,40.73262023925781,-73.99146270751955,40.723670959472656,333.5,3360,3360,-1.0,-1.0,-1,-1,0.0
25050,-73.96687316894531,40.76977157592773,-73.95873260498048,40.783409118652344,292.47,3360,3360,3366.54,3729.43,6.539999999999964,70.41999999999985,1.2407768318118093
25051,-73.97902679443358,40.762031555175774,-73.99043273925781,40.74279022216797,629.06,3360,3360,-1.0,-1.0,-1,-1,0.0
25052,-73.96717834472656,40.76665115356445,-73.97969055175781,40.76729965209961,437.34,3360,3360,-1.0,-1.0,-1,-1,0.0
25053,-73.99078369140625,40.75615310668945,-73.96611785888672,40.75887680053711,824.05,3360,3360,3380.46,4233.22,20.460000000000036,28.710000000000264,1.0348401189248229
25054,-74.00575256347656,40.714370727539055,-73.97853851318358,40.75207901000977,1065.05,3360,3360,-1.0,-1.0,-1,-1,0.0
25055,-74.00799560546875,40.74032211303711,-73.9947738647461,40.75032043457031,472.03,3361,3361,3405.960000000001,3905.180000000001,44.960000000000946,27.190000000000282,1.0576022710420954
25056,-73.97000885009766,40.75647354125977,-73.96068572998048,40.76935958862305,299.7,3361,3361,-1.0,-1.0,-1,-1,0.0
25057,-73.99686431884766,40.747337341308594,-73.94779968261719,40.80946350097656,1430.97,3361,3361,-1.0,-1.0,-1,-1,0.0
25058,-74.010009765625,40.70998001098633,-73.99701690673827,40.7224998474121,643.76,3361,3361,3550.04,4193.8,189.03999999999996,2.2737367544323206e-13,1.0000000000000004
25059,-73.98094177246094,40.7532615661621,-73.9800796508789,40.783878326416016,904.03,3361,3361,-1.0,-1.0,-1,-1,0.0
25060,-74.00751495361328,40.740909576416016,-73.99475860595702,40.7503318786621,435.56,3361,3361,3402.89,3838.45,41.88999999999987,-5.684341886080802e-14,0.9999999999999999
25061,-73.97798156738281,40.752384185791016,-73.98829650878906,40.72770690917969,613.61,3362,3362,-1.0,-1.0,-1,-1,0.0
25062,-73.99468231201173,40.74618911743164,-73.96881866455078,40.80009841918945,1160.05,3362,3362,-1.0,-1.0,-1,-1,0.0
25063,-73.98579406738281,40.746742248535156,-73.98300170898438,40.756103515625,377.68,3362,3362,-1.0,-1.0,-1,-1,0.0
25064,-73.9756317138672,40.749996185302734,-73.99738311767578,40.75642395019531,810.16,3362,3362,-1.0,-1.0,-1,-1,0.0
25065,-73.99003601074219,40.7469482421875,-73.98607635498048,40.760650634765625,478.48,3362,3362,3404.5099999999998,3930.95,42.50999999999976,47.960000000000036,1.10023407456947
25066,-74.0054931640625,40.75090408325195,-73.99520874023438,40.721534729003906,965.8,3362,3362,3463.17,4428.97,101.17000000000007,2.2737367544323206e-13,1.0000000000000002
25067,-73.9909896850586,40.7506103515625,-74.00444030761719,40.722671508789055,603.32,3362,3362,-1.0,-1.0,-1,-1,0.0
25068,-73.97333526611328,40.7553596496582,-74.00482177734375,40.73497772216797,921.32,3363,3363,-1.0,-1.0,-1,-1,0.0
25069,-73.97747039794923,40.75526809692383,-73.95676422119139,40.78431701660156,609.94,3363,3363,-1.0,-1.0,-1,-1,0.0
25070,-73.96407318115234,40.80805969238281,-73.9720230102539,40.76544570922852,1050.06,3363,3363,3473.71,4523.77,110.71000000000004,4.547473508864641e-13,1.0000000000000004
25071,-73.9986343383789,40.724964141845696,-73.97843170166014,40.76286697387695,1030.88,3363,3363,3535.33,4566.21,172.32999999999993,0.0,1.0
25072,-73.98027038574219,40.78591918945313,-73.97299194335938,40.7943115234375,215.48,3363,3363,4291.400000000001,4506.88,928.4000000000005,-4.263256414560601e-13,0.999999999999998
25073,-73.97065734863281,40.78421020507813,-73.97984313964845,40.76559829711913,490.87,3364,3364,3409.3399999999997,3930.04,45.33999999999969,29.83000000000027,1.0607696538798466
25074,-73.98596954345702,40.75005722045898,-73.96435546875,40.79989242553711,1142.79,3364,3364,3412.31,4623.97,48.309999999999945,68.87000000000035,1.0602647905564455
25075,-73.9822006225586,40.77058410644531,-73.9760513305664,40.78912734985352,457.82,3364,3364,3397.2400000000002,3876.3199999999997,33.24000000000024,21.25999999999948,1.0464374645056997
25076,-74.0160598754883,40.7150764465332,-73.98538970947266,40.76354217529297,1038.18,3364,3364,-1.0,-1.0,-1,-1,0.0
25077,-73.98200988769531,40.73204040527344,-73.97059631347656,40.75590896606445,507.34,3364,3364,3393.5,3900.84,29.5,1.7053025658242404e-13,1.0000000000000004
25078,-73.97329711914062,40.74412155151367,-73.97431945800781,40.78868865966797,1087.04,3364,3364,3394.22,4498.42,30.2199999999998,17.16000000000031,1.01578598763615
25079,-73.99884033203125,40.723480224609375,-74.01600646972656,40.715198516845696,597.84,3364,3364,3395.76,4001.02,31.76000000000022,7.419999999999732,1.01241134751773
25080,-74.00180053710938,40.72467041015625,-73.97949981689453,40.74473190307617,725.22,3364,3364,-1.0,-1.0,-1,-1,0.0
25081,-73.97711944580078,40.75177383422852,-73.9824676513672,40.7725830078125,796.72,3365,3365,3415.38,4238.55,50.38000000000011,26.450000000000045,1.0331986143187069
25082,-73.99620819091797,40.75361251831055,-73.97044372558594,40.75627136230469,895.96,3365,3365,3402.71,4298.67,37.710000000000036,0.0,1.0
25083,-73.97425842285155,40.74660110473633,-74.00718688964845,40.7038688659668,726.08,3365,3365,3474.75,4200.83,109.75,-1.1368683772161603e-13,0.9999999999999999
25084,-73.98065948486328,40.764949798583984,-74.00000762939453,40.75489044189453,654.57,3365,3365,-1.0,-1.0,-1,-1,0.0
25085,-73.98215484619139,40.7603645324707,-73.97753143310547,40.71325302124024,1148.67,3365,3365,3413.5,4627.4800000000005,48.5,65.3100000000004,1.0568570607746353
25086,-73.99266815185547,40.7436408996582,-73.97547149658203,40.72855758666992,654.81,3365,3365,-1.0,-1.0,-1,-1,0.0
25087,-73.9796142578125,40.764747619628906,-73.94683074951173,40.77222442626953,954.55,3366,3366,-1.0,-1.0,-1,-1,0.0
25088,-74.00596618652342,40.73459243774415,-73.96920776367188,40.75410842895508,1093.78,3366,3366,3553.01,4646.79,187.01000000000022,-2.2737367544323206e-13,0.9999999999999998
25089,-73.97795104980467,40.75743865966797,-74.00113677978516,40.7309799194336,699.84,3366,3366,-1.0,-1.0,-1,-1,0.0
25090,-73.9794692993164,40.746089935302734,-73.97198486328125,40.75437545776367,284.78,3366,3366,-1.0,-1.0,-1,-1,0.0
25091,-73.95969390869139,40.781341552734375,-73.96949005126955,40.76901245117188,286.35,3366,3366,-1.0,-1.0,-1,-1,0.0
25092,-73.98098754882812,40.747779846191406,-73.99117279052734,40.72684860229492,564.38,3366,3366,-1.0,-1.0,-1,-1,0.0
25093,-73.9821014404297,40.77398681640625,-73.97615814208984,40.78902816772461,329.46,3367,3367,3426.87,3756.33,59.86999999999989,5.684341886080802e-14,1.0000000000000002
25094,-73.9699478149414,40.78976821899415,-73.96173858642578,40.77634048461913,378.17,3367,3367,3571.49,3949.66,204.48999999999978,5.684341886080802e-14,1.0000000000000002
25095,-73.98149108886719,40.764591217041016,-73.96422576904298,40.80244445800781,805.82,3367,3367,-1.0,-1.0,-1,-1,0.0
25096,-73.98020935058595,40.78401947021485,-73.93914031982422,40.85126876831055,864.99,3367,3367,3403.7400000000002,4268.7300000000005,36.74000000000024,2.2737367544323206e-13,1.0000000000000002
25097,-73.9867935180664,40.72253036499024,-74.00428771972656,40.71667861938477,594.01,3367,3367,3407.17,4001.18,40.17000000000007,-2.2737367544323206e-13,0.9999999999999997
25098,-73.98710632324219,40.73965835571289,-73.98799896240234,40.72806167602539,358.77,3367,3367,3418.11,3776.88,51.11000000000013,0.0,1.0
25099,-73.96964263916014,40.76025772094727,-73.98841094970702,40.7500114440918,626.71,3367,3367,-1.0,-1.0,-1,-1,0.0
25100,-73.97123718261719,40.75597381591797,-73.99674987792969,40.72124862670898,1000.94,3367,3367,-1.0,-1.0,-1,-1,0.0
25101,-73.95399475097656,40.78479766845703,-74.00602722167969,40.717247009277344,1862.67,3367,3367,3422.84,5285.51,55.840000000000146,0.0,1.0
25102,-73.995849609375,40.73859024047852,-73.9849624633789,40.753639221191406,398.04,3367,3367,-1.0,-1.0,-1,-1,0.0
25103,-73.99857330322266,40.72782897949219,-73.98265838623048,40.7563705444336,788.25,3367,3367,-1.0,-1.0,-1,-1,0.0
25104,-73.99094390869139,40.73498153686523,-74.0178451538086,40.7095832824707,951.43,3367,3367,3425.32,4406.74,58.320000000000164,29.989999999999668,1.0315209736922313
25105,-73.96270751953125,40.77220153808594,-73.96691131591797,40.76493835449219,255.2,3367,3367,-1.0,-1.0,-1,-1,0.0
25106,-73.97853851318358,40.784156799316406,-73.96854400634766,40.80070877075195,294.97,3368,3368,3390.0,3684.97,22.0,-2.2737367544323206e-13,0.9999999999999992
25107,-74.00057220458984,40.72131729125977,-73.9884262084961,40.7230224609375,450.82,3368,3368,-1.0,-1.0,-1,-1,0.0
25108,-73.9901351928711,40.73390579223633,-73.97349548339844,40.75588607788085,738.76,3368,3368,3546.5,4285.26,178.5,2.2737367544323206e-13,1.0000000000000002
25109,-73.9945755004883,40.74064636230469,-73.98725128173827,40.72932815551758,521.57,3369,3369,-1.0,-1.0,-1,-1,0.0
25110,-73.9793701171875,40.74966049194336,-73.98217010498048,40.76280975341797,611.23,3369,3369,-1.0,-1.0,-1,-1,0.0
25111,-73.98220825195312,40.731781005859375,-73.97170257568358,40.74641036987305,235.22,3369,3369,3392.67,3628.02,23.670000000000073,0.1299999999999102,1.0005526740923387
25112,-74.00450134277344,40.73348617553711,-73.99234771728516,40.7387809753418,420.5,3369,3369,3492.04,3912.54,123.03999999999996,0.0,1.0
25113,-73.98397064208984,40.7441635131836,-73.98331451416014,40.761207580566406,683.71,3369,3369,-1.0,-1.0,-1,-1,0.0
25114,-73.98013305664062,40.76123809814453,-73.98977661132812,40.756439208984375,475.5,3369,3369,-1.0,-1.0,-1,-1,0.0
25115,-73.96421813964844,40.757171630859375,-73.98117828369139,40.759498596191406,691.31,3369,3369,3498.95,4190.26,129.94999999999982,4.547473508864641e-13,1.0000000000000007
25116,-73.99710083007811,40.74467849731445,-74.00785064697266,40.751480102539055,300.05,3370,3370,3478.21,3778.26,108.21000000000004,1.7053025658242404e-13,1.0000000000000007
25117,-73.95445251464845,40.769920349121094,-73.95999908447266,40.76213836669922,378.56,3370,3370,3586.61,3965.17,216.61000000000013,-5.684341886080802e-14,0.9999999999999999
25118,-73.9496078491211,40.77197647094727,-73.95243835449219,40.78238296508789,354.65,3370,3370,3480.45,3835.1,110.44999999999982,1.1368683772161603e-13,1.0000000000000002
25119,-73.97008514404298,40.7647590637207,-73.958984375,40.780921936035156,317.43,3370,3370,3393.43,3710.86,23.429999999999836,2.8421709430404007e-13,1.0000000000000009
25120,-74.00511932373048,40.723480224609375,-73.99903869628906,40.7342185974121,182.95,3370,3370,-1.0,-1.0,-1,-1,0.0
25121,-73.98780822753906,40.7381706237793,-74.00941467285155,40.72014236450195,755.27,3370,3370,3400.2400000000002,4155.51,30.240000000000236,0.0,1.0
25122,-73.96878814697266,40.7622184753418,-73.97998809814453,40.758880615234375,520.46,3370,3370,-1.0,-1.0,-1,-1,0.0
25123,-73.99200439453125,40.74916458129883,-73.9983901977539,40.76416015625,612.13,3370,3370,-1.0,-1.0,-1,-1,0.0
25124,-73.9912109375,40.73254013061523,-73.98860931396483,40.74610137939453,545.7,3371,3371,-1.0,-1.0,-1,-1,0.0
25125,-74.00131225585938,40.7292594909668,-73.95890045166014,40.76385116577149,1113.87,3371,3371,-1.0,-1.0,-1,-1,0.0
25126,-73.99081420898438,40.737281799316406,-73.98878479003906,40.75833129882813,764.76,3371,3371,-1.0,-1.0,-1,-1,0.0
25127,-73.9985122680664,40.760929107666016,-73.98202514648438,40.77871322631836,481.7,3371,3371,3484.17,3965.87,113.17000000000007,-1.7053025658242404e-13,0.9999999999999997
25128,-73.98707580566406,40.74516296386719,-74.00531005859375,40.72821044921875,524.44,3371,3371,3391.0,3945.51,20.0,30.070000000000164,1.0573373503165284
25129,-73.9873046875,40.76012802124024,-73.99736785888672,40.74479675292969,545.24,3371,3371,-1.0,-1.0,-1,-1,0.0
25130,-74.00910186767578,40.704288482666016,-74.01512145996094,40.70954132080078,282.6,3371,3371,3420.11,3772.87,49.11000000000013,70.15999999999974,1.248266100495399
25131,-73.97933959960938,40.75808334350585,-73.97237396240234,40.75627899169922,288.63,3371,3371,-1.0,-1.0,-1,-1,0.0
25132,-73.99696350097656,40.724464416503906,-74.00154876708984,40.7293357849121,302.14,3371,3371,-1.0,-1.0,-1,-1,0.0
25133,-74.01599884033203,40.71487045288085,-73.9947967529297,40.72697067260742,776.95,3371,3371,-1.0,-1.0,-1,-1,0.0
25134,-73.988525390625,40.77427291870117,-73.97307586669923,40.79349899291992,443.07,3371,3371,3502.0,3945.0699999999997,131.0,-2.8421709430404007e-13,0.9999999999999993
25135,-73.98196411132812,40.76523208618164,-73.9849853515625,40.75908660888672,261.29,3371,3371,-1.0,-1.0,-1,-1,0.0
25136,-73.98905944824219,40.7483024597168,-73.97794342041014,40.75397109985352,362.88,3371,3371,-1.0,-1.0,-1,-1,0.0
25137,-73.97212219238281,40.75980758666992,-73.95362854003906,40.78207778930664,598.95,3371,3371,-1.0,-1.0,-1,-1,0.0
25138,-73.9694061279297,40.76123809814453,-73.9815902709961,40.780967712402344,774.49,3372,3372,-1.0,-1.0,-1,-1,0.0
25139,-73.97017669677734,40.79894256591797,-73.99488067626955,40.75856018066406,962.58,3372,3372,3474.46,4437.04,102.46000000000004,-1.1368683772161603e-13,0.9999999999999999
25140,-74.01679229736328,40.707950592041016,-73.99688720703125,40.73250961303711,754.63,3372,3372,-1.0,-1.0,-1,-1,0.0
25141,-73.9878921508789,40.74399948120117,-73.97889709472656,40.73107147216797,484.11,3372,3372,3390.0,3874.11,18.0,1.1368683772161603e-13,1.0000000000000002
25142,-73.98961639404298,40.75893783569336,-74.00653839111328,40.7437858581543,597.81,3373,3373,-1.0,-1.0,-1,-1,0.0
25143,-73.98092651367188,40.76481628417969,-74.00057220458984,40.72887420654297,1002.84,3373,3373,-1.0,-1.0,-1,-1,0.0
25144,-73.95972442626955,40.78037643432617,-73.95286560058595,40.78169631958008,209.16,3373,3373,3412.54,3621.7,39.539999999999964,-1.4210854715202004e-13,0.9999999999999993
25145,-74.0049285888672,40.72275924682617,-74.0045394897461,40.74067687988281,454.08,3373,3373,3397.36,3916.84,24.360000000000127,65.40000000000003,1.1440274841437632
25146,-73.96781158447266,40.75175857543945,-73.96076202392578,40.77230072021485,508.8,3373,3373,-1.0,-1.0,-1,-1,0.0
25147,-73.99674224853516,40.76354217529297,-73.96963500976562,40.766075134277344,756.19,3373,3373,3574.55,4330.74,201.55000000000018,-4.547473508864641e-13,0.9999999999999994
25148,-73.99356842041014,40.752174377441406,-74.0028305053711,40.76052856445313,405.34,3373,3373,3484.5,3889.84,111.5,1.7053025658242404e-13,1.0000000000000004
25149,-73.98399353027342,40.76508712768555,-73.97047424316406,40.78664779663085,518.24,3373,3373,-1.0,-1.0,-1,-1,0.0
25150,-73.95532989501955,40.77421569824219,-73.94385528564453,40.777103424072266,256.1,3373,3373,3416.12,3677.73,43.11999999999989,5.510000000000105,1.0215150331901606
25151,-73.98883056640625,40.722183227539055,-74.00240325927734,40.734371185302734,655.52,3374,3374,3768.54,4424.06,394.53999999999996,4.547473508864641e-13,1.0000000000000007
25152,-73.97515106201173,40.75569152832031,-73.98961639404298,40.72594833374024,751.81,3374,3374,-1.0,-1.0,-1,-1,0.0
25153,-73.97445678710938,40.76230239868164,-73.98185729980467,40.75835418701172,299.67,3374,3374,-1.0,-1.0,-1,-1,0.0
25154,-74.00367736816406,40.72991180419922,-73.99725341796875,40.72224044799805,456.78,3374,3374,3589.25,4046.03,215.25,2.2737367544323206e-13,1.0000000000000004
25155,-73.99980926513672,40.73333740234375,-74.010009765625,40.72113800048828,492.05,3374,3374,3443.92,3935.97,69.92000000000007,-2.8421709430404007e-13,0.9999999999999994
25156,-73.98780822753906,40.7529182434082,-73.95179748535155,40.773582458496094,940.81,3374,3374,3401.37,4388.01,27.36999999999989,45.83000000000038,1.0487133427578368
25157,-73.98870849609375,40.7482795715332,-73.98771667480467,40.73279190063477,585.83,3374,3374,-1.0,-1.0,-1,-1,0.0
25158,-73.95672607421875,40.78074645996094,-73.96057891845702,40.76809310913085,388.35,3374,3374,-1.0,-1.0,-1,-1,0.0
25159,-73.9797134399414,40.7710075378418,-73.9762191772461,40.78601455688477,348.66,3374,3374,-1.0,-1.0,-1,-1,0.0
25160,-74.00836944580078,40.73545455932617,-73.99951171875,40.726016998291016,455.62,3374,3374,3450.25,3905.87,76.25,-1.1368683772161603e-13,0.9999999999999998
25161,-73.97887420654298,40.74756622314453,-73.9898910522461,40.7369270324707,352.36,3375,3375,3425.86,3778.22,50.86000000000013,-3.410605131648481e-13,0.999999999999999
25162,-73.9785614013672,40.76192092895508,-73.95263671875,40.774818420410156,733.49,3375,3375,-1.0,-1.0,-1,-1,0.0
25163,-73.95828247070312,40.768821716308594,-73.97987365722656,40.75495529174805,805.38,3375,3375,3390.0,4195.38,15.0,1.1368683772161603e-13,1.0000000000000002
25164,-73.96542358398438,40.75926971435547,-73.98372650146483,40.726898193359375,716.99,3375,3375,-1.0,-1.0,-1,-1,0.0
25165,-73.97191619873048,40.78210830688477,-73.95567321777344,40.77792739868164,371.33,3375,3375,-1.0,-1.0,-1,-1,0.0
25166,-73.98089599609375,40.77450942993164,-73.98283386230467,40.76438522338867,312.2,3375,3375,3483.45,3795.65,108.44999999999982,2.8421709430404007e-13,1.0000000000000009
25167,-73.9684066772461,40.78657913208008,-73.96572875976562,40.80521011352539,407.18,3375,3375,3390.22,3838.02,15.2199999999998,40.620000000000175,1.0997593202023679
25168,-73.95621490478516,40.77875900268555,-73.98062133789062,40.764812469482415,810.43,3375,3375,-1.0,-1.0,-1,-1,0.0
25169,-73.95471954345702,40.77326965332031,-73.97449493408203,40.759220123291016,779.71,3375,3375,3424.66,4204.37,49.659999999999854,0.0,1.0
25170,-73.96563720703125,40.76684188842773,-74.00504302978516,40.75139999389648,1003.88,3375,3375,-1.0,-1.0,-1,-1,0.0
25171,-73.97803497314453,40.75218963623047,-73.95496368408203,40.76898956298828,629.19,3375,3375,-1.0,-1.0,-1,-1,0.0
25172,-73.9943618774414,40.72285842895508,-73.9883270263672,40.77933883666992,1299.24,3376,3376,3591.75,4890.99,215.75,-2.2737367544323206e-13,0.9999999999999998
25173,-73.95516204833984,40.77324295043945,-73.97290802001955,40.7550048828125,668.29,3376,3376,3402.0,4070.29,26.0,0.0,1.0
25174,-73.97713470458984,40.751502990722656,-74.01152038574219,40.70381546020508,942.3,3376,3376,-1.0,-1.0,-1,-1,0.0
25175,-73.95565032958984,40.768421173095696,-73.96869659423827,40.76451873779297,451.71,3376,3376,3413.16,3927.08,37.159999999999854,62.21000000000009,1.137721104248301
25176,-73.95323181152342,40.77969741821289,-73.95634460449219,40.77159881591797,235.88,3376,3376,3660.15,3896.03,284.1500000000001,1.1368683772161603e-13,1.0000000000000004
25177,-73.96755981445312,40.762691497802734,-74.00275421142578,40.76057052612305,1039.51,3376,3376,-1.0,-1.0,-1,-1,0.0
25178,-73.97320556640625,40.76482772827149,-73.97686767578125,40.75886535644531,217.92,3377,3377,-1.0,-1.0,-1,-1,0.0
25179,-73.95954895019531,40.7630271911621,-73.9512710571289,40.78324890136719,392.91,3377,3377,3399.5,3792.41,22.5,-1.7053025658242404e-13,0.9999999999999996
25180,-73.9637680053711,40.76599884033203,-73.98467254638672,40.74448013305664,777.33,3377,3377,-1.0,-1.0,-1,-1,0.0
25181,-73.98246002197266,40.76837158203125,-73.96841430664062,40.7627067565918,490.2,3377,3377,-1.0,-1.0,-1,-1,0.0
25182,-73.97532653808595,40.79253005981445,-73.9793701171875,40.78172302246094,305.2,3377,3377,3434.17,3739.37,57.17000000000007,-1.7053025658242404e-13,0.9999999999999994
25183,-73.97403717041014,40.78557968139648,-73.98236846923827,40.73217010498047,1450.55,3378,3378,-1.0,-1.0,-1,-1,0.0
25184,-73.9835433959961,40.747825622558594,-73.99480438232422,40.734283447265625,342.0,3378,3378,-1.0,-1.0,-1,-1,0.0
25185,-73.98333740234375,40.77622604370117,-73.9759063720703,40.78654479980469,198.08,3378,3378,-1.0,-1.0,-1,-1,0.0
25186,-73.96449279785155,40.76419067382813,-73.95293426513672,40.77320861816406,308.46,3378,3378,-1.0,-1.0,-1,-1,0.0
25187,-73.9547576904297,40.78641128540039,-73.94107818603516,40.80253982543945,337.14,3378,3378,3420.08,3757.22,42.07999999999993,-1.1368683772161603e-13,0.9999999999999997
25188,-73.98139190673827,40.7470817565918,-73.97545623779298,40.74137878417969,325.09,3378,3378,-1.0,-1.0,-1,-1,0.0
25189,-73.95285797119139,40.78630065917969,-73.96833801269531,40.76504135131836,565.37,3379,3379,3569.12,4134.49,190.1199999999999,-1.1368683772161603e-13,0.9999999999999998
25190,-73.98536682128906,40.76134872436523,-73.97193145751955,40.76313018798828,418.2,3379,3379,3467.42,3885.62,88.42000000000007,-1.7053025658242404e-13,0.9999999999999996
25191,-73.9805908203125,40.78314971923828,-73.96656036376955,40.76713943481445,636.11,3379,3379,3537.0,4173.11,158.0,-3.410605131648481e-13,0.9999999999999994
25192,-73.96712493896483,40.76079177856445,-73.97756958007811,40.77948760986328,708.03,3379,3379,3408.86,4116.89,29.860000000000127,2.2737367544323206e-13,1.0000000000000002
25193,-73.988525390625,40.737403869628906,-73.98802185058595,40.725677490234375,420.66,3379,3379,-1.0,-1.0,-1,-1,0.0
25194,-73.97566223144531,40.75759887695313,-73.97503662109375,40.78765106201172,764.22,3379,3379,3391.85,4156.07,12.849999999999909,-2.2737367544323206e-13,0.9999999999999997
25195,-73.96205139160156,40.77923583984375,-73.95120239257811,40.78277587890625,325.67,3379,3379,-1.0,-1.0,-1,-1,0.0
25196,-73.94627380371094,40.77569580078125,-74.00797271728516,40.75205993652344,1469.45,3379,3379,3432.14,4901.59,53.13999999999987,2.2737367544323206e-13,1.0000000000000002
25197,-73.94448852539062,40.77949905395508,-73.9964599609375,40.73955535888672,1308.73,3379,3379,3399.88,4708.61,20.88000000000011,-4.547473508864641e-13,0.9999999999999997
25198,-73.96649932861328,40.75778198242188,-73.9908218383789,40.75107955932617,793.74,3380,3380,3415.39,4258.38,35.38999999999987,49.25000000000023,1.0620480258019
25199,-73.9685287475586,40.76741790771485,-73.94983673095702,40.775733947753906,476.85,3380,3380,-1.0,-1.0,-1,-1,0.0
25200,-73.9542007446289,40.763858795166016,-73.97888946533203,40.77225112915039,694.08,3380,3380,3469.37,4163.45,89.36999999999989,-1.1368683772161603e-13,0.9999999999999999
25201,-73.97727966308595,40.75915145874024,-73.96761322021484,40.80128860473633,1046.3,3380,3380,-1.0,-1.0,-1,-1,0.0
25202,-73.99221038818358,40.748779296875,-73.99758911132812,40.76384735107422,612.13,3380,3380,-1.0,-1.0,-1,-1,0.0
25203,-73.97921752929686,40.75770950317383,-73.95256805419923,40.7765007019043,769.17,3380,3380,-1.0,-1.0,-1,-1,0.0
25204,-73.96821594238281,40.76059341430664,-74.01677703857422,40.70801544189453,1203.09,3380,3380,-1.0,-1.0,-1,-1,0.0
25205,-73.95516967773438,40.78637313842773,-73.9500503540039,40.79588317871094,216.29,3381,3381,3403.86,3620.15,22.860000000000127,-2.842170943040401e-14,0.9999999999999999
25206,-73.94721984863281,40.78015899658203,-73.96540832519531,40.80942916870117,952.13,3381,3381,-1.0,-1.0,-1,-1,0.0
25207,-73.96340942382812,40.771934509277344,-73.97184753417969,40.76013565063477,370.58,3381,3381,3421.96,3792.54,40.960000000000036,-5.684341886080802e-14,0.9999999999999999
25208,-73.96769714355469,40.76871109008789,-73.95760345458984,40.77444076538085,282.79,3381,3381,-1.0,-1.0,-1,-1,0.0
25209,-74.0091323852539,40.717864990234375,-73.98509216308595,40.74497604370117,852.04,3381,3381,3514.28,4366.320000000001,133.2800000000002,4.547473508864641e-13,1.0000000000000004
25210,-73.98347473144531,40.75034713745117,-73.97732543945312,40.76335906982422,441.77,3382,3382,-1.0,-1.0,-1,-1,0.0
25211,-73.99485778808595,40.740089416503906,-73.9858169555664,40.74678039550781,361.24,3382,3382,-1.0,-1.0,-1,-1,0.0
25212,-73.97978973388672,40.766258239746094,-73.95906066894531,40.780418395996094,608.77,3382,3382,-1.0,-1.0,-1,-1,0.0
25213,-74.00064849853516,40.74529647827149,-73.99276733398438,40.73735046386719,345.03,3382,3382,3436.85,3801.15,54.84999999999991,19.27000000000021,1.0558502159232537
25214,-73.97770690917969,40.77901840209961,-73.9923095703125,40.7265510559082,1558.2,3382,3382,3403.94,5057.05,21.940000000000055,94.91000000000008,1.0609100243871135
25215,-74.00188446044923,40.724624633789055,-73.98973083496094,40.756248474121094,893.47,3382,3382,-1.0,-1.0,-1,-1,0.0
25216,-73.97908020019531,40.78202438354492,-73.96956634521484,40.79791641235352,287.45,3382,3382,3441.07,3774.41,59.070000000000164,45.8899999999997,1.1596451556792475
25217,-73.96142578125,40.77437973022461,-73.99127197265625,40.75592041015625,1076.18,3382,3382,-1.0,-1.0,-1,-1,0.0
25218,-73.99445343017578,40.76089477539063,-73.98153686523438,40.78037643432617,420.6,3382,3382,3415.71,3836.31,33.710000000000036,-1.1368683772161603e-13,0.9999999999999998
25219,-73.96974182128906,40.78987121582031,-73.94982147216798,40.78557968139648,564.27,3382,3382,-1.0,-1.0,-1,-1,0.0
25220,-73.9615936279297,40.78042984008789,-73.95976257324219,40.76283264160156,648.87,3382,3382,-1.0,-1.0,-1,-1,0.0
25221,-73.99493408203125,40.74020004272461,-73.9879608154297,40.7498435974121,259.16,3382,3382,-1.0,-1.0,-1,-1,0.0
25222,-73.98815155029298,40.77924728393555,-73.9803466796875,40.78226852416992,244.15,3383,3383,3409.83,3653.98,26.829999999999927,8.526512829121202e-14,1.0000000000000004
25223,-73.97447204589844,40.746925354003906,-74.00542449951173,40.74013900756836,785.08,3383,3383,3432.96,4251.34,49.960000000000036,33.30000000000007,1.042416059509859
25224,-74.0059814453125,40.73572158813477,-73.98332977294923,40.75310897827149,623.92,3383,3383,3481.67,4105.59,98.67000000000007,1.1368683772161603e-13,1.0000000000000002
25225,-74.0084228515625,40.7080307006836,-73.98661041259766,40.7617416381836,1336.02,3383,3383,3532.57,4868.59,149.57000000000016,0.0,1.0
25226,-73.9900131225586,40.756343841552734,-73.96650695800781,40.75395965576172,808.95,3383,3383,-1.0,-1.0,-1,-1,0.0
25227,-74.01310729980467,40.71650695800781,-73.99636840820312,40.72677230834961,586.75,3383,3383,3440.96,4030.45,57.960000000000036,2.7399999999997817,1.0046697912228373
25228,-73.97463226318358,40.74219512939453,-73.98870086669923,40.74570083618164,511.9,3383,3383,-1.0,-1.0,-1,-1,0.0
25229,-73.94962310791014,40.78458786010742,-73.97402954101562,40.789756774902344,578.27,3383,3383,3433.82,4012.09,50.820000000000164,0.0,1.0
25230,-73.97120666503906,40.74827194213867,-73.98775482177734,40.736778259277344,531.04,3383,3383,3390.0,3921.04,7.0,0.0,1.0
25231,-73.97583770751955,40.754638671875,-73.95533752441406,40.77679061889648,636.32,3383,3383,-1.0,-1.0,-1,-1,0.0
25232,-73.96457672119139,40.75484085083008,-74.00680541992188,40.725830078125,1281.01,3383,3383,3463.08,4774.74,80.07999999999993,30.649999999999864,1.0239264330489222
25233,-73.98407745361328,40.74589920043945,-74.00296020507811,40.73355484008789,523.74,3384,3384,-1.0,-1.0,-1,-1,0.0
25234,-73.97366333007811,40.748008728027344,-73.98857879638672,40.73133850097656,376.08,3384,3384,3431.9900000000002,3808.07,47.99000000000024,-5.684341886080802e-14,0.9999999999999999
25235,-73.99974060058595,40.71823501586913,-74.00286865234375,40.76044845581055,1035.91,3384,3384,3530.79,4566.7,146.78999999999996,-2.2737367544323206e-13,0.9999999999999998
25236,-73.98167419433594,40.74084854125977,-73.98008728027342,40.75185775756836,401.24,3384,3384,3394.81,3796.05,10.809999999999945,2.2737367544323206e-13,1.0000000000000007
25237,-73.9686279296875,40.79140853881836,-73.98213195800781,40.77766036987305,356.21,3384,3384,3443.33,3799.54,59.32999999999993,5.684341886080802e-14,1.0000000000000002
25238,-73.98346710205078,40.77118682861328,-73.96671295166014,40.78911590576172,553.73,3384,3384,3390.0,4046.21,6.0,102.48000000000002,1.1850721470752894
25239,-73.99745178222656,40.74672317504883,-73.94278717041014,40.82172775268555,1556.61,3385,3385,-1.0,-1.0,-1,-1,0.0
25240,-73.96842956542969,40.76501083374024,-73.9631576538086,40.76921081542969,184.12,3385,3385,-1.0,-1.0,-1,-1,0.0
25241,-73.9613723754883,40.78014373779297,-73.9751968383789,40.76109313964844,519.95,3385,3385,-1.0,-1.0,-1,-1,0.0
25242,-73.99508666992188,40.739967346191406,-73.96744537353516,40.76063537597656,884.98,3385,3385,-1.0,-1.0,-1,-1,0.0
25243,-73.99346160888672,40.73611068725585,-73.9730911254883,40.79568099975585,1260.11,3385,3385,3399.93,4660.04,14.929999999999836,2.2737367544323206e-13,1.0000000000000002
25244,-73.97614288330078,40.75728225708008,-73.95841217041014,40.78327178955078,591.36,3385,3385,-1.0,-1.0,-1,-1,0.0
25245,-73.9739990234375,40.760269165039055,-73.95825958251955,40.781551361083984,441.81,3385,3385,-1.0,-1.0,-1,-1,0.0
25246,-73.9890899658203,40.76198959350585,-73.98059844970702,40.7661361694336,312.82,3385,3385,3512.91,3825.73,127.90999999999985,1.7053025658242404e-13,1.0000000000000004
25247,-73.96826171875,40.76160049438477,-73.98629760742188,40.7263298034668,834.49,3385,3385,3403.2,4272.6,18.199999999999818,34.91000000000054,1.0418339344989163
25248,-73.99384307861328,40.73603057861328,-73.987060546875,40.74781036376953,418.0,3386,3386,3457.88,3875.88,71.88000000000011,0.0,1.0
25249,-73.9810562133789,40.74452209472656,-73.98686981201173,40.73399353027344,260.59,3386,3386,-1.0,-1.0,-1,-1,0.0
25250,-73.97525024414062,40.79262161254883,-73.97428131103516,40.78358459472656,256.8,3386,3386,3440.85,3697.65,54.84999999999991,1.7053025658242404e-13,1.0000000000000007
25251,-73.97462463378906,40.7617301940918,-73.97087860107422,40.75344467163085,481.54,3386,3386,-1.0,-1.0,-1,-1,0.0
25252,-73.97872924804686,40.77735137939453,-73.95291900634766,40.78331756591797,637.22,3386,3386,3424.54,4061.76,38.539999999999964,2.2737367544323206e-13,1.0000000000000004
25253,-73.97964477539062,40.76626586914063,-73.97486877441406,40.75852966308594,442.09,3386,3386,-1.0,-1.0,-1,-1,0.0
25254,-73.96141052246094,40.78010559082031,-73.98538970947266,40.77184677124024,681.81,3386,3386,-1.0,-1.0,-1,-1,0.0
25255,-73.97454071044923,40.76265335083008,-73.96875,40.75432586669922,397.88,3387,3387,-1.0,-1.0,-1,-1,0.0
25256,-73.95819091796875,40.77273178100585,-73.95541381835938,40.782493591308594,288.62,3387,3387,-1.0,-1.0,-1,-1,0.0
25257,-73.98084259033203,40.76779556274415,-73.96559143066406,40.8057861328125,768.38,3387,3387,3396.6,4265.9800000000005,9.599999999999909,101.00000000000057,1.13144537858872
25258,-73.97615814208984,40.751708984375,-74.0053482055664,40.74020004272461,823.96,3387,3387,-1.0,-1.0,-1,-1,0.0
25259,-73.96083068847656,40.757080078125,-73.95860290527342,40.77238082885742,414.31,3387,3387,3462.13,3876.44,75.13000000000011,-5.684341886080802e-14,0.9999999999999999
25260,-73.95238494873048,40.78409957885742,-73.9614028930664,40.77151107788085,270.74,3387,3387,3419.6,3690.34,32.59999999999991,2.2737367544323206e-13,1.0000000000000009
25261,-73.97775268554686,40.77383041381836,-73.99018096923827,40.75094223022461,744.33,3387,3387,3390.0,4134.33,3.0,-1.1368683772161603e-13,0.9999999999999999
25262,-73.97021484375,40.76274871826172,-73.97771453857422,40.78294372558594,698.91,3387,3387,-1.0,-1.0,-1,-1,0.0
25263,-73.96296691894531,40.77519226074219,-73.94554138183594,40.77445602416992,468.06,3387,3387,3431.05,3942.04,44.05000000000018,42.92999999999978,1.0917190103832837
25264,-74.01427459716798,40.70405960083008,-73.96089172363281,40.76096725463867,974.28,3388,3388,-1.0,-1.0,-1,-1,0.0
25265,-73.98812103271484,40.754409790039055,-73.9697036743164,40.79803466796875,1001.08,3388,3388,-1.0,-1.0,-1,-1,0.0
25266,-73.9822769165039,40.7784309387207,-73.97445678710938,40.7900390625,260.92,3388,3388,3421.72,3697.72,33.7199999999998,15.079999999999984,1.0577954928713782
25267,-73.95542907714845,40.783203125,-73.97740173339844,40.76454162597656,709.99,3388,3388,3403.54,4122.17,15.539999999999964,8.6400000000001,1.0121691854814858
25268,-73.9828109741211,40.735366821289055,-73.98880767822266,40.72697067260742,186.19,3388,3388,3392.74,3578.93,4.739999999999782,5.684341886080802e-14,1.0000000000000002
25269,-73.98767852783203,40.7501220703125,-73.99256896972656,40.76356506347656,482.67,3388,3388,-1.0,-1.0,-1,-1,0.0
25270,-73.98629760742188,40.743370056152344,-73.97512054443358,40.75672149658203,445.5,3388,3388,-1.0,-1.0,-1,-1,0.0
25271,-73.96705627441406,40.772708892822266,-73.99964904785155,40.74411010742188,1074.44,3389,3389,3391.34,4465.78,2.3400000000001455,-4.547473508864641e-13,0.9999999999999996
25272,-73.97868347167969,40.7534065246582,-74.00300598144531,40.73440933227539,707.92,3389,3389,-1.0,-1.0,-1,-1,0.0
25273,-73.98318481445312,40.74172592163085,-73.98725128173827,40.72910690307617,289.07,3389,3389,-1.0,-1.0,-1,-1,0.0
25274,-73.99336242675781,40.72185134887695,-74.01509857177734,40.71588516235352,796.68,3389,3389,3474.37,4271.05,85.36999999999989,3.410605131648481e-13,1.0000000000000004
25275,-73.96905517578125,40.75794982910156,-73.96092224121094,40.76931762695313,237.7,3389,3389,3448.73,3686.43,59.73000000000002,-1.7053025658242404e-13,0.9999999999999993
25276,-73.97414398193358,40.73094940185547,-73.98199462890625,40.73685836791992,275.16,3389,3389,3429.19,3704.35,40.190000000000055,-1.7053025658242404e-13,0.9999999999999993
25277,-74.00210571289062,40.73003387451172,-73.99505615234375,40.73981857299805,203.58,3389,3389,3396.79,3600.37,7.789999999999964,-8.526512829121202e-14,0.9999999999999996
25278,-73.97483825683594,40.75933837890625,-73.98072814941406,40.78762435913085,854.68,3390,3390,3409.17,4263.849999999999,19.170000000000073,-5.684341886080801e-13,0.9999999999999993
25279,-74.00481414794923,40.74249267578125,-73.95286560058595,40.78334045410156,1460.16,3390,3390,-1.0,-1.0,-1,-1,0.0
25280,-73.97956085205078,40.76439666748047,-73.97769927978516,40.78628921508789,660.61,3390,3390,-1.0,-1.0,-1,-1,0.0
25281,-74.00627136230467,40.74997329711913,-74.00804901123048,40.73944091796875,376.17,3390,3390,-1.0,-1.0,-1,-1,0.0
25282,-73.95304870605469,40.78282165527344,-73.98658752441406,40.75993728637695,1089.97,3390,3390,-1.0,-1.0,-1,-1,0.0
25283,-73.9697036743164,40.76880645751953,-73.97946166992188,40.77658081054688,308.37,3390,3390,-1.0,-1.0,-1,-1,0.0
25284,-74.00328826904298,40.73316192626953,-73.99387359619139,40.713775634765625,752.98,3390,3390,3442.0,4194.9800000000005,52.0,4.547473508864641e-13,1.0000000000000007
25285,-73.98202514648438,40.769207000732415,-73.97915649414062,40.76472854614258,182.11,3391,3391,3422.96,3605.07,31.960000000000036,1.1368683772161603e-13,1.0000000000000007
25286,-73.9534683227539,40.775554656982415,-73.9690170288086,40.75422668457031,583.85,3391,3391,-1.0,-1.0,-1,-1,0.0
25287,-73.98863220214844,40.7501220703125,-73.98426055908203,40.76475524902344,476.61,3391,3391,3425.3399999999997,3969.62,34.33999999999969,67.67000000000019,1.1419819139338248
25288,-73.98649597167969,40.73995971679688,-74.00833129882812,40.723915100097656,745.85,3391,3391,-1.0,-1.0,-1,-1,0.0
25289,-73.98603820800781,40.74631881713867,-74.00768280029298,40.7515983581543,595.09,3391,3391,-1.0,-1.0,-1,-1,0.0
25290,-74.00313568115234,40.728431701660156,-74.00690460205078,40.7432975769043,402.41,3391,3391,-1.0,-1.0,-1,-1,0.0
25291,-73.97740173339844,40.75453567504883,-73.98584747314453,40.74991226196289,359.76,3392,3392,-1.0,-1.0,-1,-1,0.0
25292,-74.01024627685547,40.71222305297852,-73.9841537475586,40.74822616577149,910.9,3392,3392,-1.0,-1.0,-1,-1,0.0
25293,-73.97869110107422,40.752838134765625,-73.99664306640625,40.72332000732422,935.78,3392,3392,-1.0,-1.0,-1,-1,0.0
25294,-73.97917938232422,40.761802673339844,-73.9813461303711,40.729148864746094,1120.05,3392,3392,-1.0,-1.0,-1,-1,0.0
25295,-73.97771453857422,40.7868537902832,-73.9369583129883,40.83415222167969,996.58,3392,3392,3430.11,4426.69,38.11000000000013,-5.684341886080801e-13,0.9999999999999994
25296,-73.96116638183594,40.80163955688477,-73.96194458007811,40.7620964050293,1197.73,3392,3392,3600.21,4797.94,208.21000000000004,-4.547473508864641e-13,0.9999999999999997
25297,-73.95547485351562,40.81993865966797,-73.97584533691406,40.786296844482415,693.49,3392,3392,3822.22,4515.71,430.2199999999998,2.2737367544323206e-13,1.0000000000000002
25298,-73.97893524169923,40.74365997314453,-73.98243713378906,40.76350021362305,860.96,3392,3392,3420.0,4280.96,28.0,0.0,1.0
25299,-73.97815704345702,40.75869369506836,-73.98219299316406,40.75522994995117,229.41,3393,3393,3424.88,3692.05,31.88000000000011,37.760000000000076,1.16459613791901
25300,-73.95275115966798,40.78350830078125,-73.9584426879883,40.77262878417969,321.65,3393,3393,3549.01,3870.66,156.01000000000022,-3.410605131648481e-13,0.9999999999999989
25301,-73.96578216552734,40.762561798095696,-73.94805145263672,40.78683090209961,414.67,3393,3393,-1.0,-1.0,-1,-1,0.0
25302,-73.96919250488281,40.76121139526367,-73.99595642089844,40.764251708984375,799.01,3393,3393,-1.0,-1.0,-1,-1,0.0
25303,-73.95502471923827,40.76506805419922,-73.96434783935547,40.76141357421875,314.38,3393,3393,3444.64,3759.02,51.63999999999987,1.1368683772161603e-13,1.0000000000000004
25304,-73.98495483398438,40.73923873901367,-73.99580383300781,40.72339630126953,565.63,3393,3393,-1.0,-1.0,-1,-1,0.0
25305,-73.98223876953125,40.736194610595696,-73.99717712402342,40.720603942871094,609.98,3393,3393,3435.92,4112.49,42.92000000000007,66.58999999999969,1.109167513688973
25306,-73.99358367919923,40.73598098754883,-73.99122619628906,40.74459838867188,271.84,3394,3394,3457.88,3729.72,63.88000000000011,-2.8421709430404007e-13,0.999999999999999
25307,-73.97039031982422,40.79648971557617,-73.97608184814453,40.7810935974121,363.67,3394,3394,-1.0,-1.0,-1,-1,0.0
25308,-74.01556396484375,40.70787048339844,-73.99408721923827,40.75127029418945,877.69,3394,3394,-1.0,-1.0,-1,-1,0.0
25309,-73.97088623046875,40.76445770263672,-73.9474105834961,40.77602767944336,617.35,3394,3394,3446.31,4115.65,52.309999999999945,51.98999999999967,1.0842147890175746
25310,-73.9674072265625,40.75864791870117,-73.98152160644531,40.74675369262695,484.05,3394,3394,-1.0,-1.0,-1,-1,0.0
25311,-73.98576354980467,40.74423599243164,-73.9653091430664,40.7581901550293,683.31,3394,3394,-1.0,-1.0,-1,-1,0.0
25312,-73.97441101074219,40.78329849243164,-73.9519271850586,40.7732810974121,530.0,3394,3394,3443.59,3973.59,49.590000000000146,0.0,1.0
25313,-73.9647445678711,40.76993179321289,-73.95459747314453,40.78838348388672,443.79,3394,3394,-1.0,-1.0,-1,-1,0.0
25314,-73.96456909179686,40.764503479003906,-73.96342468261719,40.77436828613281,306.66,3395,3395,-1.0,-1.0,-1,-1,0.0
25315,-73.98701477050781,40.73952102661133,-73.99131774902342,40.72369003295898,497.44,3395,3395,-1.0,-1.0,-1,-1,0.0
25316,-73.96724700927734,40.77243423461913,-73.98153686523438,40.756202697753906,667.35,3395,3395,3450.98,4118.33,55.98000000000002,-1.1368683772161603e-13,0.9999999999999998
25317,-73.99482727050781,40.74010848999024,-73.96746063232422,40.75777053833008,906.26,3395,3395,-1.0,-1.0,-1,-1,0.0
25318,-73.9653091430664,40.791858673095696,-73.94396209716798,40.77624130249024,722.35,3395,3395,3436.63,4158.98,41.63000000000011,-5.684341886080801e-13,0.9999999999999992
25319,-73.95193481445312,40.78160095214844,-73.95909118652342,40.777610778808594,251.23,3396,3396,3484.83,3736.06,88.82999999999993,2.842170943040401e-14,1.0000000000000002
25320,-73.94645690917969,40.77985000610352,-73.97425842285155,40.73696899414063,814.32,3396,3396,3542.46,4356.78,146.46000000000004,-3.410605131648481e-13,0.9999999999999996
25321,-73.97167205810547,40.746406555175774,-73.96218872070312,40.81224060058594,1497.75,3396,3396,3428.22,4978.72,32.2199999999998,52.750000000000455,1.0352194959105327
25322,-74.00464630126955,40.74209976196289,-74.00245666503906,40.73011016845703,396.48,3396,3396,-1.0,-1.0,-1,-1,0.0
25323,-73.970703125,40.755958557128906,-73.95990753173827,40.779388427734375,601.37,3396,3396,-1.0,-1.0,-1,-1,0.0
25324,-73.96822357177734,40.78694915771485,-73.9776382446289,40.76435089111328,632.08,3396,3396,3420.0,4052.08,24.0,-1.1368683772161603e-13,0.9999999999999998
25325,-73.95478820800781,40.78425979614258,-73.9583740234375,40.77555847167969,216.46,3396,3396,3425.99,3643.86,29.98999999999978,1.4100000000003376,1.0065139055714698
25326,-73.9620132446289,40.80562973022461,-73.9660415649414,40.76493835449219,1022.9,3397,3397,-1.0,-1.0,-1,-1,0.0
25327,-73.98801422119139,40.74954605102539,-73.95928955078125,40.76747512817383,933.32,3397,3397,-1.0,-1.0,-1,-1,0.0
25328,-74.00579833984375,40.74512100219727,-73.99784851074219,40.737735748291016,373.09,3397,3397,3570.05,3943.14,173.05000000000018,-2.8421709430404007e-13,0.9999999999999992
25329,-74.01191711425781,40.72012710571289,-74.00363159179686,40.732288360595696,400.82,3397,3397,3586.16,3986.98,189.15999999999985,1.7053025658242404e-13,1.0000000000000004
25330,-73.98780822753906,40.74386978149415,-73.99274444580078,40.72839736938477,466.8,3397,3397,-1.0,-1.0,-1,-1,0.0
25331,-73.97815704345702,40.74575424194336,-73.97438049316406,40.75389862060547,320.37,3397,3397,-1.0,-1.0,-1,-1,0.0
25332,-73.99856567382812,40.76142883300781,-73.99075317382812,40.7379035949707,733.1,3397,3397,3447.79,4211.47,50.789999999999964,30.58000000000027,1.0417132724048566
25333,-74.00586700439453,40.74925231933594,-74.00028228759766,40.74270248413085,303.85,3397,3397,-1.0,-1.0,-1,-1,0.0
25334,-73.982177734375,40.76224136352539,-74.00267791748048,40.72357940673828,1052.85,3397,3397,-1.0,-1.0,-1,-1,0.0
25335,-73.95955657958984,40.76277160644531,-73.97669219970702,40.77912902832031,717.35,3398,3398,3429.5,4146.85,31.5,3.410605131648481e-13,1.0000000000000004
25336,-73.97213745117188,40.74978256225585,-73.98091125488281,40.74614334106445,319.66,3398,3398,3487.71,3807.37,89.71000000000004,-1.7053025658242404e-13,0.9999999999999994
25337,-73.97276306152342,40.7563362121582,-73.9876480102539,40.7413330078125,497.33,3398,3398,3450.52,3947.85,52.51999999999998,-5.684341886080802e-14,0.9999999999999999
25338,-73.98377990722656,40.74409103393555,-73.98899841308595,40.73881149291992,256.58,3398,3398,3423.43,3702.05,25.429999999999836,22.04000000000036,1.0858991347727818
25339,-73.97875213623048,40.76221084594727,-73.95240783691406,40.76868057250977,786.97,3398,3398,-1.0,-1.0,-1,-1,0.0
25340,-73.96489715576173,40.763370513916016,-73.97158813476562,40.79769134521485,935.1,3398,3398,3457.33,4440.5,59.32999999999993,48.07000000000005,1.0514062667094428
25341,-73.9771728515625,40.75226211547852,-73.98634338378906,40.73739242553711,431.33,3398,3398,-1.0,-1.0,-1,-1,0.0
25342,-74.0037612915039,40.759239196777344,-73.99324035644531,40.74560546875,519.29,3399,3399,-1.0,-1.0,-1,-1,0.0
25343,-73.96241760253906,40.77895736694336,-73.98234558105469,40.7722053527832,493.45,3399,3399,-1.0,-1.0,-1,-1,0.0
25344,-73.97174835205078,40.759559631347656,-74.0096206665039,40.72304153442383,1373.65,3400,3400,-1.0,-1.0,-1,-1,0.0
25345,-73.99131774902342,40.7513427734375,-74.01543426513672,40.70647811889648,1062.18,3400,3400,-1.0,-1.0,-1,-1,0.0
25346,-73.9750442504883,40.7587776184082,-73.9651107788086,40.755279541015625,404.87,3400,3400,-1.0,-1.0,-1,-1,0.0
25347,-73.9783935546875,40.76221084594727,-73.99758911132812,40.76183319091797,598.55,3400,3400,3455.429999999999,4053.9799999999987,55.42999999999893,-2.2737367544323206e-13,0.9999999999999997
25348,-73.96263885498048,40.79966354370117,-73.97503662109375,40.79303359985352,285.61,3400,3400,3485.46,3771.07,85.46000000000004,1.1368683772161603e-13,1.0000000000000004
25349,-73.99800872802734,40.72264099121094,-73.99210357666014,40.72393798828125,188.88,3400,3400,-1.0,-1.0,-1,-1,0.0
25350,-73.97985076904298,40.75198745727539,-73.97396850585938,40.75172805786133,217.41,3400,3400,3425.97,3646.77,25.9699999999998,3.3900000000001853,1.0155926590313242
25351,-73.9957733154297,40.7672233581543,-73.99040985107422,40.75624084472656,551.48,3400,3400,-1.0,-1.0,-1,-1,0.0
25352,-73.99246215820312,40.72674179077149,-73.99556732177734,40.76631164550781,1223.06,3400,3400,3466.12,4724.02,66.11999999999989,34.8400000000006,1.0284859287361214
25353,-73.97093963623048,40.76453018188477,-73.95867919921875,40.775638580322266,370.84,3401,3401,-1.0,-1.0,-1,-1,0.0
25354,-74.01145935058594,40.70336151123047,-73.99153900146483,40.72666549682617,673.24,3401,3401,3724.62,4397.86,323.6199999999999,-2.2737367544323206e-13,0.9999999999999997
25355,-73.9949493408203,40.76057815551758,-73.99022674560547,40.75755310058594,258.92,3401,3401,3568.95,3827.87,167.94999999999982,5.684341886080802e-14,1.0000000000000002
25356,-73.98014068603516,40.764366149902344,-73.98754119873048,40.756446838378906,306.95,3401,3401,3440.56,3747.5099999999998,39.559999999999945,-1.7053025658242404e-13,0.9999999999999994
25357,-73.9328384399414,40.79563522338867,-73.94932556152342,40.80198669433594,365.93,3401,3401,3457.21,3823.14,56.210000000000036,-1.7053025658242404e-13,0.9999999999999996
25358,-73.97940063476562,40.73551940917969,-73.96981048583984,40.75297927856445,321.79,3401,3401,3456.22,3778.0099999999998,55.2199999999998,-5.684341886080802e-14,0.9999999999999998
25359,-73.98213958740234,40.74589920043945,-73.95362091064453,40.77088928222656,765.54,3401,3401,-1.0,-1.0,-1,-1,0.0
25360,-73.98829650878906,40.71038436889648,-73.97765350341797,40.762691497802734,1295.14,3402,3402,-1.0,-1.0,-1,-1,0.0
25361,-73.99813842773438,40.74506378173828,-73.98126220703125,40.73790740966797,443.7,3402,3402,-1.0,-1.0,-1,-1,0.0
25362,-73.9944610595703,40.7406005859375,-73.9598388671875,40.76274108886719,888.05,3402,3402,-1.0,-1.0,-1,-1,0.0
25363,-73.97307586669923,40.792816162109375,-73.98146820068358,40.78048324584961,261.04,3402,3402,3430.38,3691.42,28.38000000000011,-5.684341886080802e-14,0.9999999999999998
25364,-73.99980926513672,40.728511810302734,-74.0079345703125,40.75130462646485,643.72,3402,3402,-1.0,-1.0,-1,-1,0.0
25365,-73.9759521484375,40.75519943237305,-74.01200866699219,40.72011184692383,1184.99,3402,3402,-1.0,-1.0,-1,-1,0.0
25366,-73.99131774902342,40.75015258789063,-73.95565795898438,40.76838684082031,1097.83,3403,3403,3430.49,4599.1,27.48999999999978,70.78000000000065,1.0644726414836547
25367,-73.95795440673827,40.77638626098633,-73.9397964477539,40.79778289794922,376.28,3403,3403,3458.9,3835.18,55.90000000000009,-2.2737367544323206e-13,0.9999999999999994
25368,-73.99962615966798,40.73770523071289,-74.00334930419923,40.72197341918945,414.08,3403,3403,-1.0,-1.0,-1,-1,0.0
25369,-73.98241424560547,40.765228271484375,-73.9915542602539,40.749866485595696,550.44,3403,3403,-1.0,-1.0,-1,-1,0.0
25370,-73.9845199584961,40.737083435058594,-73.98130798339844,40.74468612670898,224.95,3404,3404,3783.67,4008.62,379.6700000000001,-1.7053025658242404e-13,0.9999999999999992
25371,-73.99869537353516,40.73973083496094,-73.98672485351562,40.7381706237793,378.04,3404,3404,3446.0,3824.04,42.0,-5.684341886080802e-14,0.9999999999999999
25372,-73.97007751464845,40.764156341552734,-73.9833755493164,40.75009536743164,496.18,3404,3404,-1.0,-1.0,-1,-1,0.0
25373,-73.99237060546875,40.74879837036133,-73.9962158203125,40.76247787475585,580.34,3405,3405,-1.0,-1.0,-1,-1,0.0
25374,-73.99591064453125,40.72410202026367,-73.9874267578125,40.72931289672852,266.22,3405,3405,-1.0,-1.0,-1,-1,0.0
25375,-73.97803497314453,40.75751876831055,-73.99301147460938,40.7368278503418,450.14,3405,3405,-1.0,-1.0,-1,-1,0.0
25376,-73.96588134765625,40.761756896972656,-73.96817016601562,40.75279235839844,392.64,3406,3406,-1.0,-1.0,-1,-1,0.0
25377,-73.9748764038086,40.753578186035156,-74.00627136230467,40.70845031738281,1160.16,3406,3406,3503.88,4664.04,97.88000000000011,-2.2737367544323206e-13,0.9999999999999998
25378,-73.97212982177734,40.78209686279297,-73.94644165039062,40.77253723144531,618.58,3406,3406,-1.0,-1.0,-1,-1,0.0
25379,-73.95597076416014,40.76807022094727,-73.9468765258789,40.77414321899415,243.22,3406,3406,3463.7,3706.92,57.69999999999982,2.5579538487363607e-13,1.000000000000001
25380,-73.97345733642578,40.79240798950195,-73.95377349853516,40.78789520263672,582.15,3407,3407,3504.03,4086.18,97.0300000000002,-3.410605131648481e-13,0.9999999999999994
25381,-73.96681976318358,40.76737976074219,-73.97785186767578,40.77794647216797,455.63,3407,3407,3423.06,3878.69,16.059999999999945,1.1368683772161603e-13,1.0000000000000002
25382,-74.00386047363281,40.75086212158203,-74.00613403320312,40.7398567199707,373.2,3407,3407,3444.63,3817.83,37.63000000000011,-1.7053025658242404e-13,0.9999999999999996
25383,-73.99093627929686,40.7454948425293,-73.98128509521484,40.74206161499024,398.05,3407,3407,3435.04,3833.09,28.039999999999964,1.7053025658242404e-13,1.0000000000000004
25384,-73.9825210571289,40.762474060058594,-73.99486541748048,40.74507522583008,508.48,3407,3407,-1.0,-1.0,-1,-1,0.0
25385,-73.96473693847656,40.76156997680664,-73.9822006225586,40.76834106445313,619.13,3407,3407,3448.03,4067.16,41.0300000000002,-3.410605131648481e-13,0.9999999999999994
25386,-73.98233795166014,40.76371383666992,-73.96733093261719,40.7690544128418,501.62,3408,3408,-1.0,-1.0,-1,-1,0.0
25387,-73.99520874023438,40.74462890625,-73.9974594116211,40.73752212524415,187.71,3408,3408,-1.0,-1.0,-1,-1,0.0
25388,-73.98809051513672,40.74977111816406,-73.97879028320312,40.764732360839844,524.06,3408,3408,3450.72,3974.78,42.7199999999998,4.547473508864641e-13,1.0000000000000009
25389,-73.96601867675781,40.76231384277344,-73.94857025146483,40.77654647827149,405.04,3408,3408,-1.0,-1.0,-1,-1,0.0
25390,-73.97527313232422,40.761226654052734,-73.95417785644531,40.773902893066406,637.66,3408,3408,-1.0,-1.0,-1,-1,0.0
25391,-73.96253204345702,40.79981231689453,-73.97476959228516,40.788482666015625,244.73,3408,3408,3702.01,3946.7400000000002,294.0100000000002,2.842170943040401e-14,1.0000000000000002
25392,-73.98975372314453,40.75740051269531,-73.99056243896483,40.7313232421875,889.52,3408,3408,-1.0,-1.0,-1,-1,0.0
25393,-73.95333862304686,40.77854919433594,-73.95256042480467,40.766685485839844,374.08,3408,3408,3604.04,3978.12,196.03999999999996,-5.684341886080802e-14,0.9999999999999999
25394,-73.96138763427734,40.80642318725585,-73.96888732910156,40.79119110107422,259.85,3408,3408,3968.97,4228.82,560.9699999999998,-1.1368683772161603e-13,0.9999999999999996
25395,-73.94561767578125,40.773780822753906,-73.96537780761719,40.77423095703125,525.24,3409,3409,3460.37,3985.6099999999997,51.36999999999989,-2.2737367544323206e-13,0.9999999999999996
25396,-73.97734832763672,40.73857116699219,-73.99966430664062,40.72211456298828,739.76,3409,3409,3671.84,4411.6,262.84000000000015,2.2737367544323206e-13,1.0000000000000002
25397,-73.99400329589844,40.73566055297852,-74.00679016113281,40.73035049438477,332.37,3409,3409,-1.0,-1.0,-1,-1,0.0
25398,-73.9807891845703,40.779151916503906,-73.98866271972656,40.77869033813477,234.22,3409,3409,-1.0,-1.0,-1,-1,0.0
25399,-73.96479034423827,40.77260971069336,-73.9531021118164,40.78329849243164,328.43,3409,3409,3447.94,3776.37,38.940000000000055,-1.7053025658242404e-13,0.9999999999999994
25400,-73.97623443603516,40.78733825683594,-73.98388671875,40.76460266113281,595.16,3409,3409,3544.5099999999998,4139.67,135.50999999999976,3.410605131648481e-13,1.0000000000000007
25401,-73.98456573486328,40.7369270324707,-73.99453735351562,40.718910217285156,546.31,3409,3409,3438.08,3984.39,29.079999999999927,0.0,1.0
25402,-74.00404357910156,40.747554779052734,-74.01634216308595,40.7153205871582,660.06,3409,3409,-1.0,-1.0,-1,-1,0.0
25403,-73.9957733154297,40.74898147583008,-73.99785614013672,40.73618698120117,414.5,3409,3409,3466.83,3881.33,57.82999999999993,0.0,1.0
25404,-73.97187042236328,40.792030334472656,-73.95056915283203,40.78324890136719,649.65,3409,3409,3445.3,4157.95,36.30000000000018,62.99999999999966,1.096975294389286
25405,-73.97228240966798,40.75675964355469,-74.00147247314453,40.74628829956055,847.92,3410,3410,3431.83,4339.79,21.829999999999927,60.04000000000008,1.070808566845929
25406,-73.95195770263672,40.7694091796875,-73.9535140991211,40.78115463256836,360.24,3410,3410,3420.0,3780.24,10.0,-2.2737367544323206e-13,0.9999999999999993
25407,-73.9771957397461,40.765716552734375,-73.95228576660156,40.78101348876953,669.11,3410,3410,-1.0,-1.0,-1,-1,0.0
25408,-73.97675323486328,40.779930114746094,-73.96764373779298,40.76438903808594,616.9,3410,3410,-1.0,-1.0,-1,-1,0.0
25409,-73.97624206542969,40.753990173339844,-73.98094940185547,40.7711296081543,686.04,3411,3411,-1.0,-1.0,-1,-1,0.0
25410,-73.9703369140625,40.76231002807617,-73.98159790039062,40.72904968261719,895.88,3411,3411,3462.0,4357.88,51.0,1.1368683772161603e-13,1.0000000000000002
25411,-73.97769927978516,40.77912521362305,-73.99093627929686,40.75056076049805,888.78,3411,3411,-1.0,-1.0,-1,-1,0.0
25412,-74.01100158691406,40.71644973754883,-73.9761962890625,40.7630615234375,1226.12,3411,3411,-1.0,-1.0,-1,-1,0.0
25413,-73.99520874023438,40.7497673034668,-73.98492431640625,40.76475143432617,432.19,3411,3411,-1.0,-1.0,-1,-1,0.0
25414,-73.98759460449219,40.76031494140625,-74.010009765625,40.7052001953125,1483.9,3411,3411,-1.0,-1.0,-1,-1,0.0
25415,-73.98863220214844,40.758750915527344,-73.97966003417969,40.78385925292969,623.41,3412,3412,3442.25,4065.66,30.25,-1.1368683772161603e-13,0.9999999999999998
25416,-74.00244140625,40.70896911621094,-74.00897216796875,40.716209411621094,372.25,3412,3412,3481.46,3853.71,69.46000000000004,0.0,1.0
25417,-73.99913787841797,40.72515106201172,-73.97506713867188,40.75202941894531,903.07,3412,3412,-1.0,-1.0,-1,-1,0.0
25418,-73.98079681396483,40.75114822387695,-73.9876708984375,40.74433135986328,215.67,3412,3412,-1.0,-1.0,-1,-1,0.0
25419,-73.98323822021484,40.7508201599121,-73.98996734619139,40.73189163208008,506.92,3412,3412,-1.0,-1.0,-1,-1,0.0
25420,-73.98584747314453,40.76787567138672,-73.99140930175781,40.76029968261719,215.78,3412,3412,3420.0,3635.78,8.0,1.9895196601282805e-13,1.0000000000000009
25421,-73.98126220703125,40.75286102294922,-73.98793029785155,40.74383163452149,180.93,3412,3412,3447.04,3627.97,35.039999999999964,-1.7053025658242404e-13,0.9999999999999991
25422,-73.95381927490234,40.78506088256836,-73.96002960205078,40.7712287902832,403.79,3412,3412,3544.08,3947.8700000000003,132.07999999999993,3.979039320256561e-13,1.0000000000000009
25423,-73.99598693847656,40.744384765625,-74.00628662109375,40.733482360839844,315.91,3413,3413,-1.0,-1.0,-1,-1,0.0
25424,-73.9812240600586,40.78130722045898,-73.97261047363281,40.798439025878906,396.92,3413,3413,3459.84,3856.7599999999998,46.840000000000146,-3.979039320256561e-13,0.999999999999999
25425,-73.98973846435547,40.74126052856445,-73.99652099609375,40.73232650756836,194.16,3413,3413,3462.67,3656.83,49.67000000000007,-1.4210854715202004e-13,0.9999999999999992
25426,-73.97029876708984,40.7562255859375,-73.95404052734375,40.80624008178711,1098.81,3413,3413,-1.0,-1.0,-1,-1,0.0
25427,-74.01588439941406,40.71505355834961,-74.0095443725586,40.70525741577149,433.7,3413,3413,-1.0,-1.0,-1,-1,0.0
25428,-73.95240020751955,40.78091812133789,-73.95813751220702,40.76928329467773,315.6,3413,3413,3671.33,3986.93,258.3299999999999,-1.1368683772161603e-13,0.9999999999999997
25429,-73.96541595458984,40.7627182006836,-73.97413635253906,40.761756896972656,341.29,3413,3413,-1.0,-1.0,-1,-1,0.0
25430,-74.0042724609375,40.74224090576172,-73.99687194824219,40.736488342285156,331.68,3414,3414,-1.0,-1.0,-1,-1,0.0
25431,-73.95848846435547,40.77471923828125,-73.95021057128906,40.775787353515625,204.08,3414,3414,3467.33,3671.41,53.32999999999993,-8.526512829121202e-14,0.9999999999999996
25432,-73.95155334472656,40.769798278808594,-73.95654296875,40.77840042114258,331.41,3414,3414,3436.58,3767.99,22.579999999999927,-1.7053025658242404e-13,0.9999999999999994
25433,-73.97769927978516,40.77368927001953,-73.95417785644531,40.79888916015625,699.23,3414,3414,-1.0,-1.0,-1,-1,0.0
25434,-73.97976684570312,40.754783630371094,-74.0022964477539,40.73346328735352,645.72,3414,3414,3439.12,4084.84,25.11999999999989,2.2737367544323206e-13,1.0000000000000004
25435,-74.00209045410156,40.75098037719727,-73.9793701171875,40.77523040771485,604.85,3414,3414,3436.7799999999997,4041.63,22.779999999999745,3.410605131648481e-13,1.0000000000000007
25436,-73.98053741455078,40.76747131347656,-73.97403717041014,40.762840270996094,285.12,3415,3415,3443.6699999999987,3728.789999999999,28.66999999999871,3.410605131648481e-13,1.000000000000001
25437,-73.9737777709961,40.7548713684082,-73.99913787841797,40.73418426513672,749.84,3415,3415,3472.41,4222.25,57.409999999999854,1.1368683772161603e-13,1.0000000000000002
25438,-73.98179626464844,40.77837371826172,-73.94692993164062,40.82219696044922,966.87,3415,3415,3473.81,4495.72,58.809999999999945,55.040000000000305,1.0569259569538825
25439,-73.97415161132812,40.75429153442383,-73.99153900146483,40.72729110717773,690.86,3415,3415,3436.71,4127.57,21.710000000000036,-3.410605131648481e-13,0.9999999999999996
25440,-73.9698486328125,40.76534652709961,-73.9621810913086,40.7686882019043,260.33,3415,3415,-1.0,-1.0,-1,-1,0.0
25441,-74.00682830810547,40.725791931152344,-73.97545623779298,40.73298645019531,887.22,3415,3415,3436.22,4381.78,21.2199999999998,58.33999999999992,1.0657559568089086
25442,-73.99071502685547,40.7145881652832,-73.9874267578125,40.72918701171875,409.52,3415,3415,3461.63,3871.15,46.63000000000011,0.0,1.0
25443,-73.98078155517578,40.77983093261719,-73.95014953613281,40.77545166015625,707.34,3415,3415,-1.0,-1.0,-1,-1,0.0
25444,-73.9927749633789,40.74857711791992,-73.94530487060547,40.83345031738281,1399.38,3416,3416,3465.45,4864.830000000001,49.44999999999982,9.094947017729282e-13,1.0000000000000007
25445,-73.98662567138672,40.75593566894531,-73.9885482788086,40.763938903808594,314.48,3416,3416,3437.54,3752.02,21.539999999999964,0.0,1.0
25446,-73.98259735107422,40.76993179321289,-73.97321319580078,40.76398086547852,332.7,3416,3416,-1.0,-1.0,-1,-1,0.0
25447,-73.99110412597656,40.717430114746094,-73.97882080078125,40.73651123046875,407.78,3416,3416,3470.21,3877.9900000000002,54.210000000000036,2.2737367544323206e-13,1.0000000000000007
25448,-74.01143646240234,40.70170974731445,-73.98827362060547,40.73161697387695,759.45,3416,3416,3441.75,4217.77,25.75,16.57000000000039,1.0218184212258876
25449,-73.96633911132812,40.79465103149415,-73.9805679321289,40.78071975708008,339.76,3416,3416,-1.0,-1.0,-1,-1,0.0
25450,-74.00260162353516,40.71998977661133,-74.00122833251955,40.73151016235352,459.71,3416,3416,3704.45,4164.16,288.4499999999998,5.684341886080802e-14,1.0000000000000002
25451,-73.96309661865234,40.76922225952149,-73.98116302490234,40.7530632019043,729.89,3416,3416,3532.0,4261.89,116.0,3.410605131648481e-13,1.0000000000000004
25452,-73.97026824951173,40.764896392822266,-73.95982360839844,40.77935791015625,295.77,3416,3416,3438.04,3733.81,22.039999999999964,0.0,1.0
25453,-73.97864532470702,40.7833366394043,-73.98745727539062,40.76554489135742,440.87,3416,3416,-1.0,-1.0,-1,-1,0.0
25454,-73.99000549316406,40.7614860534668,-74.0081558227539,40.75165939331055,505.46,3416,3416,-1.0,-1.0,-1,-1,0.0
25455,-73.9918212890625,40.74440002441406,-73.9866485595703,40.751949310302734,204.16,3416,3416,3460.08,3664.24,44.07999999999993,-1.4210854715202004e-13,0.9999999999999993
25456,-73.99285888671875,40.74685287475585,-73.96106719970702,40.761734008789055,920.05,3416,3416,-1.0,-1.0,-1,-1,0.0
25457,-73.9719467163086,40.76567077636719,-74.00398254394531,40.73170852661133,1008.25,3416,3416,3429.5,4437.75,13.5,0.0,1.0
25458,-73.96764373779298,40.75617980957031,-73.9792709350586,40.75006866455078,409.04,3416,3416,3462.85,3871.89,46.84999999999991,-5.684341886080802e-14,0.9999999999999999
25459,-73.97553253173827,40.76536560058594,-73.974609375,40.7579345703125,366.54,3417,3417,-1.0,-1.0,-1,-1,0.0
25460,-73.98074340820312,40.78280258178711,-73.96009063720702,40.7662353515625,816.02,3417,3417,-1.0,-1.0,-1,-1,0.0
25461,-73.99323272705078,40.74758911132813,-73.98117065429686,40.75526428222656,487.97,3417,3417,3446.9700000000003,3934.94,29.970000000000255,-2.2737367544323206e-13,0.9999999999999996
25462,-73.97320556640625,40.755638122558594,-73.9796142578125,40.755619049072266,293.08,3417,3417,3459.48,3752.56,42.48000000000002,-5.684341886080802e-14,0.9999999999999998
25463,-73.99854278564453,40.76143264770508,-73.98068237304686,40.74362182617188,818.62,3417,3417,3435.32,4339.14,18.320000000000164,85.20000000000016,1.104077593999658
25464,-73.99370574951173,40.74749374389648,-73.99156188964845,40.727012634277344,638.95,3417,3417,-1.0,-1.0,-1,-1,0.0
25465,-73.9887466430664,40.737171173095696,-73.97669982910156,40.72549057006836,517.19,3417,3417,-1.0,-1.0,-1,-1,0.0
25466,-73.98139190673827,40.78054809570313,-73.96871948242188,40.80147171020508,425.85,3417,3417,-1.0,-1.0,-1,-1,0.0
25467,-73.99407958984375,40.74119186401367,-73.9811019897461,40.774635314941406,962.53,3417,3417,-1.0,-1.0,-1,-1,0.0
25468,-73.99111938476562,40.7349853515625,-73.97632598876955,40.73513793945313,448.67,3417,3417,-1.0,-1.0,-1,-1,0.0
25469,-73.9811019897461,40.74211120605469,-73.99059295654298,40.76176071166992,891.38,3418,3418,-1.0,-1.0,-1,-1,0.0
25470,-73.98973846435547,40.725685119628906,-74.00921630859375,40.71871566772461,718.56,3418,3418,3477.29,4195.849999999999,59.289999999999964,-4.547473508864641e-13,0.9999999999999993
25471,-73.97441101074219,40.75911712646485,-73.99242401123048,40.742713928222656,625.94,3418,3418,-1.0,-1.0,-1,-1,0.0
25472,-74.0047149658203,40.75200271606445,-73.99612426757811,40.743431091308594,328.82,3418,3418,3467.58,3796.4,49.57999999999993,1.7053025658242404e-13,1.0000000000000004
25473,-73.9545669555664,40.76434326171875,-73.96827697753906,40.762306213378906,487.04,3418,3418,-1.0,-1.0,-1,-1,0.0
25474,-73.97822570800781,40.72945022583008,-74.00068664550781,40.728511810302734,622.58,3419,3419,3426.41,4132.03,7.4099999999998545,83.03999999999985,1.1333804490989108
25475,-73.95059967041014,40.77151489257813,-73.96133422851562,40.77601623535156,271.17,3419,3419,3455.89,3727.06,36.88999999999987,5.684341886080802e-14,1.0000000000000002
25476,-74.0056915283203,40.73707962036133,-74.00408935546875,40.72084045410156,453.13,3419,3419,3474.54,3927.67,55.539999999999964,1.1368683772161603e-13,1.0000000000000002
25477,-73.9504623413086,40.77740859985352,-73.95179748535155,40.78892135620117,388.03,3419,3419,3451.05,3849.24,32.05000000000018,10.159999999999627,1.0261835425095989
25478,-73.98184967041014,40.76915740966797,-73.98152160644531,40.779930114746094,361.52,3419,3419,-1.0,-1.0,-1,-1,0.0
25479,-73.99475860595702,40.74448776245117,-73.99506378173827,40.75064468383789,200.05,3419,3419,-1.0,-1.0,-1,-1,0.0
25480,-73.95230865478516,40.768890380859375,-73.9771728515625,40.72636413574219,677.88,3419,3419,3444.06,4121.94,25.059999999999945,-3.410605131648481e-13,0.9999999999999994
25481,-74.00599670410156,40.72943878173828,-74.00820922851562,40.71684646606445,240.53,3419,3419,3432.5099999999998,3673.04,13.509999999999764,1.9895196601282805e-13,1.0000000000000009
25482,-74.0018310546875,40.74674987792969,-73.99552154541014,40.73332595825195,437.08,3420,3420,3446.3300000000004,3897.7000000000003,26.330000000000382,14.289999999999907,1.032694243616729
25483,-73.99134826660156,40.754600524902344,-73.95240783691406,40.76860046386719,1097.35,3420,3420,3437.96,4632.03,17.960000000000036,96.7199999999998,1.0881396090581854
25484,-74.0114974975586,40.70803451538085,-73.988037109375,40.72087478637695,745.44,3420,3420,-1.0,-1.0,-1,-1,0.0
25485,-73.98287200927734,40.735515594482415,-73.98421478271484,40.75359725952149,711.4,3420,3420,3702.05,4413.45,282.0500000000002,-3.410605131648481e-13,0.9999999999999996
25486,-74.00433349609375,40.721885681152344,-73.99040985107422,40.767276763916016,954.41,3420,3420,-1.0,-1.0,-1,-1,0.0
25487,-73.97414398193358,40.76468276977539,-73.9959259033203,40.710350036621094,1431.18,3421,3421,-1.0,-1.0,-1,-1,0.0
25488,-73.96820068359375,40.75103378295898,-73.96167755126955,40.76007080078125,183.73,3421,3421,-1.0,-1.0,-1,-1,0.0
25489,-73.9805679321289,40.74262237548828,-73.9543685913086,40.77558517456055,816.47,3421,3421,-1.0,-1.0,-1,-1,0.0
25490,-73.98783111572266,40.75023651123047,-73.98331451416014,40.722332000732415,1081.53,3421,3421,-1.0,-1.0,-1,-1,0.0
25491,-73.96748352050781,40.76038360595703,-73.9852523803711,40.75810241699219,719.7,3421,3421,3461.65,4182.93,40.65000000000009,1.5800000000001546,1.0021953591774353
25492,-73.98464965820312,40.75901412963867,-73.9807891845703,40.74213790893555,683.54,3421,3421,-1.0,-1.0,-1,-1,0.0
25493,-74.00208282470702,40.714988708496094,-74.01720428466798,40.70708084106445,569.15,3421,3421,-1.0,-1.0,-1,-1,0.0
25494,-73.97345733642578,40.75672149658203,-73.98709869384766,40.74480056762695,538.26,3421,3421,-1.0,-1.0,-1,-1,0.0
25495,-73.98116302490234,40.741416931152344,-74.00159454345702,40.70976638793945,906.46,3421,3421,3506.84,4413.3,85.84000000000015,0.0,1.0
25496,-73.97365570068358,40.76055908203125,-73.95342254638672,40.78037643432617,573.57,3421,3421,-1.0,-1.0,-1,-1,0.0
25497,-73.98063659667969,40.74768447875977,-73.99121856689453,40.73934555053711,327.37,3422,3422,-1.0,-1.0,-1,-1,0.0
25498,-73.96896362304686,40.7859001159668,-73.97178649902342,40.76004028320313,784.68,3422,3422,3467.73,4309.22,45.73000000000002,56.81000000000029,1.0723989396951628
25499,-73.98602294921875,40.735050201416016,-73.98942565917969,40.72629928588867,277.95,3422,3422,3463.92,3741.87,41.92000000000007,-1.7053025658242404e-13,0.9999999999999993
25500,-73.9760513305664,40.76021194458008,-73.96267700195312,40.76497268676758,460.18,3422,3422,-1.0,-1.0,-1,-1,0.0
25501,-73.98970794677734,40.74136352539063,-74.00074005126955,40.73020553588867,338.48,3422,3422,-1.0,-1.0,-1,-1,0.0
25502,-73.98660278320312,40.75621032714844,-73.96321868896483,40.76772689819336,765.46,3422,3422,-1.0,-1.0,-1,-1,0.0
25503,-74.00619506835938,40.751197814941406,-74.00070190429686,40.75535583496094,226.5,3422,3422,3559.38,3785.88,137.3800000000001,0.0,1.0
25504,-73.96221923828125,40.76756286621094,-73.94744873046875,40.7795524597168,332.17,3422,3422,-1.0,-1.0,-1,-1,0.0
25505,-73.99178314208984,40.72949981689453,-73.9928207397461,40.76324844360352,983.74,3422,3422,3461.04,4525.42,39.039999999999964,80.6400000000001,1.0819728790127474
25506,-73.97222900390625,40.756660461425774,-73.9658203125,40.79221725463867,982.0,3422,3422,-1.0,-1.0,-1,-1,0.0
25507,-73.9959259033203,40.732887268066406,-74.01732635498048,40.7085075378418,836.38,3422,3422,3527.67,4364.049999999999,105.67000000000007,-7.958078640513122e-13,0.999999999999999
25508,-73.9929428100586,40.742691040039055,-74.00236511230467,40.748722076416016,306.13,3423,3423,-1.0,-1.0,-1,-1,0.0
25509,-73.98108673095702,40.738075256347656,-73.99541473388672,40.74406051635742,455.66,3424,3424,-1.0,-1.0,-1,-1,0.0
25510,-73.96483612060547,40.76021957397461,-73.9564208984375,40.76808547973633,214.4,3424,3424,-1.0,-1.0,-1,-1,0.0
25511,-73.99240112304686,40.74345397949219,-73.97928619384766,40.72360610961913,743.18,3424,3424,-1.0,-1.0,-1,-1,0.0
25512,-73.98561096191406,40.76774978637695,-73.97605895996094,40.78060150146485,410.04,3424,3424,-1.0,-1.0,-1,-1,0.0
25513,-74.01289367675781,40.715110778808594,-73.99656677246094,40.73722839355469,573.53,3424,3424,-1.0,-1.0,-1,-1,0.0
25514,-73.98362731933594,40.72993087768555,-73.9610366821289,40.765789031982415,672.61,3424,3424,3482.32,4154.93,58.320000000000164,1.1368683772161603e-13,1.0000000000000002
25515,-73.97351837158203,40.76405715942383,-74.00980377197266,40.7393913269043,1132.26,3424,3424,3464.48,4656.33,40.48000000000002,59.58999999999992,1.0526292547648066
25516,-73.99578857421875,40.74394989013672,-74.0059814453125,40.74040985107422,298.24,3424,3424,-1.0,-1.0,-1,-1,0.0
25517,-73.99798583984375,40.74580764770508,-73.97399139404298,40.751075744628906,707.43,3425,3425,-1.0,-1.0,-1,-1,0.0
25518,-73.98655700683594,40.76247787475585,-73.97683715820312,40.75485610961913,512.04,3425,3425,-1.0,-1.0,-1,-1,0.0
25519,-73.98450469970702,40.75923156738281,-73.98082733154298,40.74213790893555,683.54,3425,3425,-1.0,-1.0,-1,-1,0.0
25520,-73.9874038696289,40.765708923339844,-74.00271606445312,40.76049041748047,424.05,3425,3425,3463.5,3951.27,38.5,63.71999999999997,1.1502652989034312
25521,-73.99811553955078,40.74580383300781,-73.99149322509766,40.76460266113281,452.36,3425,3425,-1.0,-1.0,-1,-1,0.0
25522,-73.99986267089844,40.72528839111328,-73.98414611816406,40.75669479370117,805.54,3425,3425,-1.0,-1.0,-1,-1,0.0
25523,-73.94991302490234,40.785469055175774,-73.9734878540039,40.748138427734375,954.09,3425,3425,4562.33,5516.42,1137.33,1.1368683772161603e-13,1.0000000000000002
25524,-73.96990966796875,40.79464721679688,-73.92737579345702,40.852935791015625,958.15,3425,3425,3569.83,4527.9800000000005,144.82999999999993,5.684341886080801e-13,1.0000000000000007
25525,-73.9449691772461,40.808609008789055,-73.96060943603516,40.81821060180664,451.04,3425,3425,3600.59,4051.63,175.59000000000015,-5.684341886080802e-14,0.9999999999999999
25526,-73.97454833984375,40.7621955871582,-74.00498962402342,40.74153518676758,909.84,3425,3425,-1.0,-1.0,-1,-1,0.0
25527,-73.99746704101562,40.76210021972656,-73.99137115478516,40.75027847290039,511.45,3425,3425,3499.38,4010.83,74.38000000000011,-1.7053025658242404e-13,0.9999999999999997
25528,-73.99071502685547,40.731441497802734,-73.95003509521484,40.773033142089844,1020.47,3425,3425,3546.46,4566.93,121.46000000000004,2.2737367544323206e-13,1.0000000000000002
25529,-73.97140502929686,40.746746063232415,-73.96031951904298,40.76193618774415,265.22,3426,3426,3475.33,3740.55,49.32999999999993,2.2737367544323206e-13,1.0000000000000009
25530,-73.98206329345702,40.776649475097656,-73.97727203369139,40.79206085205078,422.96,3426,3426,3483.03,3914.37,57.0300000000002,8.379999999999711,1.019812748250425
25531,-73.989501953125,40.74732971191406,-73.98680877685547,40.76084518432617,462.94,3426,3426,-1.0,-1.0,-1,-1,0.0
25532,-73.99465179443358,40.75554275512695,-73.99027252197266,40.737319946289055,613.94,3426,3426,3455.87,4127.62,29.86999999999989,57.809999999999945,1.094162295989836
25533,-73.98158264160156,40.780586242675774,-73.97118377685547,40.78599548339844,247.89,3426,3426,-1.0,-1.0,-1,-1,0.0
25534,-73.968017578125,40.76263046264648,-73.99140930175781,40.74480056762695,817.93,3427,3427,-1.0,-1.0,-1,-1,0.0
25535,-73.97306060791014,40.76419067382813,-73.9469223022461,40.77204132080078,729.4,3427,3427,-1.0,-1.0,-1,-1,0.0
25536,-74.00279235839844,40.74967956542969,-73.95268249511719,40.82809829711913,1145.48,3427,3427,3563.29,4708.77,136.28999999999996,4.547473508864641e-13,1.0000000000000004
25537,-73.97691345214844,40.76457595825195,-73.98656463623048,40.73002624511719,970.32,3427,3427,-1.0,-1.0,-1,-1,0.0
25538,-73.99072265625,40.734050750732415,-74.0003433227539,40.734031677246094,273.93,3427,3427,-1.0,-1.0,-1,-1,0.0
25539,-73.97815704345702,40.75880813598633,-73.99153900146483,40.75003051757813,497.95,3427,3427,3460.31,3958.26,33.309999999999945,2.8421709430404007e-13,1.0000000000000007
25540,-73.97941589355469,40.76186752319336,-73.97612762451173,40.75963973999024,204.84,3427,3427,3452.61,3657.4500000000003,25.610000000000127,1.4210854715202004e-13,1.0000000000000007
25541,-73.98401641845702,40.75456619262695,-73.98027801513672,40.7386589050293,570.17,3427,3427,-1.0,-1.0,-1,-1,0.0
25542,-73.94644927978516,40.776531219482415,-73.96830749511719,40.76308822631836,657.78,3428,3428,-1.0,-1.0,-1,-1,0.0
25543,-73.95630645751955,40.77896118164063,-73.96755981445312,40.7876205444336,374.37,3428,3428,3472.13,3846.5,44.13000000000011,-1.1368683772161603e-13,0.9999999999999997
25544,-73.98519897460938,40.7603645324707,-73.99385070800781,40.74163436889648,591.26,3428,3428,-1.0,-1.0,-1,-1,0.0
25545,-73.96173095703125,40.81135177612305,-73.97084045410156,40.79012680053711,429.35,3428,3428,3535.38,3964.73,107.38000000000011,-1.1368683772161603e-13,0.9999999999999998
25546,-73.98185729980467,40.78353118896485,-73.9791030883789,40.79113006591797,199.04,3428,3428,-1.0,-1.0,-1,-1,0.0
25547,-73.97206115722656,40.75381851196289,-73.98213195800781,40.76453018188477,696.6,3428,3428,-1.0,-1.0,-1,-1,0.0
25548,-73.97103881835938,40.751861572265625,-73.96920013427734,40.764320373535156,455.38,3428,3428,-1.0,-1.0,-1,-1,0.0
25549,-73.98052215576173,40.78981018066406,-73.94790649414062,40.77605056762695,813.86,3428,3428,-1.0,-1.0,-1,-1,0.0
25550,-73.98244476318358,40.76833724975585,-73.99222564697266,40.75889587402344,439.47,3429,3429,-1.0,-1.0,-1,-1,0.0
25551,-73.98379516601562,40.74382400512695,-73.9552001953125,40.768890380859375,778.92,3429,3429,-1.0,-1.0,-1,-1,0.0
25552,-73.98761749267578,40.75638961791992,-74.00462341308595,40.73035049438477,570.69,3429,3429,-1.0,-1.0,-1,-1,0.0
25553,-74.00855255126955,40.707008361816406,-74.00627136230467,40.72993850708008,651.65,3429,3429,-1.0,-1.0,-1,-1,0.0
25554,-73.97909545898438,40.73603820800781,-73.99897003173827,40.763496398925774,1148.69,3429,3429,3536.88,4685.57,107.88000000000011,-4.547473508864641e-13,0.9999999999999996
25555,-74.00679779052734,40.749595642089844,-73.9801025390625,40.78569412231445,661.49,3429,3429,3454.78,4116.27,25.7800000000002,2.2737367544323206e-13,1.0000000000000004
25556,-73.96876525878906,40.76414108276367,-73.98723602294923,40.75899124145508,780.41,3430,3430,3521.42,4329.7,91.42000000000007,27.869999999999777,1.0357119975397544
25557,-73.99757385253906,40.746490478515625,-73.96044158935547,40.77294921875,1164.51,3430,3430,-1.0,-1.0,-1,-1,0.0
25558,-73.98206329345702,40.76883316040039,-73.97798919677734,40.753944396972656,640.69,3430,3430,-1.0,-1.0,-1,-1,0.0
25559,-74.00626373291014,40.73963165283203,-73.99948120117188,40.74387741088867,272.41,3430,3430,3574.62,3847.03,144.6199999999999,2.8421709430404007e-13,1.000000000000001
25560,-74.0101318359375,40.72026062011719,-74.0015869140625,40.74116897583008,442.8,3430,3430,3450.0,3892.8,20.0,1.7053025658242404e-13,1.0000000000000004
25561,-73.99402618408203,40.72675704956055,-73.99842834472656,40.733901977539055,310.04,3430,3430,3504.04,3814.08,74.03999999999996,-5.684341886080802e-14,0.9999999999999998
25562,-73.98084259033203,40.75904846191406,-73.96309661865234,40.76245880126953,623.45,3430,3430,-1.0,-1.0,-1,-1,0.0
25563,-73.96521759033203,40.792076110839844,-73.98135375976562,40.77593612670898,414.16,3430,3430,3474.9900000000002,3904.31,44.99000000000024,15.159999999999684,1.036604210932972
25564,-73.95256042480467,40.77684020996094,-73.9607162475586,40.76565551757813,292.34,3430,3430,3463.5,3755.84,33.5,1.7053025658242404e-13,1.0000000000000007
25565,-74.0072708129883,40.72742080688477,-73.94976043701173,40.77288055419922,1477.02,3430,3430,3523.21,5000.229999999999,93.21000000000004,-1.3642420526593924e-12,0.9999999999999991
25566,-73.97572326660156,40.78031921386719,-73.95562744140625,40.7734603881836,546.3,3430,3430,-1.0,-1.0,-1,-1,0.0
25567,-73.98350524902342,40.76393508911133,-73.99463653564453,40.75029754638672,646.23,3430,3430,3476.35,4159.08,46.34999999999991,36.5,1.0564814384971295
25568,-73.96485900878906,40.76946640014648,-73.97691345214844,40.77579879760742,435.91,3430,3430,-1.0,-1.0,-1,-1,0.0
25569,-73.96814727783203,40.80118942260742,-73.97885131835938,40.78555679321289,333.49,3430,3430,-1.0,-1.0,-1,-1,0.0
25570,-73.97663879394531,40.75941848754883,-73.974853515625,40.7558708190918,218.87,3430,3430,-1.0,-1.0,-1,-1,0.0
25571,-73.97205352783203,40.78210067749024,-73.95195770263672,40.7722282409668,462.25,3431,3431,3488.63,3950.88,57.63000000000011,0.0,1.0
25572,-73.9919662475586,40.744083404541016,-73.98905944824219,40.77709197998047,882.24,3431,3431,3453.68,4385.05,22.679999999999836,49.13000000000034,1.0556877947043892
25573,-73.98697662353516,40.760398864746094,-73.99503326416014,40.749961853027344,501.65,3431,3431,-1.0,-1.0,-1,-1,0.0
25574,-73.9957504272461,40.74892044067383,-73.99256134033203,40.76324844360352,391.42,3431,3431,-1.0,-1.0,-1,-1,0.0
25575,-73.99060821533203,40.7525520324707,-73.9793243408203,40.74676513671875,371.91,3431,3431,-1.0,-1.0,-1,-1,0.0
25576,-73.97827911376955,40.74531555175781,-73.98346710205078,40.75899124145508,656.41,3432,3432,3461.61,4121.69,29.610000000000127,3.6699999999995043,1.0055910178089906
25577,-73.96112823486328,40.75756072998047,-73.95425415039062,40.7658805847168,246.84,3432,3432,3543.29,3790.13,111.28999999999996,1.4210854715202004e-13,1.0000000000000007
25578,-73.97339630126955,40.75048065185547,-74.01022338867188,40.70528030395508,895.79,3432,3432,3480.91,4376.7,48.909999999999854,0.0,1.0
25579,-73.990966796875,40.73394775390625,-73.99433135986328,40.72593688964844,234.13,3432,3432,-1.0,-1.0,-1,-1,0.0
25580,-73.98018646240234,40.789905548095696,-73.9561767578125,40.78156661987305,558.0,3432,3432,-1.0,-1.0,-1,-1,0.0
25581,-73.98308563232422,40.76030731201172,-73.9666976928711,40.80403137207031,974.79,3432,3432,3451.5,4426.29,19.5,0.0,1.0
25582,-73.96952056884766,40.75495529174805,-73.96470642089844,40.75949096679688,325.34,3432,3432,-1.0,-1.0,-1,-1,0.0
25583,-73.96305084228516,40.775062561035156,-73.96486663818358,40.75335693359375,825.47,3433,3433,-1.0,-1.0,-1,-1,0.0
25584,-73.972900390625,40.75873947143555,-73.98815155029298,40.745960235595696,621.86,3433,3433,-1.0,-1.0,-1,-1,0.0
25585,-74.00316619873048,40.7274284362793,-73.9808120727539,40.729652404785156,625.8,3433,3433,3464.19,4124.4,31.190000000000055,34.40999999999963,1.0549856184084365
25586,-73.99519348144531,40.74974060058594,-73.95366668701173,40.77096176147461,1199.71,3433,3433,-1.0,-1.0,-1,-1,0.0
25587,-73.97460174560547,40.76276016235352,-73.9614028930664,40.75642013549805,414.42,3433,3433,-1.0,-1.0,-1,-1,0.0
25588,-73.97801208496094,40.763092041015625,-73.95468139648438,40.76964950561523,685.34,3433,3433,-1.0,-1.0,-1,-1,0.0
25589,-73.95728302001955,40.76613998413085,-73.97404479980467,40.78404235839844,636.63,3433,3433,3483.98,4120.610000000001,50.98000000000002,5.684341886080801e-13,1.0000000000000009
25590,-74.00190734863281,40.745704650878906,-74.01626586914062,40.71491622924805,726.54,3433,3433,-1.0,-1.0,-1,-1,0.0
25591,-73.9822006225586,40.76355361938477,-73.97308349609375,40.76418685913085,330.5,3433,3433,-1.0,-1.0,-1,-1,0.0
25592,-73.98782348632812,40.716251373291016,-74.01515960693358,40.7163200378418,752.27,3433,3433,3544.5,4296.77,111.5,4.547473508864641e-13,1.0000000000000007
25593,-73.97119903564453,40.78615188598633,-73.9647216796875,40.7601432800293,917.77,3434,3434,3482.62,4423.69,48.61999999999989,23.299999999999727,1.025387624350327
25594,-73.99781799316406,40.73591995239258,-73.9900665283203,40.73038864135742,318.83,3434,3434,3474.41,3793.2400000000002,40.409999999999854,3.979039320256561e-13,1.0000000000000013
25595,-74.00108337402342,40.73167037963867,-73.99433135986328,40.740814208984375,200.03,3434,3434,3459.9,3659.93,25.90000000000009,-2.5579538487363607e-13,0.9999999999999987
25596,-73.98544311523438,40.74732971191406,-73.9920196533203,40.73189163208008,383.51,3434,3434,-1.0,-1.0,-1,-1,0.0
25597,-73.95114135742188,40.774356842041016,-73.95269012451173,40.78914260864258,428.75,3434,3434,3475.37,3945.52,41.36999999999989,41.40000000000009,1.0965597667638487
25598,-74.00704193115234,40.73098373413085,-73.98155212402342,40.72450637817383,758.82,3434,3434,-1.0,-1.0,-1,-1,0.0
25599,-73.9876251220703,40.74148178100585,-73.98152160644531,40.749778747558594,222.23,3435,3435,-1.0,-1.0,-1,-1,0.0
25600,-73.9905776977539,40.74581909179688,-73.91907501220702,40.8711051940918,1790.24,3435,3435,-1.0,-1.0,-1,-1,0.0
25601,-73.95789337158203,40.77939987182617,-73.97666931152342,40.78836059570313,391.04,3435,3435,3473.66,3864.7000000000003,38.659999999999854,3.979039320256561e-13,1.000000000000001
25602,-73.99658203125,40.753089904785156,-73.99227142333984,40.72140121459961,1055.59,3435,3435,3461.61,4553.73,26.610000000000127,36.52999999999952,1.0346062391648267
25603,-73.98747253417969,40.75035858154297,-73.98219299316406,40.76383972167969,511.64,3435,3435,3471.68,4064.86,36.679999999999836,81.5400000000003,1.1593698694394503
25604,-73.95849609375,40.77543258666992,-73.9771728515625,40.75452041625977,743.62,3435,3435,3476.1900000000014,4219.810000000001,41.19000000000142,-1.1368683772161603e-13,0.9999999999999999
25605,-73.9898452758789,40.73399353027344,-73.99208068847656,40.72171401977539,499.44,3435,3435,-1.0,-1.0,-1,-1,0.0
25606,-73.99102783203125,40.76074981689453,-74.00482177734375,40.74176025390625,472.64,3436,3436,-1.0,-1.0,-1,-1,0.0
25607,-73.9698715209961,40.765724182128906,-73.93938446044923,40.80511093139648,731.81,3436,3436,-1.0,-1.0,-1,-1,0.0
25608,-73.96128845214845,40.76901245117188,-73.96119689941406,40.77593994140625,183.37,3436,3436,-1.0,-1.0,-1,-1,0.0
25609,-73.94535064697266,40.77524948120117,-73.96915435791014,40.75598526000977,632.62,3436,3436,3481.4700000000003,4148.63,45.470000000000255,34.53999999999985,1.0545983370743888
25610,-73.98363494873048,40.74370574951172,-73.99095916748048,40.75791549682617,602.46,3436,3436,3477.2799999999997,4086.2200000000003,41.279999999999745,6.480000000000473,1.0107559008066933
25611,-73.98091125488281,40.75923156738281,-73.97826385498048,40.77281951904297,420.87,3436,3436,3459.92,3880.79,23.920000000000073,-1.1368683772161603e-13,0.9999999999999998
25612,-73.98308563232422,40.77184677124024,-73.99357604980467,40.75893783569336,414.05,3436,3436,3480.72,3894.77,44.7199999999998,1.7053025658242404e-13,1.0000000000000004
25613,-73.97502136230467,40.753150939941406,-73.9843521118164,40.768898010253906,893.91,3436,3436,-1.0,-1.0,-1,-1,0.0
25614,-73.95821380615234,40.77896118164063,-73.97386169433594,40.763328552246094,546.09,3437,3437,3482.75,4028.84,45.75,1.1368683772161603e-13,1.0000000000000002
25615,-73.97913360595702,40.74056243896485,-73.99049377441406,40.756568908691406,791.57,3437,3437,-1.0,-1.0,-1,-1,0.0
25616,-73.96843719482422,40.7620964050293,-73.99882507324219,40.74549102783203,944.92,3437,3437,-1.0,-1.0,-1,-1,0.0
25617,-73.96328735351562,40.77421569824219,-73.97691345214844,40.76081848144531,516.06,3437,3437,-1.0,-1.0,-1,-1,0.0
25618,-73.9871368408203,40.751060485839844,-73.98297882080078,40.76030349731445,301.26,3437,3437,-1.0,-1.0,-1,-1,0.0
25619,-73.96776580810547,40.75622940063477,-73.99759674072266,40.7564811706543,980.17,3437,3437,3462.85,4500.75,25.84999999999991,57.73000000000013,1.058897946274626
25620,-73.96337127685547,40.77412796020508,-73.96941375732422,40.76373291015625,369.32,3437,3437,-1.0,-1.0,-1,-1,0.0
25621,-73.98235321044923,40.77122497558594,-73.97760772705078,40.77693557739258,325.94,3438,3438,3470.17,3796.11,32.17000000000007,5.684341886080802e-14,1.0000000000000002
25622,-74.01541137695312,40.71421813964844,-73.97793579101562,40.73673629760742,857.25,3438,3438,-1.0,-1.0,-1,-1,0.0
25623,-74.00509643554686,40.73605728149415,-74.00061798095702,40.72888946533203,300.72,3438,3438,-1.0,-1.0,-1,-1,0.0
25624,-73.98472595214844,40.728424072265625,-73.9406967163086,40.791709899902344,1072.99,3438,3438,3483.79,4556.78,45.789999999999964,-2.2737367544323206e-13,0.9999999999999998
25625,-73.94527435302734,40.78694915771485,-73.95900726318358,40.7636833190918,589.88,3438,3438,3766.21,4356.09,328.21000000000004,1.1368683772161603e-13,1.0000000000000002
25626,-73.9936294555664,40.767520904541016,-73.95175170898438,40.77363967895508,1012.16,3438,3438,3581.41,4593.57,143.40999999999985,-1.1368683772161603e-13,0.9999999999999999
25627,-73.959716796875,40.77960205078125,-73.98793029785155,40.77944564819336,638.36,3438,3438,3505.08,4143.44,67.07999999999993,-3.410605131648481e-13,0.9999999999999994
25628,-73.97542572021484,40.76123809814453,-73.98457336425781,40.74850845336913,344.97,3439,3439,3455.7300000000005,3800.7000000000003,16.730000000000473,-2.2737367544323206e-13,0.9999999999999993
25629,-73.98187255859375,40.76872634887695,-73.97099304199219,40.79854202270508,660.52,3439,3439,-1.0,-1.0,-1,-1,0.0
25630,-73.96707153320312,40.75849151611328,-73.9859619140625,40.759864807128906,759.62,3439,3439,-1.0,-1.0,-1,-1,0.0
25631,-73.99219512939453,40.72557067871094,-73.98507690429686,40.72837829589844,212.83,3439,3439,-1.0,-1.0,-1,-1,0.0
25632,-73.96727752685547,40.77233123779297,-73.98438262939453,40.7597885131836,654.64,3439,3439,3464.54,4120.76,25.539999999999964,1.5800000000002683,1.0024135402664063
25633,-74.00566101074219,40.71778106689453,-73.9850311279297,40.75342178344727,781.74,3439,3439,3542.21,4323.95,103.21000000000004,-2.2737367544323206e-13,0.9999999999999997
25634,-73.97569274902342,40.78187942504883,-73.98350524902342,40.72613143920898,1579.61,3439,3439,3478.91,5113.01,39.909999999999854,54.490000000000464,1.0344958565721922
25635,-73.99451446533203,40.76095581054688,-73.97565460205078,40.786865234375,470.28,3439,3439,-1.0,-1.0,-1,-1,0.0
25636,-73.96424865722656,40.76780319213867,-73.99094390869139,40.74948501586913,1003.87,3440,3440,3534.5,4538.37,94.5,-1.1368683772161603e-13,0.9999999999999999
25637,-74.00411224365234,40.72216033935547,-74.00245666503906,40.73131942749024,355.74,3440,3440,-1.0,-1.0,-1,-1,0.0
25638,-74.00734710693358,40.741077423095696,-73.9958724975586,40.7234001159668,839.58,3440,3440,-1.0,-1.0,-1,-1,0.0
25639,-73.96607971191406,40.768653869628906,-73.95470428466798,40.76958084106445,311.22,3440,3440,-1.0,-1.0,-1,-1,0.0
25640,-73.97068786621094,40.76654815673828,-73.97704315185547,40.7593994140625,245.84,3440,3440,3469.27,3715.11,29.269999999999982,1.4210854715202004e-13,1.0000000000000007
25641,-73.96160888671875,40.76031112670898,-73.95166015625,40.77371597290039,214.83,3440,3440,3468.38,3683.21,28.38000000000011,-8.526512829121202e-14,0.9999999999999996
25642,-73.9738540649414,40.76304626464844,-73.98815155029298,40.76966857910156,420.71,3440,3440,3486.69,3907.4,46.690000000000055,5.684341886080802e-14,1.0000000000000002
25643,-73.97531127929686,40.75322341918945,-73.9845962524414,40.73689651489258,349.49,3440,3440,3473.13,3822.62,33.13000000000011,-2.2737367544323206e-13,0.9999999999999993
25644,-73.95594024658203,40.77216339111328,-73.98417663574219,40.74899673461913,1022.7,3440,3440,3466.67,4582.41,26.670000000000073,93.03999999999974,1.0909748704409892
25645,-73.97301483154298,40.79282760620117,-73.95038604736328,40.80978012084961,583.34,3441,3441,3461.9700000000003,4087.3300000000004,20.970000000000255,42.020000000000095,1.0720334624747148
25646,-73.99349212646483,40.75205612182617,-73.9811248779297,40.7804069519043,667.31,3441,3441,3475.29,4142.6,34.289999999999964,4.547473508864641e-13,1.0000000000000007
25647,-73.97345733642578,40.78466033935547,-73.98114013671875,40.78146743774415,221.96,3441,3441,3470.9,3692.86,29.90000000000009,2.842170943040401e-14,1.0000000000000002
25648,-74.00270080566406,40.744571685791016,-73.99568176269531,40.736026763916016,367.8,3441,3441,3459.98,3827.78,18.980000000000018,1.7053025658242404e-13,1.0000000000000004
25649,-73.98187255859375,40.74327850341797,-74.00402069091797,40.75094985961913,692.45,3442,3442,3499.5,4191.95,57.5,-2.2737367544323206e-13,0.9999999999999997
25650,-73.97569274902342,40.75149536132813,-74.00546264648438,40.74008560180664,823.96,3442,3442,3483.58,4319.5,41.57999999999993,11.960000000000036,1.0145152677314433
25651,-73.96782684326173,40.7557029724121,-73.9861602783203,40.767127990722656,813.01,3442,3442,-1.0,-1.0,-1,-1,0.0
25652,-73.97420501708984,40.78379440307617,-73.98820495605469,40.7747917175293,384.76,3442,3442,3489.42,3874.1800000000003,47.42000000000007,2.2737367544323206e-13,1.0000000000000007
25653,-73.9909896850586,40.76078796386719,-73.99030303955078,40.751861572265625,384.7,3442,3442,-1.0,-1.0,-1,-1,0.0
25654,-73.9734115600586,40.792304992675774,-73.95674133300781,40.80514526367188,447.04,3442,3442,3555.75,4002.79,113.75,-5.684341886080802e-14,0.9999999999999999
25655,-73.96424102783203,40.77042007446289,-73.9543228149414,40.76594924926758,306.29,3442,3442,-1.0,-1.0,-1,-1,0.0
25656,-74.00856018066406,40.71156692504883,-73.9793472290039,40.73477554321289,790.24,3442,3442,-1.0,-1.0,-1,-1,0.0
25657,-73.97408294677734,40.75707244873047,-74.00533294677734,40.7338752746582,996.63,3442,3442,-1.0,-1.0,-1,-1,0.0
25658,-73.96311950683594,40.770790100097656,-73.95674133300781,40.77503204345703,183.28,3442,3442,3467.56,3650.84,25.559999999999945,1.9895196601282805e-13,1.000000000000001
25659,-74.00430297851562,40.73329162597656,-73.9992446899414,40.72786712646485,262.62,3443,3443,-1.0,-1.0,-1,-1,0.0
25660,-73.96281433105469,40.76694107055664,-73.95578002929686,40.77214813232422,205.03,3443,3443,3528.21,3733.2400000000002,85.21000000000004,1.9895196601282805e-13,1.0000000000000009
25661,-73.97896575927734,40.76697158813477,-73.95426940917969,40.765300750732415,752.89,3443,3443,-1.0,-1.0,-1,-1,0.0
25662,-73.97520446777344,40.75585174560547,-73.99188995361328,40.749122619628906,628.41,3443,3443,-1.0,-1.0,-1,-1,0.0
25663,-73.99579620361328,40.759254455566406,-73.99758911132812,40.718910217285156,1171.62,3443,3443,-1.0,-1.0,-1,-1,0.0
25664,-73.95914459228516,40.767578125,-73.96856689453125,40.76480102539063,333.65,3444,3444,3500.6,3834.25,56.59999999999991,1.1368683772161603e-13,1.0000000000000004
25665,-73.95506286621094,40.773338317871094,-73.97347259521484,40.75725173950195,729.0,3444,3444,3584.12,4313.12,140.1199999999999,0.0,1.0
25666,-73.98123168945312,40.78050231933594,-73.96859741210938,40.786468505859375,332.61,3444,3444,-1.0,-1.0,-1,-1,0.0
25667,-73.95558929443358,40.76777648925781,-73.9697036743164,40.75758361816406,503.18,3444,3444,3485.8500000000004,4030.61,41.850000000000364,41.57999999999976,1.0826344449302432
25668,-73.96702575683594,40.76068115234375,-73.95625305175781,40.771350860595696,289.98,3444,3444,3497.05,3787.03,53.05000000000018,0.0,1.0
25669,-73.97906494140625,40.756195068359375,-73.9909896850586,40.73967742919922,353.34,3444,3444,3454.2,3807.54,10.199999999999818,1.7053025658242404e-13,1.0000000000000004
25670,-73.96900177001955,40.76102066040039,-73.97692108154298,40.7435417175293,472.51,3444,3444,3458.44,3979.9500000000003,14.440000000000055,49.00000000000023,1.1037015089627737
25671,-73.98226928710938,40.764251708984375,-74.00633239746094,40.748531341552734,721.33,3444,3444,-1.0,-1.0,-1,-1,0.0
25672,-73.97588348388672,40.759178161621094,-73.96797180175781,40.76554489135742,387.42,3444,3444,-1.0,-1.0,-1,-1,0.0
25673,-73.98503875732422,40.75782012939453,-73.9983139038086,40.76414108276367,489.34,3445,3445,-1.0,-1.0,-1,-1,0.0
25674,-73.97867584228516,40.76518630981445,-74.00448608398438,40.71702194213867,1284.67,3445,3445,-1.0,-1.0,-1,-1,0.0
25675,-73.97261810302734,40.793861389160156,-73.96522521972656,40.77499008178711,522.76,3445,3445,3535.75,4058.51,90.75,2.2737367544323206e-13,1.0000000000000004
25676,-73.95782470703125,40.76969909667969,-73.98424530029298,40.76968002319336,699.88,3445,3445,3472.96,4172.84,27.960000000000036,1.1368683772161603e-13,1.0000000000000002
25677,-73.9902801513672,40.746559143066406,-73.97872161865234,40.75914001464844,554.59,3446,3446,-1.0,-1.0,-1,-1,0.0
25678,-73.9947738647461,40.74018096923828,-73.97891235351562,40.73625564575195,473.03,3446,3446,3581.08,4054.11,135.07999999999993,2.2737367544323206e-13,1.0000000000000004
25679,-73.94644927978516,40.777076721191406,-73.96134948730467,40.77096176147461,422.24,3446,3446,-1.0,-1.0,-1,-1,0.0
25680,-73.97908020019531,40.756660461425774,-73.9600830078125,40.776309967041016,631.82,3446,3446,3463.81,4095.63,17.809999999999945,1.1368683772161603e-13,1.0000000000000002
25681,-73.9495849609375,40.77680587768555,-73.95278930664062,40.786216735839844,297.24,3447,3447,3480.5,3777.74,33.5,-2.2737367544323206e-13,0.9999999999999992
25682,-73.97158813476562,40.78234100341797,-73.95529174804686,40.78572463989258,366.2,3447,3447,3498.67,3864.87,51.67000000000007,-1.7053025658242404e-13,0.9999999999999996
25683,-73.98590850830078,40.74109649658203,-73.99110412597656,40.747169494628906,311.46,3447,3447,3499.91,3811.37,52.909999999999854,5.684341886080802e-14,1.0000000000000002
25684,-73.97203063964845,40.75677108764648,-73.99273681640625,40.742919921875,643.47,3447,3447,-1.0,-1.0,-1,-1,0.0
25685,-73.96623992919923,40.7534408569336,-73.99308776855469,40.74631118774415,909.04,3447,3447,-1.0,-1.0,-1,-1,0.0
25686,-73.98059844970702,40.76348114013672,-73.9685287475586,40.79179000854492,827.6,3447,3447,-1.0,-1.0,-1,-1,0.0
25687,-74.00579071044923,40.748451232910156,-73.9740982055664,40.756851196289055,974.78,3447,3447,-1.0,-1.0,-1,-1,0.0
25688,-73.96819305419923,40.80229187011719,-73.98236846923827,40.77627182006836,532.85,3447,3447,3506.27,4039.12,59.26999999999998,-1.1368683772161603e-13,0.9999999999999998
25689,-73.96854400634766,40.78657150268555,-73.95698547363281,40.77162170410156,542.37,3448,3448,3474.29,4016.66,26.289999999999964,-1.1368683772161603e-13,0.9999999999999998
25690,-73.96281433105469,40.76652526855469,-73.97572326660156,40.76387405395508,443.19,3448,3448,-1.0,-1.0,-1,-1,0.0
25691,-73.94458770751955,40.78787612915039,-73.96749114990234,40.7631950378418,697.43,3448,3448,3507.07,4204.5,59.070000000000164,-1.1368683772161603e-13,0.9999999999999999
25692,-73.97101593017578,40.76430130004883,-73.95639038085938,40.7713623046875,414.09,3448,3448,3475.17,3889.26,27.170000000000073,1.7053025658242404e-13,1.0000000000000004
25693,-74.0046615600586,40.752113342285156,-73.99327850341797,40.76256561279297,314.51,3448,3448,3464.52,3779.0299999999997,16.519999999999982,-2.2737367544323206e-13,0.9999999999999992
25694,-74.00177001953125,40.74583435058594,-73.98136138916014,40.7390251159668,566.86,3448,3448,3477.4700000000003,4068.87,29.470000000000255,24.539999999999623,1.043291112443989
25695,-73.97685241699219,40.76478576660156,-73.96822357177734,40.756290435791016,500.0,3448,3448,-1.0,-1.0,-1,-1,0.0
25696,-73.97853851318358,40.765052795410156,-73.97777557373048,40.76455307006836,223.47,3448,3448,-1.0,-1.0,-1,-1,0.0
25697,-73.9885482788086,40.73719024658203,-74.001220703125,40.731910705566406,458.76,3448,3448,3579.13,4037.89,131.1300000000001,-2.2737367544323206e-13,0.9999999999999996
25698,-73.9475860595703,40.77528762817383,-73.98330688476562,40.73575973510742,846.58,3449,3449,3462.7,4309.28,13.699999999999818,-1.1368683772161603e-13,0.9999999999999999
25699,-73.99344635009766,40.75233840942383,-73.9925079345703,40.76764678955078,466.75,3449,3449,3473.05,4026.4300000000003,24.050000000000182,86.63000000000011,1.18560257096947
25700,-74.01529693603516,40.71590805053711,-73.99546813964845,40.76628875732422,910.72,3449,3449,-1.0,-1.0,-1,-1,0.0
25701,-73.97310638427734,40.75860977172852,-73.9598617553711,40.75852966308594,403.68,3449,3449,-1.0,-1.0,-1,-1,0.0
25702,-73.96656036376955,40.77227783203125,-73.97306060791014,40.76408386230469,236.02,3449,3449,3480.41,3716.43,31.409999999999854,-2.842170943040401e-14,0.9999999999999999
25703,-74.0115737915039,40.703437805175774,-73.98298645019531,40.750267028808594,1098.91,3450,3450,3480.87,4579.78,30.86999999999989,-2.2737367544323206e-13,0.9999999999999998
25704,-73.98876953125,40.73647689819336,-74.00969696044923,40.732585906982415,599.78,3450,3450,3478.42,4164.8099999999995,28.420000000000073,86.60999999999945,1.1444029477475064
25705,-73.98853302001955,40.735206604003906,-73.9738998413086,40.779701232910156,1362.17,3450,3450,3489.21,4927.97,39.210000000000036,76.59000000000015,1.0562264621890074
25706,-73.97698974609375,40.7588119506836,-73.98150634765625,40.7391014099121,567.08,3450,3450,-1.0,-1.0,-1,-1,0.0
25707,-73.98759460449219,40.76550674438477,-73.99434661865234,40.72465133666992,1262.11,3450,3450,3485.99,4803.900000000001,35.98999999999978,55.800000000000864,1.0442116772706032
25708,-74.00840759277344,40.7078857421875,-73.9900131225586,40.727840423583984,731.2,3451,3451,-1.0,-1.0,-1,-1,0.0
25709,-74.00663757324219,40.716758728027344,-74.00762939453125,40.725685119628906,235.38,3451,3451,-1.0,-1.0,-1,-1,0.0
25710,-73.99143981933594,40.74249267578125,-73.98153686523438,40.73898696899415,346.9,3451,3451,-1.0,-1.0,-1,-1,0.0
25711,-73.97640228271484,40.76604080200195,-73.95915222167969,40.78340148925781,589.31,3451,3451,3548.67,4137.98,97.67000000000007,-4.547473508864641e-13,0.9999999999999992
25712,-73.97650909423827,40.75112915039063,-73.9891586303711,40.720378875732415,880.71,3451,3451,3500.8500000000004,4381.56,49.850000000000364,0.0,1.0
25713,-73.98451232910156,40.767127990722656,-73.97868347167969,40.76187133789063,414.29,3451,3451,-1.0,-1.0,-1,-1,0.0
25714,-73.9799575805664,40.76123046875,-73.95561981201173,40.76861190795898,719.17,3452,3452,-1.0,-1.0,-1,-1,0.0
25715,-73.99317932128906,40.73675155639648,-74.00975036621094,40.738929748535156,513.66,3452,3452,3480.0,3993.66,28.0,-1.1368683772161603e-13,0.9999999999999998
25716,-73.95497131347656,40.76931762695313,-73.95291900634766,40.78319549560547,330.58,3452,3452,3502.29,3832.87,50.289999999999964,-5.684341886080802e-14,0.9999999999999998
25717,-74.01142883300781,40.70262145996094,-73.96102142333984,40.76579666137695,995.9,3452,3452,3498.7,4494.599999999999,46.69999999999982,-3.410605131648481e-13,0.9999999999999997
25718,-73.96932220458984,40.757362365722656,-73.95832061767578,40.7729606628418,323.86,3453,3453,3549.79,3873.65,96.78999999999996,1.1368683772161603e-13,1.0000000000000004
25719,-73.96695709228516,40.80400085449219,-73.98899078369139,40.75994110107422,1030.28,3453,3453,3723.82,4754.1,270.82000000000016,2.2737367544323206e-13,1.0000000000000002
25720,-73.9674072265625,40.80300903320313,-73.94016265869139,40.80379867553711,705.05,3453,3453,3666.8,4371.85,213.80000000000018,2.2737367544323206e-13,1.0000000000000002
25721,-73.96141052246094,40.80130004882813,-73.97025299072266,40.78918838500977,181.67,3453,3453,3860.34,4042.01,407.34000000000015,8.526512829121202e-14,1.0000000000000004
25722,-73.97943878173827,40.761512756347656,-73.98110961914062,40.77935028076172,546.28,3453,3453,3512.51,4092.05,59.51000000000022,33.25999999999999,1.0608845280808377
25723,-73.968017578125,40.80576705932617,-73.97796630859375,40.7865104675293,467.56,3453,3453,-1.0,-1.0,-1,-1,0.0
25724,-74.0068817138672,40.73008728027344,-73.95814514160156,40.764549255371094,1269.81,3453,3453,3512.83,4819.67,59.82999999999993,37.0300000000002,1.0291618431103868
25725,-74.00501251220702,40.70750045776367,-73.98149108886719,40.74639129638672,977.97,3453,3453,-1.0,-1.0,-1,-1,0.0
25726,-73.99064636230467,40.75056076049805,-73.99385070800781,40.742408752441406,248.24,3453,3453,-1.0,-1.0,-1,-1,0.0
25727,-73.95582580566406,40.76439666748047,-73.97750854492188,40.74641799926758,538.92,3453,3453,3547.2,4086.12,94.19999999999982,1.1368683772161603e-13,1.0000000000000002
25728,-73.994384765625,40.74599075317383,-74.005126953125,40.739990234375,305.53,3454,3454,3480.69,3786.22,26.690000000000055,-2.2737367544323206e-13,0.9999999999999992
25729,-73.9884262084961,40.76957321166992,-73.97765350341797,40.78680419921875,380.11,3454,3454,3612.46,3992.57,158.46000000000004,1.1368683772161603e-13,1.0000000000000002
25730,-73.9757308959961,40.75763320922852,-73.9472427368164,40.77774429321289,771.03,3454,3454,-1.0,-1.0,-1,-1,0.0
25731,-73.98783874511719,40.7216682434082,-74.00865936279298,40.713417053222656,810.61,3454,3454,3813.21,4623.82,359.21000000000004,-3.410605131648481e-13,0.9999999999999996
25732,-73.9869842529297,40.74264144897461,-73.96107482910156,40.76070022583008,659.67,3454,3454,-1.0,-1.0,-1,-1,0.0
25733,-73.96907806396483,40.76120376586913,-73.99932098388672,40.7299690246582,960.25,3454,3454,-1.0,-1.0,-1,-1,0.0
25734,-73.98121643066406,40.78135299682617,-73.9724349975586,40.7583122253418,855.16,3454,3454,-1.0,-1.0,-1,-1,0.0
25735,-73.98822784423827,40.764320373535156,-73.96077728271484,40.7657585144043,841.55,3454,3454,-1.0,-1.0,-1,-1,0.0
25736,-73.97276306152342,40.79331970214844,-73.93797302246094,40.82326889038085,901.5,3454,3454,3581.46,4482.96,127.46000000000004,0.0,1.0
25737,-73.97118377685547,40.763919830322266,-73.94461059570312,40.77516555786133,665.39,3455,3455,3511.96,4177.35,56.960000000000036,3.410605131648481e-13,1.0000000000000004
25738,-73.99382019042969,40.74656677246094,-73.97760009765625,40.77867126464844,895.11,3455,3455,-1.0,-1.0,-1,-1,0.0
25739,-73.98263549804686,40.77159118652344,-73.99235534667969,40.75875854492188,350.43,3455,3455,3496.4,3846.83,41.40000000000009,-1.7053025658242404e-13,0.9999999999999996
25740,-73.98741149902342,40.74467849731445,-73.99685668945312,40.726829528808594,487.13,3455,3455,-1.0,-1.0,-1,-1,0.0
25741,-73.99656677246094,40.75318145751953,-73.99764251708984,40.74481964111328,216.25,3455,3455,-1.0,-1.0,-1,-1,0.0
25742,-73.95105743408203,40.775089263916016,-73.97026062011719,40.75943374633789,674.16,3455,3455,3483.5199999999995,4157.679999999999,28.519999999999527,-1.1368683772161603e-13,0.9999999999999998
25743,-73.95958709716798,40.782730102539055,-73.98168182373048,40.78179168701172,463.58,3455,3455,-1.0,-1.0,-1,-1,0.0
25744,-73.96337127685547,40.774238586425774,-73.96044921875,40.76190948486328,623.75,3455,3455,-1.0,-1.0,-1,-1,0.0
25745,-73.9896011352539,40.75038528442383,-73.9827423095703,40.74221420288085,511.5,3456,3456,-1.0,-1.0,-1,-1,0.0
25746,-73.97207641601562,40.754558563232415,-73.98556518554686,40.758094787597656,632.59,3456,3456,-1.0,-1.0,-1,-1,0.0
25747,-73.98677062988281,40.762519836425774,-73.96968841552734,40.79037857055664,683.07,3456,3456,3485.81,4215.7,29.809999999999945,46.81999999999982,1.0685434874903008
25748,-73.9904556274414,40.76642227172852,-73.98780822753906,40.75996398925781,333.91,3456,3456,3626.09,3960.0,170.09000000000015,-1.7053025658242404e-13,0.9999999999999994
25749,-73.97721099853516,40.7522850036621,-74.00543975830078,40.75107192993164,801.49,3456,3456,-1.0,-1.0,-1,-1,0.0
25750,-73.9654312133789,40.75510787963867,-73.9700469970703,40.76470947265625,430.94,3456,3456,-1.0,-1.0,-1,-1,0.0
25751,-73.99109649658203,40.73503875732422,-74.00383758544923,40.752540588378906,671.08,3456,3456,3484.71,4155.79,28.710000000000036,-1.1368683772161603e-13,0.9999999999999998
25752,-73.97820281982422,40.74176025390625,-73.98963165283203,40.71881866455078,619.65,3456,3456,3670.17,4289.82,214.17000000000007,-3.410605131648481e-13,0.9999999999999994
25753,-73.96705627441406,40.757225036621094,-74.00776672363281,40.732200622558594,1099.53,3456,3456,-1.0,-1.0,-1,-1,0.0
25754,-73.9657974243164,40.7685432434082,-73.97769927978516,40.76046752929688,416.14,3456,3456,3510.3,3974.08,54.30000000000018,47.63999999999976,1.1144807036093616
25755,-73.96846008300781,40.76476669311523,-73.95758056640625,40.77175521850585,358.57,3457,3457,-1.0,-1.0,-1,-1,0.0
25756,-74.00267791748048,40.739593505859375,-73.99766540527344,40.7498893737793,288.26,3457,3457,-1.0,-1.0,-1,-1,0.0
25757,-73.98177337646483,40.75586700439453,-73.97703552246094,40.76100540161133,310.29,3457,3457,3480.0,3790.29,23.0,-5.684341886080802e-14,0.9999999999999998
25758,-73.98322296142578,40.76667022705078,-73.9560546875,40.78472137451172,696.44,3457,3457,-1.0,-1.0,-1,-1,0.0
25759,-73.97537994384766,40.76115036010742,-73.98828887939453,40.73859024047852,605.93,3457,3457,3482.79,4093.55,25.789999999999964,4.830000000000268,1.0079712177974358
25760,-73.97028350830078,40.752540588378906,-73.97940826416014,40.73003005981445,484.24,3457,3457,-1.0,-1.0,-1,-1,0.0
25761,-73.9728775024414,40.758880615234375,-73.94657135009766,40.78319549560547,727.66,3457,3457,-1.0,-1.0,-1,-1,0.0
25762,-73.97245788574219,40.76519012451172,-73.98497009277344,40.75899887084961,497.12,3458,3458,-1.0,-1.0,-1,-1,0.0
25763,-73.93762969970702,40.85076141357422,-73.9706802368164,40.78865051269531,1010.78,3458,3458,-1.0,-1.0,-1,-1,0.0
25764,-73.97994995117188,40.74651718139648,-74.00414276123048,40.733131408691406,689.53,3458,3458,3486.5,4256.89,28.5,80.86000000000035,1.1172682841935817
25765,-74.00798797607422,40.722904205322266,-73.99490356445312,40.750186920166016,526.29,3458,3458,-1.0,-1.0,-1,-1,0.0
25766,-73.97463989257811,40.75072860717773,-73.96794128417969,40.75535202026367,267.01,3458,3458,3564.32,3831.33,106.32000000000016,-2.2737367544323206e-13,0.9999999999999991
25767,-74.0003204345703,40.71864700317383,-73.99344635009766,40.742225646972656,596.55,3458,3458,-1.0,-1.0,-1,-1,0.0
25768,-73.96715545654298,40.75271224975585,-73.95570373535155,40.77194213867188,403.3,3458,3458,-1.0,-1.0,-1,-1,0.0
25769,-73.95404815673827,40.77870178222656,-73.97721099853516,40.719398498535156,989.98,3458,3458,3488.18,4478.16,30.179999999999836,0.0,1.0
25770,-74.00747680664062,40.710105895996094,-74.00756072998048,40.72526550292969,455.29,3458,3458,-1.0,-1.0,-1,-1,0.0
25771,-74.00306701660156,40.73899841308594,-74.00980377197266,40.733829498291016,309.32,3458,3458,3643.3,3952.6200000000003,185.30000000000018,1.7053025658242404e-13,1.0000000000000004
25772,-73.99351501464844,40.76225662231445,-73.9805145263672,40.774803161621094,351.95,3458,3458,3567.59,3919.54,109.59000000000015,-1.7053025658242404e-13,0.9999999999999996
25773,-73.99861907958984,40.738189697265625,-74.00669860839844,40.72727966308594,272.37,3458,3458,-1.0,-1.0,-1,-1,0.0
25774,-73.97557067871094,40.752689361572266,-73.9920425415039,40.749210357666016,571.98,3458,3458,-1.0,-1.0,-1,-1,0.0
25775,-73.9690170288086,40.75410461425781,-73.9921646118164,40.74763870239258,800.39,3459,3459,3508.19,4308.58,49.190000000000055,-1.1368683772161603e-13,0.9999999999999999
25776,-73.97042846679686,40.78374862670898,-73.9530029296875,40.78334045410156,405.5,3459,3459,3610.75,4016.25,151.75,0.0,1.0
25777,-73.989990234375,40.74080276489258,-74.00501251220702,40.741565704345696,381.03,3459,3459,3505.33,3913.1,46.32999999999993,26.74000000000001,1.0701782011915073
25778,-73.98983001708984,40.747161865234375,-73.97637176513672,40.77556991577149,798.45,3459,3459,3572.08,4370.53,113.07999999999993,-2.2737367544323206e-13,0.9999999999999997
25779,-74.00139617919923,40.72547149658203,-74.0052490234375,40.73336410522461,278.62,3460,3460,-1.0,-1.0,-1,-1,0.0
25780,-73.99527740478516,40.74385452270508,-73.9788818359375,40.73700714111328,451.61,3460,3460,-1.0,-1.0,-1,-1,0.0
25781,-73.97490692138672,40.75571060180664,-73.96116638183594,40.76675033569336,485.03,3460,3460,-1.0,-1.0,-1,-1,0.0
25782,-73.96373748779298,40.77713012695313,-73.97659301757811,40.78055953979492,249.59,3460,3460,3506.25,3755.84,46.25,1.4210854715202004e-13,1.0000000000000007
25783,-73.96720886230467,40.78801727294922,-73.97897338867188,40.756103515625,891.45,3460,3460,3623.12,4514.57,163.1199999999999,-2.2737367544323206e-13,0.9999999999999998
25784,-73.9686279296875,40.76177978515625,-73.97801971435547,40.75285339355469,401.18,3460,3460,-1.0,-1.0,-1,-1,0.0
25785,-73.96138763427734,40.764949798583984,-73.98854064941406,40.76921081542969,750.06,3460,3460,3594.96,4345.02,134.96000000000004,4.547473508864641e-13,1.0000000000000007
25786,-73.97944641113281,40.78465270996094,-73.97141265869139,40.79872512817383,315.09,3461,3461,3613.54,3928.63,152.53999999999996,1.7053025658242404e-13,1.0000000000000004
25787,-74.01104736328125,40.7031364440918,-73.98381805419923,40.743446350097656,922.93,3461,3461,-1.0,-1.0,-1,-1,0.0
25788,-73.99166870117188,40.74993515014648,-73.99116516113281,40.73498153686523,449.16,3461,3461,3480.0,3929.16,19.0,-1.7053025658242404e-13,0.9999999999999997
25789,-73.9990234375,40.73982620239258,-74.01470184326173,40.71397018432617,622.5,3461,3461,3517.95,4148.37,56.94999999999982,7.920000000000073,1.0127228915662652
25790,-73.98825073242188,40.755130767822266,-73.99490356445312,40.740058898925774,402.94,3461,3461,-1.0,-1.0,-1,-1,0.0
25791,-73.98294830322266,40.75017929077149,-73.98277282714845,40.74514770507813,206.32,3461,3461,3502.26,3734.09,41.26000000000022,25.509999999999934,1.1236428848390847
25792,-73.97843170166014,40.74818420410156,-73.98577880859375,40.74174118041992,195.37,3462,3462,3480.87,3676.24,18.86999999999989,-1.1368683772161603e-13,0.9999999999999994
25793,-73.98466491699219,40.76119995117188,-73.96717834472656,40.76204299926758,677.2,3462,3462,-1.0,-1.0,-1,-1,0.0
25794,-73.98200988769531,40.77245330810547,-73.97013092041014,40.78418350219727,362.92,3462,3462,3515.44,3937.98,53.440000000000055,59.61999999999995,1.1642786288989306
25795,-74.0052032470703,40.7182846069336,-73.98632049560547,40.77078247070313,1058.98,3462,3462,-1.0,-1.0,-1,-1,0.0
25796,-74.00223541259766,40.75564956665039,-73.99384307861328,40.7517204284668,342.21,3462,3462,-1.0,-1.0,-1,-1,0.0
25797,-73.98860931396483,40.73707580566406,-73.9559555053711,40.76789474487305,813.01,3462,3462,-1.0,-1.0,-1,-1,0.0
25798,-73.98963165283203,40.752357482910156,-73.97530364990234,40.75789260864258,470.05,3462,3462,3628.04,4098.09,166.03999999999996,1.7053025658242404e-13,1.0000000000000004
25799,-73.98410034179686,40.7602424621582,-73.987548828125,40.74717712402344,532.27,3462,3462,-1.0,-1.0,-1,-1,0.0
25800,-73.97501373291014,40.74176025390625,-73.96014404296875,40.762123107910156,344.92,3462,3462,3489.97,3834.8900000000003,27.9699999999998,5.115907697472721e-13,1.0000000000000016
25801,-73.96843719482422,40.761756896972656,-73.98886108398438,40.75679397583008,747.52,3462,3462,-1.0,-1.0,-1,-1,0.0
25802,-73.99822235107422,40.7242317199707,-73.99195098876955,40.73523330688477,483.79,3463,3463,-1.0,-1.0,-1,-1,0.0
25803,-74.0159912109375,40.71119689941406,-73.98991394042969,40.73403549194336,874.48,3463,3463,-1.0,-1.0,-1,-1,0.0
25804,-73.99723052978516,40.76358413696289,-73.97844696044923,40.75263214111328,699.7,3463,3463,3503.42,4203.12,40.42000000000007,-2.2737367544323206e-13,0.9999999999999997
25805,-73.98789978027342,40.75522232055664,-73.9785614013672,40.74504089355469,503.08,3463,3463,-1.0,-1.0,-1,-1,0.0
25806,-74.01603698730467,40.715179443359375,-74.00006103515625,40.7305908203125,584.25,3463,3463,-1.0,-1.0,-1,-1,0.0
25807,-73.98879241943358,40.74524307250977,-73.99560546875,40.72705841064453,500.34,3463,3463,-1.0,-1.0,-1,-1,0.0
25808,-73.99449920654298,40.72603988647461,-73.97596740722656,40.74982833862305,653.3,3464,3464,3531.5,4216.89,67.5,32.09000000000037,1.0491198530537278
25809,-73.96378326416014,40.761322021484375,-73.97557067871094,40.745132446289055,379.51,3464,3464,-1.0,-1.0,-1,-1,0.0
25810,-73.98609161376955,40.759220123291016,-73.99786376953125,40.76559066772461,454.96,3464,3464,3480.0,3934.96,16.0,5.684341886080802e-14,1.0000000000000002
25811,-73.98167419433594,40.74382781982422,-74.00910186767578,40.7234764099121,929.44,3464,3464,3489.91,4449.34,25.909999999999854,29.990000000000236,1.0322667412635569
25812,-73.99578857421875,40.724693298339844,-73.98471069335938,40.75099563598633,829.29,3464,3464,-1.0,-1.0,-1,-1,0.0
25813,-73.98920440673827,40.74376678466797,-74.00713348388672,40.74152755737305,518.17,3464,3464,-1.0,-1.0,-1,-1,0.0
25814,-73.97732543945312,40.761436462402344,-73.9865951538086,40.721866607666016,1310.28,3464,3464,-1.0,-1.0,-1,-1,0.0
25815,-73.97002410888672,40.75629806518555,-73.99318695068358,40.758766174316406,788.44,3464,3464,3484.3199999999997,4272.759999999999,20.31999999999971,-4.547473508864641e-13,0.9999999999999994
25816,-73.96466827392578,40.76491928100585,-73.9542236328125,40.78649139404297,487.43,3464,3464,3482.12,3969.55,18.11999999999989,2.8421709430404007e-13,1.0000000000000007
25817,-73.99141693115234,40.75019073486328,-73.99266815185547,40.74282455444336,191.16,3464,3464,-1.0,-1.0,-1,-1,0.0
25818,-74.00456237792969,40.724403381347656,-73.99177551269531,40.72380828857422,407.84,3464,3464,3619.33,4027.17,155.32999999999993,1.7053025658242404e-13,1.0000000000000004
25819,-74.00298309326173,40.74962997436523,-73.9830780029297,40.75615310668945,582.14,3465,3465,-1.0,-1.0,-1,-1,0.0
25820,-74.00292205810547,40.76036071777344,-73.97664642333984,40.76152038574219,824.44,3465,3465,3481.2400000000002,4364.7,16.240000000000236,59.01999999999953,1.071587986997234
25821,-73.98770141601562,40.719398498535156,-73.98165130615234,40.74070739746094,568.19,3465,3465,3543.83,4112.02,78.82999999999993,4.547473508864641e-13,1.0000000000000009
25822,-74.0045166015625,40.751949310302734,-73.99617767333984,40.75886535644531,237.33,3465,3465,3601.91,3839.24,136.90999999999985,-8.526512829121202e-14,0.9999999999999997
25823,-73.99766540527344,40.75722122192383,-74.00534057617188,40.74022674560547,440.44,3465,3465,-1.0,-1.0,-1,-1,0.0
25824,-73.97516632080078,40.75606155395508,-73.97920989990234,40.76710891723633,518.32,3465,3465,-1.0,-1.0,-1,-1,0.0
25825,-73.99112701416014,40.74980926513672,-73.97926330566406,40.72780990600585,811.8,3465,3465,-1.0,-1.0,-1,-1,0.0
25826,-73.98219299316406,40.731460571289055,-74.000732421875,40.728721618652344,553.91,3465,3465,3480.0,4033.91,15.0,-1.1368683772161603e-13,0.9999999999999998
25827,-73.96007537841797,40.77640914916992,-74.00152587890625,40.735740661621094,1335.38,3466,3466,-1.0,-1.0,-1,-1,0.0
25828,-73.98839569091797,40.76417922973633,-73.98228454589844,40.77138900756836,324.08,3466,3466,-1.0,-1.0,-1,-1,0.0
25829,-74.00003814697266,40.73051452636719,-73.9910888671875,40.72525024414063,435.62,3466,3466,3502.12,3937.74,36.11999999999989,-1.1368683772161603e-13,0.9999999999999998
25830,-74.00682830810547,40.7300910949707,-73.99205780029298,40.73699188232422,401.97,3466,3466,3487.05,3953.26,21.050000000000182,64.24000000000001,1.1598129213622907
25831,-73.96334838867188,40.77461624145508,-73.95824432373048,40.78310012817383,204.63,3466,3466,3481.61,3780.07,15.610000000000127,93.83000000000004,1.4585349166788841
25832,-73.98211669921875,40.770301818847656,-73.95337677001955,40.77170181274415,800.46,3466,3466,-1.0,-1.0,-1,-1,0.0
25833,-73.97502136230467,40.79257583618164,-73.9502410888672,40.775840759277344,771.04,3466,3466,3609.62,4380.66,143.6199999999999,0.0,1.0
25834,-73.95921325683594,40.77755355834961,-73.9752197265625,40.73308563232422,974.13,3467,3467,3601.58,4575.71,134.57999999999993,1.1368683772161603e-13,1.0000000000000002
25835,-73.9809036254883,40.7597885131836,-73.98280334472656,40.77162170410156,430.79,3467,3467,3504.77,3935.56,37.76999999999998,-5.684341886080802e-14,0.9999999999999999
25836,-73.97731018066406,40.77676010131836,-73.97345733642578,40.78470993041992,200.56,3467,3467,3581.87,3782.43,114.86999999999989,-5.684341886080802e-14,0.9999999999999997
25837,-73.9737548828125,40.77948760986328,-73.96617126464845,40.76515579223633,574.46,3467,3467,3480.0,4054.4599999999996,13.0,-4.547473508864641e-13,0.9999999999999992
25838,-73.99276733398438,40.72378540039063,-73.9962158203125,40.71789169311523,326.43,3467,3467,3487.38,3824.31,20.38000000000011,10.49999999999983,1.0321661611984188
25839,-74.0130844116211,40.715496063232415,-73.98822784423827,40.77467727661133,1028.89,3467,3467,3491.98,4577.360000000001,24.980000000000018,56.490000000000464,1.054903828397594
25840,-73.99668884277344,40.74295043945313,-73.982666015625,40.735328674316406,479.62,3467,3467,-1.0,-1.0,-1,-1,0.0
25841,-73.98148345947266,40.76416015625,-73.99324035644531,40.77268981933594,449.06,3467,3467,3491.84,3940.9,24.840000000000146,-5.684341886080802e-14,0.9999999999999999
25842,-73.98980712890625,40.73360061645508,-73.99146270751955,40.74898910522461,603.09,3468,3468,-1.0,-1.0,-1,-1,0.0
25843,-73.98857879638672,40.74296569824219,-73.98766326904298,40.72151184082031,748.76,3468,3468,-1.0,-1.0,-1,-1,0.0
25844,-73.97978210449219,40.76533889770508,-73.98992919921875,40.7724723815918,333.59,3469,3469,-1.0,-1.0,-1,-1,0.0
25845,-73.95240783691406,40.780845642089844,-73.95169830322266,40.80422592163085,544.02,3469,3469,3524.92,4068.94,55.92000000000007,0.0,1.0
25846,-73.98876953125,40.75861740112305,-73.96707916259766,40.80339050292969,925.98,3469,3469,-1.0,-1.0,-1,-1,0.0
25847,-73.97808074951173,40.7411994934082,-73.98414611816406,40.76508331298828,950.76,3469,3469,-1.0,-1.0,-1,-1,0.0
25848,-74.00286865234375,40.7602424621582,-74.00263214111328,40.73055648803711,754.88,3469,3469,3495.54,4250.42,26.539999999999964,1.1368683772161603e-13,1.0000000000000002
25849,-73.98407745361328,40.74341583251953,-73.97821807861328,40.751220703125,232.74,3469,3469,3508.87,3811.34,39.86999999999989,69.73000000000025,1.2996047091174712
25850,-74.00218200683594,40.72438049316406,-74.00655364990234,40.7494010925293,707.12,3469,3469,-1.0,-1.0,-1,-1,0.0
25851,-73.95394897460938,40.76419067382813,-73.94759368896483,40.77537155151367,526.07,3469,3469,-1.0,-1.0,-1,-1,0.0
25852,-74.0086669921875,40.71381378173828,-73.99861145019531,40.76402282714844,904.1,3469,3469,-1.0,-1.0,-1,-1,0.0
25853,-73.98916625976562,40.74796676635742,-74.00273132324219,40.73371887207031,407.7,3470,3470,-1.0,-1.0,-1,-1,0.0
25854,-73.99715423583984,40.72219848632813,-73.98143005371094,40.749698638916016,770.71,3470,3470,3646.21,4416.92,176.21000000000004,0.0,1.0
25855,-73.9709701538086,40.76086044311523,-73.98129272460938,40.76286315917969,425.91,3470,3470,-1.0,-1.0,-1,-1,0.0
25856,-73.98765563964845,40.73262023925781,-73.99554443359375,40.72663116455078,293.87,3470,3470,3580.62,3874.49,110.61999999999989,-1.1368683772161603e-13,0.9999999999999997
25857,-73.9990005493164,40.722938537597656,-74.00582122802734,40.74026107788085,640.03,3470,3470,-1.0,-1.0,-1,-1,0.0
25858,-73.98999786376955,40.756797790527344,-73.96336364746094,40.76927185058594,787.9,3470,3470,3480.0,4267.9,10.0,-3.410605131648481e-13,0.9999999999999996
25859,-73.98206329345702,40.736003875732415,-73.97364807128906,40.738075256347656,308.51,3470,3470,3733.83,4042.34,263.8299999999999,2.2737367544323206e-13,1.0000000000000007
25860,-73.9881362915039,40.7596435546875,-73.98917388916014,40.777259826660156,485.56,3470,3470,-1.0,-1.0,-1,-1,0.0
25861,-73.97814178466798,40.76660919189453,-73.96343231201173,40.768379211425774,523.42,3470,3470,-1.0,-1.0,-1,-1,0.0
25862,-73.99966430664062,40.73419570922852,-73.97990417480467,40.7430534362793,576.36,3471,3471,3498.12,4074.48,27.11999999999989,1.1368683772161603e-13,1.0000000000000002
25863,-74.0014419555664,40.727500915527344,-73.98277282714845,40.73606872558594,570.86,3471,3471,-1.0,-1.0,-1,-1,0.0
25864,-73.98486328125,40.74126815795898,-73.95208740234375,40.76961135864258,855.2,3471,3471,-1.0,-1.0,-1,-1,0.0
25865,-74.00459289550781,40.751991271972656,-73.99413299560547,40.75109100341797,309.05,3471,3471,-1.0,-1.0,-1,-1,0.0
25866,-74.00943756103516,40.706451416015625,-74.0003204345703,40.72732162475585,662.91,3471,3471,3519.97,4182.88,48.9699999999998,3.410605131648481e-13,1.0000000000000004
25867,-73.98200225830078,40.7735481262207,-73.9715805053711,40.75642013549805,755.08,3471,3471,-1.0,-1.0,-1,-1,0.0
25868,-73.96006774902342,40.779609680175774,-73.95953369140625,40.767311096191406,441.98,3471,3471,3535.08,3977.06,64.07999999999993,0.0,1.0
25869,-73.99295806884766,40.768470764160156,-73.98370361328125,40.76176834106445,413.29,3471,3471,3554.8,3968.09,83.80000000000018,-5.684341886080802e-14,0.9999999999999999
25870,-73.98533630371094,40.74211120605469,-73.99628448486328,40.72035217285156,669.35,3471,3471,-1.0,-1.0,-1,-1,0.0
25871,-73.97206115722656,40.78667449951172,-73.95985412597656,40.81220245361328,497.67,3471,3471,3530.7200000000003,4028.39,59.720000000000255,-3.979039320256561e-13,0.9999999999999992
25872,-73.98269653320312,40.76663589477539,-74.00175476074219,40.72967147827149,1043.01,3471,3471,3505.29,4548.3,34.289999999999964,2.2737367544323206e-13,1.0000000000000002
25873,-73.99996185302734,40.72856521606445,-73.99024963378906,40.7234764099121,359.84,3472,3472,3566.75,3926.59,94.75,1.7053025658242404e-13,1.0000000000000004
25874,-73.97931671142578,40.784664154052734,-73.95155334472656,40.769981384277344,741.25,3472,3472,-1.0,-1.0,-1,-1,0.0
25875,-73.98668670654298,40.74274444580078,-73.95440673828125,40.80659484863281,1459.85,3472,3472,-1.0,-1.0,-1,-1,0.0
25876,-73.98703002929686,40.75267028808594,-73.9785614013672,40.75233840942383,258.42,3472,3472,-1.0,-1.0,-1,-1,0.0
25877,-73.96495056152342,40.76675033569336,-74.01033020019531,40.73297119140625,1385.45,3473,3473,-1.0,-1.0,-1,-1,0.0
25878,-73.98263549804686,40.77227020263672,-73.97885131835938,40.75721740722656,590.28,3473,3473,3529.39,4119.67,56.38999999999987,2.2737367544323206e-13,1.0000000000000004
25879,-73.98783874511719,40.7497444152832,-73.9871597290039,40.759525299072266,364.48,3473,3473,3490.17,3902.61,17.170000000000073,47.960000000000036,1.1315847234416156
25880,-73.9935989379883,40.72168731689453,-73.99853515625,40.72968292236328,350.16,3473,3473,3569.33,3919.49,96.32999999999993,-1.7053025658242404e-13,0.9999999999999996
25881,-74.0040283203125,40.7329330444336,-73.98487854003906,40.7511100769043,598.2,3473,3473,-1.0,-1.0,-1,-1,0.0
25882,-73.97988891601562,40.74398040771485,-73.97148895263672,40.78227996826172,1041.84,3473,3473,-1.0,-1.0,-1,-1,0.0
25883,-73.96808624267578,40.79975128173828,-73.95252227783203,40.81407928466797,456.31,3473,3473,3557.91,4014.2200000000003,84.90999999999985,3.979039320256561e-13,1.0000000000000009
25884,-73.98347473144531,40.74370193481445,-73.99647521972656,40.73630905151367,403.17,3473,3473,3484.4900000000002,3887.66,11.490000000000236,-3.979039320256561e-13,0.999999999999999
25885,-73.97826385498048,40.76310348510742,-73.94682312011719,40.77749252319336,861.5,3473,3473,-1.0,-1.0,-1,-1,0.0
25886,-74.0030288696289,40.75286865234375,-73.99102783203125,40.75110626220703,493.42,3474,3474,-1.0,-1.0,-1,-1,0.0
25887,-73.98738861083984,40.71992111206055,-73.94950866699219,40.772621154785156,1058.6,3474,3474,3636.54,4695.139999999999,162.53999999999996,-4.547473508864641e-13,0.9999999999999996
25888,-73.98019409179686,40.760292053222656,-73.98535919189453,40.75944900512695,210.79,3474,3474,-1.0,-1.0,-1,-1,0.0
25889,-73.96458435058595,40.7641830444336,-73.95500183105469,40.77748107910156,243.22,3474,3474,-1.0,-1.0,-1,-1,0.0
25890,-73.9999008178711,40.71801376342773,-74.00263214111328,40.72613525390625,381.1,3474,3474,-1.0,-1.0,-1,-1,0.0
25891,-73.97014617919923,40.79684066772461,-73.98257446289062,40.77219772338867,539.89,3474,3474,-1.0,-1.0,-1,-1,0.0
25892,-73.95662689208984,40.77114486694336,-73.97317504882812,40.764610290527344,570.45,3475,3475,-1.0,-1.0,-1,-1,0.0
25893,-73.96968078613281,40.7600975036621,-73.97846984863281,40.76470184326172,370.57,3475,3475,3534.05,3965.4700000000003,59.05000000000018,60.85000000000008,1.1642064927004347
25894,-73.99465942382812,40.727821350097656,-74.00113677978516,40.731609344482415,359.62,3475,3475,-1.0,-1.0,-1,-1,0.0
25895,-73.97926330566406,40.76148986816406,-73.98777770996094,40.77945327758789,617.54,3475,3475,3508.29,4187.32,33.289999999999964,61.48999999999978,1.099572497328108
25896,-73.97804260253906,40.75648498535156,-73.97237396240234,40.78396606445313,834.23,3475,3475,-1.0,-1.0,-1,-1,0.0
25897,-73.99366760253906,40.76231002807617,-74.0025863647461,40.733787536621094,773.94,3475,3475,-1.0,-1.0,-1,-1,0.0
25898,-73.9647216796875,40.76743698120117,-73.9887466430664,40.76385116577149,644.32,3475,3475,3482.34,4201.7,7.3400000000001455,75.03999999999962,1.1164638688850255
25899,-73.97696685791014,40.75021743774415,-74.01030731201173,40.7050666809082,925.42,3475,3475,-1.0,-1.0,-1,-1,0.0
25900,-74.00495147705078,40.70700073242188,-73.995849609375,40.74113845825195,857.61,3475,3475,-1.0,-1.0,-1,-1,0.0
25901,-73.9752655029297,40.792396545410156,-73.97985076904298,40.77105712890625,530.32,3476,3476,-1.0,-1.0,-1,-1,0.0
25902,-73.96024322509766,40.7702751159668,-73.93667602539062,40.81367492675781,815.19,3476,3476,-1.0,-1.0,-1,-1,0.0
25903,-73.99311065673827,40.75287628173828,-73.96853637695312,40.79904556274415,1002.53,3476,3476,3480.39,4580.04,4.389999999999873,97.12000000000012,1.096874906486589
25904,-73.97831726074219,40.77297592163085,-73.97665405273438,40.74369430541992,1019.47,3476,3476,3522.45,4590.92,46.44999999999982,49.00000000000023,1.0480641902164853
25905,-73.97951507568358,40.749603271484375,-73.98241424560547,40.76716613769531,700.28,3476,3476,-1.0,-1.0,-1,-1,0.0
25906,-73.99867248535155,40.72643661499024,-73.98320007324219,40.77641677856445,1103.66,3476,3476,3524.79,4692.27,48.789999999999964,63.82000000000039,1.0578257796785244
25907,-73.99235534667969,40.74386596679688,-73.98368072509766,40.75868225097656,487.38,3476,3476,-1.0,-1.0,-1,-1,0.0
25908,-73.98145294189453,40.76762771606445,-73.98751068115234,40.75939559936523,418.4,3477,3477,-1.0,-1.0,-1,-1,0.0
25909,-73.95744323730467,40.77451705932617,-73.97551727294923,40.77854919433594,410.54,3477,3477,3512.33,3922.87,35.32999999999993,-5.684341886080802e-14,0.9999999999999999
25910,-73.94436645507811,40.77558135986328,-73.95646667480467,40.76979064941406,349.63,3477,3477,3619.33,3968.96,142.32999999999993,1.1368683772161603e-13,1.0000000000000002
25911,-74.00110626220702,40.73093032836913,-73.99442291259766,40.732078552246094,191.46,3477,3477,3480.0,3671.46,3.0,2.842170943040401e-14,1.0000000000000002
25912,-73.97952270507811,40.7663459777832,-74.01345825195312,40.716663360595696,1201.84,3477,3477,-1.0,-1.0,-1,-1,0.0
25913,-73.97753143310547,40.738258361816406,-73.98625946044923,40.74914932250977,623.46,3477,3477,3535.96,4159.42,58.960000000000036,0.0,1.0
25914,-73.98815155029298,40.75920104980469,-73.98827362060547,40.77470016479492,457.64,3477,3477,-1.0,-1.0,-1,-1,0.0
25915,-73.9532241821289,40.78282165527344,-73.96371459960938,40.7651481628418,459.4,3478,3478,3491.62,3951.02,13.61999999999989,1.1368683772161603e-13,1.0000000000000002
25916,-73.97124481201173,40.75127410888672,-73.97259521484375,40.74322128295898,266.91,3478,3478,-1.0,-1.0,-1,-1,0.0
25917,-73.95641326904298,40.78704833984375,-73.96084594726562,40.76648712158203,639.62,3478,3478,3544.24,4183.86,66.23999999999978,-1.1368683772161603e-13,0.9999999999999998
25918,-73.98609161376955,40.726726531982415,-73.98188781738281,40.75846862792969,953.46,3478,3478,3503.62,4457.08,25.61999999999989,0.0,1.0
25919,-73.9884262084961,40.754371643066406,-74.00285339355469,40.73366165161133,452.14,3478,3478,3493.62,3945.7599999999998,15.61999999999989,-1.1368683772161603e-13,0.9999999999999998
25920,-73.97779083251955,40.76361846923828,-73.98612976074219,40.74612045288085,544.47,3478,3478,-1.0,-1.0,-1,-1,0.0
25921,-73.98412322998048,40.72523880004883,-73.98916625976562,40.73389053344727,308.09,3478,3478,3508.41,3816.5,30.409999999999854,1.7053025658242404e-13,1.0000000000000004
25922,-73.98777770996094,40.748252868652344,-73.99951171875,40.7176170349121,953.1,3479,3479,-1.0,-1.0,-1,-1,0.0
25923,-73.973388671875,40.76416397094727,-73.9576416015625,40.77348709106445,449.63,3479,3479,-1.0,-1.0,-1,-1,0.0
25924,-73.9758529663086,40.75577926635742,-73.97489166259766,40.734291076660156,673.64,3479,3479,-1.0,-1.0,-1,-1,0.0
25925,-73.96637725830078,40.80483627319336,-73.96031188964844,40.801414489746094,254.57,3479,3479,3747.38,4001.95,268.3800000000001,-2.8421709430404007e-13,0.9999999999999989
25926,-74.00218963623048,40.73998260498047,-74.01324462890625,40.7094612121582,815.54,3479,3479,3523.6,4339.139999999999,44.59999999999991,-4.547473508864641e-13,0.9999999999999994
25927,-73.99337768554686,40.75212097167969,-74.00267028808594,40.760650634765625,405.34,3479,3479,3488.33,3926.37,9.329999999999927,32.69999999999999,1.0806730152464596
25928,-73.98107147216798,40.77433395385742,-73.98834228515625,40.76015853881836,439.27,3479,3479,-1.0,-1.0,-1,-1,0.0
25929,-73.98946380615234,40.753395080566406,-73.9947509765625,40.73183059692383,578.51,3480,3480,3586.92,4165.43,106.92000000000007,2.2737367544323206e-13,1.0000000000000004
25930,-73.98332977294923,40.77114868164063,-73.9911880493164,40.76036071777344,293.43,3480,3480,3518.25,3811.68,38.25,-1.7053025658242404e-13,0.9999999999999994
25931,-73.99590301513672,40.73608016967773,-73.9976577758789,40.75658416748047,549.19,3480,3480,-1.0,-1.0,-1,-1,0.0
25932,-73.96356964111328,40.754581451416016,-73.97032928466798,40.76509094238281,519.86,3480,3480,-1.0,-1.0,-1,-1,0.0
25933,-73.99684143066406,40.742488861083984,-73.99259948730467,40.73439407348633,332.29,3480,3480,3531.5,3905.3,51.5,41.51000000000016,1.1249210027385723
25934,-73.97998809814453,40.74890518188477,-73.98038482666014,40.77487182617188,896.4,3480,3480,-1.0,-1.0,-1,-1,0.0
25935,-73.98310852050781,40.77340316772461,-73.99358367919923,40.75225067138672,640.59,3480,3480,-1.0,-1.0,-1,-1,0.0
25936,-73.98800659179686,40.74983596801758,-73.97159576416014,40.7558708190918,565.46,3481,3481,3521.14,4086.6,40.13999999999987,0.0,1.0
25937,-74.0074691772461,40.73332595825195,-74.00755310058594,40.73941040039063,196.28,3481,3481,3629.5,3825.78,148.5,1.9895196601282805e-13,1.000000000000001
25938,-74.0074234008789,40.72758865356445,-73.97869873046875,40.752830505371094,906.22,3481,3481,-1.0,-1.0,-1,-1,0.0
25939,-73.95935821533203,40.767402648925774,-73.98092651367188,40.77362060546875,593.0,3481,3481,-1.0,-1.0,-1,-1,0.0
25940,-73.97024536132812,40.752689361572266,-73.99057006835938,40.72344970703125,637.31,3481,3481,-1.0,-1.0,-1,-1,0.0
25941,-74.0031967163086,40.73907852172852,-74.0068817138672,40.71904754638672,461.45,3481,3481,3598.58,4060.0299999999997,117.57999999999993,-1.7053025658242404e-13,0.9999999999999997
25942,-73.97393035888672,40.78730010986328,-73.99628448486328,40.74053955078125,1225.86,3481,3481,3513.49,4739.35,32.48999999999978,6.821210263296962e-13,1.0000000000000007
25943,-74.0152359008789,40.7142448425293,-73.98767852783203,40.72271728515625,806.87,3481,3481,-1.0,-1.0,-1,-1,0.0
25944,-73.96803283691406,40.768009185791016,-73.99124145507811,40.75037002563477,860.18,3481,3481,3604.54,4464.72,123.53999999999996,3.410605131648481e-13,1.0000000000000004
25945,-73.96902465820312,40.75751876831055,-73.95578002929686,40.76830291748047,363.06,3481,3481,-1.0,-1.0,-1,-1,0.0
25946,-74.00149536132812,40.730865478515625,-73.98233795166014,40.73994064331055,552.44,3481,3481,-1.0,-1.0,-1,-1,0.0
25947,-73.99597930908203,40.725399017333984,-73.98712921142578,40.77090072631836,1089.83,3482,3482,-1.0,-1.0,-1,-1,0.0
25948,-73.98837280273438,40.73851013183594,-74.00807189941406,40.739761352539055,587.26,3482,3482,-1.0,-1.0,-1,-1,0.0
25949,-73.98454284667969,40.74277114868164,-73.97745513916014,40.743816375732415,246.34,3482,3482,-1.0,-1.0,-1,-1,0.0
25950,-73.99063110351562,40.740249633789055,-74.00302124023438,40.72771835327149,403.95,3482,3482,-1.0,-1.0,-1,-1,0.0
25951,-73.95568084716798,40.77679061889648,-73.95314025878906,40.78422164916992,188.82,3482,3482,3521.94,3710.7599999999998,39.940000000000055,-2.8421709430404007e-13,0.9999999999999984
25952,-73.98590850830078,40.746768951416016,-74.00162506103516,40.73747253417969,428.71,3482,3482,-1.0,-1.0,-1,-1,0.0
25953,-73.99016571044923,40.738685607910156,-74.00154876708984,40.74678039550781,399.62,3482,3482,-1.0,-1.0,-1,-1,0.0
25954,-73.97627258300781,40.7483024597168,-73.9652786254883,40.755046844482415,309.65,3482,3482,3536.98,3846.63,54.98000000000002,1.1368683772161603e-13,1.0000000000000004
25955,-73.97978210449219,40.77532196044922,-73.97407531738281,40.76266860961913,503.99,3482,3482,3680.27,4184.26,198.26999999999998,2.2737367544323206e-13,1.0000000000000004
25956,-73.98223114013672,40.77634048461913,-73.98872375488281,40.7782096862793,245.24,3483,3483,-1.0,-1.0,-1,-1,0.0
25957,-73.95933532714845,40.77183532714844,-73.95850372314453,40.778404235839844,181.95,3483,3483,-1.0,-1.0,-1,-1,0.0
25958,-73.9573974609375,40.77677536010742,-73.97410583496094,40.756568908691406,672.99,3483,3483,3670.17,4343.16,187.17000000000007,-2.2737367544323206e-13,0.9999999999999997
25959,-73.97340393066406,40.758113861083984,-73.94073486328125,40.79684829711913,804.46,3483,3483,-1.0,-1.0,-1,-1,0.0
25960,-73.9780044555664,40.748924255371094,-73.9654312133789,40.75830459594727,422.92,3483,3483,3675.54,4098.46,192.53999999999996,5.684341886080802e-14,1.0000000000000002
25961,-73.98262023925781,40.75141906738281,-73.98400115966798,40.73828125,386.25,3483,3483,-1.0,-1.0,-1,-1,0.0
25962,-73.98040008544923,40.76015853881836,-73.97785186767578,40.7735710144043,417.45,3483,3483,-1.0,-1.0,-1,-1,0.0
25963,-73.97518157958984,40.76057815551758,-73.99955749511719,40.76140975952149,798.3,3483,3483,-1.0,-1.0,-1,-1,0.0
25964,-74.00570678710938,40.75052261352539,-74.0051040649414,40.7410545349121,271.71,3484,3484,3510.0,3781.71,26.0,5.684341886080802e-14,1.0000000000000002
25965,-73.98363494873048,40.74335861206055,-74.00537109375,40.74351119995117,532.16,3484,3484,-1.0,-1.0,-1,-1,0.0
25966,-73.9888687133789,40.71889877319336,-73.990234375,40.748512268066406,948.0,3484,3484,-1.0,-1.0,-1,-1,0.0
25967,-73.9914321899414,40.75032806396485,-73.98853302001955,40.75899887084961,394.64,3484,3484,-1.0,-1.0,-1,-1,0.0
25968,-73.98096466064453,40.73783874511719,-73.97557830810547,40.72878646850585,316.95,3484,3484,3768.42,4085.37,284.4200000000001,-1.7053025658242404e-13,0.9999999999999994
25969,-74.00393676757811,40.713172912597656,-73.98594665527344,40.74848556518555,990.45,3485,3485,-1.0,-1.0,-1,-1,0.0
25970,-74.00696563720702,40.73500442504883,-74.00098419189453,40.76191711425781,572.08,3485,3485,3535.0499999999997,4107.13,50.04999999999973,3.410605131648481e-13,1.0000000000000007
25971,-73.97975158691406,40.75944900512695,-73.98744201660156,40.78061294555664,695.17,3485,3485,3522.44,4264.86,37.440000000000055,47.24999999999966,1.0679689860034232
25972,-73.99266815185547,40.74300384521485,-73.99105834960938,40.748817443847656,237.42,3485,3485,-1.0,-1.0,-1,-1,0.0
25973,-73.99897766113281,40.7400016784668,-73.99673461914062,40.72531509399415,480.64,3485,3485,-1.0,-1.0,-1,-1,0.0
25974,-73.9948959350586,40.75278854370117,-73.95220947265625,40.77694320678711,1288.31,3485,3485,-1.0,-1.0,-1,-1,0.0
25975,-73.99213409423827,40.741035461425774,-73.9508285522461,40.7699089050293,1084.88,3485,3485,-1.0,-1.0,-1,-1,0.0
25976,-73.96429443359375,40.76477813720703,-73.97628784179686,40.78064346313477,605.78,3485,3485,-1.0,-1.0,-1,-1,0.0
25977,-73.96260070800781,40.7674560546875,-73.95487213134766,40.77423095703125,200.53,3485,3485,3579.62,3780.15,94.61999999999989,1.9895196601282805e-13,1.0000000000000009
25978,-73.99082946777342,40.73424530029297,-73.98673248291014,40.71959686279297,609.57,3485,3485,3596.88,4206.45,111.88000000000011,-3.410605131648481e-13,0.9999999999999994
25979,-73.96656036376955,40.77322769165039,-73.98123931884766,40.773841857910156,357.28,3485,3485,3623.67,3980.95,138.67000000000007,-2.2737367544323206e-13,0.9999999999999993
25980,-73.96939849853516,40.76103973388672,-73.96793365478516,40.8002815246582,1006.6,3485,3485,-1.0,-1.0,-1,-1,0.0
25981,-74.0096435546875,40.70370864868164,-73.96772003173827,40.79882049560547,1684.53,3485,3485,-1.0,-1.0,-1,-1,0.0
25982,-74.00148010253906,40.746803283691406,-74.0099105834961,40.717323303222656,729.15,3485,3485,3527.29,4285.99,42.289999999999964,29.54999999999984,1.040526640608928
25983,-73.98853302001955,40.72257995605469,-73.9740676879883,40.75926971435547,948.29,3486,3486,3883.95,4832.24,397.9499999999998,0.0,1.0
25984,-73.97911071777342,40.77169799804688,-73.97024536132812,40.76803588867188,205.0,3486,3486,3535.54,3740.54,49.539999999999964,0.0,1.0
25985,-73.98724365234375,40.75059127807617,-73.9908905029297,40.73461151123047,484.67,3486,3486,3528.0,4012.67,42.0,5.684341886080802e-14,1.0000000000000002
25986,-73.9986801147461,40.74020767211913,-73.9773178100586,40.743648529052734,633.62,3486,3486,-1.0,-1.0,-1,-1,0.0
25987,-73.98627471923827,40.734535217285156,-74.00678253173827,40.7201042175293,725.27,3486,3486,3527.5299999999997,4290.94,41.529999999999745,38.13999999999987,1.052587312311277
25988,-73.97941589355469,40.7667236328125,-73.99160766601562,40.770240783691406,348.3,3486,3486,-1.0,-1.0,-1,-1,0.0
25989,-73.99275207519531,40.73013687133789,-74.00847625732422,40.71517181396485,558.47,3486,3486,-1.0,-1.0,-1,-1,0.0
25990,-73.99759674072266,40.756439208984375,-73.99000549316406,40.76702499389648,217.59,3486,3486,3538.65,3756.2400000000002,52.65000000000009,1.4210854715202004e-13,1.0000000000000007
25991,-73.98495483398438,40.746192932128906,-73.9876251220703,40.72698593139648,552.64,3487,3487,-1.0,-1.0,-1,-1,0.0
25992,-73.98111724853516,40.73749923706055,-73.99850463867188,40.7322654724121,452.11,3487,3487,3845.04,4297.15,358.03999999999996,-3.410605131648481e-13,0.9999999999999992
25993,-73.97747039794923,40.755027770996094,-73.96488189697266,40.75524139404297,408.79,3487,3487,-1.0,-1.0,-1,-1,0.0
25994,-73.97948455810547,40.760650634765625,-73.95168304443358,40.77191162109375,778.18,3487,3487,3543.3,4336.3,56.30000000000018,14.82000000000005,1.0190444370197127
25995,-74.01531219482422,40.71588897705078,-73.969482421875,40.80320739746094,1357.56,3487,3487,-1.0,-1.0,-1,-1,0.0
25996,-73.97879791259766,40.77759552001953,-73.98495483398438,40.76506042480469,385.15,3487,3487,3546.28,3931.43,59.2800000000002,-3.410605131648481e-13,0.9999999999999991
25997,-74.00340270996094,40.723987579345696,-73.98665618896483,40.75102996826172,634.06,3487,3487,-1.0,-1.0,-1,-1,0.0
25998,-73.9918212890625,40.725990295410156,-73.9958724975586,40.73208999633789,320.75,3488,3488,3559.75,3880.5,71.75,0.0,1.0
25999,-74.00293731689453,40.73106002807617,-73.98436737060547,40.724029541015625,594.75,3488,3488,-1.0,-1.0,-1,-1,0.0
26000,-73.99732971191406,40.757240295410156,-73.98343658447266,40.73003005981445,991.43,3488,3488,-1.0,-1.0,-1,-1,0.0
26001,-74.00970458984375,40.712650299072266,-73.99855041503906,40.76409149169922,902.76,3488,3488,-1.0,-1.0,-1,-1,0.0
26002,-74.00440216064453,40.70759963989258,-73.98794555664062,40.71630096435547,405.68,3488,3488,-1.0,-1.0,-1,-1,0.0
26003,-73.96937561035155,40.75895690917969,-73.98046875,40.78073120117188,808.45,3489,3489,-1.0,-1.0,-1,-1,0.0
26004,-73.99430084228516,40.75412368774415,-73.9920196533203,40.73350143432617,635.49,3489,3489,3535.08,4170.57,46.07999999999993,-2.2737367544323206e-13,0.9999999999999997
26005,-73.98509216308595,40.74484252929688,-73.97586059570312,40.74162292480469,392.09,3489,3489,-1.0,-1.0,-1,-1,0.0
26006,-73.9901351928711,40.75638198852539,-73.95218658447266,40.791465759277344,1042.58,3489,3489,3545.8,4588.38,56.80000000000018,0.0,1.0
26007,-73.9715118408203,40.7635154724121,-73.95328521728516,40.77679443359375,519.04,3489,3489,-1.0,-1.0,-1,-1,0.0
26008,-73.97071838378906,40.75260925292969,-73.98375701904298,40.743919372558594,407.03,3489,3489,-1.0,-1.0,-1,-1,0.0
26009,-73.99748992919923,40.76201629638672,-73.99068450927734,40.75817108154297,367.79,3489,3489,-1.0,-1.0,-1,-1,0.0
26010,-73.97789001464844,40.76328659057617,-73.98110961914062,40.77430725097656,378.19,3489,3489,3545.75,3923.94,56.75,5.684341886080802e-14,1.0000000000000002
26011,-73.98590087890625,40.74126052856445,-73.97882080078125,40.7505989074707,281.91,3490,3490,3540.02,3821.93,50.01999999999998,-1.7053025658242404e-13,0.9999999999999994
26012,-73.98202514648438,40.77788543701172,-73.97921752929686,40.767086029052734,369.93,3490,3490,-1.0,-1.0,-1,-1,0.0
26013,-73.98849487304686,40.743568420410156,-73.99610900878906,40.74259567260742,216.12,3490,3490,-1.0,-1.0,-1,-1,0.0
26014,-73.99384307861328,40.7319221496582,-74.0053482055664,40.74006652832031,415.47,3490,3490,-1.0,-1.0,-1,-1,0.0
26015,-74.0003890991211,40.727272033691406,-74.00553131103516,40.74011611938477,396.84,3490,3490,-1.0,-1.0,-1,-1,0.0
26016,-74.01089477539062,40.71025848388672,-73.98328399658203,40.71887588500977,839.29,3490,3490,-1.0,-1.0,-1,-1,0.0
26017,-73.97058868408203,40.758750915527344,-73.9603500366211,40.76961898803711,305.33,3490,3490,-1.0,-1.0,-1,-1,0.0
26018,-74.00588989257811,40.7401123046875,-73.98931121826173,40.74777603149415,534.46,3490,3490,3661.91,4196.37,171.90999999999985,0.0,1.0
26019,-73.99295043945312,40.768165588378906,-74.00495910644531,40.751556396484375,304.3,3490,3490,3544.68,3848.98,54.679999999999836,1.7053025658242404e-13,1.0000000000000007
26020,-73.98983001708984,40.77296829223633,-73.97502899169923,40.73553085327149,1239.86,3490,3490,3536.85,4776.71,46.84999999999991,2.2737367544323206e-13,1.0000000000000002
26021,-73.97720336914062,40.74988555908203,-73.98735809326173,40.73345184326172,397.04,3490,3490,3536.38,3933.42,46.38000000000011,-5.684341886080802e-14,0.9999999999999999
26022,-73.97887420654298,40.77211380004883,-73.96379089355469,40.803131103515625,584.33,3490,3490,3537.2599999999998,4149.54,47.25999999999976,27.95000000000016,1.0478325603682852
26023,-73.98827362060547,40.75413131713867,-74.00428009033203,40.72283172607422,723.52,3490,3490,-1.0,-1.0,-1,-1,0.0
26024,-73.99291229248048,40.74261093139648,-74.00495910644531,40.75136184692383,397.62,3491,3491,3525.94,3970.07,34.940000000000055,46.510000000000105,1.1169709773150247
26025,-74.00601959228516,40.74842834472656,-73.99009704589844,40.75715255737305,476.16,3491,3491,3558.03,4034.19,67.0300000000002,-1.7053025658242404e-13,0.9999999999999997
26026,-73.95410919189453,40.76631164550781,-73.96379852294923,40.76831817626953,317.21,3491,3491,3676.7,3993.91,185.69999999999982,5.684341886080802e-14,1.0000000000000002
26027,-73.96453857421875,40.76966857910156,-73.95327758789062,40.77265167236328,309.01,3491,3491,-1.0,-1.0,-1,-1,0.0
26028,-74.0018310546875,40.70943832397461,-74.00579071044923,40.71759033203125,357.75,3491,3491,-1.0,-1.0,-1,-1,0.0
26029,-73.9798583984375,40.770751953125,-73.96102142333984,40.778358459472656,493.25,3491,3491,3510.0,4003.25,19.0,0.0,1.0
26030,-73.95108795166014,40.77058029174805,-73.99470520019531,40.72582626342773,1176.82,3491,3491,3598.54,4775.36,107.53999999999996,-2.2737367544323206e-13,0.9999999999999998
26031,-73.97765350341797,40.7840232849121,-73.96127319335938,40.756614685058594,1060.56,3492,3492,-1.0,-1.0,-1,-1,0.0
26032,-73.97914123535155,40.762020111083984,-73.98802947998048,40.74357986450195,600.69,3492,3492,-1.0,-1.0,-1,-1,0.0
26033,-73.99296569824219,40.7341423034668,-73.98331451416014,40.73904418945313,353.28,3492,3492,-1.0,-1.0,-1,-1,0.0
26034,-74.00372314453125,40.74665069580078,-73.99080657958984,40.74075698852539,363.78,3492,3492,3657.05,4020.83,165.05000000000018,-2.2737367544323206e-13,0.9999999999999993
26035,-73.99176788330078,40.75498580932617,-73.98387145996094,40.76572036743164,273.1,3492,3492,3545.48,3818.58,53.48000000000002,-1.1368683772161603e-13,0.9999999999999996
26036,-73.98841857910156,40.750953674316406,-73.98707580566406,40.76069641113281,386.57,3492,3492,3544.38,3930.95,52.38000000000011,-2.8421709430404007e-13,0.9999999999999992
26037,-73.95722198486328,40.77444839477539,-73.95636749267578,40.78433227539063,269.99,3493,3493,3589.21,3859.2,96.21000000000004,-2.2737367544323206e-13,0.9999999999999991
26038,-73.9771957397461,40.75918960571289,-73.99246978759766,40.75075149536133,494.75,3493,3493,3517.32,4012.07,24.320000000000164,0.0,1.0
26039,-73.98330688476562,40.75568008422852,-73.99498748779298,40.744720458984375,418.36,3493,3493,3521.94,4023.14,28.940000000000055,82.8399999999998,1.1980112821493445
26040,-73.9700698852539,40.759780883789055,-73.989013671875,40.75687789916992,689.35,3493,3493,-1.0,-1.0,-1,-1,0.0
26041,-73.9759063720703,40.76359176635742,-73.97222900390625,40.756919860839844,385.58,3493,3493,-1.0,-1.0,-1,-1,0.0
26042,-73.96456909179686,40.7700309753418,-73.99078369140625,40.72433090209961,1174.32,3493,3493,-1.0,-1.0,-1,-1,0.0
26043,-73.9545669555664,40.77391052246094,-73.97541046142578,40.752220153808594,769.63,3493,3493,3516.0,4290.15,23.0,4.519999999999641,1.0058729519379437
26044,-74.01483917236328,40.7095832824707,-74.00953674316406,40.71980667114258,269.61,3493,3493,-1.0,-1.0,-1,-1,0.0
26045,-74.00325775146483,40.74972534179688,-73.99895477294923,40.74230575561523,271.06,3494,3494,-1.0,-1.0,-1,-1,0.0
26046,-73.9630126953125,40.77824020385742,-73.95771789550781,40.81129837036133,748.95,3494,3494,-1.0,-1.0,-1,-1,0.0
26047,-73.9574966430664,40.77254867553711,-73.9552001953125,40.78422164916992,275.52,3494,3494,3521.5899999999997,3874.98,27.58999999999969,77.87000000000035,1.2826292102206749
26048,-73.98893737792969,40.74545669555664,-73.95771026611328,40.76949691772461,990.29,3494,3494,3522.37,4547.05,28.36999999999989,34.39000000000033,1.0347272011229036
26049,-73.9888916015625,40.7447509765625,-74.004638671875,40.72903060913085,503.07,3495,3495,-1.0,-1.0,-1,-1,0.0
26050,-73.98038482666014,40.78358840942383,-73.9822998046875,40.76909255981445,365.68,3495,3495,-1.0,-1.0,-1,-1,0.0
26051,-74.00619506835938,40.7120475769043,-73.95063781738281,40.77833938598633,1537.09,3495,3495,-1.0,-1.0,-1,-1,0.0
26052,-73.97637939453125,40.78111267089844,-73.9496078491211,40.77792739868164,686.58,3495,3495,3544.38,4230.96,49.38000000000011,-1.1368683772161603e-13,0.9999999999999999
26053,-73.95220184326173,40.77307891845703,-73.9543228149414,40.78650665283203,396.16,3495,3495,3540.08,3976.82,45.07999999999993,40.58000000000021,1.102433360258482
26054,-73.97561645507811,40.75920867919922,-73.95962524414062,40.77935028076172,439.36,3496,3496,-1.0,-1.0,-1,-1,0.0
26055,-73.9929962158203,40.73022079467773,-73.98993682861328,40.72325134277344,315.37,3496,3496,-1.0,-1.0,-1,-1,0.0
26056,-73.96488189697266,40.75965881347656,-73.98223876953125,40.748939514160156,625.84,3496,3496,3512.98,4138.82,16.980000000000018,-3.410605131648481e-13,0.9999999999999994
26057,-74.0147705078125,40.70970153808594,-74.00607299804686,40.7398567199707,572.38,3496,3496,3664.1,4236.48,168.0999999999999,-3.410605131648481e-13,0.9999999999999994
26058,-73.97845458984375,40.7537498474121,-73.9826889038086,40.761756896972656,390.71,3496,3496,3530.93,3921.64,34.929999999999836,5.684341886080802e-14,1.0000000000000002
26059,-73.98426055908203,40.74023818969727,-73.9769287109375,40.718238830566406,482.15,3496,3496,3542.21,4024.36,46.210000000000036,1.1368683772161603e-13,1.0000000000000002
26060,-73.98468017578125,40.742691040039055,-74.0033950805664,40.73266220092773,543.41,3497,3497,3513.16,4056.57,16.159999999999854,3.410605131648481e-13,1.0000000000000007
26061,-73.99883270263672,40.718528747558594,-74.00318145751955,40.73427963256836,625.34,3497,3497,3689.96,4315.3,192.96000000000004,1.1368683772161603e-13,1.0000000000000002
26062,-73.97975158691406,40.76348114013672,-73.97908782958984,40.720211029052734,1284.68,3497,3497,-1.0,-1.0,-1,-1,0.0
26063,-73.9832992553711,40.75026321411133,-74.00814819335938,40.73481369018555,698.08,3497,3497,-1.0,-1.0,-1,-1,0.0
26064,-74.0080795288086,40.72332000732422,-73.97075653076173,40.79417037963867,1209.32,3497,3497,-1.0,-1.0,-1,-1,0.0
26065,-73.97722625732422,40.75258255004883,-73.9875259399414,40.76202774047852,520.48,3497,3497,3519.56,4040.04,22.559999999999945,0.0,1.0
26066,-74.00440216064453,40.74184799194336,-74.00442504882812,40.75237274169922,338.3,3498,3498,3510.0,3848.3,12.0,1.7053025658242404e-13,1.0000000000000004
26067,-73.97219085693358,40.75389862060547,-73.96022033691406,40.77037048339844,382.24,3498,3498,-1.0,-1.0,-1,-1,0.0
26068,-73.99889373779298,40.75500106811523,-73.98133087158203,40.78668975830078,646.49,3498,3498,3547.41,4198.03,49.409999999999854,4.129999999999882,1.0063883432071647
26069,-73.98780059814453,40.72844696044922,-73.989990234375,40.72008895874024,289.41,3498,3498,3527.52,3816.93,29.519999999999982,-1.7053025658242404e-13,0.9999999999999994
26070,-73.98910522460938,40.74833679199219,-73.97998046875,40.781063079833984,867.85,3498,3498,-1.0,-1.0,-1,-1,0.0
26071,-73.97891998291014,40.76202392578125,-73.9834442138672,40.75166320800781,437.64,3498,3498,-1.0,-1.0,-1,-1,0.0
26072,-73.98859405517578,40.736328125,-73.94916534423827,40.782020568847656,1099.29,3498,3498,-1.0,-1.0,-1,-1,0.0
26073,-73.98355102539062,40.74392318725585,-73.99358367919923,40.72108459472656,683.48,3498,3498,-1.0,-1.0,-1,-1,0.0
26074,-74.005126953125,40.70757675170898,-74.0025863647461,40.72910690307617,628.49,3498,3498,-1.0,-1.0,-1,-1,0.0
26075,-74.01300811767578,40.71556854248047,-74.00281524658203,40.7604866027832,731.06,3499,3499,-1.0,-1.0,-1,-1,0.0
26076,-73.97077941894531,40.79408264160156,-73.95712280273438,40.77064514160156,735.41,3499,3499,3633.78,4369.19,134.7800000000002,-5.684341886080801e-13,0.9999999999999992
26077,-73.97936248779298,40.751609802246094,-73.95301055908203,40.782878875732415,818.52,3499,3499,3551.2599999999998,4369.78,52.25999999999976,0.0,1.0
26078,-73.95914459228516,40.78059387207031,-73.9916763305664,40.77447128295898,733.43,3499,3499,3749.2,4482.63,250.19999999999982,3.410605131648481e-13,1.0000000000000004
26079,-73.98532104492188,40.75843048095703,-73.98847961425781,40.7664909362793,372.5,3499,3499,-1.0,-1.0,-1,-1,0.0
26080,-73.98887634277344,40.72689056396485,-73.97722625732422,40.75215148925781,716.83,3500,3500,3601.57,4318.53,101.57000000000016,0.1299999999995407,1.0001813540169908
26081,-73.99123382568358,40.750301361083984,-74.00484466552734,40.72962188720703,411.82,3500,3500,3558.2,3970.02,58.19999999999982,1.7053025658242404e-13,1.0000000000000004
26082,-73.98099517822266,40.76429748535156,-73.99114227294923,40.75071334838867,462.7,3500,3500,-1.0,-1.0,-1,-1,0.0
26083,-73.95542907714845,40.779563903808594,-73.97010040283203,40.78911590576172,433.29,3500,3500,3536.1100000000006,4041.890000000001,36.11000000000058,72.49000000000018,1.1673013455191676
26084,-73.98436737060547,40.737060546875,-73.97698211669923,40.76105880737305,827.4,3500,3500,3797.79,4625.19,297.78999999999996,-3.410605131648481e-13,0.9999999999999996
26085,-73.96123504638672,40.761627197265625,-73.98725891113281,40.72227478027344,787.68,3500,3500,3596.74,4384.42,96.73999999999978,3.410605131648481e-13,1.0000000000000004
26086,-73.95520782470702,40.764156341552734,-73.98493194580078,40.756507873535156,1045.62,3501,3501,-1.0,-1.0,-1,-1,0.0
26087,-73.98302459716798,40.750694274902344,-73.98622131347656,40.7306022644043,552.2,3501,3501,-1.0,-1.0,-1,-1,0.0
26088,-73.97895812988281,40.75251007080078,-73.99727630615234,40.73751831054688,502.31,3501,3501,-1.0,-1.0,-1,-1,0.0
26089,-73.97930145263672,40.77265167236328,-73.97339630126955,40.78268051147461,272.68,3501,3501,3516.94,3871.27,15.940000000000055,81.64999999999992,1.2994352354408094
26090,-73.97157287597656,40.75815200805664,-73.99253845214845,40.7285041809082,803.73,3501,3501,-1.0,-1.0,-1,-1,0.0
26091,-74.00981903076173,40.72134780883789,-73.96762084960938,40.75608444213867,1268.16,3501,3501,3598.0,4866.16,97.0,-2.2737367544323206e-13,0.9999999999999998
26092,-73.97342681884766,40.75941848754883,-73.97242736816406,40.7435302734375,615.81,3501,3501,-1.0,-1.0,-1,-1,0.0
26093,-74.00008392333984,40.76153945922852,-73.99749755859375,40.72148513793945,1191.31,3501,3501,-1.0,-1.0,-1,-1,0.0
26094,-74.00736999511719,40.74597549438477,-73.9926223754883,40.76327133178711,447.3,3501,3501,3510.0,3957.2999999999997,9.0,-2.8421709430404007e-13,0.9999999999999993
26095,-73.96495056152342,40.7642822265625,-73.97017669677734,40.761245727539055,242.3,3502,3502,3552.39,3794.69,50.38999999999987,1.7053025658242404e-13,1.0000000000000007
26096,-73.993408203125,40.73614501953125,-73.97775268554686,40.78915786743164,1277.94,3502,3502,3611.59,4889.53,109.59000000000015,-4.547473508864641e-13,0.9999999999999997
26097,-73.99660491943358,40.7256965637207,-73.97281646728516,40.7551155090332,927.74,3502,3502,-1.0,-1.0,-1,-1,0.0
26098,-73.98759460449219,40.74153518676758,-73.97472381591797,40.749595642089844,427.7,3502,3502,3531.58,3959.2799999999997,29.579999999999927,-1.7053025658242404e-13,0.9999999999999996
26099,-73.98302459716798,40.74458312988281,-73.97827911376955,40.751258850097656,208.41,3502,3502,3539.8199999999997,3748.23,37.81999999999971,3.126388037344441e-13,1.0000000000000016
26100,-73.97521209716798,40.7613525390625,-73.98540496826173,40.75680923461913,409.16,3502,3502,-1.0,-1.0,-1,-1,0.0
26101,-73.99129486083984,40.755287170410156,-73.99633026123048,40.76342391967773,393.39,3502,3502,3554.17,3947.56,52.17000000000007,-1.1368683772161603e-13,0.9999999999999997
26102,-73.99116516113281,40.739570617675774,-74.00713348388672,40.742488861083984,452.54,3502,3502,3546.7400000000002,3999.28,44.74000000000024,-5.684341886080802e-14,0.9999999999999999
26103,-73.96954345703125,40.78496170043945,-73.9556884765625,40.76396179199219,744.81,3502,3502,3528.57,4318.84,26.570000000000164,45.460000000000036,1.0610357003799626
26104,-73.99896240234375,40.73440170288085,-73.99504089355469,40.74525833129883,312.87,3502,3502,3518.74,3831.61,16.73999999999978,3.410605131648481e-13,1.000000000000001
26105,-74.00754547119139,40.74090576171875,-73.98798370361328,40.7336311340332,612.7,3503,3503,3518.07,4165.88,15.070000000000164,35.1099999999999,1.0573037375550838
26106,-73.9759521484375,40.75475311279297,-73.9583511352539,40.77462387084961,592.53,3503,3503,-1.0,-1.0,-1,-1,0.0
26107,-73.96721649169923,40.76054763793945,-73.94961547851562,40.78466033935547,417.08,3503,3503,3520.03,3937.11,17.0300000000002,-5.684341886080802e-14,0.9999999999999999
26108,-73.9944610595703,40.75607681274415,-73.95459747314453,40.77818298339844,1138.22,3503,3503,-1.0,-1.0,-1,-1,0.0
26109,-73.96148681640625,40.777339935302734,-73.97693634033203,40.75497055053711,776.58,3503,3503,-1.0,-1.0,-1,-1,0.0
26110,-74.00700378417969,40.716064453125,-73.9793243408203,40.75232315063477,978.47,3504,3504,-1.0,-1.0,-1,-1,0.0
26111,-73.99618530273438,40.71635437011719,-74.00420379638672,40.70766830444336,260.71,3504,3504,3549.25,3809.96,45.25,5.684341886080802e-14,1.0000000000000002
26112,-73.98760986328125,40.744239807128906,-74.00315856933594,40.735084533691406,415.86,3504,3504,-1.0,-1.0,-1,-1,0.0
26113,-73.9650650024414,40.75540542602539,-73.95364379882812,40.78226852416992,592.89,3504,3504,3517.87,4168.01,13.86999999999989,57.25000000000034,1.096560913491542
26114,-73.98114776611328,40.76910018920898,-73.95877838134766,40.77786636352539,609.81,3504,3504,3547.46,4157.27,43.460000000000036,4.547473508864641e-13,1.0000000000000007
26115,-73.98379516601562,40.76545333862305,-73.95408630371094,40.77864456176758,786.79,3504,3504,3535.12,4321.91,31.11999999999989,0.0,1.0
26116,-73.97906494140625,40.76157760620117,-73.98281860351562,40.78216171264648,669.32,3504,3504,-1.0,-1.0,-1,-1,0.0
26117,-73.97019958496094,40.76488876342773,-73.96134185791014,40.7649803161621,348.42,3504,3504,-1.0,-1.0,-1,-1,0.0
26118,-73.99617004394531,40.74190139770508,-73.98226928710938,40.75899124145508,545.46,3504,3504,-1.0,-1.0,-1,-1,0.0
26119,-74.00003814697266,40.75488662719727,-73.9918441772461,40.72634887695313,993.78,3505,3505,-1.0,-1.0,-1,-1,0.0
26120,-73.96160125732422,40.76518249511719,-73.95363616943358,40.77526473999024,313.81,3505,3505,3526.48,3840.29,21.480000000000018,-5.684341886080802e-14,0.9999999999999998
26121,-73.99771118164062,40.730018615722656,-73.99009704589844,40.72953796386719,229.0,3505,3505,-1.0,-1.0,-1,-1,0.0
26122,-73.97171020507811,40.75071334838867,-73.97720336914062,40.754371643066406,285.5,3505,3505,-1.0,-1.0,-1,-1,0.0
26123,-73.9771499633789,40.75167465209961,-73.99094390869139,40.75041580200195,484.54,3505,3505,-1.0,-1.0,-1,-1,0.0
26124,-73.99150085449219,40.75555038452149,-73.98473358154298,40.728851318359375,1024.37,3505,3505,3551.67,4636.45,46.67000000000007,60.409999999999854,1.0589728320821576
26125,-73.97381591796875,40.74809646606445,-73.99100494384766,40.7658576965332,983.55,3505,3505,-1.0,-1.0,-1,-1,0.0
26126,-73.97042083740234,40.761627197265625,-73.97767639160156,40.78298568725585,702.74,3506,3506,-1.0,-1.0,-1,-1,0.0
26127,-74.00125885009766,40.73639297485352,-73.99463653564453,40.726959228515625,421.08,3506,3506,3532.37,3953.4500000000003,26.36999999999989,3.979039320256561e-13,1.0000000000000009
26128,-73.9884033203125,40.73716735839844,-74.01641845703125,40.716663360595696,906.23,3506,3506,-1.0,-1.0,-1,-1,0.0
26129,-73.99026489257811,40.7292366027832,-73.99120330810547,40.71804809570313,436.8,3506,3506,3563.55,4000.35,57.55000000000018,-2.8421709430404007e-13,0.9999999999999993
26130,-74.00474548339844,40.70699691772461,-73.99642944335938,40.720420837402344,451.18,3507,3507,-1.0,-1.0,-1,-1,0.0
26131,-73.99026489257811,40.75762939453125,-73.97078704833984,40.7486686706543,690.12,3507,3507,-1.0,-1.0,-1,-1,0.0
26132,-73.97187042236328,40.7574348449707,-73.94956970214845,40.79456329345703,849.25,3507,3507,-1.0,-1.0,-1,-1,0.0
26133,-73.97276306152342,40.76313781738281,-73.96832275390625,40.75505447387695,367.35,3507,3507,-1.0,-1.0,-1,-1,0.0
26134,-73.97510528564453,40.75552749633789,-73.96194458007811,40.759613037109375,407.53,3507,3507,-1.0,-1.0,-1,-1,0.0
26135,-73.9856185913086,40.76360702514648,-73.98780822753906,40.72858810424805,1190.45,3507,3507,3655.21,4845.66,148.21000000000004,-2.2737367544323206e-13,0.9999999999999998
26136,-74.00296020507811,40.76025390625,-73.97885131835938,40.762779235839844,737.11,3508,3508,3540.8,4277.91,32.80000000000018,-3.410605131648481e-13,0.9999999999999996
26137,-73.96675109863281,40.75745010375977,-73.97913360595702,40.74020385742188,361.05,3508,3508,3530.43,3891.48,22.429999999999836,1.7053025658242404e-13,1.0000000000000004
26138,-73.97013854980467,40.75960159301758,-73.98696899414062,40.75048065185547,625.89,3508,3508,-1.0,-1.0,-1,-1,0.0
26139,-73.9846420288086,40.74319076538085,-73.98126983642578,40.73807144165039,192.17,3508,3508,-1.0,-1.0,-1,-1,0.0
26140,-73.9789505004883,40.75599670410156,-73.98809051513672,40.74337387084961,279.93,3508,3508,3524.95,3804.88,16.949999999999818,2.8421709430404007e-13,1.000000000000001
26141,-73.96851348876955,40.7642707824707,-73.9559097290039,40.77265167236328,377.7,3508,3508,3512.06,3955.0099999999998,4.059999999999945,65.24999999999983,1.17275615567911
26142,-74.00646209716798,40.74483871459961,-73.9922866821289,40.74383163452149,322.42,3508,3508,3520.96,3843.38,12.960000000000036,5.684341886080802e-14,1.0000000000000002
26143,-74.0102005004883,40.72100830078125,-73.98915100097656,40.77716064453125,1048.11,3508,3508,-1.0,-1.0,-1,-1,0.0
26144,-73.96562194824219,40.75776290893555,-73.96908569335938,40.76411056518555,306.37,3509,3509,3558.21,3864.58,49.210000000000036,-1.1368683772161603e-13,0.9999999999999997
26145,-73.97807312011719,40.752288818359375,-74.00669860839844,40.75117111206055,778.83,3509,3509,-1.0,-1.0,-1,-1,0.0
26146,-73.9874038696289,40.768638610839844,-74.00779724121094,40.75165939331055,506.04,3509,3509,-1.0,-1.0,-1,-1,0.0
26147,-74.00439453125,40.75178146362305,-74.00594329833984,40.741153717041016,299.41,3509,3509,-1.0,-1.0,-1,-1,0.0
26148,-73.98296356201173,40.7308006286621,-73.97911071777342,40.753284454345696,648.38,3509,3509,3523.38,4171.76,14.38000000000011,1.1368683772161603e-13,1.0000000000000002
26149,-73.95106506347656,40.78571701049805,-73.98194122314453,40.7656135559082,951.42,3509,3509,3666.03,4617.45,157.0300000000002,-3.410605131648481e-13,0.9999999999999997
26150,-73.97654724121094,40.75173568725585,-73.9844741821289,40.73625564575195,333.91,3509,3509,3565.79,3899.7,56.789999999999964,-1.7053025658242404e-13,0.9999999999999994
26151,-74.00457763671875,40.730262756347656,-73.98706817626955,40.73368453979492,537.66,3510,3510,3552.99,4106.99,42.98999999999978,16.340000000000032,1.0303909533906186
26152,-73.96049499511719,40.76164627075195,-73.9547119140625,40.7733268737793,227.08,3510,3510,3551.98,3779.06,41.98000000000002,-8.526512829121202e-14,0.9999999999999997
26153,-73.99201202392578,40.74953842163085,-74.00151062011719,40.72373962402344,590.74,3510,3510,-1.0,-1.0,-1,-1,0.0
26154,-73.9820327758789,40.728126525878906,-73.98365783691406,40.73815155029297,348.44,3510,3510,3555.55,3903.9900000000002,45.55000000000018,5.684341886080802e-14,1.0000000000000002
26155,-73.99172210693358,40.75004196166992,-73.93310546875,40.798423767089844,1491.24,3510,3510,-1.0,-1.0,-1,-1,0.0
26156,-74.00753784179686,40.74103927612305,-73.97660064697266,40.75653076171875,999.53,3510,3510,3588.92,4588.45,78.92000000000007,-2.2737367544323206e-13,0.9999999999999998
26157,-73.97953033447266,40.78178405761719,-73.9739532470703,40.791858673095696,224.23,3511,3511,3547.98,3780.16,36.98000000000002,7.9499999999998465,1.0354546670829052
26158,-73.98199462890625,40.77811050415039,-73.98281860351562,40.772117614746094,197.77,3511,3511,3563.04,3760.81,52.039999999999964,-2.842170943040401e-14,0.9999999999999999
26159,-73.98738861083984,40.75656127929688,-73.99842071533203,40.7641716003418,418.42,3511,3511,3616.46,4034.88,105.46000000000004,5.684341886080802e-14,1.0000000000000002
26160,-73.96971893310547,40.7634162902832,-73.97722625732422,40.75525283813477,422.75,3511,3511,-1.0,-1.0,-1,-1,0.0
26161,-73.97236633300781,40.75342178344727,-73.99079132080078,40.750801086425774,650.79,3511,3511,-1.0,-1.0,-1,-1,0.0
26162,-73.9761734008789,40.73760223388672,-74.00249481201173,40.72878646850585,770.76,3512,3512,3547.33,4318.09,35.32999999999993,2.2737367544323206e-13,1.0000000000000002
26163,-74.0138168334961,40.71535873413085,-73.94475555419923,40.77941513061523,1462.59,3512,3512,3622.41,5085.0,110.40999999999985,2.2737367544323206e-13,1.0000000000000002
26164,-73.9728775024414,40.7619743347168,-73.95475006103516,40.77063751220703,511.08,3512,3512,-1.0,-1.0,-1,-1,0.0
26165,-73.981201171875,40.78193283081055,-73.99651336669923,40.74065780639648,1000.21,3512,3512,3571.89,4620.61,59.88999999999987,48.50999999999976,1.0484998150388416
26166,-73.98747253417969,40.74516677856445,-73.9788360595703,40.75672912597656,466.64,3512,3512,-1.0,-1.0,-1,-1,0.0
26167,-73.94815063476562,40.77888870239258,-73.9991683959961,40.73167037963867,1382.6,3512,3512,3557.23,5012.02,45.23000000000002,72.19000000000051,1.052213221466802
26168,-74.0111312866211,40.72912979125977,-74.01058959960938,40.71881103515625,244.39,3512,3512,-1.0,-1.0,-1,-1,0.0
26169,-73.95264434814453,40.76639938354492,-74.0029296875,40.74393844604492,1301.03,3513,3513,3730.96,5031.99,217.96000000000004,-2.2737367544323206e-13,0.9999999999999998
26170,-73.98005676269531,40.77064514160156,-73.99039459228516,40.75147247314453,706.53,3513,3513,-1.0,-1.0,-1,-1,0.0
26171,-73.96479797363281,40.764137268066406,-73.9850311279297,40.75118637084961,836.72,3513,3513,3552.39,4413.95,39.38999999999987,24.839999999999918,1.0296873506071325
26172,-73.99340057373048,40.75202178955078,-73.9884033203125,40.76401138305664,395.9,3513,3513,-1.0,-1.0,-1,-1,0.0
26173,-73.96922302246094,40.7675895690918,-73.96888732910156,40.79352951049805,610.6,3513,3513,-1.0,-1.0,-1,-1,0.0
26174,-74.0051498413086,40.72903060913085,-73.9914321899414,40.73326873779297,467.78,3514,3514,-1.0,-1.0,-1,-1,0.0
26175,-73.97599792480467,40.789714813232415,-73.96562957763672,40.75282287597656,1176.49,3514,3514,3672.54,4849.03,158.53999999999996,-2.2737367544323206e-13,0.9999999999999998
26176,-74.01335144042969,40.71464920043945,-74.00630187988281,40.740478515625,496.47,3514,3514,-1.0,-1.0,-1,-1,0.0
26177,-73.98715209960938,40.738868713378906,-73.97994995117188,40.74615097045898,286.42,3514,3514,-1.0,-1.0,-1,-1,0.0
26178,-73.97535705566406,40.75233840942383,-73.97968292236328,40.789894104003906,1183.27,3514,3514,-1.0,-1.0,-1,-1,0.0
26179,-73.99111938476562,40.75591278076172,-73.99302673339844,40.73899841308594,612.63,3514,3514,-1.0,-1.0,-1,-1,0.0
26180,-73.9974365234375,40.74242401123047,-74.00603485107422,40.74001693725585,320.2,3514,3514,3544.21,3887.46,30.210000000000036,23.05000000000001,1.0719862585883824
26181,-73.98722839355469,40.722633361816406,-74.00929260253906,40.70787811279297,799.77,3514,3514,3540.0,4339.7699999999995,26.0,-4.547473508864641e-13,0.9999999999999994
26182,-73.99128723144531,40.75643539428711,-73.98146820068358,40.75352096557617,368.49,3515,3515,3572.13,3940.62,57.13000000000011,-2.2737367544323206e-13,0.9999999999999993
26183,-74.00460052490234,40.742351531982415,-73.99819946289062,40.72407150268555,696.41,3515,3515,3558.38,4254.79,43.38000000000011,-1.1368683772161603e-13,0.9999999999999999
26184,-73.9900665283203,40.73703002929688,-73.98097229003906,40.775787353515625,1152.33,3515,3515,-1.0,-1.0,-1,-1,0.0
26185,-73.9842758178711,40.76177215576172,-73.9927749633789,40.76996994018555,422.05,3515,3515,-1.0,-1.0,-1,-1,0.0
26186,-73.96727752685547,40.78818130493164,-73.98207092285155,40.77318954467773,373.8,3515,3515,4088.19,4461.99,573.19,-2.8421709430404007e-13,0.9999999999999992
26187,-73.98953247070312,40.767890930175774,-73.9941864013672,40.7613410949707,323.76,3515,3515,-1.0,-1.0,-1,-1,0.0
26188,-73.95584106445312,40.77219009399415,-73.98136138916014,40.774429321289055,669.33,3515,3515,3547.13,4216.46,32.13000000000011,-1.1368683772161603e-13,0.9999999999999998
26189,-73.98536682128906,40.76346969604492,-73.9791259765625,40.78723907470703,601.74,3515,3515,-1.0,-1.0,-1,-1,0.0
26190,-73.96639251708984,40.762123107910156,-73.9676055908203,40.768909454345696,250.49,3515,3515,-1.0,-1.0,-1,-1,0.0
26191,-73.9989242553711,40.73434066772461,-73.98680877685547,40.75126647949219,420.11,3516,3516,3573.4200000000005,3993.53,57.42000000000053,-3.410605131648481e-13,0.9999999999999992
26192,-73.98170471191406,40.746578216552734,-73.950927734375,40.78285598754883,905.89,3516,3516,3540.34,4529.6,24.340000000000146,83.37000000000023,1.092031041296405
26193,-73.99176025390625,40.75012969970703,-74.0019989013672,40.7456283569336,262.12,3516,3516,-1.0,-1.0,-1,-1,0.0
26194,-73.96983337402342,40.76276397705078,-73.97622680664062,40.75700759887695,289.8,3516,3516,-1.0,-1.0,-1,-1,0.0
26195,-73.98960876464844,40.72057723999024,-74.00664520263672,40.70415115356445,617.49,3516,3516,-1.0,-1.0,-1,-1,0.0
26196,-74.0108871459961,40.71052169799805,-73.97571563720702,40.728431701660156,858.87,3516,3516,-1.0,-1.0,-1,-1,0.0
26197,-73.98619842529298,40.76723861694336,-73.96566772460938,40.80565643310547,759.57,3517,3517,-1.0,-1.0,-1,-1,0.0
26198,-73.98239135742188,40.7577018737793,-73.95008087158203,40.784027099609375,921.02,3517,3517,-1.0,-1.0,-1,-1,0.0
26199,-73.99768829345702,40.73615646362305,-73.99234771728516,40.74923706054688,403.17,3517,3517,3544.39,3947.56,27.389999999999873,5.684341886080802e-14,1.0000000000000002
26200,-73.98640441894531,40.74016952514648,-73.99434661865234,40.71963882446289,653.8,3517,3517,-1.0,-1.0,-1,-1,0.0
26201,-73.9597930908203,40.77370071411133,-73.9875717163086,40.76961898803711,784.79,3517,3517,3755.4,4540.19,238.4000000000001,-4.547473508864641e-13,0.9999999999999994
26202,-73.97459411621094,40.75613784790039,-73.98568725585938,40.73124313354492,618.11,3517,3517,-1.0,-1.0,-1,-1,0.0
26203,-73.97969055175781,40.75774002075195,-74.00554656982422,40.74840927124024,792.47,3517,3517,3564.32,4373.39,47.320000000000164,16.600000000000136,1.0209471651923734
26204,-73.98725891113281,40.75885772705078,-73.94711303710938,40.81683349609375,1252.07,3517,3517,-1.0,-1.0,-1,-1,0.0
26205,-73.97148895263672,40.76033020019531,-73.97074127197266,40.798431396484375,989.19,3518,3518,-1.0,-1.0,-1,-1,0.0
26206,-73.99759674072266,40.74644088745117,-73.98373413085938,40.74653625488281,470.38,3518,3518,-1.0,-1.0,-1,-1,0.0
26207,-73.98152923583984,40.780757904052734,-73.98226928710938,40.7706184387207,249.44,3518,3518,3552.79,3802.23,34.789999999999964,5.684341886080802e-14,1.0000000000000002
26208,-73.98336029052734,40.73473358154297,-74.00332641601562,40.75645446777344,963.32,3518,3518,3573.04,4597.8,55.039999999999964,61.44000000000017,1.0637794294730725
26209,-73.99224090576173,40.74382019042969,-74.0053482055664,40.740989685058594,377.79,3518,3518,-1.0,-1.0,-1,-1,0.0
26210,-73.97706604003906,40.758506774902344,-73.9913101196289,40.75207138061523,438.54,3518,3518,3559.34,4074.79,41.340000000000146,76.9099999999998,1.1753773886076522
26211,-74.00131225585938,40.72277069091797,-73.9801025390625,40.76742935180664,1181.08,3518,3518,-1.0,-1.0,-1,-1,0.0
26212,-74.00856018066406,40.71376037597656,-73.98977661132812,40.7178955078125,694.17,3518,3518,3652.17,4346.34,134.17000000000007,1.1368683772161603e-13,1.0000000000000002
26213,-74.00749969482422,40.74099731445313,-73.99103546142578,40.72781753540039,736.61,3519,3519,3688.54,4425.15,169.53999999999996,-3.410605131648481e-13,0.9999999999999996
26214,-73.98612976074219,40.74997329711913,-73.95845794677734,40.76235961914063,875.05,3519,3519,3542.1,4472.83,23.09999999999991,55.680000000000064,1.0636306496771615
26215,-73.97821807861328,40.72506332397461,-73.97969055175781,40.73572158813477,265.17,3519,3519,3618.2,3883.37,99.19999999999982,5.684341886080802e-14,1.0000000000000002
26216,-73.9908447265625,40.75657653808594,-73.99581909179686,40.76428985595703,341.39,3519,3519,3554.39,3895.78,35.38999999999987,3.410605131648481e-13,1.0000000000000009
26217,-73.99243927001955,40.72478103637695,-73.97708892822266,40.726409912109375,437.92,3519,3519,3703.16,4141.08,184.15999999999985,5.684341886080802e-14,1.0000000000000002
26218,-73.99101257324219,40.72787857055664,-73.96761322021484,40.7559814453125,719.13,3519,3519,3553.81,4272.94,34.809999999999945,-3.410605131648481e-13,0.9999999999999996
26219,-73.99761962890625,40.7361717224121,-73.96983337402342,40.79888153076172,1285.48,3520,3520,3571.94,4857.42,51.940000000000055,0.0,1.0
26220,-73.96914672851562,40.76665878295898,-73.96750640869139,40.75260925292969,577.64,3520,3520,-1.0,-1.0,-1,-1,0.0
26221,-73.95846557617188,40.76868438720703,-73.97140502929686,40.750633239746094,506.72,3520,3520,3911.5,4418.22,391.5,2.2737367544323206e-13,1.0000000000000004
26222,-73.97415161132812,40.75400161743164,-73.96890258789062,40.76438903808594,385.11,3520,3520,-1.0,-1.0,-1,-1,0.0
26223,-73.99574279785155,40.72488021850585,-73.99053192138672,40.745132446289055,532.72,3520,3520,-1.0,-1.0,-1,-1,0.0
26224,-74.00588989257811,40.735931396484375,-73.99525451660156,40.74307632446289,257.37,3520,3520,3701.47,3958.84,181.4699999999998,3.410605131648481e-13,1.0000000000000013
26225,-73.97588348388672,40.78908920288085,-73.98223876953125,40.77322769165039,354.34,3520,3520,3568.68,3923.02,48.679999999999836,1.7053025658242404e-13,1.0000000000000004
26226,-73.95578002929686,40.7763671875,-73.96590423583984,40.765235900878906,391.15,3520,3520,3635.83,4026.98,115.82999999999993,1.1368683772161603e-13,1.0000000000000002
26227,-73.99736022949219,40.736778259277344,-74.01033020019531,40.71889877319336,518.78,3520,3520,3562.36,4081.1400000000003,42.36000000000013,2.2737367544323206e-13,1.0000000000000004
26228,-73.98052215576173,40.73762512207031,-73.98775482177734,40.73749542236328,197.37,3521,3521,3577.75,3775.12,56.75,-1.1368683772161603e-13,0.9999999999999994
26229,-73.94875335693358,40.7765998840332,-73.96546173095702,40.7589111328125,562.14,3521,3521,3542.79,4104.93,21.789999999999964,3.410605131648481e-13,1.0000000000000007
26230,-73.98462677001955,40.73688125610352,-73.98326110839844,40.73049926757813,251.66,3521,3521,3848.67,4100.33,327.6700000000001,-1.4210854715202004e-13,0.9999999999999994
26231,-74.00760650634766,40.74108123779297,-73.9996795654297,40.73279190063477,473.2,3521,3521,-1.0,-1.0,-1,-1,0.0
26232,-73.98710632324219,40.73903274536133,-73.95831298828125,40.77288818359375,930.85,3521,3521,-1.0,-1.0,-1,-1,0.0
26233,-73.9622573852539,40.8022689819336,-73.94522857666014,40.79182052612305,486.59,3521,3521,3758.5,4245.09,237.5,1.7053025658242404e-13,1.0000000000000004
26234,-74.0101547241211,40.72087860107422,-73.98597717285155,40.72233581542969,832.93,3521,3521,3549.36,4382.29,28.360000000000127,-1.1368683772161603e-13,0.9999999999999999
26235,-73.95905303955078,40.78110122680664,-73.97247314453125,40.75783920288085,686.74,3521,3521,3640.54,4327.28,119.53999999999996,-2.2737367544323206e-13,0.9999999999999997
26236,-73.98238372802734,40.75711441040039,-73.9568099975586,40.783592224121094,766.47,3522,3522,-1.0,-1.0,-1,-1,0.0
26237,-74.00856018066406,40.7058982849121,-73.95862579345702,40.778175354003906,1377.1,3522,3522,-1.0,-1.0,-1,-1,0.0
26238,-74.0028305053711,40.73928833007813,-74.00801086425781,40.75008010864258,382.41,3522,3522,3568.79,3951.2,46.789999999999964,-1.7053025658242404e-13,0.9999999999999996
26239,-73.97127532958984,40.795204162597656,-73.96390533447266,40.8078727722168,215.48,3522,3522,3576.0,3791.48,54.0,2.842170943040401e-14,1.0000000000000002
26240,-73.99552154541014,40.76450729370117,-73.98432159423827,40.759578704833984,358.66,3522,3522,3544.7599999999998,3903.42,22.759999999999764,2.8421709430404007e-13,1.0000000000000009
26241,-73.9906005859375,40.75109100341797,-73.96517944335938,40.772220611572266,885.73,3522,3522,-1.0,-1.0,-1,-1,0.0
26242,-73.95092010498048,40.779163360595696,-73.95822143554686,40.778076171875,243.16,3522,3522,3540.0,3783.16,18.0,-1.4210854715202004e-13,0.9999999999999994
26243,-73.9615478515625,40.76900100708008,-73.96340942382812,40.77756118774415,335.04,3522,3522,3628.17,3963.21,106.17000000000007,-5.684341886080802e-14,0.9999999999999998
26244,-73.9843521118164,40.75979995727539,-73.97582244873048,40.751461029052734,515.16,3523,3523,-1.0,-1.0,-1,-1,0.0
26245,-73.97496032714845,40.75642013549805,-73.98230743408203,40.7409553527832,426.2,3523,3523,-1.0,-1.0,-1,-1,0.0
26246,-73.99394989013672,40.746559143066406,-73.98046875,40.73841094970703,453.36,3523,3523,3544.85,4073.31,21.84999999999991,75.10000000000002,1.165652020469384
26247,-73.98993682861328,40.75706100463867,-73.9532241821289,40.78350067138672,1016.04,3523,3523,-1.0,-1.0,-1,-1,0.0
26248,-73.9913558959961,40.75040817260742,-74.00370025634766,40.72121810913085,631.39,3523,3523,3564.58,4195.97,41.57999999999993,3.410605131648481e-13,1.0000000000000004
26249,-73.98747253417969,40.75035095214844,-73.97707366943358,40.763919830322266,384.43,3523,3523,3549.45,3933.88,26.449999999999818,2.8421709430404007e-13,1.0000000000000007
26250,-73.96672058105469,40.79404830932617,-73.94112396240234,40.81267166137695,679.12,3524,3524,3770.37,4449.49,246.3699999999999,-1.1368683772161603e-13,0.9999999999999998
26251,-74.00491333007811,40.715980529785156,-74.00702667236328,40.70397186279297,429.94,3524,3524,-1.0,-1.0,-1,-1,0.0
26252,-73.98328399658203,40.76604843139648,-73.96884155273438,40.80176162719727,707.62,3524,3524,-1.0,-1.0,-1,-1,0.0
26253,-73.9937973022461,40.72375106811523,-73.9618911743164,40.76297378540039,954.3,3524,3524,3572.0800000000004,4578.88,48.08000000000038,52.49999999999977,1.0550141464948126
26254,-73.98568725585938,40.763389587402344,-73.9880599975586,40.75551986694336,393.83,3524,3524,3568.27,3962.1,44.26999999999998,-5.684341886080802e-14,0.9999999999999999
26255,-74.00930786132812,40.713844299316406,-73.99024200439453,40.74602127075195,661.78,3525,3525,-1.0,-1.0,-1,-1,0.0
26256,-73.98560333251955,40.76808547973633,-73.99662780761719,40.763343811035156,273.55,3525,3525,-1.0,-1.0,-1,-1,0.0
26257,-73.97281646728516,40.76117706298828,-73.97467803955078,40.7529182434082,312.97,3525,3525,-1.0,-1.0,-1,-1,0.0
26258,-73.99923706054686,40.734222412109375,-73.9797592163086,40.72837448120117,576.62,3525,3525,3577.36,4199.7699999999995,52.36000000000013,45.789999999999395,1.0794110506052503
26259,-74.01282501220702,40.71539306640625,-74.0061798095703,40.734710693359375,384.24,3525,3525,-1.0,-1.0,-1,-1,0.0
26260,-73.97083282470702,40.75164031982422,-73.96539306640625,40.76013946533203,387.1,3525,3525,-1.0,-1.0,-1,-1,0.0
26261,-74.01163482666014,40.707916259765625,-73.99798583984375,40.736003875732415,744.23,3526,3526,-1.0,-1.0,-1,-1,0.0
26262,-73.97968292236328,40.77107620239258,-73.96199035644531,40.7678108215332,471.53,3526,3526,-1.0,-1.0,-1,-1,0.0
26263,-74.0159454345703,40.7154426574707,-74.00218200683594,40.72942733764648,475.91,3526,3526,-1.0,-1.0,-1,-1,0.0
26264,-73.95780944824219,40.77278900146485,-73.97136688232422,40.760475158691406,559.58,3526,3526,3565.3599999999997,4124.94,39.35999999999967,-1.1368683772161603e-13,0.9999999999999998
26265,-73.97067260742188,40.788822174072266,-73.97062683105469,40.795936584472656,190.83,3526,3526,3574.5,3765.33,48.5,-8.526512829121202e-14,0.9999999999999996
26266,-73.98306274414062,40.74800109863281,-73.94658660888672,40.78048706054688,930.34,3526,3526,-1.0,-1.0,-1,-1,0.0
26267,-73.9913330078125,40.73981094360352,-73.99388122558594,40.73278045654297,185.46,3526,3526,-1.0,-1.0,-1,-1,0.0
26268,-73.99287414550781,40.75293731689453,-73.99250030517578,40.742759704589844,399.86,3527,3527,-1.0,-1.0,-1,-1,0.0
26269,-73.97230529785155,40.75828552246094,-74.00777435302734,40.70488357543945,1135.56,3527,3527,-1.0,-1.0,-1,-1,0.0
26270,-73.96183776855469,40.77970886230469,-73.97952270507811,40.776329040527344,396.45,3527,3527,3647.13,4043.58,120.13000000000011,-1.7053025658242404e-13,0.9999999999999996
26271,-73.97870635986328,40.76417922973633,-73.97595977783203,40.7574577331543,362.17,3527,3527,-1.0,-1.0,-1,-1,0.0
26272,-74.00635528564453,40.73444366455078,-73.96976470947266,40.80130386352539,1188.78,3527,3527,3694.5099999999998,4883.29,167.50999999999976,2.2737367544323206e-13,1.0000000000000002
26273,-73.97744750976562,40.76025390625,-73.98487091064453,40.76013565063477,313.99,3527,3527,-1.0,-1.0,-1,-1,0.0
26274,-73.97218322753906,40.750282287597656,-73.98397064208984,40.73765563964844,323.21,3527,3527,3574.25,3897.46,47.25,5.684341886080802e-14,1.0000000000000002
26275,-73.9645004272461,40.77399063110352,-73.97221374511719,40.75796890258789,579.71,3527,3527,3540.0,4119.71,13.0,0.0,1.0
26276,-73.95977020263672,40.77098846435547,-73.9791030883789,40.7817611694336,561.5,3527,3527,3626.57,4188.07,99.57000000000016,-4.547473508864641e-13,0.9999999999999992
26277,-73.97763061523438,40.75382995605469,-74.00292205810547,40.76047134399415,726.3,3527,3527,3569.75,4296.05,42.75,2.2737367544323206e-13,1.0000000000000002
26278,-73.98468780517578,40.755958557128906,-74.00857543945312,40.71996688842773,932.18,3528,3528,-1.0,-1.0,-1,-1,0.0
26279,-73.9908218383789,40.74568557739258,-73.97469329833984,40.76369094848633,623.43,3528,3528,-1.0,-1.0,-1,-1,0.0
26280,-73.97181701660156,40.74615097045898,-73.96243286132812,40.75904083251953,219.23,3528,3528,3541.79,3761.02,13.789999999999964,2.842170943040401e-14,1.0000000000000002
26281,-73.98746490478516,40.76614379882813,-73.94853973388672,40.789154052734375,1074.91,3528,3528,-1.0,-1.0,-1,-1,0.0
26282,-74.00643157958984,40.7169303894043,-73.99987030029298,40.73028945922852,329.75,3529,3529,-1.0,-1.0,-1,-1,0.0
26283,-73.98905181884766,40.74840927124024,-73.99286651611328,40.75276184082031,212.36,3530,3530,-1.0,-1.0,-1,-1,0.0
26284,-73.97949981689453,40.77650451660156,-73.98957061767578,40.77634048461913,307.62,3530,3530,3540.0,3847.62,10.0,-1.1368683772161603e-13,0.9999999999999997
26285,-73.98056030273438,40.76011276245117,-73.99154663085938,40.73883056640625,566.33,3530,3530,3583.06,4149.39,53.059999999999945,3.410605131648481e-13,1.0000000000000007
26286,-73.95953369140625,40.767444610595696,-73.94621276855469,40.78071975708008,296.66,3530,3530,3868.38,4165.04,338.3800000000001,-1.7053025658242404e-13,0.9999999999999994
26287,-74.00595092773438,40.74007415771485,-74.00056457519531,40.74252700805664,209.12,3530,3530,3678.99,3888.11,148.98999999999978,3.410605131648481e-13,1.0000000000000016
26288,-73.99156188964845,40.7300033569336,-73.9612808227539,40.75857543945313,693.8,3530,3530,-1.0,-1.0,-1,-1,0.0
26289,-73.96891021728516,40.75405883789063,-73.97367095947266,40.7437629699707,303.41,3530,3530,3729.9700000000003,4033.38,199.97000000000025,-1.7053025658242404e-13,0.9999999999999994
26290,-73.98062133789062,40.75436019897461,-74.00765991210938,40.74103164672852,779.52,3530,3530,-1.0,-1.0,-1,-1,0.0
26291,-73.99925994873048,40.7200584411621,-74.0121078491211,40.7138557434082,485.97,3530,3530,3636.67,4122.64,106.67000000000007,2.2737367544323206e-13,1.0000000000000004
26292,-73.98165893554686,40.74377822875977,-74.00784301757811,40.75151062011719,755.59,3530,3530,-1.0,-1.0,-1,-1,0.0
26293,-73.97224426269531,40.786338806152344,-73.98160552978516,40.779991149902344,260.62,3530,3530,3675.33,3935.9500000000003,145.32999999999993,3.410605131648481e-13,1.0000000000000013
26294,-73.96879577636719,40.76428985595703,-73.98643493652342,40.73855590820313,728.79,3531,3531,-1.0,-1.0,-1,-1,0.0
26295,-74.0048599243164,40.75175094604492,-74.00735473632812,40.7412338256836,405.41,3531,3531,3631.21,4036.62,100.21000000000004,-1.7053025658242404e-13,0.9999999999999996
26296,-73.99837493896483,40.74040985107422,-74.00272369384766,40.727386474609375,359.37,3531,3531,3558.4,3917.77,27.40000000000009,-1.1368683772161603e-13,0.9999999999999997
26297,-73.98222351074219,40.76921081542969,-73.95352935791014,40.76730346679688,844.07,3531,3531,3547.14,4447.31,16.139999999999873,56.10000000000048,1.066463681922116
26298,-73.9812240600586,40.75185012817383,-73.98296356201173,40.74451065063477,262.95,3531,3531,-1.0,-1.0,-1,-1,0.0
26299,-73.96794891357422,40.76565933227539,-73.98417663574219,40.7830810546875,734.53,3531,3531,-1.0,-1.0,-1,-1,0.0
26300,-73.95443725585938,40.764068603515625,-73.99134826660156,40.75017166137695,1061.65,3531,3531,-1.0,-1.0,-1,-1,0.0
26301,-73.98905181884766,40.7479248046875,-74.0071563720703,40.74170303344727,526.62,3532,3532,-1.0,-1.0,-1,-1,0.0
26302,-74.00254821777344,40.74474334716797,-73.9488296508789,40.7735481262207,1326.22,3533,3533,3603.72,4929.9400000000005,70.7199999999998,6.821210263296962e-13,1.0000000000000004
26303,-74.00552368164062,40.73887252807617,-74.0117645263672,40.72300338745117,392.25,3533,3533,3575.56,3967.81,42.559999999999945,0.0,1.0
26304,-73.96903991699219,40.75434112548828,-73.98056030273438,40.78232955932617,1033.57,3533,3533,-1.0,-1.0,-1,-1,0.0
26305,-73.96305847167969,40.77523040771485,-73.95317840576173,40.78001022338867,259.94,3533,3533,3571.2,3831.14,38.19999999999982,5.684341886080802e-14,1.0000000000000002
26306,-74.00714874267578,40.70551300048828,-74.01749420166014,40.705116271972656,241.35,3533,3533,-1.0,-1.0,-1,-1,0.0
26307,-73.96053314208984,40.765968322753906,-73.97572326660156,40.745079040527344,532.1,3533,3533,3548.04,4080.14,15.039999999999964,-1.1368683772161603e-13,0.9999999999999998
26308,-73.99234771728516,40.730560302734375,-73.98245239257811,40.77161026000977,1295.88,3533,3533,3574.1099999999997,4925.099999999999,41.10999999999967,55.10999999999967,1.0425270858412814
26309,-73.96733856201173,40.76347351074219,-73.96650695800781,40.758804321289055,209.8,3533,3533,3540.0,3749.8,7.0,1.7053025658242404e-13,1.0000000000000009
26310,-73.99503326416014,40.71738052368164,-73.9905548095703,40.75635528564453,1206.94,3533,3533,3571.35,4841.49,38.34999999999991,63.19999999999982,1.0523638291878634
26311,-73.959228515625,40.76932907104492,-73.9590835571289,40.78037643432617,360.71,3533,3533,3747.71,4108.42,214.71000000000004,5.684341886080802e-14,1.0000000000000002
26312,-73.99591064453125,40.75395584106445,-73.97846984863281,40.75283432006836,614.51,3533,3533,-1.0,-1.0,-1,-1,0.0
26313,-73.963134765625,40.76336288452149,-73.9677505493164,40.7603874206543,204.25,3533,3533,3651.38,3855.63,118.38000000000011,0.0,1.0
26314,-73.97635650634766,40.785808563232415,-73.94705200195312,40.80422973632813,679.46,3533,3533,3644.38,4323.84,111.38000000000011,0.0,1.0
26315,-73.96163940429686,40.76425552368164,-73.99111938476562,40.72786331176758,893.66,3534,3534,3663.63,4557.290000000001,129.6300000000001,7.958078640513122e-13,1.0000000000000009
26316,-74.00591278076173,40.72505187988281,-73.99111938476562,40.72351455688477,514.25,3534,3534,3580.36,4094.6099999999997,46.36000000000013,-4.547473508864641e-13,0.9999999999999991
26317,-73.98238372802734,40.77571105957031,-73.97840881347656,40.783111572265625,184.09,3534,3534,3585.12,3769.21,51.11999999999989,1.4210854715202004e-13,1.0000000000000007
26318,-74.0039520263672,40.74199676513672,-73.99256896972656,40.74616241455078,367.41,3534,3534,3582.91,3950.32,48.909999999999854,2.8421709430404007e-13,1.0000000000000007
26319,-74.01134490966798,40.70302963256836,-73.9988784790039,40.71587371826172,451.29,3534,3534,3636.99,4088.28,102.98999999999978,3.979039320256561e-13,1.0000000000000009
26320,-73.9753646850586,40.749122619628906,-73.99823760986328,40.73387908935547,826.87,3534,3534,3674.57,4501.44,140.57000000000016,-5.684341886080801e-13,0.9999999999999993
26321,-73.99458312988281,40.75368881225585,-73.98650360107422,40.76118850708008,413.19,3535,3535,-1.0,-1.0,-1,-1,0.0
26322,-73.97560119628906,40.74895858764648,-73.95758819580078,40.765567779541016,488.13,3535,3535,3585.47,4073.6,50.4699999999998,1.1368683772161603e-13,1.0000000000000002
26323,-73.98404693603516,40.74335861206055,-73.97087097167969,40.7605094909668,472.77,3535,3535,-1.0,-1.0,-1,-1,0.0
26324,-73.98681640625,40.75584030151367,-73.95538330078125,40.77339172363281,972.33,3535,3535,-1.0,-1.0,-1,-1,0.0
26325,-73.96560668945312,40.79556655883789,-73.9531707763672,40.81259536743164,510.76,3535,3535,3583.5,4094.26,48.5,2.2737367544323206e-13,1.0000000000000004
26326,-73.9953384399414,40.75491714477539,-73.98426055908203,40.72718048095703,916.55,3535,3535,-1.0,-1.0,-1,-1,0.0
26327,-73.95594024658203,40.77199172973633,-73.9621810913086,40.77554321289063,315.59,3535,3535,3584.65,3900.24,49.65000000000009,-2.8421709430404007e-13,0.9999999999999991
26328,-73.98126220703125,40.784271240234375,-73.9822769165039,40.77207565307617,294.01,3535,3535,3567.08,3861.09,32.07999999999993,2.2737367544323206e-13,1.0000000000000007
26329,-73.98233032226562,40.764156341552734,-73.9865951538086,40.75657653808594,288.57,3535,3535,-1.0,-1.0,-1,-1,0.0
26330,-73.98910522460938,40.73646926879883,-73.99467468261719,40.7281494140625,207.01,3536,3536,3595.52,3802.53,59.51999999999998,2.2737367544323206e-13,1.000000000000001
26331,-73.97216033935547,40.76485061645508,-73.96489715576173,40.75495910644531,509.5,3536,3536,-1.0,-1.0,-1,-1,0.0
26332,-73.98988342285155,40.757148742675774,-73.9789505004883,40.78350067138672,599.91,3536,3536,3542.42,4219.09,6.420000000000073,76.7600000000001,1.1279525262122654
26333,-73.94956970214845,40.781982421875,-73.98253631591797,40.78154373168945,770.01,3536,3536,3563.17,4390.450000000001,27.170000000000073,57.270000000000664,1.0743756574589949
26334,-73.96923065185547,40.75820541381836,-73.94506072998048,40.79095077514648,574.88,3536,3536,3565.29,4140.17,29.289999999999964,1.1368683772161603e-13,1.0000000000000002
26335,-73.98963165283203,40.75793838500977,-73.99147033691406,40.74321365356445,540.11,3536,3536,-1.0,-1.0,-1,-1,0.0
26336,-73.98216247558594,40.74617004394531,-74.00760650634766,40.74077987670898,756.77,3536,3536,3589.94,4346.71,53.940000000000055,0.0,1.0
26337,-73.96924591064453,40.79042434692383,-73.97853851318358,40.78338241577149,225.58,3536,3536,3987.06,4212.64,451.05999999999995,3.694822225952521e-13,1.0000000000000016
26338,-73.96855926513672,40.75487518310547,-73.99609375,40.736083984375,797.07,3536,3536,3590.52,4387.59,54.51999999999998,1.1368683772161603e-13,1.0000000000000002
26339,-73.9852066040039,40.74749374389648,-73.97892761230467,40.73952102661133,357.38,3536,3536,3558.51,3973.88,22.51000000000022,57.989999999999895,1.1622642565336614
26340,-73.953857421875,40.77875900268555,-73.93225860595702,40.79536056518555,436.21,3537,3537,3583.08,4019.29,46.07999999999993,5.684341886080802e-14,1.0000000000000002
26341,-73.98970794677734,40.77452087402344,-73.98704528808595,40.76106643676758,454.12,3537,3537,-1.0,-1.0,-1,-1,0.0
26342,-73.97960662841797,40.78411483764648,-73.97783660888672,40.792091369628906,256.67,3537,3537,3674.3,3930.9700000000003,137.30000000000018,5.684341886080802e-14,1.0000000000000002
26343,-73.98230743408203,40.74568176269531,-73.98805236816406,40.75088119506836,311.12,3538,3538,-1.0,-1.0,-1,-1,0.0
26344,-73.98809051513672,40.7376823425293,-73.97209167480467,40.747230529785156,512.37,3538,3538,-1.0,-1.0,-1,-1,0.0
26345,-73.99117279052734,40.74966049194336,-73.953857421875,40.76747512817383,1157.09,3538,3538,3584.85,4741.94,46.84999999999991,-2.2737367544323206e-13,0.9999999999999998
26346,-73.96769714355469,40.79280853271485,-73.95790100097656,40.76604080200195,906.48,3538,3538,3809.42,4715.9,271.4200000000001,-4.547473508864641e-13,0.9999999999999994
26347,-73.99356842041014,40.74193572998047,-73.97982025146483,40.713691711425774,798.26,3538,3538,3585.45,4413.22,47.44999999999982,29.510000000000446,1.036967905193797
26348,-73.9963150024414,40.74843215942383,-73.99528503417969,40.7591667175293,333.62,3538,3538,3577.59,3911.21,39.590000000000146,-1.1368683772161603e-13,0.9999999999999997
26349,-73.9891128540039,40.75777816772461,-74.0077896118164,40.75168991088867,506.86,3538,3538,-1.0,-1.0,-1,-1,0.0
26350,-73.96540832519531,40.76914978027344,-73.97711944580078,40.75495147705078,531.11,3538,3538,-1.0,-1.0,-1,-1,0.0
26351,-73.98849487304686,40.77436447143555,-74.01026916503906,40.72335815429688,898.63,3538,3538,3565.62,4464.25,27.61999999999989,1.1368683772161603e-13,1.0000000000000002
26352,-73.96027374267578,40.77310562133789,-73.98195648193358,40.75885391235352,830.81,3538,3538,3561.08,4465.49,23.079999999999927,73.59999999999991,1.0885882452064852
26353,-74.01544189453125,40.71477890014648,-74.0057601928711,40.70896911621094,483.93,3538,3538,-1.0,-1.0,-1,-1,0.0
26354,-73.98837280273438,40.75348663330078,-73.97863006591797,40.75314331054688,305.93,3538,3538,-1.0,-1.0,-1,-1,0.0
26355,-74.01701354980467,40.7077751159668,-74.00174713134766,40.708091735839844,339.13,3538,3538,3546.62,3885.75,8.61999999999989,1.1368683772161603e-13,1.0000000000000004
26356,-73.99372100830078,40.732852935791016,-73.98820495605469,40.74364471435547,481.58,3539,3539,3574.14,4133.67,35.13999999999987,77.95000000000022,1.1618630341791607
26357,-73.99373626708984,40.75179290771485,-73.9910888671875,40.77028274536133,532.87,3539,3539,3547.43,4152.7300000000005,8.429999999999836,72.43000000000063,1.1359243342653942
26358,-73.94435882568358,40.77574157714844,-73.9783935546875,40.7564811706543,1052.12,3539,3539,3584.5,4636.62,45.5,0.0,1.0
26359,-73.98356628417969,40.74695587158203,-73.97791290283203,40.78977966308594,1138.73,3539,3539,3592.92,4731.65,53.92000000000007,-4.547473508864641e-13,0.9999999999999996
26360,-73.97943878173827,40.76018142700195,-73.98201751708984,40.72405624389648,1214.9,3539,3539,3571.16,4822.7300000000005,32.159999999999854,36.67000000000053,1.0301835542019924
26361,-73.96443939208984,40.80717849731445,-73.95287322998048,40.80538940429688,496.81,3539,3539,3696.87,4193.68,157.8699999999999,3.979039320256561e-13,1.0000000000000009
26362,-73.99142456054686,40.77072525024415,-73.99188995361328,40.75492858886719,472.55,3539,3539,3566.61,4106.87,27.610000000000127,67.70999999999975,1.1432864247169607
26363,-73.98829650878906,40.723388671875,-74.00048828125,40.72732925415039,330.84,3539,3539,3664.16,3995.0,125.15999999999985,1.7053025658242404e-13,1.0000000000000004
26364,-73.964599609375,40.76989364624024,-73.96943664550781,40.76362228393555,250.41,3539,3539,3726.39,3976.8,187.38999999999987,3.126388037344441e-13,1.0000000000000013
26365,-73.98222351074219,40.75580978393555,-73.98316955566406,40.74481964111328,434.37,3539,3539,3540.0,3974.37,1.0,-1.1368683772161603e-13,0.9999999999999998
26366,-73.99020385742188,40.73247146606445,-73.98838806152342,40.72734069824219,229.62,3539,3539,3686.3,3915.92,147.30000000000018,-1.1368683772161603e-13,0.9999999999999996
26367,-73.98529815673827,40.74174118041992,-73.99416351318358,40.72033309936523,659.31,3539,3539,-1.0,-1.0,-1,-1,0.0
26368,-73.95096588134766,40.7830467224121,-73.9381103515625,40.80477523803711,375.89,3540,3540,3540.0,3915.89,0.0,-1.1368683772161603e-13,0.9999999999999997
26369,-73.98460388183594,40.732097625732415,-73.9871826171875,40.72360610961913,258.4,3540,3540,3598.54,3856.94,58.539999999999964,1.1368683772161603e-13,1.0000000000000004
26370,-73.98619079589844,40.75218963623047,-73.97852325439453,40.74570846557617,327.83,3540,3540,-1.0,-1.0,-1,-1,0.0
26371,-73.98297119140625,40.78095626831055,-73.9768295288086,40.78864288330078,199.54,3540,3540,3550.78,3782.07,10.7800000000002,31.74999999999997,1.1591159667234638
26372,-73.9929962158203,40.72817611694336,-73.9822540283203,40.78275680541992,1447.36,3540,3540,3749.13,5196.49,209.1300000000001,-2.2737367544323206e-13,0.9999999999999999
26373,-74.0020523071289,40.72982025146485,-73.99756622314453,40.74496841430664,404.87,3540,3540,-1.0,-1.0,-1,-1,0.0
26374,-73.98175811767578,40.7523193359375,-73.97748565673827,40.76322555541992,404.64,3541,3541,-1.0,-1.0,-1,-1,0.0
26375,-73.94773864746094,40.79029846191406,-73.95252227783203,40.77265167236328,467.7,3541,3541,3691.16,4158.86,150.15999999999985,-1.7053025658242404e-13,0.9999999999999997
26376,-74.00769805908203,40.72475814819336,-73.98648071289062,40.739341735839844,653.65,3541,3541,-1.0,-1.0,-1,-1,0.0
26377,-73.98115539550781,40.75010299682617,-73.98258209228516,40.73566055297852,403.73,3541,3541,-1.0,-1.0,-1,-1,0.0
26378,-73.9710693359375,40.76210021972656,-73.98129272460938,40.76884460449219,409.0,3541,3541,-1.0,-1.0,-1,-1,0.0
26379,-74.0082778930664,40.7219123840332,-74.00052642822266,40.747989654541016,514.44,3541,3541,-1.0,-1.0,-1,-1,0.0
26380,-73.99593353271484,40.72431945800781,-73.97090911865234,40.75578308105469,817.78,3541,3541,-1.0,-1.0,-1,-1,0.0
26381,-73.9901123046875,40.75231552124024,-73.97034454345702,40.75574111938477,627.29,3542,3542,-1.0,-1.0,-1,-1,0.0
26382,-74.00782012939453,40.705528259277344,-73.99498748779298,40.71603012084961,522.75,3542,3542,-1.0,-1.0,-1,-1,0.0
26383,-74.00837707519531,40.71445083618164,-74.0082473754883,40.74631881713867,586.14,3542,3542,-1.0,-1.0,-1,-1,0.0
26384,-73.98359680175781,40.72600173950195,-73.9854507446289,40.73580932617188,311.0,3542,3542,3657.67,3968.67,115.67000000000007,0.0,1.0
26385,-74.00701904296875,40.71181869506836,-73.98963165283203,40.71886825561523,603.13,3542,3542,-1.0,-1.0,-1,-1,0.0
26386,-73.96846008300781,40.77031707763672,-73.97759246826173,40.77654266357422,358.83,3542,3542,4455.13,4813.96,913.1300000000001,-5.684341886080802e-14,0.9999999999999999
26387,-73.97772216796875,40.75519180297852,-73.99076843261719,40.75065994262695,475.75,3542,3542,-1.0,-1.0,-1,-1,0.0
26388,-73.98445892333984,40.74861145019531,-73.98836517333984,40.75654602050781,311.22,3543,3543,-1.0,-1.0,-1,-1,0.0
26389,-73.98686218261719,40.72254180908203,-73.98529815673827,40.73503112792969,374.66,3543,3543,3593.0099999999998,3971.72,50.00999999999976,4.050000000000011,1.0108098008861368
26390,-74.00086975097656,40.74195098876953,-73.97831726074219,40.7772216796875,836.26,3543,3543,-1.0,-1.0,-1,-1,0.0
26391,-73.96861267089844,40.76734924316406,-73.96084594726562,40.766277313232415,256.25,3543,3543,3572.4900000000002,3828.7400000000002,29.490000000000236,0.0,1.0
26392,-73.95259094238281,40.76845169067383,-73.96180725097656,40.75672149658203,330.69,3543,3543,3619.33,3950.02,76.32999999999993,5.684341886080802e-14,1.0000000000000002
26393,-73.9852523803711,40.753379821777344,-74.004638671875,40.7523193359375,559.21,3543,3543,-1.0,-1.0,-1,-1,0.0
26394,-73.96695709228516,40.7706413269043,-73.96900939941406,40.78776550292969,407.97,3544,3544,4562.85,4970.820000000001,1018.8500000000004,2.2737367544323206e-13,1.0000000000000007
26395,-73.98490142822266,40.749656677246094,-73.97926330566406,40.76193618774415,409.68,3544,3544,-1.0,-1.0,-1,-1,0.0
26396,-73.96908569335938,40.7540397644043,-73.98081970214844,40.72983169555664,555.33,3544,3544,-1.0,-1.0,-1,-1,0.0
26397,-74.01101684570312,40.71607971191406,-74.00386810302734,40.73792266845703,517.43,3544,3544,3668.38,4185.8099999999995,124.38000000000011,-5.684341886080801e-13,0.9999999999999989
26398,-73.97103881835938,40.767032623291016,-73.9629364013672,40.75737380981445,496.47,3544,3544,-1.0,-1.0,-1,-1,0.0
26399,-74.00010681152342,40.72670364379883,-73.9906234741211,40.75012969970703,639.84,3545,3545,3616.42,4256.26,71.42000000000007,1.1368683772161603e-13,1.0000000000000002
26400,-73.97355651855469,40.75733184814453,-73.9820785522461,40.7459716796875,429.04,3545,3545,-1.0,-1.0,-1,-1,0.0
26401,-73.99388122558594,40.741600036621094,-73.99183654785155,40.74898910522461,271.96,3545,3545,3593.46,3865.42,48.460000000000036,5.684341886080802e-14,1.0000000000000002
26402,-73.98348999023438,40.7680892944336,-73.99141693115234,40.750099182128906,636.1,3545,3545,-1.0,-1.0,-1,-1,0.0
26403,-73.96212005615234,40.76860809326172,-73.94960021972656,40.77690124511719,282.22,3545,3545,3602.45,3891.6,57.44999999999982,6.930000000000064,1.0245553114591455
26404,-73.98177337646483,40.74087905883789,-73.99129486083984,40.748802185058594,534.79,3545,3545,-1.0,-1.0,-1,-1,0.0
26405,-73.974365234375,40.762474060058594,-73.97877502441406,40.75659942626953,180.17,3545,3545,3583.93,3764.1,38.929999999999836,8.526512829121202e-14,1.0000000000000004
26406,-74.00343322753906,40.72682571411133,-74.00638580322266,40.7392692565918,369.87,3545,3545,-1.0,-1.0,-1,-1,0.0
26407,-74.01071166992188,40.72093963623047,-74.01744842529298,40.71128463745117,310.8,3545,3545,-1.0,-1.0,-1,-1,0.0
26408,-73.966796875,40.763916015625,-73.98116302490234,40.74433898925781,512.34,3546,3546,3602.86,4115.2,56.86000000000013,-3.410605131648481e-13,0.9999999999999993
26409,-73.97474670410156,40.76158142089844,-73.9820556640625,40.76987838745117,359.79,3546,3546,-1.0,-1.0,-1,-1,0.0
26410,-73.98890686035155,40.74341583251953,-73.99034881591797,40.73279571533203,366.95,3546,3546,-1.0,-1.0,-1,-1,0.0
26411,-73.97693634033203,40.774768829345696,-73.95506286621094,40.78753280639648,550.51,3546,3546,3573.44,4123.95,27.440000000000055,-2.2737367544323206e-13,0.9999999999999996
26412,-73.97904968261719,40.7642707824707,-73.97976684570312,40.74470901489258,724.29,3546,3546,-1.0,-1.0,-1,-1,0.0
26413,-73.98255157470702,40.73125076293945,-73.97712707519531,40.726558685302734,186.16,3547,3547,3570.42,3756.58,23.420000000000073,-1.4210854715202004e-13,0.9999999999999992
26414,-73.98957061767578,40.75777816772461,-73.97757720947266,40.78682327270508,690.24,3547,3547,-1.0,-1.0,-1,-1,0.0
26415,-73.96685028076173,40.7939682006836,-73.97830200195312,40.78998947143555,247.74,3547,3547,3576.71,3824.45,29.710000000000036,-2.2737367544323206e-13,0.9999999999999991
26416,-73.99554443359375,40.717384338378906,-73.99046325683594,40.72868728637695,321.04,3547,3547,3571.35,3892.39,24.34999999999991,-5.684341886080802e-14,0.9999999999999998
26417,-73.96529388427734,40.76914978027344,-73.97738647460938,40.75494003295898,610.4,3547,3547,-1.0,-1.0,-1,-1,0.0
26418,-74.00568389892578,40.74037170410156,-73.99237823486328,40.72522354125977,756.46,3547,3547,3583.48,4339.9400000000005,36.48000000000002,4.547473508864641e-13,1.0000000000000007
26419,-73.97566223144531,40.75692367553711,-73.96080017089844,40.76155853271485,478.38,3547,3547,3597.29,4075.67,50.289999999999964,1.1368683772161603e-13,1.0000000000000002
26420,-73.99684143066406,40.752628326416016,-74.00479125976562,40.74193954467773,247.94,3547,3547,-1.0,-1.0,-1,-1,0.0
26421,-73.99854278564453,40.71855163574219,-73.98230743408203,40.72768020629883,569.56,3548,3548,-1.0,-1.0,-1,-1,0.0
26422,-73.98793029785155,40.72405624389648,-73.98551940917969,40.73833847045898,408.91,3548,3548,3734.3,4143.21,186.30000000000018,-1.7053025658242404e-13,0.9999999999999996
26423,-73.97277069091797,40.795654296875,-73.98170471191406,40.78369522094727,229.29,3548,3548,4090.8399999999997,4320.13,542.8399999999997,4.263256414560601e-13,1.0000000000000018
26424,-73.99341583251955,40.747318267822266,-74.00172424316406,40.73550415039063,222.95,3548,3548,-1.0,-1.0,-1,-1,0.0
26425,-74.00817108154298,40.705963134765625,-73.99759674072266,40.7566032409668,1029.73,3548,3548,-1.0,-1.0,-1,-1,0.0
26426,-73.9858169555664,40.74427795410156,-73.96681213378906,40.759010314941406,683.31,3548,3548,3599.32,4284.81,51.320000000000164,2.180000000000291,1.0031903528413169
26427,-74.00846862792969,40.72087097167969,-74.00052642822266,40.735328674316406,405.99,3548,3548,-1.0,-1.0,-1,-1,0.0
26428,-73.97239685058595,40.759708404541016,-73.99000549316406,40.774768829345696,775.0,3548,3548,-1.0,-1.0,-1,-1,0.0
26429,-73.97511291503906,40.75239181518555,-74.01130676269531,40.72233963012695,1187.09,3549,3549,3597.48,4790.62,48.48000000000002,6.0499999999999545,1.0050964964745723
26430,-74.00299072265625,40.76039505004883,-73.98574829101562,40.75874328613281,522.17,3549,3549,3788.53,4310.7,239.5300000000002,-3.410605131648481e-13,0.9999999999999993
26431,-73.99188995361328,40.74265670776367,-73.98316955566406,40.72648239135742,592.72,3549,3549,-1.0,-1.0,-1,-1,0.0
26432,-74.01265716552734,40.702484130859375,-73.99368286132812,40.72933197021485,870.16,3549,3549,-1.0,-1.0,-1,-1,0.0
26433,-73.98980712890625,40.71891784667969,-73.990478515625,40.74982070922852,1075.33,3549,3549,-1.0,-1.0,-1,-1,0.0
26434,-73.97389221191406,40.74756240844727,-73.98851013183594,40.72814178466797,349.9,3549,3549,3603.48,3953.38,54.48000000000002,1.1368683772161603e-13,1.0000000000000002
26435,-73.96617126464845,40.76191329956055,-73.95712280273438,40.77439498901367,226.94,3549,3549,3582.07,3809.01,33.070000000000164,5.684341886080802e-14,1.0000000000000002
26436,-73.97176361083984,40.75721740722656,-73.98861694335938,40.737342834472656,515.13,3549,3549,3597.94,4113.07,48.940000000000055,-3.410605131648481e-13,0.9999999999999993
26437,-73.9920883178711,40.72923278808594,-73.95429229736328,40.78404235839844,1262.88,3550,3550,-1.0,-1.0,-1,-1,0.0
26438,-73.98514556884766,40.76417922973633,-73.9769058227539,40.76327133178711,239.49,3550,3550,3588.31,3827.8,38.309999999999945,2.2737367544323206e-13,1.0000000000000009
26439,-73.99568939208984,40.72463607788085,-73.98103332519531,40.74157333374024,446.96,3550,3550,-1.0,-1.0,-1,-1,0.0
26440,-74.00725555419923,40.71836471557617,-73.9949951171875,40.75523376464844,790.94,3550,3550,3636.04,4426.98,86.03999999999996,-4.547473508864641e-13,0.9999999999999994
26441,-73.9788589477539,40.757118225097656,-73.9708251953125,40.752540588378906,364.47,3550,3550,-1.0,-1.0,-1,-1,0.0
26442,-73.98651123046875,40.73967742919922,-73.9791259765625,40.75038146972656,318.91,3550,3550,-1.0,-1.0,-1,-1,0.0
26443,-73.98188781738281,40.7558822631836,-73.99031829833984,40.75156021118164,315.3,3550,3550,-1.0,-1.0,-1,-1,0.0
26444,-73.99720764160156,40.72214126586913,-73.99137115478516,40.74995040893555,847.42,3550,3550,-1.0,-1.0,-1,-1,0.0
26445,-73.9843521118164,40.759929656982415,-74.00115203857422,40.72929000854492,804.34,3550,3550,3589.5099999999998,4393.849999999999,39.50999999999976,-3.410605131648481e-13,0.9999999999999996
26446,-73.98235321044923,40.7644157409668,-73.98837280273438,40.74800109863281,695.56,3551,3551,-1.0,-1.0,-1,-1,0.0
26447,-73.98331451416014,40.75006103515625,-73.9530258178711,40.7832260131836,956.57,3551,3551,-1.0,-1.0,-1,-1,0.0
26448,-74.0135498046875,40.71427917480469,-74.00662994384766,40.74396896362305,415.94,3551,3551,-1.0,-1.0,-1,-1,0.0
26449,-73.95376586914062,40.779121398925774,-73.96631622314453,40.79343795776367,510.84,3551,3551,3583.04,4117.15,32.039999999999964,23.269999999999698,1.0455524234593996
26450,-73.99712371826173,40.73699188232422,-73.97586059570312,40.76240921020508,828.93,3552,3552,-1.0,-1.0,-1,-1,0.0
26451,-73.9793243408203,40.78704833984375,-73.97161102294923,40.78277587890625,263.12,3552,3552,3591.8,3882.81,39.80000000000018,27.88999999999976,1.1059972636059583
26452,-73.9527359008789,40.78087615966797,-73.97288513183594,40.79324340820313,637.69,3552,3552,3586.48,4240.39,34.48000000000002,16.220000000000255,1.025435556461604
26453,-73.98697662353516,40.75600814819336,-73.94780731201173,40.77928924560547,1071.3,3552,3552,-1.0,-1.0,-1,-1,0.0
26454,-73.97525787353516,40.75551986694336,-73.97559356689453,40.74532699584961,391.96,3552,3552,-1.0,-1.0,-1,-1,0.0
26455,-73.98943328857422,40.75388717651367,-73.99688720703125,40.74240112304688,266.72,3552,3552,3600.38,3867.1,48.38000000000011,-2.2737367544323206e-13,0.9999999999999991
26456,-73.98377227783203,40.7612190246582,-73.99237060546875,40.750831604003906,393.19,3552,3552,-1.0,-1.0,-1,-1,0.0
26457,-73.97338104248048,40.76266098022461,-73.99312591552734,40.752098083496094,647.71,3552,3552,-1.0,-1.0,-1,-1,0.0
26458,-74.01563262939453,40.71458053588867,-73.99391174316406,40.72452163696289,700.34,3552,3552,-1.0,-1.0,-1,-1,0.0
26459,-73.9769515991211,40.76485061645508,-73.9543228149414,40.78054809570313,655.36,3552,3552,3570.5,4225.86,18.5,-3.410605131648481e-13,0.9999999999999994
26460,-73.96458435058595,40.76713180541992,-73.97173309326173,40.75722885131836,306.29,3553,3553,3594.3,3900.59,41.30000000000018,-5.684341886080802e-14,0.9999999999999998
26461,-73.99308776855469,40.7577018737793,-73.98836517333984,40.72749710083008,973.63,3553,3553,3630.63,4604.26,77.63000000000011,1.1368683772161603e-13,1.0000000000000002
26462,-74.01458740234375,40.713958740234375,-73.99759674072266,40.75648498535156,651.09,3553,3553,3612.18,4263.2699999999995,59.179999999999836,-3.410605131648481e-13,0.9999999999999994
26463,-73.96580505371094,40.75442886352539,-73.96044921875,40.770545959472656,367.6,3553,3553,3603.61,3971.21,50.61000000000013,-1.1368683772161603e-13,0.9999999999999997
26464,-73.987060546875,40.742637634277344,-73.97629547119139,40.763858795166016,692.49,3553,3553,-1.0,-1.0,-1,-1,0.0
26465,-74.00668334960938,40.73105239868164,-73.98794555664062,40.741397857666016,534.42,3553,3553,-1.0,-1.0,-1,-1,0.0
26466,-73.97404479980467,40.7647590637207,-73.95101928710938,40.76981735229492,650.23,3553,3553,3601.59,4312.02,48.590000000000146,60.20000000000027,1.0925826246097539
26467,-73.9963150024414,40.72606658935547,-73.98883056640625,40.72828674316406,251.31,3553,3553,-1.0,-1.0,-1,-1,0.0
26468,-73.99398040771484,40.752296447753906,-74.00724029541014,40.74140548706055,419.57,3553,3553,-1.0,-1.0,-1,-1,0.0
26469,-73.96617889404298,40.763050079345696,-73.98523712158203,40.75859832763672,742.37,3554,3554,-1.0,-1.0,-1,-1,0.0
26470,-73.9921646118164,40.75184631347656,-73.99822235107422,40.740623474121094,389.23,3554,3554,-1.0,-1.0,-1,-1,0.0
26471,-73.99227905273438,40.75379180908203,-73.99285888671875,40.76821899414063,480.04,3554,3554,-1.0,-1.0,-1,-1,0.0
26472,-73.98191833496094,40.7493896484375,-73.97219848632812,40.76479721069336,454.56,3554,3554,-1.0,-1.0,-1,-1,0.0
26473,-73.99904632568358,40.73940658569336,-73.98838806152342,40.72416305541992,658.91,3554,3554,-1.0,-1.0,-1,-1,0.0
26474,-73.94759368896483,40.77912902832031,-73.96930694580078,40.79452133178711,653.24,3554,3554,3587.92,4247.7,33.92000000000007,6.539999999999736,1.0100116343151058
26475,-73.99845886230467,40.74428176879883,-74.0014114379883,40.75146865844727,210.96,3554,3554,-1.0,-1.0,-1,-1,0.0
26476,-74.00761413574219,40.740943908691406,-73.9909896850586,40.75790023803711,625.96,3554,3554,3785.5,4411.46,231.5,0.0,1.0
26477,-73.98442840576173,40.7370491027832,-73.99059295654298,40.74830627441406,474.27,3554,3554,3660.59,4134.86,106.59000000000015,-4.547473508864641e-13,0.999999999999999
26478,-73.9773712158203,40.78958129882813,-73.98282623291014,40.76235961914063,728.34,3554,3554,3598.62,4326.96,44.61999999999989,1.1368683772161603e-13,1.0000000000000002
26479,-74.00057983398438,40.72719955444336,-73.98616790771484,40.73279190063477,484.98,3555,3555,3593.43,4078.41,38.429999999999836,0.0,1.0
26480,-74.01136779785155,40.7027473449707,-74.01002502441406,40.73246383666992,586.7,3555,3555,3800.75,4387.45,245.75,-2.2737367544323206e-13,0.9999999999999997
26481,-73.99512481689453,40.74475479125977,-73.97951507568358,40.74139404296875,460.67,3555,3555,3577.9700000000003,4038.6400000000003,22.970000000000255,5.684341886080802e-14,1.0000000000000002
26482,-73.96184539794923,40.779701232910156,-73.98037719726562,40.76765441894531,626.85,3555,3555,3704.3,4331.15,149.30000000000018,-5.684341886080801e-13,0.9999999999999991
26483,-73.9857177734375,40.75944519042969,-73.98165893554686,40.76328659057617,291.33,3555,3555,-1.0,-1.0,-1,-1,0.0
26484,-74.01274871826173,40.70234298706055,-74.01598358154298,40.71519088745117,370.32,3555,3555,-1.0,-1.0,-1,-1,0.0
26485,-73.95830535888672,40.77565383911133,-73.97219085693358,40.75088882446289,738.99,3556,3556,3592.64,4406.59,36.63999999999987,74.96000000000026,1.1014357433794777
26486,-73.9871368408203,40.75086975097656,-73.96321868896483,40.77690887451172,812.77,3556,3556,-1.0,-1.0,-1,-1,0.0
26487,-73.98236083984375,40.768367767333984,-73.96485900878906,40.75947952270508,645.48,3556,3556,-1.0,-1.0,-1,-1,0.0
26488,-73.99353790283203,40.75208282470703,-73.99058532714845,40.76505661010742,368.17,3556,3556,3577.93,4018.53,21.929999999999836,72.43000000000035,1.1967297715729157
26489,-73.95921325683594,40.7743034362793,-73.97257232666014,40.7648811340332,459.85,3556,3556,3757.66,4217.51,201.65999999999985,3.410605131648481e-13,1.0000000000000007
26490,-73.98687744140625,40.754676818847656,-74.00347900390625,40.73244857788085,556.18,3556,3556,-1.0,-1.0,-1,-1,0.0
26491,-73.97099304199219,40.75899887084961,-73.96661376953125,40.7723388671875,475.95,3556,3556,3579.7599999999998,4055.71,23.759999999999764,2.8421709430404007e-13,1.0000000000000007
26492,-73.97502899169923,40.73594665527344,-73.9774169921875,40.75195693969727,492.97,3557,3557,3615.56,4108.53,58.559999999999945,-2.2737367544323206e-13,0.9999999999999996
26493,-73.98283386230467,40.76691055297852,-73.97080993652342,40.78341674804688,380.95,3557,3557,-1.0,-1.0,-1,-1,0.0
26494,-73.98224639892578,40.7696647644043,-73.98286437988281,40.75293731689453,655.32,3557,3557,3592.27,4247.59,35.26999999999998,1.1368683772161603e-13,1.0000000000000002
26495,-74.0118179321289,40.71394729614258,-74.008056640625,40.72295379638672,298.25,3557,3557,3620.42,3918.67,63.42000000000007,0.0,1.0
26496,-74.00204467773438,40.74516677856445,-73.98479461669923,40.75017166137695,578.75,3557,3557,3834.26,4413.01,277.2600000000002,0.0,1.0
26497,-73.99212646484375,40.75431823730469,-73.95347595214845,40.772804260253906,1076.77,3557,3557,-1.0,-1.0,-1,-1,0.0
26498,-73.97627258300781,40.76005935668945,-73.99067687988281,40.72766876220703,866.01,3557,3557,3610.45,4476.46,53.44999999999982,2.2737367544323206e-13,1.0000000000000002
26499,-74.0012435913086,40.72270965576172,-73.99052429199219,40.72877883911133,423.4,3557,3557,-1.0,-1.0,-1,-1,0.0
26500,-73.9541015625,40.77847290039063,-73.95311737060547,40.817588806152344,924.95,3557,3557,3577.14,4502.09,20.139999999999873,2.2737367544323206e-13,1.0000000000000002
26501,-74.00426483154298,40.72541809082031,-74.00159454345702,40.74663162231445,533.87,3557,3557,3602.75,4136.62,45.75,-1.1368683772161603e-13,0.9999999999999998
26502,-73.97404479980467,40.78565216064453,-73.97528076171875,40.73003387451172,1299.34,3558,3558,4262.67,5562.01,704.6700000000001,2.2737367544323206e-13,1.0000000000000002
26503,-73.98160552978516,40.768402099609375,-74.00161743164062,40.73596954345703,937.92,3558,3558,3589.27,4527.19,31.269999999999982,-3.410605131648481e-13,0.9999999999999997
26504,-73.97544860839844,40.73310089111328,-73.96663665771484,40.75360870361328,399.58,3558,3558,3765.83,4165.41,207.82999999999993,-5.684341886080802e-14,0.9999999999999999
26505,-73.97036743164062,40.75999450683594,-73.98412322998048,40.74034881591797,450.42,3558,3558,-1.0,-1.0,-1,-1,0.0
26506,-73.95933532714845,40.78033828735352,-73.9477005004883,40.77619552612305,352.16,3558,3558,3576.96,3929.12,18.960000000000036,-1.7053025658242404e-13,0.9999999999999996
26507,-73.99099731445312,40.74187850952149,-73.9848098754883,40.75119018554688,311.03,3558,3558,3614.45,3925.48,56.44999999999982,2.2737367544323206e-13,1.0000000000000007
26508,-73.9840316772461,40.74939346313477,-73.99406433105469,40.735260009765625,268.05,3558,3558,3577.04,3845.09,19.039999999999964,1.7053025658242404e-13,1.0000000000000007
26509,-73.98439788818358,40.75767517089844,-73.98667907714845,40.765132904052734,319.56,3558,3558,3592.88,3912.44,34.88000000000011,-5.684341886080802e-14,0.9999999999999998
26510,-73.99259948730467,40.73768615722656,-73.9828567504883,40.72311782836913,599.95,3558,3558,3601.51,4202.21,43.51000000000022,0.7499999999997726,1.0012501041753477
26511,-73.96900939941406,40.769622802734375,-74.00772857666014,40.74104690551758,1204.58,3559,3559,3615.87,4820.45,56.86999999999989,0.0,1.0
26512,-74.00177001953125,40.75094985961913,-73.9945068359375,40.76115036010742,208.37,3559,3559,3652.04,3860.41,93.03999999999996,-1.1368683772161603e-13,0.9999999999999994
26513,-73.9898681640625,40.714111328125,-74.00090026855469,40.71023178100585,345.17,3559,3559,-1.0,-1.0,-1,-1,0.0
26514,-73.99899291992188,40.73996353149415,-73.98815155029298,40.727840423583984,508.17,3560,3560,-1.0,-1.0,-1,-1,0.0
26515,-73.9798355102539,40.75528335571289,-73.99128723144531,40.750694274902344,382.33,3560,3560,-1.0,-1.0,-1,-1,0.0
26516,-73.9859848022461,40.75104141235352,-73.98863220214844,40.77835464477539,817.35,3560,3560,3604.53,4421.88,44.5300000000002,-1.1368683772161603e-13,0.9999999999999999
26517,-73.98567962646483,40.763031005859375,-73.99095153808595,40.74449157714844,734.61,3560,3560,3699.85,4434.46,139.8499999999999,1.1368683772161603e-13,1.0000000000000002
26518,-73.97795104980467,40.78369903564453,-73.97684478759766,40.7269287109375,1380.66,3560,3560,3604.36,4985.02,44.36000000000013,2.2737367544323206e-13,1.0000000000000002
26519,-73.99132537841797,40.74995040893555,-74.00163269042969,40.73943710327149,274.74,3560,3560,-1.0,-1.0,-1,-1,0.0
26520,-73.99307250976562,40.742542266845696,-73.981201171875,40.781097412109375,956.8,3561,3561,3596.73,4609.03,35.73000000000002,55.49999999999977,1.0580058528428091
26521,-73.9784927368164,40.76267623901367,-73.95178985595702,40.773529052734375,764.81,3561,3561,3577.09,4356.72,16.090000000000146,14.820000000000164,1.0193773616976767
26522,-73.97694396972656,40.75092315673828,-74.00410461425781,40.73213577270508,771.02,3561,3561,3574.21,4361.75,13.210000000000036,16.519999999999982,1.021426162745454
26523,-73.97418212890625,40.750736236572266,-74.00246429443358,40.760738372802734,880.55,3561,3561,-1.0,-1.0,-1,-1,0.0
26524,-73.99432373046875,40.74591064453125,-74.01606750488281,40.70888137817383,868.07,3561,3561,-1.0,-1.0,-1,-1,0.0
26525,-73.95648193359375,40.76818466186523,-73.96402740478516,40.76451873779297,327.88,3561,3561,3594.7,3922.58,33.69999999999982,1.1368683772161603e-13,1.0000000000000004
26526,-74.00508880615234,40.72031021118164,-73.95745849609375,40.76185989379883,1295.02,3561,3561,3652.0,4947.0199999999995,91.0,-4.547473508864641e-13,0.9999999999999997
26527,-73.997802734375,40.720909118652344,-73.98416137695312,40.76441955566406,1253.87,3562,3562,-1.0,-1.0,-1,-1,0.0
26528,-73.99861145019531,40.740089416503906,-73.9736099243164,40.73815155029297,772.96,3562,3562,-1.0,-1.0,-1,-1,0.0
26529,-73.9557113647461,40.76416015625,-73.97042846679686,40.752349853515625,420.58,3562,3562,4270.12,4690.7,708.1199999999999,-5.684341886080802e-14,0.9999999999999999
26530,-73.98204040527344,40.755855560302734,-73.96479797363281,40.762474060058594,602.37,3562,3562,-1.0,-1.0,-1,-1,0.0
26531,-73.95663452148438,40.77796936035156,-73.95226287841797,40.76628875732422,427.16,3562,3562,3589.4,4016.56,27.40000000000009,-1.7053025658242404e-13,0.9999999999999996
26532,-73.9777603149414,40.75240707397461,-74.00051879882812,40.747806549072266,663.68,3562,3562,-1.0,-1.0,-1,-1,0.0
26533,-73.96910858154298,40.75804138183594,-73.9983901977539,40.763450622558594,1027.09,3562,3562,3637.62,4664.71,75.61999999999989,2.2737367544323206e-13,1.0000000000000002
26534,-73.98954772949219,40.72311019897461,-73.97765350341797,40.74969100952149,705.41,3562,3562,3577.08,4335.24,15.079999999999927,52.749999999999886,1.0747792064189619
26535,-73.95968627929686,40.77119827270508,-73.97643280029298,40.759666442871094,654.77,3562,3562,3612.47,4267.24,50.4699999999998,0.0,1.0
26536,-73.97537994384766,40.74124526977539,-73.9871368408203,40.74951553344727,516.31,3562,3562,3734.35,4250.66,172.3499999999999,0.0,1.0
26537,-73.9984359741211,40.75532913208008,-73.97872924804686,40.763984680175774,620.33,3563,3563,3575.05,4300.5599999999995,12.050000000000182,105.17999999999927,1.1695549143197963
26538,-73.96672821044923,40.79383850097656,-73.96788787841797,40.804512023925774,274.93,3563,3563,3836.54,4111.47,273.53999999999996,2.8421709430404007e-13,1.000000000000001
26539,-73.97921752929686,40.74705123901367,-73.98861694335938,40.74604034423828,314.99,3563,3563,-1.0,-1.0,-1,-1,0.0
26540,-73.994140625,40.74623489379883,-74.00440979003906,40.72448348999024,534.24,3563,3563,3593.37,4127.61,30.36999999999989,-2.2737367544323206e-13,0.9999999999999996
26541,-73.9941864013672,40.75117874145508,-73.9897232055664,40.7573471069336,202.13,3563,3563,-1.0,-1.0,-1,-1,0.0
26542,-74.00299072265625,40.73017120361328,-73.99060821533203,40.7459373474121,373.45,3564,3564,3658.21,4031.66,94.21000000000004,-1.7053025658242404e-13,0.9999999999999996
26543,-73.96397399902342,40.76108169555664,-73.97696685791014,40.743431091308594,414.97,3564,3564,-1.0,-1.0,-1,-1,0.0
26544,-73.98200988769531,40.75917053222656,-73.99945068359375,40.749229431152344,613.36,3564,3564,-1.0,-1.0,-1,-1,0.0
26545,-73.97633361816406,40.73970031738281,-73.95022583007811,40.78375625610352,777.87,3564,3564,3588.62,4402.3,24.61999999999989,35.81000000000029,1.0460359700206978
26546,-73.99172973632812,40.770111083984375,-73.97240447998048,40.74534606933594,1130.69,3564,3564,3596.04,4797.24,32.039999999999964,70.50999999999976,1.0623601517657357
26547,-73.97332763671875,40.76374816894531,-73.95604705810547,40.77453994750977,490.17,3564,3564,-1.0,-1.0,-1,-1,0.0
26548,-73.98542022705078,40.73566818237305,-73.9873046875,40.724952697753906,324.56,3564,3564,3756.34,4080.9,192.34000000000015,-5.684341886080802e-14,0.9999999999999998
26549,-73.964111328125,40.7570686340332,-73.97535705566406,40.763893127441406,567.17,3564,3564,3594.85,4196.7699999999995,30.84999999999991,34.74999999999966,1.061269108027575
26550,-73.97481536865234,40.76232528686523,-73.9867630004883,40.738136291503906,678.01,3564,3564,3607.13,4285.14,43.13000000000011,2.2737367544323206e-13,1.0000000000000004
26551,-73.98070526123048,40.75946044921875,-73.98221588134766,40.77430725097656,481.0,3565,3565,-1.0,-1.0,-1,-1,0.0
26552,-73.99533081054686,40.76372146606445,-73.9759292602539,40.78874969482422,527.46,3565,3565,3597.16,4124.62,32.159999999999854,0.0,1.0
26553,-74.00593566894531,40.74570846557617,-74.00787353515625,40.7513084411621,194.71,3565,3565,3603.44,3798.15,38.440000000000055,2.842170943040401e-14,1.0000000000000002
26554,-74.01506042480467,40.70951843261719,-73.99948120117188,40.76300048828125,849.0,3565,3565,-1.0,-1.0,-1,-1,0.0
26555,-73.9854507446289,40.741790771484375,-73.99485015869139,40.7206916809082,661.76,3565,3565,3601.62,4263.38,36.61999999999989,2.2737367544323206e-13,1.0000000000000004
26556,-73.9738998413086,40.76011276245117,-73.97217559814453,40.792346954345696,775.0,3565,3565,3573.02,4348.02,8.019999999999982,4.547473508864641e-13,1.0000000000000007
26557,-73.95690155029298,40.77084732055664,-73.9911880493164,40.75054931640625,1212.16,3565,3565,3599.1800000000003,4860.55,34.18000000000029,49.20999999999981,1.0405969508975712
26558,-73.9824676513672,40.7567138671875,-73.96295928955078,40.764949798583984,633.42,3565,3565,-1.0,-1.0,-1,-1,0.0
26559,-73.97734069824219,40.7468147277832,-73.95489501953125,40.777381896972656,695.93,3565,3565,-1.0,-1.0,-1,-1,0.0
26560,-73.99182891845702,40.73870849609375,-73.99705505371094,40.72649002075195,369.18,3565,3565,-1.0,-1.0,-1,-1,0.0
26561,-73.99506378173827,40.72547149658203,-73.9900131225586,40.725440979003906,220.55,3565,3565,3611.53,3859.07,46.5300000000002,26.989999999999952,1.122375878485604
26562,-73.99227905273438,40.735443115234375,-74.00601959228516,40.74852752685547,589.91,3566,3566,3591.43,4275.15,25.429999999999836,93.80999999999983,1.1590242579376513
26563,-73.99776458740234,40.756160736083984,-73.98806762695312,40.7568359375,436.17,3566,3566,3660.91,4097.08,94.90999999999985,5.684341886080802e-14,1.0000000000000002
26564,-73.96511840820312,40.75939178466797,-73.9785614013672,40.76462936401367,447.62,3566,3566,-1.0,-1.0,-1,-1,0.0
26565,-74.00096893310547,40.74174118041992,-73.98319244384766,40.76453018188477,714.11,3566,3566,3580.93,4295.04,14.929999999999836,1.1368683772161603e-13,1.0000000000000002
26566,-73.97379302978516,40.76176071166992,-73.98072052001955,40.77415084838867,469.17,3566,3566,-1.0,-1.0,-1,-1,0.0
26567,-73.9837188720703,40.753074645996094,-73.9731216430664,40.76254653930664,418.46,3566,3566,-1.0,-1.0,-1,-1,0.0
26568,-73.98298645019531,40.75086212158203,-73.99564361572266,40.74163055419922,387.46,3566,3566,-1.0,-1.0,-1,-1,0.0
26569,-73.99324035644531,40.74234008789063,-73.99092102050781,40.75028991699219,288.37,3567,3567,3598.78,3917.39,31.7800000000002,30.239999999999668,1.1048652772479788
26570,-73.9964141845703,40.7373161315918,-74.00524139404298,40.74024200439453,231.04,3567,3567,3578.8,3809.84,11.800000000000182,-2.842170943040401e-14,0.9999999999999999
26571,-73.9955520629883,40.71625518798828,-74.00763702392578,40.7125358581543,415.1,3567,3567,3711.15,4126.25,144.1500000000001,-1.1368683772161603e-13,0.9999999999999998
26572,-73.97712707519531,40.76436996459961,-73.98213195800781,40.76774978637695,195.62,3567,3567,3603.92,3799.54,36.92000000000007,-1.1368683772161603e-13,0.9999999999999994
26573,-74.00570678710938,40.728721618652344,-74.00045013427734,40.76163101196289,670.9,3567,3567,-1.0,-1.0,-1,-1,0.0
26574,-73.97763061523438,40.73398971557617,-74.00734710693358,40.705299377441406,601.17,3568,3568,3655.05,4256.22,87.05000000000018,1.1368683772161603e-13,1.0000000000000002
26575,-73.9608154296875,40.78086471557617,-73.9672317504883,40.79376602172852,322.55,3568,3568,3578.42,3900.9700000000003,10.420000000000073,1.7053025658242404e-13,1.0000000000000004
26576,-73.96746826171875,40.75236511230469,-73.94737243652342,40.764175415039055,614.93,3568,3568,-1.0,-1.0,-1,-1,0.0
26577,-73.99732971191406,40.74093246459961,-73.98638153076173,40.73629379272461,337.79,3568,3568,-1.0,-1.0,-1,-1,0.0
26578,-73.97941589355469,40.76637649536133,-73.9753646850586,40.75499725341797,581.45,3568,3568,-1.0,-1.0,-1,-1,0.0
26579,-73.984375,40.77473831176758,-73.9803695678711,40.74029159545898,1248.86,3568,3568,3761.45,5010.3099999999995,193.44999999999982,-2.2737367544323206e-13,0.9999999999999998
26580,-73.97686004638672,40.76488876342773,-73.97174072265625,40.78195190429688,447.0,3568,3568,-1.0,-1.0,-1,-1,0.0
26581,-73.9691390991211,40.76142883300781,-74.0056915283203,40.73455810546875,1127.04,3568,3568,3590.17,4717.21,22.170000000000073,0.0,1.0
26582,-73.99765014648438,40.75674057006836,-73.97817993164062,40.753089904785156,607.97,3568,3568,3690.91,4298.88,122.90999999999985,2.2737367544323206e-13,1.0000000000000004
26583,-74.00772094726562,40.743324279785156,-73.99178314208984,40.73339080810547,586.26,3569,3569,-1.0,-1.0,-1,-1,0.0
26584,-74.0052032470703,40.72278213500977,-73.9803466796875,40.75267028808594,829.22,3569,3569,-1.0,-1.0,-1,-1,0.0
26585,-73.99181365966798,40.726036071777344,-73.98780822753906,40.73914337158203,361.22,3569,3569,3624.66,3985.88,55.659999999999854,2.2737367544323206e-13,1.0000000000000007
26586,-73.97927856445312,40.767032623291016,-73.99007415771484,40.774757385253906,417.45,3569,3569,-1.0,-1.0,-1,-1,0.0
26587,-73.9821014404297,40.76958084106445,-73.98662567138672,40.75800323486328,471.85,3569,3569,-1.0,-1.0,-1,-1,0.0
26588,-73.99799346923827,40.75608825683594,-73.98011016845702,40.77986145019531,473.11,3569,3569,3626.1,4099.21,57.09999999999991,1.1368683772161603e-13,1.0000000000000002
26589,-73.98906707763672,40.773521423339844,-73.99680328369139,40.76295852661133,190.47,3569,3569,3576.24,3766.71,7.239999999999782,2.5579538487363607e-13,1.0000000000000013
26590,-73.9933090209961,40.733341217041016,-73.98326873779298,40.7315559387207,378.3,3569,3569,3705.76,4084.06,136.76000000000022,-2.8421709430404007e-13,0.9999999999999992
26591,-73.97820281982422,40.7529411315918,-73.98939514160156,40.73676681518555,534.39,3570,3570,-1.0,-1.0,-1,-1,0.0
26592,-73.9969253540039,40.74242782592773,-74.00701141357422,40.73025512695313,270.63,3570,3570,3612.2,3882.83,42.19999999999982,1.1368683772161603e-13,1.0000000000000004
26593,-74.01336669921875,40.7146110534668,-73.98590850830078,40.75082778930664,946.65,3570,3570,-1.0,-1.0,-1,-1,0.0
26594,-74.00010681152342,40.74277114868164,-73.98375701904298,40.72217178344727,913.12,3570,3570,-1.0,-1.0,-1,-1,0.0
26595,-73.97723388671875,40.75339889526367,-74.00501251220702,40.70876693725585,1276.59,3570,3570,-1.0,-1.0,-1,-1,0.0
26596,-73.98523712158203,40.74174880981445,-73.9881820678711,40.75941848754883,701.64,3571,3571,-1.0,-1.0,-1,-1,0.0
26597,-73.95853424072266,40.781150817871094,-73.95558929443358,40.77259826660156,314.04,3571,3571,3602.38,3967.72,31.38000000000011,51.29999999999967,1.1633549866259065
26598,-73.97364807128906,40.7828369140625,-73.95561981201173,40.773536682128906,459.38,3571,3571,-1.0,-1.0,-1,-1,0.0
26599,-73.97534942626955,40.79249954223633,-73.9529571533203,40.783199310302734,655.04,3571,3571,-1.0,-1.0,-1,-1,0.0
26600,-73.98878479003906,40.73647689819336,-73.99993133544923,40.74319076538085,402.86,3571,3571,3703.83,4106.69,132.82999999999993,-3.410605131648481e-13,0.9999999999999991
26601,-73.98487854003906,40.745277404785156,-73.99359130859375,40.74580383300781,350.13,3571,3571,-1.0,-1.0,-1,-1,0.0
26602,-73.96011352539062,40.76964569091797,-73.99120330810547,40.75558090209961,1084.81,3572,3572,3620.82,4768.47,48.820000000000164,62.840000000000146,1.0579271946239435
26603,-74.00389099121094,40.7480697631836,-73.99468994140625,40.75037002563477,234.84,3572,3572,-1.0,-1.0,-1,-1,0.0
26604,-73.99864196777344,40.74528503417969,-74.01467132568358,40.71421813964844,750.35,3572,3572,-1.0,-1.0,-1,-1,0.0
26605,-73.97212219238281,40.75762176513672,-73.97615814208984,40.7805290222168,829.58,3572,3572,-1.0,-1.0,-1,-1,0.0
26606,-73.97502899169923,40.74951171875,-73.98902130126955,40.722332000732415,925.36,3572,3572,-1.0,-1.0,-1,-1,0.0
26607,-73.96642303466798,40.77057266235352,-73.97244262695312,40.78606033325195,409.08,3572,3572,3719.92,4129.0,147.92000000000007,-5.684341886080802e-14,0.9999999999999999
26608,-73.97386169433594,40.7964096069336,-73.97808837890625,40.78565216064453,283.7,3572,3572,4535.84,4819.54,963.8400000000001,-1.7053025658242404e-13,0.9999999999999994
26609,-74.0157241821289,40.71110534667969,-73.9815673828125,40.74946212768555,1172.08,3572,3572,3642.21,4814.29,70.21000000000004,0.0,1.0
26610,-73.9696273803711,40.790184020996094,-73.98101043701173,40.78463363647461,285.28,3572,3572,3939.48,4224.76,367.48,2.2737367544323206e-13,1.0000000000000009
26611,-73.96857452392578,40.76181411743164,-73.95096588134766,40.78600311279297,530.2,3572,3572,-1.0,-1.0,-1,-1,0.0
26612,-73.96568298339844,40.75857925415039,-73.94967651367188,40.76980972290039,409.82,3572,3572,3607.71,4047.15,35.710000000000036,29.62000000000006,1.0722756332048218
26613,-73.98185729980467,40.75186538696289,-74.00450897216798,40.74210739135742,597.38,3572,3572,-1.0,-1.0,-1,-1,0.0
26614,-73.98868560791014,40.72273254394531,-74.00375366210938,40.736663818359375,682.1,3572,3572,3780.36,4462.46,208.36000000000013,-1.1368683772161603e-13,0.9999999999999998
26615,-73.97700500488281,40.748451232910156,-73.98355865478516,40.73733520507813,344.84,3573,3573,-1.0,-1.0,-1,-1,0.0
26616,-73.97132873535155,40.78762435913085,-73.98439788818358,40.78253173828125,330.03,3573,3573,3619.97,3953.73,46.9699999999998,3.7300000000002456,1.0113020028482267
26617,-73.9678726196289,40.76276016235352,-73.96932983398438,40.75204849243164,338.01,3573,3573,-1.0,-1.0,-1,-1,0.0
26618,-73.97335052490234,40.7849006652832,-73.9906234741211,40.7741584777832,499.08,3573,3573,-1.0,-1.0,-1,-1,0.0
26619,-73.99772644042969,40.75653839111328,-73.96675872802734,40.7641716003418,894.0,3573,3573,-1.0,-1.0,-1,-1,0.0
26620,-74.00983428955078,40.70357131958008,-73.99221038818358,40.74261474609375,1006.36,3573,3573,3701.54,4707.9,128.53999999999996,-3.410605131648481e-13,0.9999999999999997
26621,-73.96977996826173,40.75617980957031,-73.95568084716798,40.77639770507813,411.73,3573,3573,-1.0,-1.0,-1,-1,0.0
26622,-73.97319793701173,40.7639274597168,-74.00462341308595,40.70707321166992,1395.79,3573,3573,-1.0,-1.0,-1,-1,0.0
26623,-73.98251342773438,40.7681884765625,-73.9460678100586,40.80681610107422,1069.18,3573,3573,-1.0,-1.0,-1,-1,0.0
26624,-73.96326446533203,40.78840255737305,-73.97471618652342,40.77619552612305,307.74,3573,3573,3812.5299999999997,4120.2699999999995,239.52999999999975,-2.2737367544323206e-13,0.9999999999999992
26625,-73.98644256591797,40.75905990600585,-73.9630126953125,40.7588005065918,845.15,3574,3574,-1.0,-1.0,-1,-1,0.0
26626,-73.9769287109375,40.77988052368164,-73.98368072509766,40.76690673828125,354.6,3574,3574,3625.38,4006.43,51.38000000000011,26.449999999999704,1.0745910885504786
26627,-74.00956726074219,40.7260856628418,-73.97892761230467,40.76361083984375,1101.52,3574,3574,3697.26,4798.78,123.26000000000022,-4.547473508864641e-13,0.9999999999999996
26628,-73.95850372314453,40.7728271484375,-73.94636535644531,40.781166076660156,273.27,3574,3574,-1.0,-1.0,-1,-1,0.0
26629,-73.97865295410156,40.76247787475585,-73.98814392089844,40.73858642578125,749.89,3574,3574,-1.0,-1.0,-1,-1,0.0
26630,-73.99917602539062,40.73417282104492,-73.97955322265625,40.75291442871094,648.89,3574,3574,-1.0,-1.0,-1,-1,0.0
26631,-73.99403381347656,40.74615097045898,-73.9767074584961,40.74914932250977,585.5,3574,3574,-1.0,-1.0,-1,-1,0.0
26632,-73.9751968383789,40.751258850097656,-73.98187255859375,40.75804901123047,386.75,3574,3574,-1.0,-1.0,-1,-1,0.0
26633,-73.98609161376955,40.7674217224121,-73.99297332763672,40.748779296875,650.01,3574,3574,3611.7799999999997,4261.79,37.779999999999745,2.2737367544323206e-13,1.0000000000000004
26634,-73.99152374267578,40.72983169555664,-74.0118179321289,40.70529174804688,913.36,3574,3574,-1.0,-1.0,-1,-1,0.0
26635,-73.97087097167969,40.79615783691406,-73.98136138916014,40.7812728881836,308.25,3574,3574,3632.74,3940.99,58.73999999999978,0.0,1.0
26636,-73.98902893066406,40.74480056762695,-74.00556182861328,40.72565078735352,564.53,3575,3575,3600.0,4164.53,25.0,-2.2737367544323206e-13,0.9999999999999996
26637,-73.96649932861328,40.770450592041016,-73.97057342529298,40.760589599609375,353.23,3575,3575,3780.64,4133.87,205.63999999999987,0.0,1.0
26638,-73.9979476928711,40.756591796875,-74.00425720214845,40.73086929321289,675.66,3575,3575,-1.0,-1.0,-1,-1,0.0
26639,-73.99478912353516,40.72502136230469,-73.99195861816406,40.73283767700195,304.59,3575,3575,3600.0,3904.59,25.0,1.7053025658242404e-13,1.0000000000000007
26640,-73.96590423583984,40.75433349609375,-73.9838333129883,40.76050567626953,703.5,3575,3575,-1.0,-1.0,-1,-1,0.0
26641,-73.96974945068358,40.76025390625,-73.9871826171875,40.75076675415039,644.39,3576,3576,-1.0,-1.0,-1,-1,0.0
26642,-73.98483276367188,40.745582580566406,-73.9923095703125,40.749336242675774,351.59,3576,3576,-1.0,-1.0,-1,-1,0.0
26643,-73.98550415039062,40.75328063964844,-73.9789047241211,40.76325988769531,271.43,3576,3576,3622.12,3893.55,46.11999999999989,2.8421709430404007e-13,1.000000000000001
26644,-74.00119018554686,40.76185607910156,-73.97710418701173,40.7265625,1253.84,3576,3576,-1.0,-1.0,-1,-1,0.0
26645,-73.9749984741211,40.75254440307617,-73.97544860839844,40.78963088989258,1110.96,3576,3576,-1.0,-1.0,-1,-1,0.0
26646,-73.99031829833984,40.74029922485352,-73.9934844970703,40.76231002807617,695.15,3576,3576,-1.0,-1.0,-1,-1,0.0
26647,-73.96073913574219,40.765621185302734,-73.9593734741211,40.77354049682617,245.53,3576,3576,3733.34,3978.87,157.34000000000015,-2.5579538487363607e-13,0.999999999999999
26648,-73.97178649902342,40.76038360595703,-73.9957275390625,40.75416564941406,832.26,3576,3576,-1.0,-1.0,-1,-1,0.0
26649,-73.98602294921875,40.74333953857422,-73.98822021484375,40.74853897094727,265.49,3576,3576,3615.25,3880.74,39.25,-2.2737367544323206e-13,0.9999999999999991
26650,-73.9779739379883,40.74172973632813,-73.98882293701173,40.73486709594727,250.83,3576,3576,3622.31,3873.14,46.309999999999945,-8.526512829121202e-14,0.9999999999999997
26651,-73.99842834472656,40.7239646911621,-73.97463226318358,40.74734878540039,863.42,3577,3577,-1.0,-1.0,-1,-1,0.0
26652,-73.96623992919923,40.794681549072266,-73.95883178710938,40.809669494628906,331.46,3577,3577,3606.1,3937.56,29.09999999999991,5.684341886080802e-14,1.0000000000000002
26653,-73.999267578125,40.72002029418945,-73.98587799072266,40.7588119506836,1189.04,3578,3578,3729.5,4918.54,151.5,0.0,1.0
26654,-73.99140930175781,40.755130767822266,-73.98807525634766,40.74839782714844,504.94,3578,3578,3610.5,4115.44,32.5,-3.979039320256561e-13,0.9999999999999992
26655,-74.01191711425781,40.71337890625,-74.00054168701173,40.72863006591797,558.57,3578,3578,3620.42,4205.74,42.42000000000007,26.74999999999966,1.047890148056644
26656,-73.96998596191406,40.76461410522461,-73.9564895629883,40.781639099121094,388.69,3578,3578,3600.0,4082.2599999999998,22.0,93.56999999999977,1.240731688492114
26657,-73.9979248046875,40.72035598754883,-73.9779281616211,40.75111389160156,796.28,3578,3578,3617.62,4413.9,39.61999999999989,-2.2737367544323206e-13,0.9999999999999997
26658,-73.94972229003906,40.77259063720703,-73.9571304321289,40.76213836669922,249.1,3578,3578,3623.62,3904.05,45.61999999999989,31.330000000000297,1.125772782015256
26659,-73.95357513427734,40.76636505126953,-73.97897338867188,40.78490829467773,810.46,3578,3578,-1.0,-1.0,-1,-1,0.0
26660,-73.98155212402342,40.76085662841797,-73.9745101928711,40.7363395690918,966.65,3578,3578,-1.0,-1.0,-1,-1,0.0
26661,-73.98866271972656,40.76901245117188,-73.98037719726562,40.78033828735352,225.03,3578,3578,-1.0,-1.0,-1,-1,0.0
26662,-73.98343658447266,40.75575256347656,-73.96339416503906,40.77456665039063,649.31,3578,3578,-1.0,-1.0,-1,-1,0.0
26663,-73.94818878173827,40.783050537109375,-73.95109558105469,40.7708740234375,295.74,3578,3578,3682.83,3978.57,104.82999999999993,2.2737367544323206e-13,1.0000000000000007
26664,-73.98970031738281,40.73561096191406,-73.98628997802734,40.75558090209961,715.14,3578,3578,3636.66,4351.8,58.659999999999854,3.410605131648481e-13,1.0000000000000004
26665,-73.99855804443358,40.73508834838867,-73.9898910522461,40.737640380859375,262.45,3578,3578,-1.0,-1.0,-1,-1,0.0
26666,-73.9740219116211,40.79176712036133,-73.9891128540039,40.760353088378906,809.58,3578,3578,-1.0,-1.0,-1,-1,0.0
26667,-73.97988891601562,40.77090072631836,-73.95918273925781,40.76741027832031,557.57,3579,3579,-1.0,-1.0,-1,-1,0.0
26668,-73.95794677734375,40.80113220214844,-73.96929168701173,40.785587310791016,319.59,3579,3579,3967.67,4287.26,388.6700000000001,1.7053025658242404e-13,1.0000000000000004
26669,-73.94774627685547,40.77629852294922,-73.98220825195312,40.769397735595696,904.3,3579,3579,3626.71,4531.01,47.710000000000036,2.2737367544323206e-13,1.0000000000000002
26670,-73.99275970458984,40.73406982421875,-73.99212646484375,40.749290466308594,569.25,3579,3579,-1.0,-1.0,-1,-1,0.0
26671,-73.9793472290039,40.78183364868164,-73.97056579589844,40.78586959838867,225.43,3579,3579,3609.74,3835.17,30.73999999999978,2.8421709430404007e-13,1.0000000000000013
26672,-73.99127197265625,40.760231018066406,-74.00213623046875,40.7452507019043,361.34,3579,3579,-1.0,-1.0,-1,-1,0.0
26673,-74.0029296875,40.76036071777344,-73.96746063232422,40.76037979125977,987.98,3579,3579,-1.0,-1.0,-1,-1,0.0
26674,-73.97160339355469,40.74654006958008,-73.95475006103516,40.773380279541016,491.05,3579,3579,3773.59,4264.64,194.59000000000015,1.7053025658242404e-13,1.0000000000000004
26675,-73.9915771484375,40.75516128540039,-73.977783203125,40.783973693847656,693.29,3579,3579,-1.0,-1.0,-1,-1,0.0
26676,-73.97860717773438,40.76664733886719,-73.99198913574219,40.76966094970703,359.8,3579,3579,-1.0,-1.0,-1,-1,0.0
26677,-73.98214721679686,40.77856063842773,-73.98800659179686,40.76491928100585,326.68,3579,3579,3601.04,3984.97,22.039999999999964,57.24999999999983,1.175247949063303
26678,-73.9532241821289,40.76671981811523,-73.96757507324219,40.76305770874024,463.8,3579,3579,3600.0,4063.8,21.0,1.7053025658242404e-13,1.0000000000000004
26679,-73.97880554199219,40.762508392333984,-74.0054931640625,40.73882675170898,1012.48,3580,3580,3635.56,4682.74,55.559999999999945,34.69999999999982,1.0342722819216181
26680,-73.98197937011719,40.76789855957031,-73.96653747558594,40.78900146484375,481.13,3580,3580,-1.0,-1.0,-1,-1,0.0
26681,-73.9759292602539,40.76000213623047,-73.96389007568358,40.76772689819336,460.55,3580,3580,3635.53,4096.08,55.5300000000002,-2.8421709430404007e-13,0.9999999999999993
26682,-73.98987579345702,40.72576522827149,-73.96639251708984,40.756511688232415,713.94,3580,3580,3690.87,4404.81,110.86999999999989,4.547473508864641e-13,1.0000000000000007
26683,-73.99935150146483,40.733489990234375,-73.99190521240234,40.72403335571289,439.34,3580,3580,3635.91,4104.5,55.909999999999854,29.25000000000017,1.0665771384349254
26684,-73.97736358642578,40.75469207763672,-73.97660064697266,40.78060150146485,775.06,3580,3580,-1.0,-1.0,-1,-1,0.0
26685,-74.00096130371094,40.74182891845703,-73.99352264404298,40.75178146362305,267.3,3580,3580,3764.04,4031.34,184.03999999999996,1.7053025658242404e-13,1.0000000000000007
26686,-73.99083709716798,40.7454833984375,-73.98114013671875,40.75828170776367,360.21,3580,3580,3610.71,3970.92,30.710000000000036,5.684341886080802e-14,1.0000000000000002
26687,-74.00077056884766,40.73211669921875,-74.00621795654298,40.734199523925774,237.71,3581,3581,-1.0,-1.0,-1,-1,0.0
26688,-73.98515319824219,40.735939025878906,-73.99582672119139,40.742530822753906,440.92,3581,3581,-1.0,-1.0,-1,-1,0.0
26689,-73.98233795166014,40.74573135375977,-73.9593048095703,40.77153015136719,748.2,3581,3581,-1.0,-1.0,-1,-1,0.0
26690,-73.99713897705078,40.743072509765625,-73.99527740478516,40.74983215332031,208.21,3581,3581,-1.0,-1.0,-1,-1,0.0
26691,-74.00543212890625,40.74074935913085,-73.99187469482422,40.74587631225585,428.21,3581,3581,3600.0,4028.21,19.0,5.684341886080802e-14,1.0000000000000002
26692,-73.99409484863281,40.740272521972656,-74.0062484741211,40.73310852050781,340.16,3582,3582,3610.08,3950.24,28.079999999999927,-1.7053025658242404e-13,0.9999999999999994
26693,-73.97173309326173,40.79461288452149,-73.95602416992188,40.787986755371094,572.11,3582,3582,-1.0,-1.0,-1,-1,0.0
26694,-73.9640121459961,40.757240295410156,-73.99082946777342,40.75075912475585,881.2,3582,3582,-1.0,-1.0,-1,-1,0.0
26695,-73.97598266601562,40.788909912109375,-73.99334716796875,40.76694869995117,468.77,3582,3582,-1.0,-1.0,-1,-1,0.0
26696,-74.00479888916014,40.7215690612793,-74.01151275634766,40.70955276489258,497.38,3582,3582,-1.0,-1.0,-1,-1,0.0
26697,-73.98688507080078,40.736572265625,-73.99210357666014,40.74913024902344,594.39,3582,3582,-1.0,-1.0,-1,-1,0.0
26698,-73.9747543334961,40.729637145996094,-73.97888946533203,40.73644638061523,221.58,3582,3582,3955.92,4177.5,373.9200000000001,-8.526512829121202e-14,0.9999999999999997
26699,-73.96549224853516,40.762168884277344,-73.95291137695312,40.776832580566406,345.64,3582,3582,-1.0,-1.0,-1,-1,0.0
26700,-73.98296356201173,40.74504852294922,-74.00039672851562,40.72118377685547,629.98,3582,3582,-1.0,-1.0,-1,-1,0.0
26701,-73.98151397705078,40.74222183227539,-73.95110321044923,40.77251815795898,713.01,3582,3582,-1.0,-1.0,-1,-1,0.0
26702,-73.97216796875,40.75681686401367,-73.99578094482422,40.72092819213867,1024.35,3582,3582,3600.0,4641.32,18.0,16.9699999999998,1.0165666032117926
26703,-73.98828125,40.74581527709961,-74.0023422241211,40.733116149902344,478.16,3583,3583,-1.0,-1.0,-1,-1,0.0
26704,-73.98721313476562,40.74171829223633,-73.98126220703125,40.780086517333984,1131.87,3583,3583,-1.0,-1.0,-1,-1,0.0
26705,-73.94375610351562,40.77658081054688,-73.97378540039062,40.74774932861328,732.88,3583,3583,-1.0,-1.0,-1,-1,0.0
26706,-73.9851837158203,40.73889923095703,-73.9541473388672,40.76399230957031,832.93,3583,3583,-1.0,-1.0,-1,-1,0.0
26707,-73.96829223632812,40.75566101074219,-73.99122619628906,40.7512092590332,731.95,3583,3583,-1.0,-1.0,-1,-1,0.0
26708,-74.0078582763672,40.71497344970703,-73.99363708496094,40.72103118896485,552.96,3583,3583,-1.0,-1.0,-1,-1,0.0
26709,-73.9862289428711,40.72230911254883,-73.99291229248048,40.75114822387695,990.89,3583,3583,3611.79,4633.51,28.789999999999964,30.83000000000027,1.031113443470012
26710,-73.9827880859375,40.7539291381836,-73.96849060058595,40.75852966308594,566.85,3583,3583,-1.0,-1.0,-1,-1,0.0
26711,-73.99009704589844,40.72956085205078,-73.99156188964845,40.74898910522461,720.42,3583,3583,3635.75,4356.17,52.75,1.1368683772161603e-13,1.0000000000000002
26712,-73.9837646484375,40.75662231445313,-73.99156951904298,40.74471664428711,465.35,3583,3583,-1.0,-1.0,-1,-1,0.0
26713,-73.99722290039062,40.74219131469727,-73.9832305908203,40.71461868286133,979.68,3583,3583,-1.0,-1.0,-1,-1,0.0
26714,-73.98695373535155,40.73945999145508,-73.987548828125,40.74402236938477,212.55,3584,3584,-1.0,-1.0,-1,-1,0.0
26715,-73.97976684570312,40.78107833862305,-73.96314239501955,40.79930877685547,358.95,3584,3584,3613.33,3972.2799999999997,29.329999999999927,-1.7053025658242404e-13,0.9999999999999996
26716,-73.97943878173827,40.74884033203125,-73.99190521240234,40.744300842285156,374.21,3584,3584,-1.0,-1.0,-1,-1,0.0
26717,-73.98723602294923,40.73318481445313,-73.95629119873048,40.77553939819336,960.82,3584,3584,-1.0,-1.0,-1,-1,0.0
26718,-73.9749984741211,40.75238037109375,-73.95047760009766,40.76961135864258,649.24,3584,3584,-1.0,-1.0,-1,-1,0.0
26719,-73.99456787109375,40.74547958374024,-74.00465393066406,40.7346305847168,287.74,3585,3585,-1.0,-1.0,-1,-1,0.0
26720,-74.00630950927734,40.74474334716797,-73.97135162353516,40.75559616088867,975.61,3585,3585,3622.38,4597.99,37.38000000000011,-3.410605131648481e-13,0.9999999999999997
26721,-73.98797607421875,40.74330520629883,-73.99588775634766,40.74249267578125,216.12,3585,3585,3605.96,3822.08,20.960000000000036,-1.1368683772161603e-13,0.9999999999999994
26722,-73.98356628417969,40.77601623535156,-73.99124908447266,40.750186920166016,846.37,3585,3585,3711.33,4557.700000000001,126.32999999999993,7.958078640513122e-13,1.0000000000000009
26723,-73.94722747802734,40.78193283081055,-73.9534683227539,40.78130722045898,216.37,3585,3585,3649.25,3865.62,64.25,-1.1368683772161603e-13,0.9999999999999994
26724,-73.97742462158203,40.75845718383789,-73.99230194091797,40.74275207519531,471.76,3585,3585,3605.63,4077.39,20.63000000000011,-2.2737367544323206e-13,0.9999999999999996
26725,-73.99197387695312,40.75259017944336,-73.98435974121094,40.76461791992188,326.65,3585,3585,-1.0,-1.0,-1,-1,0.0
26726,-73.95616912841797,40.78398513793945,-73.96331024169923,40.774993896484375,337.83,3585,3585,3619.33,3957.16,34.32999999999993,-5.684341886080802e-14,0.9999999999999998
26727,-73.99272155761719,40.75828170776367,-74.00044250488281,40.75272750854492,260.58,3585,3585,-1.0,-1.0,-1,-1,0.0
26728,-74.00556182861328,40.72712707519531,-73.99333953857422,40.74219512939453,411.37,3585,3585,-1.0,-1.0,-1,-1,0.0
26729,-73.97470092773438,40.75653076171875,-74.0042953491211,40.74791717529297,898.39,3585,3585,-1.0,-1.0,-1,-1,0.0
26730,-73.99935150146483,40.72332000732422,-73.98680114746094,40.742149353027344,705.19,3585,3585,3636.54,4341.7300000000005,51.539999999999964,4.547473508864641e-13,1.0000000000000007
26731,-73.99272918701173,40.72360610961913,-73.97203826904298,40.749507904052734,629.7,3586,3586,3648.92,4278.62,62.92000000000007,-2.2737367544323206e-13,0.9999999999999997
26732,-73.994873046875,40.72790908813477,-73.99581909179686,40.73889923095703,334.49,3586,3586,3640.3599999999997,3974.85,54.35999999999967,2.2737367544323206e-13,1.0000000000000007
26733,-73.97563934326173,40.74494552612305,-74.00287628173827,40.73116683959961,750.56,3586,3586,3711.25,4461.81,125.25,4.547473508864641e-13,1.0000000000000007
26734,-73.97122955322266,40.757728576660156,-73.99198913574219,40.73008346557617,755.1,3586,3586,-1.0,-1.0,-1,-1,0.0
26735,-73.99352264404298,40.741714477539055,-74.00027465820312,40.72872924804688,451.07,3586,3586,-1.0,-1.0,-1,-1,0.0
26736,-73.9713592529297,40.75769424438477,-73.97430419921875,40.747154235839844,339.47,3586,3586,-1.0,-1.0,-1,-1,0.0
26737,-73.96728515625,40.788185119628906,-73.98175811767578,40.772773742675774,373.8,3587,3587,3872.2,4246.0,285.1999999999998,1.7053025658242404e-13,1.0000000000000004
26738,-73.97379302978516,40.76298141479492,-73.9593505859375,40.77260971069336,454.38,3587,3587,3645.53,4099.91,58.5300000000002,-3.410605131648481e-13,0.9999999999999992
26739,-74.00679779052734,40.7305908203125,-74.00618743896483,40.73952102661133,216.2,3587,3587,3628.52,3844.72,41.51999999999998,-1.7053025658242404e-13,0.9999999999999992
26740,-73.9654998779297,40.7593002319336,-73.98348236083984,40.722110748291016,850.81,3587,3587,3611.74,4509.78,24.73999999999978,47.23000000000002,1.0555118063962576
26741,-73.95578765869139,40.78496170043945,-73.98100280761719,40.75789260864258,940.55,3587,3587,3639.05,4579.6,52.05000000000018,2.2737367544323206e-13,1.0000000000000002
26742,-73.97318267822266,40.75804138183594,-73.99064636230467,40.728492736816406,839.99,3587,3587,-1.0,-1.0,-1,-1,0.0
26743,-73.97213745117188,40.75394821166992,-73.99189758300781,40.769378662109375,931.34,3587,3587,-1.0,-1.0,-1,-1,0.0
26744,-73.99767303466798,40.72589111328125,-73.98428344726562,40.76990509033203,1129.95,3587,3587,3622.21,4752.16,35.210000000000036,-2.2737367544323206e-13,0.9999999999999998
26745,-73.9876251220703,40.7359504699707,-73.99079895019531,40.743896484375,399.62,3588,3588,-1.0,-1.0,-1,-1,0.0
26746,-73.96177673339844,40.76287460327149,-73.9715576171875,40.75627517700195,365.08,3588,3588,-1.0,-1.0,-1,-1,0.0
26747,-73.9671859741211,40.75674057006836,-73.99337005615234,40.73635482788085,748.75,3588,3588,-1.0,-1.0,-1,-1,0.0
26748,-73.97554016113281,40.76276016235352,-73.98233032226562,40.7454833984375,533.04,3588,3588,3613.44,4201.77,25.440000000000055,55.29000000000042,1.103725799189555
26749,-74.00555419921875,40.74601364135742,-73.97316741943358,40.790130615234375,814.56,3588,3588,-1.0,-1.0,-1,-1,0.0
26750,-73.96432495117188,40.767333984375,-73.97762298583984,40.779075622558594,554.38,3588,3588,-1.0,-1.0,-1,-1,0.0
26751,-73.98053741455078,40.74535369873047,-73.99785614013672,40.73366165161133,592.58,3589,3589,-1.0,-1.0,-1,-1,0.0
26752,-73.97357177734375,40.78963851928711,-73.98252868652342,40.78244018554688,251.21,3589,3589,3648.8,3900.0099999999998,59.80000000000018,-4.263256414560601e-13,0.9999999999999983
26753,-73.94578552246094,40.7786865234375,-73.95869445800781,40.77325439453125,353.12,3589,3589,-1.0,-1.0,-1,-1,0.0
26754,-73.98209381103516,40.76324844360352,-73.99054718017578,40.756660461425774,343.87,3589,3589,-1.0,-1.0,-1,-1,0.0
26755,-73.97264862060547,40.7593994140625,-73.96228790283203,40.768741607666016,390.11,3589,3589,-1.0,-1.0,-1,-1,0.0
26756,-73.98334503173827,40.755859375,-73.95701599121094,40.768230438232415,824.64,3589,3589,-1.0,-1.0,-1,-1,0.0
26757,-73.9974136352539,40.72148132324219,-74.00588989257811,40.74020767211913,650.8,3590,3590,3766.75,4417.55,176.75,2.2737367544323206e-13,1.0000000000000004
26758,-74.00277709960938,40.72864532470703,-73.99758911132812,40.75656509399415,639.9,3590,3590,3623.7200000000003,4307.7,33.720000000000255,44.079999999999586,1.0688857634005307
26759,-73.97942352294923,40.74959945678711,-73.98656463623048,40.74025344848633,274.87,3590,3590,-1.0,-1.0,-1,-1,0.0
26760,-74.00563049316406,40.73820114135742,-73.99730682373048,40.72151947021485,743.45,3590,3590,3616.7999999999993,4440.579999999999,26.799999999999272,80.3299999999997,1.1080503060057834
26761,-73.98995971679686,40.767295837402344,-73.98828887939453,40.75471878051758,541.46,3590,3590,3633.52,4227.55,43.51999999999998,52.570000000000164,1.0970893510139257
26762,-74.00945281982422,40.706302642822266,-73.99034118652342,40.72873306274415,696.09,3591,3591,-1.0,-1.0,-1,-1,0.0
26763,-73.97132110595702,40.76658248901367,-73.98812103271484,40.7558479309082,612.89,3591,3591,3620.34,4317.88,29.340000000000146,84.64999999999998,1.1381161382956158
26764,-73.98162841796875,40.74983978271485,-73.9923095703125,40.749168395996094,369.02,3591,3591,-1.0,-1.0,-1,-1,0.0
26765,-73.98729705810547,40.74172973632813,-73.99198150634766,40.74998474121094,447.66,3591,3591,-1.0,-1.0,-1,-1,0.0
26766,-73.97602844238281,40.78915023803711,-73.98236846923827,40.773155212402344,344.72,3591,3591,3603.27,3947.99,12.269999999999982,-2.2737367544323206e-13,0.9999999999999993
26767,-73.97126770019531,40.751319885253906,-73.9795379638672,40.740081787109375,223.17,3591,3591,3614.42,3837.59,23.420000000000073,8.526512829121202e-14,1.0000000000000004
26768,-74.01007080078125,40.7206916809082,-73.99281311035155,40.73722839355469,615.47,3592,3592,3646.69,4262.16,54.690000000000055,-2.2737367544323206e-13,0.9999999999999997
26769,-73.96421813964844,40.76076889038085,-73.97335052490234,40.74850845336913,288.59,3592,3592,-1.0,-1.0,-1,-1,0.0
26770,-73.99706268310547,40.72259521484375,-74.00580596923827,40.736549377441406,475.64,3592,3592,-1.0,-1.0,-1,-1,0.0
26771,-73.99335479736328,40.74317169189453,-73.9803695678711,40.73518371582031,428.98,3592,3592,3612.34,4081.19,20.340000000000146,39.86999999999989,1.092941395869271
26772,-74.00286865234375,40.76039123535156,-73.9909896850586,40.75588989257813,374.75,3592,3592,3637.66,4012.41,45.659999999999854,0.0,1.0
26773,-73.97804260253906,40.7376823425293,-74.00580596923827,40.74034881591797,793.04,3592,3592,-1.0,-1.0,-1,-1,0.0
26774,-73.9822006225586,40.7692985534668,-73.97628784179686,40.78076171875,386.2,3593,3593,3646.3,4032.5,53.30000000000018,-1.7053025658242404e-13,0.9999999999999996
26775,-73.95723724365234,40.777198791503906,-73.98060607910156,40.73945617675781,961.83,3593,3593,3614.53,4601.87,21.5300000000002,25.50999999999965,1.0265223584209264
26776,-74.00630187988281,40.751136779785156,-73.99478912353516,40.75040817260742,300.34,3593,3593,-1.0,-1.0,-1,-1,0.0
26777,-73.95144653320312,40.769981384277344,-73.95502471923827,40.7792854309082,309.75,3593,3593,3689.83,3999.58,96.82999999999993,0.0,1.0
26778,-73.9897232055664,40.71913146972656,-73.97669219970702,40.743751525878906,560.2,3593,3593,3691.04,4251.24,98.03999999999996,-2.2737367544323206e-13,0.9999999999999996
26779,-73.9864730834961,40.71818923950195,-74.00634765625,40.7192611694336,765.32,3593,3593,3633.54,4398.86,40.539999999999964,-3.410605131648481e-13,0.9999999999999996
26780,-74.00749969482422,40.74679183959961,-73.95957946777344,40.78001022338867,1155.13,3593,3593,-1.0,-1.0,-1,-1,0.0
26781,-74.01712799072266,40.70531845092773,-73.99400329589844,40.75144958496094,988.25,3593,3593,3690.92,4679.17,97.92000000000007,0.0,1.0
26782,-73.9954605102539,40.74401092529297,-73.99430847167969,40.75074005126953,188.59,3593,3593,-1.0,-1.0,-1,-1,0.0
26783,-73.9850082397461,40.74800109863281,-73.99837493896483,40.715763092041016,984.85,3594,3594,-1.0,-1.0,-1,-1,0.0
26784,-73.97306060791014,40.76438522338867,-73.9674072265625,40.78789138793945,634.4,3594,3594,3643.05,4281.86,49.05000000000018,4.409999999999513,1.0069514501891543
26785,-73.97371673583984,40.75730895996094,-73.99122619628906,40.73411560058594,653.55,3594,3594,3629.63,4349.09,35.63000000000011,65.91000000000008,1.10084920817076
26786,-74.00589752197266,40.74208450317383,-73.99980926513672,40.7343864440918,302.96,3594,3594,3626.05,3963.93,32.05000000000018,34.919999999999675,1.1152627409559006
26787,-73.98107147216798,40.753822326660156,-73.98526763916014,40.73188400268555,585.79,3594,3594,-1.0,-1.0,-1,-1,0.0
26788,-74.00420379638672,40.725433349609375,-73.99079132080078,40.7330436706543,403.94,3594,3594,-1.0,-1.0,-1,-1,0.0
26789,-73.96650695800781,40.78921127319336,-73.98892211914062,40.76755905151367,621.91,3594,3594,3618.84,4240.75,24.840000000000146,-1.1368683772161603e-13,0.9999999999999998
26790,-73.98493957519531,40.76826858520508,-73.97795104980467,40.75938034057617,471.49,3595,3595,3638.779999999999,4110.269999999999,43.779999999998836,-2.2737367544323206e-13,0.9999999999999996
26791,-73.98058319091797,40.76502227783203,-73.96296691894531,40.7573127746582,569.84,3595,3595,-1.0,-1.0,-1,-1,0.0
26792,-73.97288513183594,40.758872985839844,-73.97747039794923,40.7496337890625,319.85,3595,3595,-1.0,-1.0,-1,-1,0.0
26793,-73.98182678222656,40.76839065551758,-73.97808837890625,40.77803039550781,318.15,3595,3595,-1.0,-1.0,-1,-1,0.0
26794,-73.98259735107422,40.727298736572266,-73.99884796142578,40.73414611816406,470.33,3595,3595,3762.17,4232.5,167.17000000000007,-5.684341886080802e-14,0.9999999999999999
26795,-73.99288940429686,40.7485237121582,-74.00514221191406,40.72865676879883,380.24,3595,3595,3609.98,3990.22,14.980000000000018,-2.2737367544323206e-13,0.9999999999999994
26796,-73.96910858154298,40.74988174438477,-73.95769500732422,40.76185989379883,312.59,3595,3595,3622.14,3934.73,27.139999999999873,1.7053025658242404e-13,1.0000000000000004
26797,-73.95423889160156,40.774757385253906,-73.9601058959961,40.798194885253906,673.28,3595,3595,3710.46,4383.74,115.46000000000004,-2.2737367544323206e-13,0.9999999999999997
26798,-73.9849853515625,40.73215866088867,-74.00992584228516,40.70463562011719,767.08,3596,3596,-1.0,-1.0,-1,-1,0.0
26799,-73.96385192871094,40.80825424194336,-73.99311828613281,40.768009185791016,765.56,3596,3596,3761.63,4527.1900000000005,165.6300000000001,4.547473508864641e-13,1.0000000000000007
26800,-73.99490356445312,40.74007034301758,-73.98587799072266,40.752456665039055,333.62,3596,3596,3600.37,3933.99,4.369999999999891,-1.1368683772161603e-13,0.9999999999999997
26801,-74.00246429443358,40.7397689819336,-73.99447631835938,40.75090789794922,250.05,3596,3596,3605.59,3855.64,9.590000000000146,-2.8421709430404007e-13,0.9999999999999989
26802,-73.9888916015625,40.758731842041016,-73.94712829589844,40.77997970581055,1090.7,3596,3596,3600.0,4764.67,4.0,73.97000000000003,1.067818831942789
26803,-73.98091125488281,40.76799011230469,-73.9897232055664,40.77141952514648,311.28,3596,3596,-1.0,-1.0,-1,-1,0.0
26804,-73.98175048828125,40.7783203125,-73.97389221191406,40.78379821777344,183.91,3597,3597,3759.46,3943.37,162.46000000000004,-1.4210854715202004e-13,0.9999999999999992
26805,-73.99327850341797,40.75531768798828,-73.95870208740234,40.762245178222656,1064.19,3597,3597,-1.0,-1.0,-1,-1,0.0
26806,-73.97412109375,40.7602767944336,-73.95623779296875,40.7830810546875,474.6,3597,3597,3604.06,4078.66,7.059999999999945,-1.1368683772161603e-13,0.9999999999999998
26807,-73.96574401855469,40.76287841796875,-73.94642639160156,40.77573013305664,449.79,3597,3597,3655.62,4105.41,58.61999999999989,-5.684341886080802e-14,0.9999999999999999
26808,-74.00786590576173,40.75182342529297,-74.00309753417969,40.7314453125,628.36,3597,3597,3600.0,4228.36,3.0,-3.410605131648481e-13,0.9999999999999994
26809,-73.9591293334961,40.78099822998047,-73.9854736328125,40.74740982055664,951.42,3598,3598,3679.01,4630.43,81.01000000000022,1.1368683772161603e-13,1.0000000000000002
26810,-73.9529571533203,40.7784538269043,-73.94602203369139,40.777748107910156,203.75,3598,3598,3641.49,3845.24,43.48999999999978,0.0,1.0
26811,-73.99947357177734,40.73367309570313,-73.99195861816406,40.74419784545898,240.24,3598,3598,-1.0,-1.0,-1,-1,0.0
26812,-73.99270629882812,40.74309539794922,-73.95075225830078,40.76948547363281,1023.21,3598,3598,3652.87,4676.08,54.86999999999989,0.0,1.0
26813,-73.99337005615234,40.727943420410156,-73.9574661254883,40.761810302734375,884.83,3598,3598,-1.0,-1.0,-1,-1,0.0
26814,-74.01116180419923,40.70307540893555,-74.01148223876955,40.71392059326172,443.06,3598,3598,3653.21,4096.27,55.210000000000036,3.979039320256561e-13,1.0000000000000009
26815,-73.99824523925781,40.71998977661133,-74.00016021728516,40.73054885864258,399.61,3598,3598,3736.92,4136.53,138.92000000000007,-3.410605131648481e-13,0.9999999999999991
26816,-73.96730041503906,40.803558349609375,-73.97846221923827,40.785980224609375,372.52,3599,3599,3757.87,4130.39,158.8699999999999,4.547473508864641e-13,1.000000000000001
26817,-73.96806335449219,40.78706359863281,-73.99301147460938,40.72693634033203,1647.55,3599,3599,3923.1,5570.650000000001,324.0999999999999,6.821210263296962e-13,1.0000000000000004
26818,-73.97991180419923,40.760704040527344,-73.95852661132812,40.77278137207031,667.04,3599,3599,3611.71,4278.75,12.710000000000036,0.0,1.0
26819,-73.99134063720702,40.77009963989258,-73.98323822021484,40.76760864257813,213.12,3599,3599,3621.66,3834.78,22.659999999999854,3.410605131648481e-13,1.0000000000000016
26820,-73.9682388305664,40.75549697875977,-73.98041534423827,40.74424362182617,409.37,3599,3599,-1.0,-1.0,-1,-1,0.0
26821,-73.96161651611328,40.81296157836913,-73.95316314697266,40.82019805908203,282.74,3599,3599,4446.66,4729.4,847.6599999999999,-2.2737367544323206e-13,0.9999999999999992
26822,-73.9884033203125,40.73772048950195,-73.99193572998048,40.71398544311523,901.71,3599,3599,-1.0,-1.0,-1,-1,0.0
26823,-73.9649887084961,40.75750732421875,-73.97384643554686,40.76144409179688,440.04,3599,3599,-1.0,-1.0,-1,-1,0.0
26824,-73.97900390625,40.75629806518555,-73.97174072265625,40.747215270996094,494.46,3600,3600,-1.0,-1.0,-1,-1,0.0
26825,-73.98027038574219,40.78366088867188,-73.97816467285155,40.77828979492188,201.31,3600,3600,3611.97,3819.21,11.9699999999998,5.930000000000234,1.0294570562813583
26826,-74.00614166259766,40.74995040893555,-73.9988784790039,40.74538040161133,208.88,3600,3600,3639.68,3848.56,39.679999999999836,1.1368683772161603e-13,1.0000000000000004
26827,-73.99909210205078,40.72132873535156,-74.00153350830078,40.72789001464844,302.41,3600,3600,-1.0,-1.0,-1,-1,0.0
26828,-73.98934173583984,40.736682891845696,-74.00279998779298,40.7598762512207,918.43,3600,3600,-1.0,-1.0,-1,-1,0.0
26829,-73.94586944580078,40.77312850952149,-73.96672058105469,40.79893112182617,877.89,3600,3600,3629.33,4507.22,29.329999999999927,3.410605131648481e-13,1.0000000000000004
26830,-74.00235748291014,40.708961486816406,-73.99015808105469,40.7144889831543,282.76,3601,3601,-1.0,-1.0,-1,-1,0.0
26831,-73.98879241943358,40.73680114746094,-73.9644775390625,40.77153015136719,923.56,3601,3601,3644.33,4637.62,43.32999999999993,69.73000000000002,1.0755013209753563
26832,-74.01290130615234,40.70661163330078,-73.97337341308594,40.74817657470703,924.92,3601,3601,-1.0,-1.0,-1,-1,0.0
26833,-73.98274993896483,40.7297248840332,-73.94524383544923,40.77342987060547,886.07,3601,3601,3821.2,4707.27,220.19999999999982,5.684341886080801e-13,1.0000000000000007
26834,-73.98854064941406,40.7188720703125,-73.9827880859375,40.763343811035156,1418.83,3601,3601,3703.84,5122.67,102.84000000000015,0.0,1.0
26835,-74.00399017333984,40.74790573120117,-73.9968490600586,40.76269912719727,384.0,3602,3602,3655.76,4105.61,53.76000000000022,65.84999999999945,1.1714843749999986
26836,-73.98342132568358,40.743995666503906,-73.98242950439453,40.754844665527344,428.04,3602,3602,-1.0,-1.0,-1,-1,0.0
26837,-73.98564147949219,40.73190689086913,-73.95590209960938,40.76802444458008,735.93,3602,3602,3964.58,4700.51,362.5799999999999,3.410605131648481e-13,1.0000000000000004
26838,-73.98072814941406,40.754188537597656,-73.99680328369139,40.74295043945313,443.43,3602,3602,-1.0,-1.0,-1,-1,0.0
26839,-73.988525390625,40.77835083007813,-73.93971252441406,40.80530548095703,1061.45,3602,3602,-1.0,-1.0,-1,-1,0.0
26840,-73.96562194824219,40.75971984863281,-73.97606658935547,40.7446517944336,333.88,3602,3602,3657.2,3991.08,55.19999999999982,1.1368683772161603e-13,1.0000000000000004
26841,-73.98893737792969,40.73659896850585,-73.96993255615234,40.75382995605469,647.68,3602,3602,-1.0,-1.0,-1,-1,0.0
26842,-73.99219512939453,40.72523880004883,-73.98187255859375,40.7246322631836,306.45,3603,3603,3792.08,4098.53,189.07999999999993,-1.7053025658242404e-13,0.9999999999999994
26843,-73.99517822265625,40.727363586425774,-74.00656127929686,40.73714447021485,472.88,3603,3603,-1.0,-1.0,-1,-1,0.0
26844,-73.98493194580078,40.769081115722656,-73.9719009399414,40.76575469970703,486.69,3603,3603,-1.0,-1.0,-1,-1,0.0
26845,-73.99307250976562,40.73491668701172,-73.9864730834961,40.76069641113281,874.61,3603,3603,3631.63,4506.24,28.63000000000011,-3.410605131648481e-13,0.9999999999999996
26846,-73.9661636352539,40.7652702331543,-73.97486114501955,40.75299072265625,371.76,3603,3603,3650.05,4021.81,47.05000000000018,-2.2737367544323206e-13,0.9999999999999993
26847,-73.98123931884766,40.77924728393555,-73.97321319580078,40.78520202636719,190.05,3603,3603,-1.0,-1.0,-1,-1,0.0
26848,-73.97498321533203,40.75318145751953,-74.00130462646483,40.73041534423828,790.73,3603,3603,-1.0,-1.0,-1,-1,0.0
26849,-73.99359130859375,40.75738143920898,-74.00193786621094,40.74428176879883,271.72,3603,3603,-1.0,-1.0,-1,-1,0.0
26850,-73.9859848022461,40.758880615234375,-73.99095153808595,40.765621185302734,384.81,3604,3604,-1.0,-1.0,-1,-1,0.0
26851,-74.0066146850586,40.731353759765625,-73.98016357421875,40.78400802612305,1018.24,3604,3604,3630.0,4648.24,26.0,-2.2737367544323206e-13,0.9999999999999998
26852,-73.97760009765625,40.76362228393555,-73.98289489746094,40.74120330810547,728.79,3604,3604,3643.36,4372.15,39.36000000000013,-4.547473508864641e-13,0.9999999999999993
26853,-73.98224639892578,40.768314361572266,-74.00769805908203,40.73943328857422,992.99,3604,3604,-1.0,-1.0,-1,-1,0.0
26854,-73.9980926513672,40.72034072875977,-74.00119018554686,40.72795486450195,377.76,3604,3604,-1.0,-1.0,-1,-1,0.0
26855,-73.99403381347656,40.75115585327149,-73.99649810791014,40.740421295166016,416.41,3604,3604,-1.0,-1.0,-1,-1,0.0
26856,-74.00699615478516,40.74908828735352,-73.98020172119139,40.78562545776367,677.49,3605,3605,3659.98,4337.47,54.98000000000002,2.2737367544323206e-13,1.0000000000000004
26857,-73.99434661865234,40.75429916381836,-73.98155975341797,40.76773071289063,476.26,3605,3605,-1.0,-1.0,-1,-1,0.0
26858,-73.978515625,40.74531555175781,-73.97212219238281,40.74892044067383,209.78,3605,3605,-1.0,-1.0,-1,-1,0.0
26859,-73.971435546875,40.75952911376953,-73.99788665771484,40.75127029418945,884.87,3605,3605,-1.0,-1.0,-1,-1,0.0
26860,-73.99821472167969,40.73542404174805,-73.98915100097656,40.747703552246094,303.87,3605,3605,-1.0,-1.0,-1,-1,0.0
26861,-74.00530242919923,40.7458381652832,-74.0004653930664,40.72909927368164,576.46,3605,3605,-1.0,-1.0,-1,-1,0.0
26862,-73.97821807861328,40.75223922729492,-73.9984130859375,40.76070022583008,585.59,3605,3605,-1.0,-1.0,-1,-1,0.0
26863,-73.98150634765625,40.780086517333984,-73.99079132080078,40.7509765625,925.73,3606,3606,3644.07,4609.93,38.070000000000164,40.13000000000011,1.043349572769598
26864,-73.98991394042969,40.75664520263672,-73.97057342529298,40.76238632202149,629.8,3606,3606,-1.0,-1.0,-1,-1,0.0
26865,-73.98189544677734,40.77132034301758,-73.99339294433594,40.76466751098633,341.27,3606,3606,-1.0,-1.0,-1,-1,0.0
26866,-73.9892578125,40.741153717041016,-73.99388885498048,40.72714614868164,452.75,3606,3606,-1.0,-1.0,-1,-1,0.0
26867,-73.965576171875,40.771648406982415,-73.9568862915039,40.77499771118164,237.45,3606,3606,3635.04,3872.49,29.039999999999964,-1.7053025658242404e-13,0.9999999999999993
26868,-73.98365783691406,40.73825073242188,-74.00312805175781,40.73881149291992,612.84,3606,3606,-1.0,-1.0,-1,-1,0.0
26869,-73.97244262695312,40.78573989868164,-73.9891357421875,40.77676010131836,426.6,3606,3606,3664.06,4090.66,58.059999999999945,-1.1368683772161603e-13,0.9999999999999998
26870,-73.97871398925781,40.76433563232422,-73.97364807128906,40.78955078125,624.7,3607,3607,3659.61,4284.31,52.61000000000013,2.2737367544323206e-13,1.0000000000000004
26871,-73.97240447998048,40.78667068481445,-73.96459197998048,40.80731964111328,429.01,3607,3607,3755.36,4184.37,148.36000000000013,-2.2737367544323206e-13,0.9999999999999994
26872,-73.9818115234375,40.74099731445313,-73.97732543945312,40.75216293334961,345.37,3607,3607,3657.92,4003.29,50.92000000000007,-1.1368683772161603e-13,0.9999999999999997
26873,-73.94963073730467,40.7856674194336,-74.01075744628906,40.71303176879883,1699.68,3607,3607,3684.45,5384.13,77.44999999999982,2.2737367544323206e-13,1.0000000000000002
26874,-73.95587921142578,40.77199935913085,-73.95011138916014,40.780288696289055,276.74,3607,3607,3663.71,3940.45,56.710000000000036,-2.2737367544323206e-13,0.9999999999999992
26875,-73.96485900878906,40.77564239501953,-73.98200225830078,40.77484130859375,444.21,3607,3607,3820.38,4264.59,213.3800000000001,5.684341886080802e-14,1.0000000000000002
26876,-74.00252532958984,40.72913360595703,-73.98919677734375,40.721771240234375,511.76,3607,3607,3731.71,4243.47,124.71000000000004,2.2737367544323206e-13,1.0000000000000004
26877,-74.00749969482422,40.740966796875,-74.00267028808594,40.76062774658203,518.39,3607,3607,3841.03,4359.42,234.0300000000002,-1.1368683772161603e-13,0.9999999999999998
26878,-73.98368835449219,40.75471115112305,-74.00267791748048,40.73274993896485,614.61,3607,3607,-1.0,-1.0,-1,-1,0.0
26879,-73.98553466796875,40.75689315795898,-73.96822357177734,40.76715087890625,624.3,3607,3607,3630.0,4254.3,23.0,2.2737367544323206e-13,1.0000000000000004
26880,-73.99286651611328,40.752891540527344,-73.97911834716798,40.75762939453125,532.6,3607,3607,-1.0,-1.0,-1,-1,0.0
26881,-73.95834350585938,40.77877426147461,-73.97822570800781,40.76662063598633,687.52,3608,3608,3681.66,4369.18,73.65999999999985,4.547473508864641e-13,1.0000000000000007
26882,-73.98212432861328,40.77841567993164,-73.98644256591797,40.77204513549805,261.06,3608,3608,-1.0,-1.0,-1,-1,0.0
26883,-73.977294921875,40.78450393676758,-73.99111938476562,40.75059509277344,1028.13,3608,3608,-1.0,-1.0,-1,-1,0.0
26884,-73.97594451904298,40.77638626098633,-74.00234985351562,40.7526969909668,800.88,3608,3608,3663.08,4463.96,55.07999999999993,1.1368683772161603e-13,1.0000000000000002
26885,-74.0127944946289,40.70213317871094,-74.00191497802734,40.72952270507813,694.06,3608,3608,3642.04,4336.1,34.039999999999964,4.547473508864641e-13,1.0000000000000007
26886,-73.99288940429686,40.74547576904297,-73.98184967041014,40.7283935546875,685.4,3608,3608,3656.41,4341.81,48.409999999999854,5.684341886080801e-13,1.0000000000000009
26887,-74.01470184326173,40.70473861694336,-73.99234008789062,40.76398849487305,989.42,3608,3608,3655.63,4660.51,47.63000000000011,15.46000000000015,1.0156253158416044
26888,-73.97930908203125,40.77656936645508,-73.98002624511719,40.770599365234375,214.95,3608,3608,-1.0,-1.0,-1,-1,0.0
26889,-73.9806137084961,40.76485824584961,-73.98773193359375,40.76968383789063,324.55,3609,3609,3667.04,3991.59,58.039999999999964,1.7053025658242404e-13,1.0000000000000004
26890,-73.9671859741211,40.78820419311523,-73.96412658691406,40.77090835571289,496.49,3609,3609,3781.82,4278.31,172.82000000000016,2.2737367544323206e-13,1.0000000000000004
26891,-74.00550079345702,40.745994567871094,-73.9961395263672,40.758785247802734,247.66,3609,3609,3651.29,3898.95,42.289999999999964,-1.4210854715202004e-13,0.9999999999999994
26892,-73.9859390258789,40.780723571777344,-73.98709106445312,40.76179504394531,596.11,3609,3609,4537.29,5133.4,928.29,-3.410605131648481e-13,0.9999999999999994
26893,-73.94690704345702,40.77217483520508,-73.96792602539062,40.78712844848633,662.04,3609,3609,3662.86,4357.15,53.86000000000013,32.249999999999545,1.0487130686967547
26894,-73.98628997802734,40.751556396484375,-73.99354553222656,40.7646484375,497.48,3609,3609,3630.0,4127.48,21.0,-4.547473508864641e-13,0.9999999999999991
26895,-73.98895263671875,40.734073638916016,-73.9901123046875,40.72333908081055,386.49,3609,3609,-1.0,-1.0,-1,-1,0.0
26896,-73.99474334716798,40.74027633666992,-73.98252868652342,40.7646484375,755.1,3609,3609,-1.0,-1.0,-1,-1,0.0
26897,-73.98991394042969,40.73406600952149,-74.00239562988281,40.734352111816406,353.07,3609,3609,3659.46,4012.5299999999997,50.460000000000036,-2.8421709430404007e-13,0.9999999999999992
26898,-73.99405670166014,40.75117874145508,-73.98660278320312,40.76144790649415,312.19,3609,3609,-1.0,-1.0,-1,-1,0.0
26899,-74.01013946533203,40.7203483581543,-74.00546264648438,40.750732421875,552.1,3609,3609,-1.0,-1.0,-1,-1,0.0
26900,-73.99178314208984,40.74982070922852,-73.9881591796875,40.72882461547852,662.3,3609,3609,3635.44,4372.51,26.440000000000055,74.77000000000021,1.1128944587045149
26901,-74.00553894042969,40.740577697753906,-74.00806427001955,40.7458381652832,234.39,3609,3609,-1.0,-1.0,-1,-1,0.0
26902,-73.95991516113281,40.76531982421875,-73.99024963378906,40.75156784057617,1051.1,3609,3609,-1.0,-1.0,-1,-1,0.0
26903,-73.9864273071289,40.73995590209961,-73.98749542236328,40.72171020507813,638.22,3609,3609,3644.83,4298.74,35.82999999999993,15.689999999999827,1.024583999247908
26904,-73.99715423583984,40.7221794128418,-74.00230407714845,40.73347091674805,416.76,3609,3609,-1.0,-1.0,-1,-1,0.0
26905,-73.95449829101562,40.76409530639648,-73.9534454345703,40.77091598510742,231.74,3610,3610,3652.75,3936.13,42.75,51.6400000000001,1.2228359368257533
26906,-73.97618865966798,40.75164031982422,-73.98922729492188,40.730293273925774,533.23,3610,3610,-1.0,-1.0,-1,-1,0.0
26907,-73.97189331054686,40.7541389465332,-73.95933532714845,40.76909637451172,427.58,3610,3610,-1.0,-1.0,-1,-1,0.0
26908,-74.01426696777344,40.7099494934082,-73.98108673095702,40.74155044555664,932.72,3610,3610,-1.0,-1.0,-1,-1,0.0
26909,-74.00596618652342,40.73518371582031,-73.98936462402342,40.7577018737793,589.3,3610,3610,3630.0,4219.3,20.0,2.2737367544323206e-13,1.0000000000000004
26910,-73.97940063476562,40.74380111694336,-73.97209167480467,40.74476623535156,233.86,3611,3611,3644.0499999999997,3877.91,33.04999999999973,1.1368683772161603e-13,1.0000000000000004
26911,-73.9684066772461,40.76493835449219,-73.9649429321289,40.77259826660156,228.08,3611,3611,-1.0,-1.0,-1,-1,0.0
26912,-73.98514556884766,40.74189758300781,-74.01681518554686,40.706153869628906,1002.06,3611,3611,-1.0,-1.0,-1,-1,0.0
26913,-73.97335052490234,40.76370239257813,-73.94718170166014,40.779945373535156,703.27,3611,3611,-1.0,-1.0,-1,-1,0.0
26914,-73.99152374267578,40.77013778686523,-74.0129623413086,40.71733856201172,866.92,3611,3611,3722.21,4589.13,111.21000000000004,1.1368683772161603e-13,1.0000000000000002
26915,-73.9994583129883,40.74897003173828,-73.98625946044923,40.73109817504883,673.39,3612,3612,3694.13,4367.52,82.13000000000011,3.410605131648481e-13,1.0000000000000004
26916,-73.96917724609375,40.75729751586913,-73.99996948242188,40.74767684936523,960.14,3612,3612,-1.0,-1.0,-1,-1,0.0
26917,-73.98994445800781,40.7351951599121,-73.97792053222656,40.72541809082031,490.37,3612,3612,-1.0,-1.0,-1,-1,0.0
26918,-73.96063995361328,40.76140594482422,-73.96330261230467,40.80349731445313,1024.28,3612,3612,-1.0,-1.0,-1,-1,0.0
26919,-73.9876937866211,40.7653694152832,-73.98252868652342,40.76021194458008,263.0,3612,3612,-1.0,-1.0,-1,-1,0.0
26920,-73.99504089355469,40.7197151184082,-73.9886703491211,40.77810668945313,1501.39,3612,3612,3711.38,5212.7699999999995,99.38000000000011,-6.821210263296962e-13,0.9999999999999996
26921,-73.97821044921875,40.75278854370117,-73.98399353027342,40.75830841064453,403.16,3613,3613,3658.16,4061.32,45.159999999999854,2.8421709430404007e-13,1.0000000000000007
26922,-73.98211669921875,40.768310546875,-73.9781723022461,40.75738906860352,490.65,3613,3613,3645.37,4176.31,32.36999999999989,40.29000000000053,1.082115560990524
26923,-73.98869323730467,40.73701095581055,-74.00514221191406,40.71971130371094,647.56,3613,3613,3638.83,4355.06,25.829999999999927,68.67000000000053,1.1060442275619256
26924,-73.98184967041014,40.75912857055664,-73.996826171875,40.76307678222656,504.0,3613,3613,-1.0,-1.0,-1,-1,0.0
26925,-73.98409271240234,40.78027725219727,-73.97577667236328,40.78939056396485,247.49,3613,3613,3659.29,3906.78,46.289999999999964,2.2737367544323206e-13,1.0000000000000009
26926,-73.96917724609375,40.7551155090332,-73.93387603759766,40.856536865234375,1550.29,3614,3614,-1.0,-1.0,-1,-1,0.0
26927,-74.0141067504883,40.714088439941406,-73.99981689453125,40.76282119750977,911.18,3614,3614,-1.0,-1.0,-1,-1,0.0
26928,-74.006103515625,40.717281341552734,-73.98750305175781,40.76060104370117,1022.73,3614,3614,3717.79,4740.5199999999995,103.78999999999996,-4.547473508864641e-13,0.9999999999999996
26929,-73.99576568603516,40.72651672363281,-73.97684478759766,40.74765396118164,597.49,3614,3614,-1.0,-1.0,-1,-1,0.0
26930,-73.98660278320312,40.733097076416016,-73.98448944091797,40.754371643066406,711.26,3614,3614,-1.0,-1.0,-1,-1,0.0
26931,-73.97775268554686,40.72938919067383,-73.98688507080078,40.717979431152344,480.53,3614,3614,3650.37,4130.9,36.36999999999989,-2.2737367544323206e-13,0.9999999999999996
26932,-73.97313690185547,40.76080322265625,-73.95806884765625,40.78187942504883,437.52,3615,3615,3648.56,4086.08,33.559999999999945,0.0,1.0
26933,-73.98723602294923,40.76130676269531,-73.9798355102539,40.76555633544922,209.2,3615,3615,3657.9300000000003,3867.13,42.93000000000029,-1.7053025658242404e-13,0.9999999999999992
26934,-73.97628784179686,40.78904342651367,-73.97805786132812,40.77717971801758,287.8,3615,3615,3739.1,4026.9,124.09999999999991,1.7053025658242404e-13,1.0000000000000007
26935,-74.00758361816406,40.725730895996094,-73.9786376953125,40.744941711425774,854.81,3615,3615,3665.29,4585.31,50.289999999999964,65.21000000000049,1.076285958283128
26936,-73.95556640625,40.76414108276367,-73.96810150146483,40.75539016723633,382.49,3615,3615,-1.0,-1.0,-1,-1,0.0
26937,-73.98152160644531,40.76837158203125,-74.00175476074219,40.761661529541016,583.41,3616,3616,-1.0,-1.0,-1,-1,0.0
26938,-73.97242736816406,40.75963592529297,-73.99231719970702,40.74940872192383,734.5,3616,3616,-1.0,-1.0,-1,-1,0.0
26939,-73.98690795898438,40.75102996826172,-73.98179626464844,40.769527435302734,558.14,3616,3616,3664.03,4231.76,48.0300000000002,9.590000000000032,1.0171820690149425
26940,-73.99208068847656,40.74946594238281,-73.98817443847656,40.77072143554688,636.24,3616,3616,-1.0,-1.0,-1,-1,0.0
26941,-73.95870208740234,40.77311706542969,-73.9664764404297,40.76970672607422,307.77,3616,3616,-1.0,-1.0,-1,-1,0.0
26942,-73.98830413818358,40.76943588256836,-73.95298767089844,40.783294677734375,834.45,3616,3616,3675.83,4510.28,59.82999999999993,-2.2737367544323206e-13,0.9999999999999998
26943,-74.00146484375,40.73100280761719,-73.99794006347656,40.75669860839844,647.56,3616,3616,-1.0,-1.0,-1,-1,0.0
26944,-73.96064758300781,40.76990127563477,-73.98049163818358,40.77899169921875,607.29,3616,3616,3641.63,4340.3,25.63000000000011,91.38000000000011,1.1504717680185745
26945,-73.96990203857422,40.78561019897461,-73.95584869384766,40.784889221191406,272.74,3617,3617,-1.0,-1.0,-1,-1,0.0
26946,-73.95098876953125,40.8259162902832,-73.95231628417969,40.80808639526367,473.87,3617,3617,4170.070000000001,4643.9400000000005,553.0700000000006,-1.1368683772161603e-13,0.9999999999999998
26947,-73.99284362792969,40.75251007080078,-74.00528717041014,40.740089416503906,410.69,3617,3617,-1.0,-1.0,-1,-1,0.0
26948,-73.99143981933594,40.74477005004883,-73.99282836914062,40.737129211425774,225.82,3617,3617,3661.34,3887.16,44.340000000000146,-2.8421709430404007e-13,0.9999999999999988
26949,-73.96688079833984,40.7640380859375,-73.99022674560547,40.74887466430664,853.8,3617,3617,-1.0,-1.0,-1,-1,0.0
26950,-74.00006103515625,40.7429313659668,-73.98634338378906,40.73767852783203,428.87,3617,3617,-1.0,-1.0,-1,-1,0.0
26951,-73.98331451416014,40.73442077636719,-74.0061798095703,40.74243927001953,626.67,3617,3617,3657.7000000000003,4324.0,40.70000000000027,39.62999999999977,1.0632390253243331
26952,-73.9773178100586,40.75783920288085,-73.98348999023438,40.73863220214844,548.18,3618,3618,3672.58,4277.09,54.57999999999993,56.33000000000027,1.1027582181035431
26953,-73.97544860839844,40.75249862670898,-73.98287963867188,40.7280387878418,618.19,3618,3618,-1.0,-1.0,-1,-1,0.0
26954,-73.97966003417969,40.76813125610352,-73.97825622558594,40.75857925415039,389.58,3618,3618,-1.0,-1.0,-1,-1,0.0
26955,-73.98683929443358,40.76639175415039,-73.97886657714845,40.752784729003906,673.07,3618,3618,3663.7400000000002,4336.81,45.74000000000024,1.1368683772161603e-13,1.0000000000000002
26956,-73.99303436279298,40.74212265014648,-73.98179626464844,40.7325553894043,522.73,3618,3618,-1.0,-1.0,-1,-1,0.0
26957,-73.96804809570312,40.765419006347656,-73.95934295654298,40.774429321289055,326.99,3619,3619,3633.54,4052.23,14.539999999999964,91.70000000000005,1.2804367106027708
26958,-73.95658874511719,40.76305389404297,-74.00261688232422,40.72491836547852,1157.1,3619,3619,3718.17,4875.2699999999995,99.17000000000007,-4.547473508864641e-13,0.9999999999999996
26959,-73.95523071289062,40.7775993347168,-73.93473052978516,40.7939567565918,425.83,3619,3619,3660.45,4106.72,41.44999999999982,20.440000000000452,1.0480003757367975
26960,-73.93468475341797,40.80125045776367,-73.99458312988281,40.7611083984375,1477.64,3619,3619,4057.07,5534.71,438.07000000000016,-2.2737367544323206e-13,0.9999999999999999
26961,-73.94055938720702,40.79331970214844,-73.9541015625,40.774578094482415,314.41,3619,3619,3823.96,4138.37,204.96000000000004,-1.7053025658242404e-13,0.9999999999999994
26962,-73.96551513671875,40.7585334777832,-73.97377014160156,40.75042724609375,290.55,3619,3619,-1.0,-1.0,-1,-1,0.0
26963,-73.94963073730467,40.77269744873047,-73.97319793701173,40.743629455566406,549.57,3619,3619,3654.95,4204.52,35.94999999999982,5.684341886080801e-13,1.000000000000001
26964,-73.99160766601562,40.7452392578125,-73.95313262939453,40.76665115356445,1009.99,3619,3619,3639.33,4718.66,20.329999999999927,69.33999999999992,1.0686541450905453
26965,-73.98794555664062,40.743900299072266,-73.990234375,40.77225875854492,898.82,3619,3619,-1.0,-1.0,-1,-1,0.0
26966,-73.98455047607422,40.754249572753906,-73.97869873046875,40.76477813720703,397.22,3620,3620,-1.0,-1.0,-1,-1,0.0
26967,-73.97760772705078,40.74223709106445,-73.97579956054686,40.7326545715332,289.8,3620,3620,-1.0,-1.0,-1,-1,0.0
26968,-73.9958724975586,40.75922775268555,-73.9924545288086,40.72486877441406,1184.02,3620,3620,-1.0,-1.0,-1,-1,0.0
26969,-73.98230743408203,40.77447891235352,-73.96778869628906,40.756141662597656,834.34,3620,3620,3646.09,4480.43,26.090000000000146,1.1368683772161603e-13,1.0000000000000002
26970,-73.99874114990234,40.71361541748047,-74.00640106201173,40.70440673828125,241.97,3620,3620,3633.04,3972.2599999999998,13.039999999999964,97.2499999999998,1.4019093276025945
26971,-74.01023864746094,40.718788146972656,-74.00767517089844,40.70618057250977,602.48,3620,3620,-1.0,-1.0,-1,-1,0.0
26972,-73.99897766113281,40.759849548339844,-74.00749969482422,40.75239944458008,221.62,3620,3620,3661.67,3883.29,41.67000000000007,-1.1368683772161603e-13,0.9999999999999994
26973,-73.96343231201173,40.77740097045898,-73.98287963867188,40.7791404724121,408.37,3620,3620,-1.0,-1.0,-1,-1,0.0
26974,-74.00599670410156,40.712078094482415,-73.98487091064453,40.71908950805664,840.46,3620,3620,3707.45,4547.91,87.44999999999982,0.0,1.0
26975,-73.97718048095702,40.74718856811523,-74.0078125,40.75214385986328,930.14,3620,3620,-1.0,-1.0,-1,-1,0.0
26976,-73.98973083496094,40.74142456054688,-74.00578308105469,40.74543380737305,384.65,3620,3620,-1.0,-1.0,-1,-1,0.0
26977,-73.99263763427734,40.747764587402344,-74.00765228271484,40.740821838378906,431.37,3621,3621,-1.0,-1.0,-1,-1,0.0
26978,-73.99132537841797,40.74955368041992,-73.97062683105469,40.7522087097168,759.45,3621,3621,3648.26,4407.71,27.26000000000022,-2.2737367544323206e-13,0.9999999999999997
26979,-73.96981048583984,40.79744338989258,-73.98497772216798,40.76224136352539,857.49,3621,3621,3751.79,4609.28,130.78999999999996,-2.2737367544323206e-13,0.9999999999999998
26980,-73.97144317626955,40.75084686279297,-73.9823226928711,40.73119735717773,412.87,3621,3621,-1.0,-1.0,-1,-1,0.0
26981,-73.95883178710938,40.78076934814453,-73.94750213623048,40.776100158691406,341.33,3621,3621,3632.52,4010.86,11.519999999999982,37.01000000000016,1.1084287932499346
26982,-73.98881530761719,40.72200775146485,-73.9878921508789,40.74089050292969,606.06,3621,3621,3743.3,4349.36,122.30000000000018,-4.547473508864641e-13,0.9999999999999992
26983,-74.01182556152342,40.70723342895508,-73.97933197021484,40.75459289550781,1270.94,3621,3621,-1.0,-1.0,-1,-1,0.0
26984,-73.99018096923827,40.75905990600585,-73.98138427734375,40.78067398071289,574.87,3621,3621,3669.49,4244.36,48.48999999999978,-1.1368683772161603e-13,0.9999999999999998
26985,-73.96926116943358,40.75397872924805,-73.95829010009766,40.763126373291016,258.89,3621,3621,-1.0,-1.0,-1,-1,0.0
26986,-73.99380493164062,40.735313415527344,-74.00827026367188,40.71358871459961,693.24,3621,3621,3709.58,4402.82,88.57999999999993,-2.2737367544323206e-13,0.9999999999999997
26987,-73.98877716064453,40.74884414672852,-73.978271484375,40.748634338378906,358.33,3621,3621,-1.0,-1.0,-1,-1,0.0
26988,-73.98595428466798,40.74077224731445,-73.99586486816406,40.72761917114258,329.96,3621,3621,-1.0,-1.0,-1,-1,0.0
26989,-74.01441955566406,40.709659576416016,-74.00801849365234,40.71417617797852,238.53,3621,3621,-1.0,-1.0,-1,-1,0.0
26990,-74.00707244873048,40.71171569824219,-73.99010467529298,40.7506217956543,947.28,3622,3622,-1.0,-1.0,-1,-1,0.0
26991,-73.99333953857422,40.752159118652344,-74.0039520263672,40.74206161499024,310.77,3622,3622,-1.0,-1.0,-1,-1,0.0
26992,-73.98502349853516,40.747955322265625,-73.98365020751955,40.76713562011719,736.14,3622,3622,-1.0,-1.0,-1,-1,0.0
26993,-74.00287628173827,40.76037979125977,-73.97545623779298,40.78192901611328,607.34,3622,3622,-1.0,-1.0,-1,-1,0.0
26994,-73.9729766845703,40.75743103027344,-73.9886016845703,40.737159729003906,622.25,3622,3622,3648.71,4270.96,26.710000000000036,0.0,1.0
26995,-73.95191955566406,40.773658752441406,-73.94165802001955,40.82997131347656,1003.65,3622,3622,3642.16,4645.81,20.159999999999854,5.684341886080801e-13,1.0000000000000007
26996,-73.99403381347656,40.76166534423828,-73.96125030517578,40.758079528808594,965.23,3623,3623,-1.0,-1.0,-1,-1,0.0
26997,-73.9700698852539,40.79470443725585,-73.95811462402342,40.8107795715332,264.8,3623,3623,3950.97,4215.77,327.9699999999998,6.252776074688882e-13,1.0000000000000024
26998,-73.9597396850586,40.77969741821289,-73.96551513671875,40.80044555664063,489.31,3623,3623,3641.99,4189.14,18.98999999999978,57.84000000000054,1.1182072714638993
26999,-74.0051498413086,40.72289657592773,-73.99193572998048,40.72386169433594,426.63,3623,3623,3658.65,4085.2799999999997,35.65000000000009,-3.410605131648481e-13,0.9999999999999992
27000,-73.96997833251955,40.75714111328125,-73.97377014160156,40.75957107543945,235.68,3623,3623,3661.4500000000003,3976.53,38.45000000000027,79.39999999999992,1.3368974881194837
27001,-74.00901794433594,40.71076965332031,-74.0118408203125,40.70287322998047,253.57,3623,3623,3681.28,3995.48,58.2800000000002,60.629999999999825,1.2391055724257594
27002,-73.98516082763672,40.76255416870117,-73.97430419921875,40.76025772094727,494.79,3623,3623,3644.91,4181.66,21.909999999999854,41.95999999999998,1.0848036540754664
27003,-73.98951721191406,40.76264953613281,-73.98606109619139,40.744239807128906,773.79,3624,3624,3648.92,4512.48,24.920000000000073,89.76999999999953,1.1160133886454975
27004,-73.96796417236328,40.7627182006836,-73.98649597167969,40.740135192871094,615.59,3624,3624,3642.28,4257.87,18.2800000000002,-3.410605131648481e-13,0.9999999999999994
27005,-73.98141479492188,40.781551361083984,-73.98410797119139,40.760120391845696,640.76,3624,3624,3642.24,4283.0,18.23999999999978,2.2737367544323206e-13,1.0000000000000004
27006,-73.99660491943358,40.76323699951172,-73.99491882324219,40.75010681152344,447.88,3624,3624,-1.0,-1.0,-1,-1,0.0
27007,-73.9983901977539,40.74053955078125,-73.99394226074219,40.77056121826172,778.78,3624,3624,-1.0,-1.0,-1,-1,0.0
27008,-73.99375915527344,40.76194763183594,-73.98294830322266,40.78534698486328,419.5,3624,3624,3671.48,4104.69,47.48000000000002,13.709999999999582,1.0326817640047665
27009,-73.99413299560547,40.75136184692383,-73.98280334472656,40.773658752441406,624.16,3624,3624,-1.0,-1.0,-1,-1,0.0
27010,-73.98109436035155,40.72953796386719,-73.98700714111328,40.72091674804688,315.22,3625,3625,3786.38,4101.6,161.3800000000001,2.2737367544323206e-13,1.0000000000000007
27011,-73.95741271972656,40.77717208862305,-73.96832275390625,40.76217269897461,406.2,3625,3625,3686.67,4092.87,61.67000000000007,-1.7053025658242404e-13,0.9999999999999996
27012,-73.95452117919923,40.78412628173828,-73.96510314941406,40.76326370239258,598.73,3625,3625,3808.37,4407.1,183.3699999999999,4.547473508864641e-13,1.0000000000000007
27013,-73.97730255126955,40.78958129882813,-73.96987915039062,40.799800872802734,223.65,3625,3625,3636.28,3859.93,11.2800000000002,-3.694822225952521e-13,0.9999999999999983
27014,-73.98251342773438,40.757057189941406,-73.98265838623048,40.77114868164063,466.37,3625,3625,-1.0,-1.0,-1,-1,0.0
27015,-74.0057601928711,40.74439239501953,-73.99645233154298,40.72211837768555,911.02,3626,3626,-1.0,-1.0,-1,-1,0.0
27016,-74.00818634033203,40.72156143188477,-73.98640441894531,40.76726150512695,906.61,3626,3626,-1.0,-1.0,-1,-1,0.0
27017,-73.9760208129883,40.75701522827149,-73.95986938476562,40.7676887512207,541.8,3626,3626,-1.0,-1.0,-1,-1,0.0
27018,-74.0013427734375,40.73202133178711,-73.98922729492188,40.72612762451172,433.17,3626,3626,-1.0,-1.0,-1,-1,0.0
27019,-73.96562957763672,40.764961242675774,-73.95964813232422,40.783180236816406,534.13,3626,3626,-1.0,-1.0,-1,-1,0.0
27020,-73.98131561279298,40.7588005065918,-73.96466827392578,40.76296615600585,556.99,3627,3627,-1.0,-1.0,-1,-1,0.0
27021,-74.00106048583984,40.74636840820313,-73.99679565429686,40.7315559387207,478.07,3627,3627,3630.0,4108.07,3.0,-2.8421709430404007e-13,0.9999999999999994
27022,-73.99697875976562,40.72056579589844,-73.93640899658203,40.85042572021485,2048.06,3627,3627,4113.78,6161.84,486.77999999999975,4.547473508864641e-13,1.0000000000000002
27023,-73.96808624267578,40.80055236816406,-73.99512481689453,40.74998092651367,1175.08,3627,3627,3684.97,4860.05,57.9699999999998,4.547473508864641e-13,1.0000000000000004
27024,-73.98611450195312,40.75812149047852,-73.95814514160156,40.78009414672852,970.44,3627,3627,3661.8,4662.78,34.80000000000018,30.53999999999951,1.0314702609125752
27025,-73.96202850341797,40.76810073852539,-73.97435760498048,40.78329086303711,497.28,3627,3627,-1.0,-1.0,-1,-1,0.0
27026,-73.99071502685547,40.75082778930664,-73.96771240234375,40.7602653503418,831.75,3628,3628,3630.29,4490.43,2.2899999999999636,28.390000000000327,1.0341328524195976
27027,-73.98190307617188,40.76159286499024,-73.96033477783203,40.77037811279297,754.09,3628,3628,3723.88,4494.7699999999995,95.88000000000011,16.799999999999386,1.0222785078704126
27028,-73.98020172119139,40.75976943969727,-73.97443389892578,40.75746154785156,282.2,3628,3628,-1.0,-1.0,-1,-1,0.0
27029,-74.00472259521484,40.72638320922852,-74.0093994140625,40.71531677246094,208.12,3628,3628,3659.4100000000003,3867.53,31.41000000000031,-1.1368683772161603e-13,0.9999999999999994
27030,-74.00627899169923,40.751373291015625,-73.96666717529298,40.75825119018555,1177.32,3628,3628,3668.59,4897.2,40.590000000000146,51.289999999999736,1.0435650460367611
27031,-73.99604034423827,40.7631721496582,-73.98136138916014,40.742130279541016,906.78,3628,3628,3637.52,4544.3,9.519999999999982,2.2737367544323206e-13,1.0000000000000002
27032,-73.9890899658203,40.74156188964844,-73.95690155029298,40.77505874633789,1000.42,3628,3628,-1.0,-1.0,-1,-1,0.0
27033,-73.98290252685547,40.76667022705078,-73.98983001708984,40.7623291015625,212.54,3628,3628,3643.29,3855.83,15.289999999999964,-2.842170943040401e-14,0.9999999999999999
27034,-73.99874114990234,40.73811721801758,-73.98816680908203,40.73479080200195,356.71,3628,3628,-1.0,-1.0,-1,-1,0.0
27035,-73.94625854492188,40.77717971801758,-73.97116088867188,40.76430130004883,785.42,3628,3628,3639.75,4425.17,11.75,1.1368683772161603e-13,1.0000000000000002
27036,-73.98059844970702,40.737709045410156,-73.99852752685547,40.734031677246094,480.29,3629,3629,3645.12,4171.5599999999995,16.11999999999989,46.14999999999958,1.0960877802994016
27037,-73.9767837524414,40.75175094604492,-73.95500183105469,40.7741813659668,660.49,3629,3629,-1.0,-1.0,-1,-1,0.0
27038,-73.98326873779298,40.77062225341797,-73.99317932128906,40.745521545410156,759.0,3629,3629,3638.37,4397.37,9.36999999999989,0.0,1.0
27039,-74.00557708740234,40.75086212158203,-73.99842834472656,40.72604370117188,744.15,3629,3629,3673.17,4476.62,44.17000000000007,59.29999999999984,1.0796882348988777
27040,-73.96890258789062,40.75464630126953,-73.99019622802734,40.725318908691406,610.56,3629,3629,-1.0,-1.0,-1,-1,0.0
27041,-73.9449691772461,40.77467346191406,-73.9610595703125,40.771881103515625,446.15,3629,3629,3648.46,4148.51,19.460000000000036,53.900000000000205,1.1208113863050548
27042,-73.98255157470702,40.76458740234375,-73.97322845458984,40.756492614746094,597.12,3629,3629,3662.41,4327.7,33.409999999999854,68.16999999999996,1.1141646570203643
27043,-73.97798919677734,40.78622055053711,-73.96491241455078,40.79832077026367,319.11,3629,3629,3703.17,4022.2799999999997,74.17000000000007,-3.410605131648481e-13,0.9999999999999989
27044,-73.9839859008789,40.727088928222656,-73.98551940917969,40.73820495605469,406.5,3630,3630,3677.11,4083.61,47.11000000000013,0.0,1.0
27045,-73.99386596679686,40.75666427612305,-73.98017883300781,40.71406555175781,1141.84,3630,3630,-1.0,-1.0,-1,-1,0.0
27046,-73.9924545288086,40.730064392089844,-73.98497772216798,40.742149353027344,392.27,3630,3630,-1.0,-1.0,-1,-1,0.0
27047,-73.96929931640625,40.75793075561523,-73.95333099365234,40.77949142456055,431.18,3630,3630,3688.78,4119.96,58.7800000000002,-1.7053025658242404e-13,0.9999999999999996
27048,-73.99932861328125,40.725059509277344,-73.9952621459961,40.74982833862305,664.38,3630,3630,-1.0,-1.0,-1,-1,0.0
27049,-74.00432586669923,40.707218170166016,-73.99217987060547,40.71747589111328,256.71,3630,3630,-1.0,-1.0,-1,-1,0.0
27050,-73.97406005859375,40.76435852050781,-73.99200439453125,40.73004531860352,960.68,3630,3630,-1.0,-1.0,-1,-1,0.0
27051,-74.0058364868164,40.74559783935547,-74.00750732421875,40.70701217651367,1096.27,3631,3631,3745.17,4841.44,114.17000000000007,-4.547473508864641e-13,0.9999999999999996
27052,-73.98833465576173,40.73162460327149,-73.97924041748048,40.74010467529297,303.58,3631,3631,3821.2,4124.78,190.19999999999982,-5.684341886080802e-14,0.9999999999999998
27053,-74.01293182373048,40.70618057250977,-73.98799133300781,40.750091552734375,1017.6,3631,3631,-1.0,-1.0,-1,-1,0.0
27054,-73.97640991210938,40.75973510742188,-73.98922729492188,40.718448638916016,1249.78,3631,3631,3666.85,4986.63,35.84999999999991,70.00000000000023,1.0560098577349615
27055,-73.95887756347656,40.77207565307617,-73.97478485107422,40.790828704833984,637.63,3631,3631,3673.79,4311.42,42.789999999999964,1.1368683772161603e-13,1.0000000000000002
27056,-73.9862289428711,40.751968383789055,-73.96466827392578,40.7749137878418,814.2,3631,3631,3664.24,4530.49,33.23999999999978,52.049999999999955,1.0639277818717758
27057,-73.99085998535155,40.745361328125,-73.98660278320312,40.737831115722656,363.2,3631,3631,3680.34,4079.62,49.340000000000146,36.07999999999976,1.0993392070484576
27058,-73.95121002197266,40.77769088745117,-73.9542236328125,40.78469848632813,224.24,3631,3631,3689.6800000000003,3913.92,58.68000000000029,-2.2737367544323206e-13,0.999999999999999
27059,-73.98623657226562,40.7345085144043,-73.97039794921875,40.755958557128906,529.27,3632,3632,-1.0,-1.0,-1,-1,0.0
27060,-73.9674530029297,40.76852035522461,-73.95606231689453,40.78458023071289,296.68,3632,3632,3683.71,3980.39,51.710000000000036,-1.7053025658242404e-13,0.9999999999999994
27061,-74.00086975097656,40.73651885986328,-73.99784851074219,40.76171875,670.94,3632,3632,3686.04,4356.98,54.039999999999964,-4.547473508864641e-13,0.9999999999999993
27062,-73.94512176513672,40.77435302734375,-73.95069122314453,40.78345489501953,289.71,3632,3632,3683.73,3973.44,51.73000000000002,5.684341886080802e-14,1.0000000000000002
27063,-73.9767074584961,40.7882080078125,-73.9283218383789,40.8650016784668,929.75,3632,3632,3820.83,4750.58,188.82999999999993,0.0,1.0
27064,-73.97658538818358,40.75356674194336,-74.00381469726562,40.7078857421875,1132.09,3632,3632,-1.0,-1.0,-1,-1,0.0
27065,-73.9771957397461,40.78985977172852,-73.99372863769531,40.74098205566406,1119.57,3632,3632,3730.54,4850.11,98.53999999999996,-2.2737367544323206e-13,0.9999999999999998
27066,-73.99091339111328,40.7302360534668,-73.99632263183594,40.72187805175781,412.17,3632,3632,3673.2999999999997,4106.33,41.29999999999973,20.860000000000184,1.0506101851177916
27067,-73.9805679321289,40.74570846557617,-74.00062561035155,40.73900985717773,534.34,3632,3632,-1.0,-1.0,-1,-1,0.0
27068,-73.98788452148438,40.724117279052734,-73.99393463134766,40.7499885559082,892.47,3633,3633,3675.14,4629.18,42.13999999999987,61.57000000000039,1.0689883133326614
27069,-73.97044372558594,40.7620506286621,-73.9824676513672,40.745429992675774,567.63,3633,3633,-1.0,-1.0,-1,-1,0.0
27070,-74.00425720214845,40.72186279296875,-74.00779724121094,40.73188018798828,337.72,3633,3633,3789.88,4127.599999999999,156.8800000000001,-6.821210263296962e-13,0.999999999999998
27071,-73.95928955078125,40.77450180053711,-73.96823120117188,40.76521682739258,317.25,3633,3633,3832.63,4149.88,199.6300000000001,0.0,1.0
27072,-73.95445251464845,40.78411865234375,-73.9681625366211,40.76795959472656,464.5,3633,3633,-1.0,-1.0,-1,-1,0.0
27073,-73.97705078125,40.7646484375,-73.99395751953125,40.74324417114258,707.3,3633,3633,-1.0,-1.0,-1,-1,0.0
27074,-73.97225189208984,40.7539176940918,-73.96598815917969,40.760475158691406,189.05,3633,3633,-1.0,-1.0,-1,-1,0.0
27075,-73.98603057861328,40.76224899291992,-74.00064849853516,40.73735809326172,728.39,3634,3634,-1.0,-1.0,-1,-1,0.0
27076,-73.94497680664062,40.80858612060547,-73.93230438232422,40.79489135742188,542.99,3634,3634,3732.82,4275.81,98.82000000000016,2.2737367544323206e-13,1.0000000000000004
27077,-73.98847198486328,40.74588012695313,-73.98645782470702,40.75912857055664,526.21,3634,3634,-1.0,-1.0,-1,-1,0.0
27078,-73.96394348144531,40.77379989624024,-73.94741821289062,40.77151107788085,468.33,3634,3634,-1.0,-1.0,-1,-1,0.0
27079,-73.96002197265625,40.7764892578125,-73.96083068847656,40.76403045654297,427.07,3635,3635,-1.0,-1.0,-1,-1,0.0
27080,-73.95860290527342,40.78108215332031,-73.96428680419923,40.80255126953125,518.2,3635,3635,3687.98,4206.18,52.98000000000002,2.2737367544323206e-13,1.0000000000000004
27081,-73.9576873779297,40.773582458496094,-73.94325256347656,40.77729034423828,340.97,3635,3635,3823.54,4164.51,188.53999999999996,2.2737367544323206e-13,1.0000000000000007
27082,-73.96404266357422,40.771263122558594,-73.97295379638672,40.79770278930664,759.49,3635,3635,-1.0,-1.0,-1,-1,0.0
27083,-74.0057144165039,40.7508659362793,-73.99425506591797,40.741127014160156,401.36,3635,3635,3763.17,4164.53,128.17000000000007,-3.410605131648481e-13,0.9999999999999991
27084,-74.00102996826173,40.73381805419922,-73.98744201660156,40.72537231445313,579.77,3635,3635,-1.0,-1.0,-1,-1,0.0
27085,-73.98905181884766,40.7536506652832,-73.96610260009766,40.794883728027344,1084.94,3635,3635,-1.0,-1.0,-1,-1,0.0
27086,-74.00287628173827,40.760459899902344,-73.9884262084961,40.77928924560547,317.25,3635,3635,-1.0,-1.0,-1,-1,0.0
27087,-74.00384521484375,40.75006103515625,-74.00462341308595,40.734413146972656,444.37,3635,3635,-1.0,-1.0,-1,-1,0.0
27088,-73.98336029052734,40.77024841308594,-73.95548248291014,40.77349090576172,815.51,3635,3635,3864.18,4679.69,229.17999999999984,-2.2737367544323206e-13,0.9999999999999997
27089,-73.98202514648438,40.76517105102539,-73.98417663574219,40.749595642089844,634.71,3635,3635,-1.0,-1.0,-1,-1,0.0
27090,-73.98149108886719,40.768470764160156,-73.9668426513672,40.793556213378906,549.76,3636,3636,-1.0,-1.0,-1,-1,0.0
27091,-73.96634674072266,40.76712036132813,-73.98021697998048,40.78982925415039,703.96,3636,3636,-1.0,-1.0,-1,-1,0.0
27092,-73.97775268554686,40.74211120605469,-73.9544448852539,40.76581954956055,585.13,3636,3636,3810.15,4395.28,174.1500000000001,-3.410605131648481e-13,0.9999999999999994
27093,-73.96367645263672,40.777191162109375,-73.97403717041014,40.784095764160156,241.59,3636,3636,-1.0,-1.0,-1,-1,0.0
27094,-73.97750091552734,40.75854110717773,-73.98238372802734,40.72409057617188,1021.73,3636,3636,-1.0,-1.0,-1,-1,0.0
27095,-73.9737548828125,40.76307678222656,-73.97476959228516,40.78806686401367,696.91,3636,3636,-1.0,-1.0,-1,-1,0.0
27096,-73.98000335693358,40.76577377319336,-73.98019409179686,40.745849609375,732.38,3637,3637,-1.0,-1.0,-1,-1,0.0
27097,-73.95890808105469,40.7835693359375,-73.9609146118164,40.759071350097656,830.37,3637,3637,3844.96,4675.33,207.96000000000004,-1.1368683772161603e-13,0.9999999999999999
27098,-73.95687866210938,40.78330993652344,-73.96915435791014,40.76119995117188,654.65,3637,3637,3660.63,4360.53,23.63000000000011,45.24999999999966,1.0691209043000072
27099,-73.9706039428711,40.76045227050781,-74.00151824951173,40.71990203857422,1128.39,3637,3637,-1.0,-1.0,-1,-1,0.0
27100,-73.99244689941406,40.72536087036133,-73.99246978759766,40.74945068359375,837.78,3638,3638,3671.12,4509.07,33.11999999999989,0.16999999999984539,1.000202917233641
27101,-73.94513702392578,40.78352737426758,-73.97856903076173,40.79088973999024,815.84,3638,3638,3834.71,4650.55,196.71000000000004,1.1368683772161603e-13,1.0000000000000002
27102,-73.97998809814453,40.78110122680664,-73.95993041992188,40.77462768554688,500.84,3638,3638,3670.46,4171.3,32.460000000000036,1.7053025658242404e-13,1.0000000000000004
27103,-73.96626281738281,40.76482391357422,-73.96514129638672,40.7752685546875,386.63,3638,3638,-1.0,-1.0,-1,-1,0.0
27104,-73.97850036621094,40.74856185913085,-73.97148132324219,40.762290954589844,476.6,3639,3639,-1.0,-1.0,-1,-1,0.0
27105,-74.0162582397461,40.71519470214844,-74.00135040283203,40.73092269897461,495.87,3639,3639,3726.92,4222.79,87.92000000000007,-1.1368683772161603e-13,0.9999999999999998
27106,-74.00817108154298,40.73802947998047,-73.98632049560547,40.752532958984375,694.05,3639,3639,-1.0,-1.0,-1,-1,0.0
27107,-73.99987030029298,40.73302459716797,-74.00621795654298,40.7232551574707,297.07,3639,3639,-1.0,-1.0,-1,-1,0.0
27108,-73.98799133300781,40.754730224609375,-73.99797058105469,40.7434196472168,279.69,3639,3639,-1.0,-1.0,-1,-1,0.0
27109,-73.96121978759766,40.774681091308594,-73.9688720703125,40.76292037963867,368.99,3639,3639,-1.0,-1.0,-1,-1,0.0
27110,-74.00804901123048,40.74538040161133,-73.9922332763672,40.74528884887695,439.43,3639,3639,3664.26,4126.32,25.26000000000022,22.629999999999484,1.0514985321894261
27111,-73.9534683227539,40.779640197753906,-73.95823669433594,40.78445816040039,256.29,3639,3639,3684.94,3982.22,45.940000000000055,40.989999999999725,1.1599360099886835
27112,-73.99191284179686,40.74917984008789,-73.9969024658203,40.760398864746094,461.04,3639,3639,-1.0,-1.0,-1,-1,0.0
27113,-73.9929962158203,40.75284957885742,-74.00798034667969,40.745429992675774,446.6,3639,3639,-1.0,-1.0,-1,-1,0.0
27114,-73.98867797851562,40.7588996887207,-74.00572967529298,40.74124526977539,590.28,3639,3639,-1.0,-1.0,-1,-1,0.0
27115,-73.9781494140625,40.748191833496094,-73.99365997314453,40.72443008422852,652.14,3639,3639,-1.0,-1.0,-1,-1,0.0
27116,-73.96584320068358,40.75452041625977,-73.99976348876955,40.72718811035156,961.34,3639,3639,-1.0,-1.0,-1,-1,0.0
27117,-73.9952392578125,40.75987243652344,-73.9710464477539,40.79309844970703,601.82,3640,3640,-1.0,-1.0,-1,-1,0.0
27118,-73.96620178222656,40.76809310913085,-73.9608154296875,40.77587890625,251.34,3640,3640,3748.5,3999.84,108.5,1.4210854715202004e-13,1.0000000000000007
27119,-73.9539337158203,40.774768829345696,-74.01171875,40.715198516845696,1397.14,3640,3640,3775.67,5172.8099999999995,135.67000000000007,-6.821210263296962e-13,0.9999999999999996
27120,-74.00421905517578,40.74245071411133,-73.99200439453125,40.71797180175781,1072.56,3640,3640,3678.38,4750.9400000000005,38.38000000000011,4.547473508864641e-13,1.0000000000000004
27121,-73.97645568847656,40.743995666503906,-73.98358154296875,40.72686004638672,369.9,3640,3640,3666.65,4084.54,26.65000000000009,47.989999999999895,1.129737766964044
27122,-73.99406433105469,40.7411994934082,-73.991943359375,40.75402069091797,445.41,3640,3640,3669.94,4136.66,29.940000000000055,21.309999999999775,1.0478435598661902
27123,-73.97267913818358,40.759464263916016,-73.99002075195312,40.74109268188477,611.9,3640,3640,-1.0,-1.0,-1,-1,0.0
27124,-73.97272491455078,40.75883865356445,-73.97550201416014,40.78957748413085,836.35,3640,3640,-1.0,-1.0,-1,-1,0.0
27125,-73.9692153930664,40.76392364501953,-73.96595764160156,40.77299499511719,292.83,3640,3640,-1.0,-1.0,-1,-1,0.0
27126,-73.99358367919923,40.734283447265625,-73.99046325683594,40.75625991821289,782.47,3640,3640,3705.59,4488.06,65.59000000000015,2.2737367544323206e-13,1.0000000000000002
27127,-74.00333404541014,40.72728729248047,-73.98973846435547,40.723140716552734,417.8,3640,3640,3736.37,4154.17,96.36999999999989,1.7053025658242404e-13,1.0000000000000004
27128,-73.98880004882812,40.75145721435547,-73.9488296508789,40.77383041381836,1060.55,3640,3640,-1.0,-1.0,-1,-1,0.0
27129,-74.00021362304686,40.73276138305664,-73.9820327758789,40.75398254394531,638.41,3641,3641,-1.0,-1.0,-1,-1,0.0
27130,-73.99518585205078,40.74979782104492,-74.0021743774414,40.739570617675774,350.16,3641,3641,-1.0,-1.0,-1,-1,0.0
27131,-73.95846557617188,40.78078842163085,-73.97138977050781,40.782527923583984,254.7,3641,3641,-1.0,-1.0,-1,-1,0.0
27132,-74.00679779052734,40.73012924194336,-73.99230194091797,40.74327850341797,433.5,3641,3641,3864.75,4298.25,223.75,0.0,1.0
27133,-73.98357391357422,40.76597213745117,-73.98040771484375,40.78292846679688,444.51,3642,3642,-1.0,-1.0,-1,-1,0.0
27134,-73.99340057373048,40.747230529785156,-73.98377990722656,40.75568008422852,366.3,3642,3642,-1.0,-1.0,-1,-1,0.0
27135,-73.97915649414062,40.73613357543945,-73.99217224121094,40.74276351928711,477.41,3642,3642,4031.76,4509.17,389.7600000000002,-1.7053025658242404e-13,0.9999999999999997
27136,-73.97528076171875,40.7530517578125,-73.9533462524414,40.776851654052734,677.78,3642,3642,3697.17,4410.96,55.17000000000007,36.00999999999999,1.0531293340021837
27137,-73.96691131591797,40.772647857666016,-73.97703552246094,40.76490020751953,388.89,3642,3642,3767.5,4156.39,125.5,3.410605131648481e-13,1.0000000000000009
27138,-73.98171997070312,40.77988052368164,-73.97767639160156,40.75502014160156,932.58,3642,3642,3693.55,4689.71,51.55000000000018,63.579999999999814,1.0681764567114884
27139,-73.98787689208984,40.75269317626953,-73.95576477050781,40.7812614440918,954.25,3642,3642,-1.0,-1.0,-1,-1,0.0
27140,-73.99486541748048,40.73171615600585,-73.9701156616211,40.7840576171875,1433.6,3643,3643,3773.21,5206.8099999999995,130.21000000000004,-4.547473508864641e-13,0.9999999999999997
27141,-73.97740173339844,40.753273010253906,-73.95073699951173,40.77488708496094,778.62,3643,3643,3681.88,4460.5,38.88000000000011,-1.1368683772161603e-13,0.9999999999999999
27142,-73.99386596679686,40.743446350097656,-73.9817657470703,40.74934387207031,372.43,3643,3643,3683.2599999999998,4076.33,40.25999999999976,20.640000000000157,1.0554198104341759
27143,-73.95548248291014,40.78271865844727,-73.97135162353516,40.76611709594727,517.03,3643,3643,-1.0,-1.0,-1,-1,0.0
27144,-73.98397064208984,40.7464714050293,-73.97760009765625,40.75502014160156,232.18,3644,3644,3666.58,3898.76,22.579999999999927,2.8421709430404007e-13,1.0000000000000013
27145,-74.0061264038086,40.704368591308594,-73.9847183227539,40.757102966308594,1374.52,3644,3644,3670.62,5121.21,26.61999999999989,76.07000000000016,1.0553429560864884
27146,-73.98741149902342,40.755226135253906,-73.9825668334961,40.74688720703125,412.96,3644,3644,-1.0,-1.0,-1,-1,0.0
27147,-73.98909759521484,40.75379943847656,-73.97431945800781,40.76131820678711,530.81,3644,3644,-1.0,-1.0,-1,-1,0.0
27148,-73.97274780273438,40.764549255371094,-73.97876739501955,40.76336288452149,201.53,3644,3644,3696.26,3897.79,52.26000000000022,-2.5579538487363607e-13,0.9999999999999988
27149,-73.96013641357422,40.79792022705078,-73.9783706665039,40.762001037597656,918.85,3644,3644,3963.33,4882.18,319.3299999999999,3.410605131648481e-13,1.0000000000000004
27150,-73.97016906738281,40.75859069824219,-73.96236419677734,40.76358413696289,277.71,3645,3645,-1.0,-1.0,-1,-1,0.0
27151,-73.9883270263672,40.75408172607422,-73.97609710693358,40.75884628295898,500.06,3645,3645,-1.0,-1.0,-1,-1,0.0
27152,-73.98534393310547,40.77843475341797,-73.97073364257811,40.7984733581543,433.28,3645,3645,3691.29,4124.57,46.289999999999964,-2.2737367544323206e-13,0.9999999999999994
27153,-73.97598266601562,40.760658264160156,-73.98593139648438,40.74409866333008,469.18,3645,3645,-1.0,-1.0,-1,-1,0.0
27154,-73.95396423339844,40.77880859375,-73.97206115722656,40.794334411621094,571.77,3645,3645,3675.34,4247.11,30.340000000000146,-4.547473508864641e-13,0.9999999999999992
27155,-74.00518035888672,40.72036743164063,-73.9950180053711,40.745059967041016,556.7,3645,3645,3805.17,4361.87,160.17000000000007,-2.2737367544323206e-13,0.9999999999999996
27156,-73.9945297241211,40.74526977539063,-73.99507904052734,40.752140045166016,236.84,3645,3645,-1.0,-1.0,-1,-1,0.0
27157,-73.99176788330078,40.75951385498047,-73.99375915527344,40.75214385986328,283.46,3645,3645,-1.0,-1.0,-1,-1,0.0
27158,-73.99724578857422,40.722076416015625,-73.96363830566406,40.77426528930664,1345.59,3645,3645,3664.95,5041.33,19.949999999999818,30.79000000000019,1.0228821557829653
27159,-73.98224639892578,40.76435852050781,-73.97920989990234,40.752647399902344,561.7,3646,3646,-1.0,-1.0,-1,-1,0.0
27160,-73.97755432128906,40.77381134033203,-73.94757843017578,40.77091598510742,771.93,3646,3646,3694.86,4503.96,48.86000000000013,37.16999999999996,1.0481520345109012
27161,-73.98548126220702,40.74212646484375,-74.00782012939453,40.74461364746094,697.65,3646,3646,-1.0,-1.0,-1,-1,0.0
27162,-73.96851348876955,40.76140594482422,-74.00894927978516,40.71609115600585,1364.44,3646,3646,3660.0,5118.52,14.0,94.08000000000038,1.0689513646624258
27163,-73.97840881347656,40.75357055664063,-73.97366333007811,40.76356887817383,383.38,3646,3646,-1.0,-1.0,-1,-1,0.0
27164,-74.0052490234375,40.72072982788085,-74.0157241821289,40.71575164794922,402.34,3646,3646,-1.0,-1.0,-1,-1,0.0
27165,-73.98240661621094,40.76785659790039,-73.98502349853516,40.75879287719727,337.19,3646,3646,-1.0,-1.0,-1,-1,0.0
27166,-73.99649810791014,40.73228454589844,-74.01216888427734,40.70799255371094,833.74,3646,3646,3751.71,4585.45,105.71000000000004,-2.2737367544323206e-13,0.9999999999999998
27167,-73.97692108154298,40.75593185424805,-73.96394348144531,40.77388000488281,403.77,3646,3646,3693.71,4097.48,47.710000000000036,-4.547473508864641e-13,0.9999999999999989
27168,-73.98023986816406,40.765419006347656,-73.98429870605469,40.74882888793945,566.46,3647,3647,3668.86,4235.32,21.860000000000127,-4.547473508864641e-13,0.9999999999999992
27169,-73.98011016845702,40.760501861572266,-73.99500274658203,40.76522445678711,478.3,3647,3647,-1.0,-1.0,-1,-1,0.0
27170,-73.9820785522461,40.767860412597656,-73.96659088134766,40.78902816772461,481.13,3647,3647,-1.0,-1.0,-1,-1,0.0
27171,-73.99419403076173,40.7613525390625,-73.95538330078125,40.77685546875,928.57,3647,3647,-1.0,-1.0,-1,-1,0.0
27172,-73.95488739013672,40.76502990722656,-73.95201110839844,40.7595100402832,392.5,3647,3647,3676.04,4068.54,29.039999999999964,0.0,1.0
27173,-73.99004364013672,40.7606315612793,-73.98283386230467,40.762882232666016,297.26,3647,3647,3693.79,3991.05,46.789999999999964,2.2737367544323206e-13,1.0000000000000007
27174,-73.99623107910156,40.76372528076172,-73.99373626708984,40.75679016113281,305.92,3647,3647,3681.2000000000003,3987.12,34.20000000000027,-3.979039320256561e-13,0.9999999999999987
27175,-73.96269226074219,40.769737243652344,-74.0040512084961,40.71929931640625,1526.23,3647,3647,-1.0,-1.0,-1,-1,0.0
27176,-73.9921646118164,40.76896667480469,-73.99121856689453,40.750579833984375,642.21,3648,3648,3700.21,4342.42,52.210000000000036,0.0,1.0
27177,-73.97872161865234,40.76200866699219,-73.9842071533203,40.75994110107422,264.38,3648,3648,-1.0,-1.0,-1,-1,0.0
27178,-73.97084045410156,40.75830841064453,-73.9832763671875,40.7397689819336,461.43,3648,3648,3695.59,4157.02,47.590000000000146,2.8421709430404007e-13,1.0000000000000007
27179,-73.97477722167969,40.79014205932617,-73.98222351074219,40.77748489379883,265.04,3648,3648,3683.0699999999997,3948.1099999999997,35.06999999999971,-5.684341886080802e-14,0.9999999999999998
27180,-73.97480010986328,40.75321960449219,-73.9844207763672,40.72497177124024,713.01,3648,3648,3685.17,4398.18,37.17000000000007,2.2737367544323206e-13,1.0000000000000002
27181,-73.98798370361328,40.74989318847656,-73.99182891845702,40.76559066772461,516.5,3648,3648,3697.23,4262.81,49.23000000000002,49.08000000000038,1.0950242013552767
27182,-73.97444915771484,40.75115966796875,-73.96273803710938,40.77531814575195,691.17,3649,3649,-1.0,-1.0,-1,-1,0.0
27183,-73.9537124633789,40.77900314331055,-73.96269226074219,40.76272964477539,473.76,3649,3649,3665.41,4184.21,16.409999999999854,45.04000000000019,1.0950692333671062
27184,-74.01152801513672,40.70410537719727,-73.98880767822266,40.73965835571289,1045.24,3649,3649,-1.0,-1.0,-1,-1,0.0
27185,-73.98794555664062,40.75291442871094,-73.99591827392578,40.7441520690918,319.02,3649,3649,-1.0,-1.0,-1,-1,0.0
27186,-73.96487426757811,40.7556266784668,-73.95142364501955,40.77427291870117,305.49,3649,3649,3808.79,4114.28,159.78999999999996,-2.2737367544323206e-13,0.9999999999999992
27187,-73.98188781738281,40.75541687011719,-73.98548889160156,40.72927856445313,853.25,3650,3650,-1.0,-1.0,-1,-1,0.0
27188,-73.98343658447266,40.74699020385742,-73.98731231689453,40.77079391479492,774.41,3650,3650,-1.0,-1.0,-1,-1,0.0
27189,-73.97593688964845,40.754730224609375,-73.98892211914062,40.74040985107422,503.69,3650,3650,-1.0,-1.0,-1,-1,0.0
27190,-73.98551177978516,40.75552368164063,-73.9973907470703,40.7174186706543,1171.86,3650,3650,-1.0,-1.0,-1,-1,0.0
27191,-73.98049926757811,40.75125122070313,-73.9861602783203,40.756778717041016,321.59,3650,3650,3687.7799999999997,4009.37,37.779999999999745,1.7053025658242404e-13,1.0000000000000004
27192,-74.00708770751955,40.72846603393555,-73.98737335205078,40.75054168701172,642.79,3650,3650,3678.84,4321.63,28.840000000000146,0.0,1.0
27193,-73.98866271972656,40.72243881225585,-73.99214172363281,40.749061584472656,917.09,3650,3650,3701.16,4636.28,51.159999999999854,18.02999999999986,1.0196600115582983
27194,-73.97250366210938,40.76237869262695,-73.93498229980467,40.79841232299805,887.37,3651,3651,3679.06,4596.03,28.059999999999945,29.599999999999795,1.0333569987716509
27195,-73.967529296875,40.77190017700195,-73.96253204345702,40.76737976074219,310.62,3652,3652,-1.0,-1.0,-1,-1,0.0
27196,-73.98974609375,40.74169158935547,-74.01184844970702,40.72039413452149,733.64,3652,3652,-1.0,-1.0,-1,-1,0.0
27197,-73.98312377929686,40.76436996459961,-73.99101257324219,40.75592041015625,464.29,3652,3652,-1.0,-1.0,-1,-1,0.0
27198,-73.95812225341797,40.76463317871094,-73.98737335205078,40.729190826416016,807.78,3652,3652,-1.0,-1.0,-1,-1,0.0
27199,-73.99356842041014,40.72184753417969,-74.00213623046875,40.73372268676758,475.72,3652,3652,3996.9,4472.62,344.9000000000001,-2.2737367544323206e-13,0.9999999999999996
27200,-73.97555541992188,40.73323440551758,-73.95284271240234,40.77845001220703,892.14,3652,3652,3921.32,4813.460000000001,269.32000000000016,7.958078640513122e-13,1.0000000000000009
27201,-73.9799270629883,40.76094055175781,-73.98359680175781,40.77091979980469,370.92,3653,3653,3685.53,4056.45,32.5300000000002,-3.979039320256561e-13,0.9999999999999989
27202,-73.97802734375,40.75247192382813,-73.98356628417969,40.72683715820313,721.78,3653,3653,-1.0,-1.0,-1,-1,0.0
27203,-74.00334167480467,40.73242950439453,-73.9881134033203,40.73616027832031,555.28,3653,3653,-1.0,-1.0,-1,-1,0.0
27204,-73.98247528076173,40.74557113647461,-73.98085021972656,40.76800155639648,786.84,3653,3653,3666.85,4522.31,13.849999999999909,68.62000000000046,1.0872095978852123
27205,-73.99431610107422,40.74608612060547,-74.00426483154298,40.74269485473633,242.82,3653,3653,-1.0,-1.0,-1,-1,0.0
27206,-73.94777679443358,40.78358840942383,-73.96411895751955,40.7638053894043,579.17,3653,3653,3660.0,4239.17,7.0,1.1368683772161603e-13,1.0000000000000002
27207,-73.98619842529298,40.76232147216797,-73.97437286376955,40.779823303222656,393.81,3653,3653,3666.69,4060.5,13.690000000000055,-5.684341886080802e-14,0.9999999999999999
27208,-73.99098205566406,40.71769714355469,-73.99321746826173,40.722251892089844,242.95,3653,3653,3893.62,4136.57,240.6199999999999,-1.7053025658242404e-13,0.9999999999999993
27209,-74.00348663330078,40.749961853027344,-73.92987060546875,40.86594009399415,1348.03,3654,3654,3682.59,5040.75,28.590000000000146,10.129999999999882,1.0075146695548318
27210,-73.9662094116211,40.764732360839844,-73.98249053955078,40.76382064819336,601.54,3654,3654,3701.98,4328.36,47.98000000000002,24.83999999999969,1.0412940120357743
27211,-73.9818801879883,40.7524528503418,-73.9671173095703,40.75764083862305,536.0,3654,3654,-1.0,-1.0,-1,-1,0.0
27212,-73.97801971435547,40.75355911254883,-74.01529693603516,40.70970916748047,1250.51,3654,3654,-1.0,-1.0,-1,-1,0.0
27213,-74.0049285888672,40.71580123901367,-73.95868682861328,40.76161575317383,1252.24,3654,3654,3736.59,4988.83,82.59000000000015,-2.2737367544323206e-13,0.9999999999999998
27214,-73.96849822998048,40.76773452758789,-73.96087646484375,40.76663589477539,311.13,3654,3654,-1.0,-1.0,-1,-1,0.0
27215,-73.97399139404298,40.783935546875,-73.95140838623048,40.785926818847656,489.99,3654,3654,3767.67,4257.66,113.67000000000007,-2.2737367544323206e-13,0.9999999999999996
27216,-73.97991180419923,40.75190353393555,-74.00836181640625,40.74902725219727,782.44,3654,3654,3663.01,4505.78,9.010000000000218,60.32999999999947,1.077104953734471
27217,-73.98771667480467,40.74396896362305,-73.9854507446289,40.73857116699219,199.75,3654,3654,-1.0,-1.0,-1,-1,0.0
27218,-73.99588012695312,40.7388916015625,-73.978271484375,40.7535285949707,575.98,3655,3655,-1.0,-1.0,-1,-1,0.0
27219,-73.97746276855469,40.76470565795898,-74.003173828125,40.72440719604492,1149.43,3655,3655,3713.51,4862.94,58.51000000000022,-6.821210263296962e-13,0.9999999999999994
27220,-73.98233795166014,40.76472473144531,-73.9910888671875,40.750038146972656,507.36,3655,3655,-1.0,-1.0,-1,-1,0.0
27221,-73.99651336669923,40.72539138793945,-73.9696273803711,40.7618408203125,1040.89,3655,3655,3906.88,4947.77,251.8800000000001,2.2737367544323206e-13,1.0000000000000002
27222,-73.97212219238281,40.759315490722656,-73.96324920654298,40.77517318725585,383.96,3655,3655,-1.0,-1.0,-1,-1,0.0
27223,-73.940673828125,40.79312515258789,-73.98719024658203,40.72244262695313,1370.89,3655,3655,3769.63,5140.52,114.63000000000011,2.2737367544323206e-13,1.0000000000000002
27224,-73.97552490234375,40.75554275512695,-73.99502563476562,40.720611572265625,1025.68,3655,3655,-1.0,-1.0,-1,-1,0.0
27225,-74.010009765625,40.72077941894531,-74.00542449951173,40.71124649047852,503.32,3656,3656,-1.0,-1.0,-1,-1,0.0
27226,-73.96430969238281,40.76448440551758,-73.96349334716798,40.7745246887207,306.66,3656,3656,3671.58,3978.24,15.579999999999927,-1.7053025658242404e-13,0.9999999999999994
27227,-73.95984649658203,40.76242065429688,-73.95625305175781,40.775611877441406,291.17,3656,3656,-1.0,-1.0,-1,-1,0.0
27228,-73.98020172119139,40.78379821777344,-73.98905944824219,40.77436447143555,233.28,3656,3656,3694.04,4006.61,38.039999999999964,79.29000000000016,1.3398919753086427
27229,-73.97938537597656,40.75557327270508,-73.96885681152342,40.7625846862793,440.45,3656,3656,-1.0,-1.0,-1,-1,0.0
27230,-74.00968933105469,40.71518325805664,-73.95342254638672,40.77953720092773,1596.55,3656,3656,3774.13,5370.68,118.13000000000011,2.2737367544323206e-13,1.0000000000000002
27231,-73.98293304443358,40.76152038574219,-73.95420837402342,40.781410217285156,927.1,3657,3657,-1.0,-1.0,-1,-1,0.0
27232,-73.98423767089844,40.75494766235352,-73.98570251464844,40.76785659790039,434.14,3657,3657,3692.05,4126.19,35.05000000000018,-5.684341886080801e-13,0.9999999999999987
27233,-74.01296997070312,40.71670913696289,-74.00872039794923,40.74132919311523,504.01,3657,3657,3716.25,4220.26,59.25,2.2737367544323206e-13,1.0000000000000004
27234,-73.98885345458984,40.754066467285156,-74.01683807373048,40.70504379272461,1114.88,3657,3657,-1.0,-1.0,-1,-1,0.0
27235,-73.99508666992188,40.73974990844727,-73.98377990722656,40.785511016845696,1042.27,3657,3657,3712.19,4754.46,55.190000000000055,0.0,1.0
27236,-73.9607162475586,40.76140975952149,-73.95496368408203,40.77737045288085,340.49,3657,3657,3692.19,4032.68,35.190000000000055,-2.2737367544323206e-13,0.9999999999999993
27237,-73.99356842041014,40.72735977172852,-73.98129272460938,40.746883392333984,534.65,3657,3657,3914.09,4448.74,257.09000000000015,-3.410605131648481e-13,0.9999999999999993
27238,-73.95379638671875,40.774879455566406,-73.98236846923827,40.74758911132813,1036.08,3657,3657,3686.5899999999997,4766.46,29.58999999999969,43.79000000000042,1.0422650760559034
27239,-73.98648071289062,40.73424911499024,-74.0043716430664,40.73070907592773,502.99,3657,3657,-1.0,-1.0,-1,-1,0.0
27240,-73.95863342285155,40.77806091308594,-73.9446563720703,40.81903076171875,886.31,3657,3657,3701.54,4587.85,44.539999999999964,4.547473508864641e-13,1.0000000000000004
27241,-74.0103988647461,40.70873260498047,-73.97658538818358,40.75175094604492,999.91,3657,3657,-1.0,-1.0,-1,-1,0.0
27242,-73.95043182373048,40.78379821777344,-73.97835540771484,40.773136138916016,755.86,3658,3658,3693.78,4496.76,35.7800000000002,47.120000000000005,1.062339586695949
27243,-74.0096435546875,40.72341918945313,-73.98931884765625,40.72116088867188,730.16,3658,3658,3662.54,4475.41,4.539999999999964,82.70999999999992,1.1132765421277526
27244,-74.01731872558595,40.704925537109375,-73.99928283691406,40.762916564941406,939.25,3658,3658,-1.0,-1.0,-1,-1,0.0
27245,-74.00491333007811,40.74666976928711,-73.9855728149414,40.76039123535156,563.51,3658,3658,-1.0,-1.0,-1,-1,0.0
27246,-73.95577239990234,40.77249145507813,-73.96626281738281,40.75804138183594,435.72,3658,3658,3660.0,4095.72,2.0,-2.2737367544323206e-13,0.9999999999999994
27247,-73.95831298828125,40.77299880981445,-73.95294952392578,40.78271484375,215.77,3658,3658,3711.95,3927.72,53.94999999999982,-2.842170943040401e-14,0.9999999999999999
27248,-74.00498962402342,40.751461029052734,-73.98280334472656,40.784950256347656,599.83,3658,3658,-1.0,-1.0,-1,-1,0.0
27249,-74.0090560913086,40.7263069152832,-73.99463653564453,40.74622344970703,554.66,3658,3658,-1.0,-1.0,-1,-1,0.0
27250,-73.97151947021484,40.754859924316406,-73.95535278320312,40.78792190551758,765.1,3659,3659,-1.0,-1.0,-1,-1,0.0
27251,-73.95281982421875,40.78644180297852,-73.9537582397461,40.77493286132813,338.83,3659,3659,3691.81,4034.98,32.809999999999945,4.340000000000089,1.0128087831655996
27252,-73.99606323242188,40.74349212646485,-74.00897979736328,40.73186492919922,372.99,3659,3659,-1.0,-1.0,-1,-1,0.0
27253,-73.98794555664062,40.744285583496094,-73.99059295654298,40.74868774414063,285.04,3659,3659,3683.26,3968.3,24.26000000000022,-5.684341886080802e-14,0.9999999999999998
27254,-73.96900177001955,40.76687240600585,-73.9552993774414,40.78284072875977,365.18,3659,3659,-1.0,-1.0,-1,-1,0.0
27255,-73.97892761230467,40.76235961914063,-73.96199035644531,40.76128005981445,626.31,3659,3659,3678.04,4381.5,19.039999999999964,77.15000000000009,1.1231818109243028
27256,-73.99154663085938,40.74958038330078,-73.97350311279298,40.74377822875977,674.66,3660,3660,-1.0,-1.0,-1,-1,0.0
27257,-73.98928070068358,40.726261138916016,-74.0043411254883,40.72298431396485,518.67,3660,3660,3809.65,4328.32,149.6500000000001,-3.410605131648481e-13,0.9999999999999993
27258,-73.98233032226562,40.77141952514648,-73.97148895263672,40.782188415527344,398.33,3660,3660,3773.08,4171.41,113.07999999999993,-5.684341886080802e-14,0.9999999999999999
27259,-73.95265197753906,40.76826858520508,-73.99324035644531,40.72769546508789,1042.57,3660,3660,3676.42,4718.99,16.420000000000073,-2.2737367544323206e-13,0.9999999999999998
27260,-73.96344757080078,40.77152633666992,-73.9533462524414,40.78329086303711,364.09,3661,3661,-1.0,-1.0,-1,-1,0.0
27261,-73.97942352294923,40.76177978515625,-73.97772216796875,40.75188064575195,487.17,3661,3661,-1.0,-1.0,-1,-1,0.0
27262,-73.98705291748048,40.73248672485352,-74.00318145751955,40.73507690429688,456.78,3661,3661,3816.04,4272.82,155.03999999999996,-2.2737367544323206e-13,0.9999999999999996
27263,-73.95303344726562,40.783050537109375,-73.96196746826173,40.77082824707031,275.48,3661,3661,3759.0,4034.48,98.0,0.0,1.0
27264,-73.9754638671875,40.74879837036133,-73.95350646972656,40.767276763916016,612.0,3661,3661,-1.0,-1.0,-1,-1,0.0
27265,-74.00859832763672,40.744815826416016,-73.99076843261719,40.72508239746094,886.33,3661,3661,3870.2,4756.53,209.19999999999982,-1.1368683772161603e-13,0.9999999999999999
27266,-73.97823333740234,40.74564743041992,-74.004150390625,40.75104904174805,762.48,3661,3661,-1.0,-1.0,-1,-1,0.0
27267,-73.9664764404297,40.75788116455078,-73.97483825683594,40.748626708984375,310.71,3661,3661,3777.46,4088.17,116.46000000000004,5.684341886080802e-14,1.0000000000000002
27268,-73.96073913574219,40.76549911499024,-73.99162292480467,40.73876953125,982.68,3662,3662,-1.0,-1.0,-1,-1,0.0
27269,-74.00093841552734,40.7469596862793,-73.98732757568358,40.73970031738281,398.45,3662,3662,3716.85,4115.3,54.84999999999991,2.8421709430404007e-13,1.0000000000000007
27270,-73.9676742553711,40.79280853271485,-73.98502349853516,40.768802642822266,485.65,3662,3662,-1.0,-1.0,-1,-1,0.0
27271,-73.98294830322266,40.763816833496094,-73.97606658935547,40.780540466308594,504.4,3662,3662,-1.0,-1.0,-1,-1,0.0
27272,-73.98172760009766,40.768638610839844,-73.98995208740234,40.74872970581055,816.18,3662,3662,-1.0,-1.0,-1,-1,0.0
27273,-73.98384857177734,40.72304916381836,-73.9827651977539,40.73883819580078,457.23,3663,3663,3755.66,4212.89,92.65999999999985,4.547473508864641e-13,1.0000000000000009
27274,-73.9823226928711,40.75784683227539,-73.97782135009766,40.77451705932617,496.57,3663,3663,-1.0,-1.0,-1,-1,0.0
27275,-73.98226928710938,40.768421173095696,-74.00279998779298,40.76057434082031,621.87,3663,3663,3967.73,4589.6,304.73,3.410605131648481e-13,1.0000000000000004
27276,-73.98741149902342,40.765491485595696,-73.98881530761719,40.74022674560547,813.18,3663,3663,3702.88,4545.84,39.88000000000011,29.780000000000086,1.0366216581814605
27277,-73.98444366455078,40.74345779418945,-73.97893524169923,40.76509094238281,780.83,3663,3663,3716.96,4514.79,53.960000000000036,16.999999999999886,1.021771704468322
27278,-73.96784210205078,40.76279067993164,-73.98577117919923,40.75616836547852,697.64,3663,3663,-1.0,-1.0,-1,-1,0.0
27279,-73.97540283203125,40.7522087097168,-73.97712707519531,40.74367141723633,273.25,3663,3663,3721.05,3994.3,58.05000000000018,0.0,1.0
27280,-73.97625732421875,40.75419998168945,-73.98269653320312,40.74599075317383,259.36,3663,3663,-1.0,-1.0,-1,-1,0.0
27281,-73.9935531616211,40.74735641479492,-74.00072479248048,40.72893524169922,447.32,3664,3664,-1.0,-1.0,-1,-1,0.0
27282,-73.97756195068358,40.76372146606445,-73.98153686523438,40.74700927734375,607.13,3664,3664,-1.0,-1.0,-1,-1,0.0
27283,-73.99065399169923,40.75644302368164,-73.95552062988281,40.78503036499024,944.16,3664,3664,3709.5,4716.0599999999995,45.5,62.39999999999952,1.066090493136756
27284,-73.97112274169923,40.75857543945313,-73.96824645996094,40.7859764099121,766.88,3664,3664,-1.0,-1.0,-1,-1,0.0
27285,-74.0010757446289,40.73149490356445,-73.97868347167969,40.790138244628906,1383.62,3664,3664,3745.84,5129.46,81.84000000000015,0.0,1.0
27286,-73.97984313964845,40.73025894165039,-73.99258422851562,40.73470306396485,301.38,3664,3664,3787.37,4088.75,123.36999999999989,1.1368683772161603e-13,1.0000000000000004
27287,-74.00984954833984,40.720970153808594,-73.98692321777342,40.765907287597656,899.82,3664,3664,3903.78,4803.6,239.7800000000002,1.1368683772161603e-13,1.0000000000000002
27288,-73.96749877929686,40.76310348510742,-73.95992279052734,40.75867080688477,324.84,3665,3665,-1.0,-1.0,-1,-1,0.0
27289,-73.97553253173827,40.792213439941406,-73.97142028808595,40.78447341918945,294.3,3665,3665,3919.23,4213.53,254.23000000000002,-2.8421709430404007e-13,0.999999999999999
27290,-73.98661041259766,40.74577331542969,-73.9740219116211,40.756702423095696,454.37,3665,3665,-1.0,-1.0,-1,-1,0.0
27291,-73.97948455810547,40.749778747558594,-73.9820327758789,40.75773620605469,401.51,3665,3665,-1.0,-1.0,-1,-1,0.0
27292,-74.01063537597656,40.71614837646485,-73.9949722290039,40.71149444580078,615.95,3666,3666,3718.5,4334.45,52.5,-2.2737367544323206e-13,0.9999999999999997
27293,-73.96585845947266,40.76200866699219,-73.98455047607422,40.76443862915039,742.12,3666,3666,3704.83,4446.95,38.82999999999993,-1.1368683772161603e-13,0.9999999999999999
27294,-73.98892974853516,40.758522033691406,-73.99830627441406,40.76100540161133,312.42,3666,3666,-1.0,-1.0,-1,-1,0.0
27295,-73.98136901855469,40.76919937133789,-73.96810150146483,40.765419006347656,399.44,3666,3666,-1.0,-1.0,-1,-1,0.0
27296,-73.97130584716798,40.75809097290039,-73.99049377441406,40.75115966796875,642.38,3666,3666,-1.0,-1.0,-1,-1,0.0
27297,-73.96906280517578,40.78557968139648,-73.94461059570312,40.8089714050293,684.78,3667,3667,3706.73,4391.51,39.73000000000002,2.2737367544323206e-13,1.0000000000000002
27298,-73.98944854736328,40.76958847045898,-73.98876190185547,40.77790451049805,215.13,3667,3667,3716.6499999999996,3979.81,49.649999999999636,48.030000000000314,1.223260354204436
27299,-73.95867919921875,40.80002212524415,-73.97754669189453,40.78874206542969,436.62,3667,3667,-1.0,-1.0,-1,-1,0.0
27300,-73.98585510253906,40.72675323486328,-73.97522735595702,40.7435302734375,367.31,3667,3667,3702.44,4069.75,35.440000000000055,-5.684341886080802e-14,0.9999999999999999
27301,-73.97764587402342,40.742130279541016,-73.99100494384766,40.73141860961913,341.7,3667,3667,3867.42,4209.12,200.42000000000007,-1.7053025658242404e-13,0.9999999999999996
27302,-73.97653198242188,40.75085067749024,-73.98454284667969,40.73713684082031,300.82,3668,3668,-1.0,-1.0,-1,-1,0.0
27303,-73.99159240722656,40.738563537597656,-73.97946166992188,40.76517868041992,871.43,3668,3668,-1.0,-1.0,-1,-1,0.0
27304,-73.95757293701173,40.76184844970703,-73.97882080078125,40.76686477661133,769.62,3669,3669,-1.0,-1.0,-1,-1,0.0
27305,-73.9559097290039,40.779014587402344,-73.95330810546875,40.77251052856445,241.04,3669,3669,3952.42,4193.46,283.4200000000001,-2.842170943040401e-14,0.9999999999999999
27306,-73.96797180175781,40.76264190673828,-73.99076843261719,40.73460006713867,743.8,3669,3669,3720.33,4503.38,51.32999999999993,39.25000000000023,1.0527695617101374
27307,-73.98206329345702,40.77112579345703,-73.9678726196289,40.75613021850585,768.61,3669,3669,-1.0,-1.0,-1,-1,0.0
27308,-73.99230194091797,40.758880615234375,-74.00404357910156,40.74598693847656,384.93,3669,3669,-1.0,-1.0,-1,-1,0.0
27309,-74.0116958618164,40.705074310302734,-73.9959487915039,40.75908660888672,1098.06,3670,3670,-1.0,-1.0,-1,-1,0.0
27310,-74.00287628173827,40.76039123535156,-73.98346710205078,40.7412223815918,846.1,3670,3670,3772.38,4618.48,102.38000000000011,-5.684341886080801e-13,0.9999999999999993
27311,-74.00202178955078,40.74058151245117,-73.94522857666014,40.77534103393555,1381.46,3670,3670,-1.0,-1.0,-1,-1,0.0
27312,-73.97203063964845,40.7548713684082,-73.95106506347656,40.78282928466797,564.93,3670,3670,-1.0,-1.0,-1,-1,0.0
27313,-73.9769515991211,40.76475143432617,-73.97810363769531,40.75393295288085,447.66,3670,3670,-1.0,-1.0,-1,-1,0.0
27314,-73.98741912841797,40.75494003295898,-74.00228881835938,40.73963928222656,449.56,3670,3670,-1.0,-1.0,-1,-1,0.0
27315,-73.99111938476562,40.75144958496094,-74.00263977050781,40.76069641113281,412.5,3670,3670,3707.12,4119.62,37.11999999999989,0.0,1.0
27316,-73.99211883544923,40.74386978149415,-73.9921875,40.74929809570313,222.3,3670,3670,3729.42,3951.72,59.42000000000007,-2.8421709430404007e-13,0.9999999999999987
27317,-73.98494720458984,40.73943328857422,-73.98133087158203,40.73405838012695,211.28,3671,3671,-1.0,-1.0,-1,-1,0.0
27318,-73.9881362915039,40.7493553161621,-73.97296142578125,40.75247573852539,506.57,3671,3671,3713.7,4220.27,42.69999999999982,6.252776074688882e-13,1.0000000000000013
27319,-73.99671173095702,40.74142074584961,-74.0041275024414,40.74140930175781,196.28,3671,3671,3716.8199999999997,3913.1,45.81999999999971,1.9895196601282805e-13,1.000000000000001
27320,-74.0121078491211,40.71389389038085,-74.0077133178711,40.73757553100585,391.47,3671,3671,-1.0,-1.0,-1,-1,0.0
27321,-73.98403930664062,40.75716018676758,-73.98355865478516,40.7557487487793,277.12,3671,3671,-1.0,-1.0,-1,-1,0.0
27322,-74.00531005859375,40.74602127075195,-73.98522186279298,40.76874923706055,520.24,3671,3671,3753.54,4273.78,82.53999999999996,-2.2737367544323206e-13,0.9999999999999996
27323,-73.9715576171875,40.76619338989258,-73.95405578613281,40.7785530090332,481.28,3671,3671,-1.0,-1.0,-1,-1,0.0
27324,-73.97257232666014,40.745960235595696,-73.97531890869139,40.75201797485352,248.12,3671,3671,3698.61,4023.35,27.610000000000127,76.61999999999978,1.308802192487505
27325,-73.97501373291014,40.76343536376953,-73.97675323486328,40.77656173706055,492.69,3671,3671,-1.0,-1.0,-1,-1,0.0
27326,-73.96502685546875,40.763858795166016,-73.95267486572266,40.78347778320313,372.84,3671,3671,-1.0,-1.0,-1,-1,0.0
27327,-73.96005249023438,40.78212356567383,-73.96759796142578,40.76604843139648,451.15,3671,3671,-1.0,-1.0,-1,-1,0.0
27328,-74.00308227539062,40.720230102539055,-73.98876953125,40.73374938964844,612.54,3671,3671,3872.36,4484.9,201.36000000000013,-4.547473508864641e-13,0.9999999999999992
27329,-74.00106811523438,40.761962890625,-73.97383880615234,40.7892951965332,568.84,3672,3672,3704.06,4287.76,32.059999999999945,14.860000000000241,1.026123338724422
27330,-73.9696044921875,40.76024627685547,-73.97352600097656,40.76487350463867,381.5,3672,3672,-1.0,-1.0,-1,-1,0.0
27331,-73.97234344482422,40.753318786621094,-73.95257568359375,40.78382873535156,633.34,3672,3672,3699.15,4332.49,27.15000000000009,-3.410605131648481e-13,0.9999999999999994
27332,-73.97850036621094,40.73673629760742,-73.98812103271484,40.7188720703125,584.03,3672,3672,3720.16,4369.6,48.159999999999854,65.41000000000054,1.1119976713525
27333,-73.98485565185547,40.74805450439453,-73.9977035522461,40.7230224609375,688.55,3672,3672,3724.54,4422.8,52.539999999999964,9.710000000000264,1.0141020986130278
27334,-73.97779846191406,40.75843811035156,-73.97785186767578,40.76227188110352,200.17,3672,3672,3690.0,3890.17,18.0,8.526512829121202e-14,1.0000000000000004
27335,-73.98508453369139,40.73640823364258,-73.96735382080078,40.76067352294922,625.9,3672,3672,-1.0,-1.0,-1,-1,0.0
27336,-73.98666381835938,40.74025344848633,-73.9677734375,40.80078125,1438.96,3672,3672,3690.01,5210.42,18.01000000000022,81.44999999999982,1.0566033802190469
27337,-73.98768615722656,40.741371154785156,-73.99102783203125,40.75852966308594,727.95,3672,3672,-1.0,-1.0,-1,-1,0.0
27338,-73.98141479492188,40.747257232666016,-73.97946166992188,40.78373336791992,1095.34,3673,3673,3728.58,4850.0,55.57999999999993,26.080000000000155,1.0238099585516827
27339,-73.96813201904298,40.75552749633789,-73.98443603515625,40.72481155395508,682.61,3673,3673,3703.9900000000002,4386.6,30.990000000000236,1.1368683772161603e-13,1.0000000000000002
27340,-73.97351837158203,40.75755310058594,-73.9591064453125,40.77172088623047,438.19,3673,3673,-1.0,-1.0,-1,-1,0.0
27341,-73.97584533691406,40.7406005859375,-73.9649429321289,40.755558013916016,242.31,3673,3673,3704.67,3946.98,31.670000000000073,-5.684341886080802e-14,0.9999999999999998
27342,-73.97277069091797,40.75542831420898,-73.98705291748048,40.76105880737305,612.87,3673,3673,-1.0,-1.0,-1,-1,0.0
27343,-73.98744201660156,40.73311233520508,-73.98584747314453,40.75784301757813,883.94,3673,3673,-1.0,-1.0,-1,-1,0.0
27344,-73.97173309326173,40.794830322265625,-73.9884033203125,40.759971618652344,859.7,3674,3674,3771.83,4631.53,97.82999999999993,-2.2737367544323206e-13,0.9999999999999998
27345,-73.97582244873048,40.7523307800293,-73.9884033203125,40.76171875,590.65,3674,3674,-1.0,-1.0,-1,-1,0.0
27346,-73.97952270507811,40.760841369628906,-73.97461700439453,40.79322052001953,856.55,3674,3674,-1.0,-1.0,-1,-1,0.0
27347,-73.9527816772461,40.77970886230469,-73.95856475830078,40.769058227539055,298.34,3674,3674,3761.82,4060.16,87.82000000000016,-2.8421709430404007e-13,0.999999999999999
27348,-73.9532699584961,40.76676940917969,-73.97469329833984,40.753318786621094,646.48,3674,3674,3720.49,4366.97,46.48999999999978,4.547473508864641e-13,1.0000000000000007
27349,-73.98048400878906,40.74785232543945,-73.98394012451173,40.75718688964844,397.43,3674,3674,3730.26,4157.89,56.26000000000022,30.200000000000102,1.0759882243413936
27350,-73.98781585693358,40.737953186035156,-73.9476089477539,40.83496856689453,1735.07,3675,3675,3707.12,5442.19,32.11999999999989,-2.2737367544323206e-13,0.9999999999999999
27351,-73.97348022460938,40.75551986694336,-73.98020172119139,40.74215698242188,354.46,3675,3675,-1.0,-1.0,-1,-1,0.0
27352,-73.97265625,40.76481628417969,-73.97951507568358,40.755775451660156,300.21,3675,3675,3724.18,4024.39,49.179999999999836,5.684341886080802e-14,1.0000000000000002
27353,-73.99410247802734,40.751140594482415,-73.98695373535155,40.75759506225585,356.09,3675,3675,3724.0,4080.09,49.0,1.7053025658242404e-13,1.0000000000000004
27354,-73.97525024414062,40.7559700012207,-73.99075317382812,40.75579071044922,596.22,3676,3676,3715.33,4311.55,39.32999999999993,2.2737367544323206e-13,1.0000000000000004
27355,-73.97525787353516,40.75259780883789,-73.98310852050781,40.76707077026367,712.06,3676,3676,-1.0,-1.0,-1,-1,0.0
27356,-73.97430419921875,40.74701690673828,-73.98439788818358,40.73320770263672,229.66,3676,3676,3718.38,3948.04,42.38000000000011,-1.4210854715202004e-13,0.9999999999999993
27357,-73.9661636352539,40.76771926879883,-73.95612335205078,40.78438949584961,362.3,3676,3676,-1.0,-1.0,-1,-1,0.0
27358,-73.994384765625,40.746185302734375,-74.0052719116211,40.74026870727539,305.53,3676,3676,-1.0,-1.0,-1,-1,0.0
27359,-74.0074462890625,40.74077224731445,-73.97956085205078,40.75253677368164,895.12,3676,3676,3812.09,4707.21,136.09000000000015,-1.1368683772161603e-13,0.9999999999999999
27360,-73.96724700927734,40.75677490234375,-73.98632049560547,40.7386131286621,562.38,3676,3676,-1.0,-1.0,-1,-1,0.0
27361,-73.9794692993164,40.76034164428711,-73.9534683227539,40.78356170654297,805.06,3676,3676,-1.0,-1.0,-1,-1,0.0
27362,-74.0081329345703,40.748619079589844,-73.98603820800781,40.737709045410156,703.8,3676,3676,3699.87,4451.15,23.86999999999989,47.47999999999979,1.0674623472577434
27363,-73.97042846679686,40.75619888305664,-73.97538757324219,40.78961181640625,930.28,3676,3676,-1.0,-1.0,-1,-1,0.0
27364,-73.98104095458984,40.7822494506836,-73.98954010009766,40.774559020996094,259.29,3676,3676,3720.99,3980.28,44.98999999999978,3.979039320256561e-13,1.0000000000000016
27365,-73.96385192871094,40.7680778503418,-73.9769287109375,40.78004837036133,571.34,3676,3676,-1.0,-1.0,-1,-1,0.0
27366,-73.9866714477539,40.76140975952149,-73.99266815185547,40.759239196777344,213.66,3676,3676,-1.0,-1.0,-1,-1,0.0
27367,-73.98371124267578,40.74406433105469,-73.98365020751955,40.754615783691406,428.04,3676,3676,3775.5,4203.54,99.5,-5.684341886080802e-14,0.9999999999999999
27368,-73.97805023193358,40.76315689086913,-73.97184753417969,40.76005554199219,278.17,3677,3677,3697.46,3975.63,20.460000000000036,5.684341886080802e-14,1.0000000000000002
27369,-74.01033020019531,40.71011352539063,-74.00859832763672,40.73945236206055,736.63,3677,3677,3721.57,4458.2,44.570000000000164,-3.410605131648481e-13,0.9999999999999996
27370,-73.96028900146483,40.76199340820313,-73.95909881591797,40.77341842651367,341.91,3677,3677,-1.0,-1.0,-1,-1,0.0
27371,-74.00408935546875,40.74034118652344,-73.94181823730467,40.78730010986328,1504.14,3677,3677,-1.0,-1.0,-1,-1,0.0
27372,-73.9856719970703,40.75698852539063,-73.98703765869139,40.73669815063477,684.39,3677,3677,3736.58,4420.97,59.57999999999993,3.410605131648481e-13,1.0000000000000004
27373,-73.99504089355469,40.755046844482415,-73.97686004638672,40.78516387939453,698.9,3677,3677,-1.0,-1.0,-1,-1,0.0
27374,-73.97962188720702,40.74687194824219,-74.00569915771484,40.71467590332031,895.35,3677,3677,-1.0,-1.0,-1,-1,0.0
27375,-73.98609924316406,40.73468017578125,-73.97665405273438,40.76409530639648,976.86,3677,3677,-1.0,-1.0,-1,-1,0.0
27376,-73.97244262695312,40.7563591003418,-73.98737335205078,40.7440185546875,503.76,3677,3677,-1.0,-1.0,-1,-1,0.0
27377,-73.96871948242188,40.76439666748047,-73.95362091064453,40.775001525878906,424.44,3677,3677,-1.0,-1.0,-1,-1,0.0
27378,-73.9852523803711,40.77356719970703,-73.98126983642578,40.78449630737305,274.72,3678,3678,3710.21,3984.93,32.210000000000036,-2.2737367544323206e-13,0.9999999999999992
27379,-74.00084686279298,40.725833892822266,-73.993408203125,40.74078369140625,352.78,3678,3678,3703.2200000000003,4056.0,25.220000000000255,-2.2737367544323206e-13,0.9999999999999993
27380,-74.00279235839844,40.76056289672852,-73.97365570068358,40.748756408691406,923.75,3678,3678,-1.0,-1.0,-1,-1,0.0
27381,-73.96658325195312,40.764324188232415,-73.9755630493164,40.75273895263672,332.18,3678,3678,-1.0,-1.0,-1,-1,0.0
27382,-73.96148681640625,40.76034927368164,-73.95777893066406,40.77376174926758,317.23,3678,3678,3708.06,4025.29,30.059999999999945,0.0,1.0
27383,-73.97474670410156,40.75367736816406,-73.9903335571289,40.75138854980469,549.46,3678,3678,-1.0,-1.0,-1,-1,0.0
27384,-73.9697265625,40.760292053222656,-73.99722290039062,40.72764205932617,908.17,3678,3678,3699.67,4662.72,21.670000000000073,54.88000000000022,1.060429214794587
27385,-73.9763946533203,40.77580642700195,-73.99327850341797,40.75533676147461,643.5,3679,3679,3851.04,4494.54,172.03999999999996,0.0,1.0
27386,-73.97643280029298,40.76410675048828,-73.95021057128906,40.77729415893555,755.43,3679,3679,3722.92,4485.28,43.92000000000007,6.929999999999723,1.0091735832572173
27387,-73.98767852783203,40.77059555053711,-73.96207427978516,40.80559158325195,593.87,3679,3679,3715.69,4309.56,36.690000000000055,3.410605131648481e-13,1.0000000000000007
27388,-73.989501953125,40.735931396484375,-73.9925765991211,40.75143051147461,613.81,3679,3679,3733.79,4347.6,54.789999999999964,4.547473508864641e-13,1.0000000000000007
27389,-73.97114562988281,40.79533767700195,-73.94300079345702,40.8058967590332,739.79,3679,3679,3728.0,4522.33,49.0,54.539999999999964,1.0737236242717527
27390,-73.99462890625,40.75483322143555,-73.9920196533203,40.72994995117188,814.08,3680,3680,3717.55,4542.55,37.55000000000018,10.919999999999959,1.0134139150943395
27391,-73.98794555664062,40.74377059936523,-73.99082946777342,40.756107330322266,504.95,3680,3680,3794.75,4299.7,114.75,-1.7053025658242404e-13,0.9999999999999997
27392,-73.96986389160156,40.79961395263672,-73.98226165771484,40.775146484375,508.51,3680,3680,3700.75,4251.26,20.75,42.00000000000023,1.0825942459342004
27393,-73.96708679199219,40.762672424316406,-73.97769165039062,40.774391174316406,506.61,3680,3680,-1.0,-1.0,-1,-1,0.0
27394,-73.96707916259766,40.76070022583008,-73.94396209716798,40.78955078125,547.42,3681,3681,3761.3,4308.72,80.30000000000018,1.1368683772161603e-13,1.0000000000000002
27395,-74.00886535644531,40.713882446289055,-73.98890686035155,40.75877380371094,1046.84,3681,3681,-1.0,-1.0,-1,-1,0.0
27396,-73.98248291015625,40.75667572021485,-73.95814514160156,40.76699447631836,770.37,3681,3681,3725.13,4495.5,44.13000000000011,-1.1368683772161603e-13,0.9999999999999999
27397,-73.97380828857422,40.76333999633789,-73.9854965209961,40.74459838867188,570.39,3681,3681,3728.789999999999,4299.1799999999985,47.789999999999054,-5.684341886080801e-13,0.999999999999999
27398,-73.99452209472656,40.73632049560547,-73.97864532470702,40.745132446289055,497.69,3681,3681,-1.0,-1.0,-1,-1,0.0
27399,-74.00523376464844,40.746257781982415,-74.00840759277344,40.73314666748047,413.52,3681,3681,-1.0,-1.0,-1,-1,0.0
27400,-73.98025512695312,40.78236770629883,-73.98197937011719,40.76862335205078,415.39,3681,3681,3731.65,4147.04,50.65000000000009,-1.1368683772161603e-13,0.9999999999999998
27401,-73.96729278564453,40.76939010620117,-73.9728012084961,40.785587310791016,433.33,3681,3681,-1.0,-1.0,-1,-1,0.0
27402,-73.93547058105469,40.800289154052734,-73.94412231445312,40.81467819213867,496.06,3682,3682,4497.38,4993.44,815.3800000000001,-5.115907697472721e-13,0.999999999999999
27403,-73.98187255859375,40.74909973144531,-73.95314025878906,40.78178024291992,866.53,3682,3682,-1.0,-1.0,-1,-1,0.0
27404,-73.98870086669923,40.76356887817383,-73.99124145507811,40.7501106262207,520.89,3682,3682,3695.43,4216.32,13.429999999999836,-1.1368683772161603e-13,0.9999999999999998
27405,-74.00302124023438,40.74939346313477,-73.98786163330078,40.73543167114258,650.2,3682,3682,-1.0,-1.0,-1,-1,0.0
27406,-73.98149871826173,40.7409553527832,-73.99008178710938,40.75026321411133,567.66,3682,3682,3703.47,4271.13,21.4699999999998,3.410605131648481e-13,1.0000000000000007
27407,-73.95307159423827,40.77988052368164,-73.9393081665039,40.79188919067383,295.83,3682,3682,3733.37,4029.2,51.36999999999989,-5.684341886080802e-14,0.9999999999999998
27408,-73.99047088623048,40.751380920410156,-74.0011978149414,40.74551773071289,288.34,3682,3682,3727.96,4044.78,45.960000000000036,28.48000000000019,1.0987722827217874
27409,-73.96307373046875,40.76248550415039,-73.98175048828125,40.758209228515625,722.41,3682,3682,3716.27,4477.9,34.26999999999998,39.219999999999686,1.0542904998546527
27410,-73.98955535888672,40.75389099121094,-74.01551055908203,40.71574020385742,940.01,3683,3683,-1.0,-1.0,-1,-1,0.0
27411,-73.97640228271484,40.73969650268555,-73.99064636230467,40.75098419189453,627.14,3683,3683,3717.27,4362.79,34.26999999999998,18.379999999999995,1.0293076506043308
27412,-73.98833465576173,40.72786712646485,-74.00022888183594,40.73052597045898,380.7,3683,3683,3934.33,4315.03,251.32999999999993,-1.7053025658242404e-13,0.9999999999999996
27413,-73.97521209716798,40.750099182128906,-73.96144866943358,40.76025772094727,361.02,3683,3683,-1.0,-1.0,-1,-1,0.0
27414,-73.99138641357422,40.74998092651367,-73.97982025146483,40.76530838012695,677.97,3683,3683,3722.41,4400.38,39.409999999999854,2.2737367544323206e-13,1.0000000000000004
27415,-73.98914337158203,40.7529296875,-74.00460052490234,40.7420654296875,421.8,3683,3683,-1.0,-1.0,-1,-1,0.0
27416,-74.00809478759766,40.73831558227539,-73.94493865966798,40.80833053588867,1537.22,3683,3683,-1.0,-1.0,-1,-1,0.0
27417,-73.99126434326173,40.73975372314453,-73.9794921875,40.75259780883789,543.71,3683,3683,-1.0,-1.0,-1,-1,0.0
27418,-74.00536346435547,40.73945236206055,-74.01435089111328,40.7036018371582,811.9,3683,3683,3722.77,4571.299999999999,39.76999999999998,36.62999999999931,1.0451163936445367
27419,-74.00585174560547,40.74021911621094,-73.95877838134766,40.77573013305664,1394.49,3683,3683,-1.0,-1.0,-1,-1,0.0
27420,-74.00885009765625,40.704193115234375,-73.98624420166014,40.72622680664063,512.94,3683,3683,4019.84,4532.78,336.84000000000015,-4.547473508864641e-13,0.9999999999999991
27421,-73.97440338134766,40.75109481811523,-73.98538970947266,40.75778579711913,529.8,3683,3683,3741.92,4271.72,58.92000000000007,2.2737367544323206e-13,1.0000000000000004
27422,-74.0037841796875,40.737552642822266,-73.97967529296875,40.728382110595696,752.79,3683,3683,3759.45,4512.24,76.44999999999982,0.0,1.0
27423,-73.95075988769531,40.7859001159668,-73.95964050292969,40.81401062011719,809.71,3683,3683,3783.25,4592.96,100.25,0.0,1.0
27424,-73.99123382568358,40.74955749511719,-73.95704650878906,40.76827621459961,1065.92,3683,3683,3722.94,4788.86,39.940000000000055,-4.547473508864641e-13,0.9999999999999996
27425,-74.00283813476562,40.76047134399415,-73.98887634277344,40.76339721679688,402.03,3684,3684,-1.0,-1.0,-1,-1,0.0
27426,-73.96568298339844,40.768646240234375,-74.00248718261719,40.74486923217773,1111.07,3684,3684,-1.0,-1.0,-1,-1,0.0
27427,-73.99493408203125,40.740028381347656,-74.01532745361328,40.70999145507813,842.19,3684,3684,3877.83,4720.02,193.82999999999993,4.547473508864641e-13,1.0000000000000004
27428,-73.9627227783203,40.799076080322266,-73.93930053710938,40.82123947143555,681.12,3684,3684,3860.42,4541.54,176.42000000000007,-1.1368683772161603e-13,0.9999999999999998
27429,-73.94818878173827,40.77647018432617,-73.99349212646483,40.72166061401367,1322.98,3684,3684,3690.0,5125.14,6.0,112.16000000000031,1.0847783035268865
27430,-73.96687316894531,40.793941497802734,-73.96077728271484,40.79930877685547,201.54,3684,3684,-1.0,-1.0,-1,-1,0.0
27431,-73.98494720458984,40.76913833618164,-73.992919921875,40.76681137084961,235.29,3684,3684,3718.57,3953.86,34.570000000000164,-2.842170943040401e-14,0.9999999999999999
27432,-74.00402069091797,40.72606658935547,-73.98039245605469,40.760757446289055,811.29,3685,3685,3696.04,4507.33,11.039999999999964,0.0,1.0
27433,-73.97374725341797,40.755950927734375,-73.9835433959961,40.75884628295898,492.91,3685,3685,-1.0,-1.0,-1,-1,0.0
27434,-73.95941162109375,40.77695846557617,-73.9811248779297,40.78206634521485,538.19,3685,3685,-1.0,-1.0,-1,-1,0.0
27435,-73.9724884033203,40.75959777832031,-73.99928283691406,40.7395896911621,859.81,3685,3685,-1.0,-1.0,-1,-1,0.0
27436,-73.97319793701173,40.7929916381836,-73.96068572998048,40.815650939941406,433.23,3685,3685,3719.13,4152.36,34.13000000000011,-4.547473508864641e-13,0.999999999999999
27437,-74.01422882080078,40.70461654663085,-74.00450897216798,40.74233627319336,674.63,3686,3686,3764.24,4438.87,78.23999999999978,1.1368683772161603e-13,1.0000000000000002
27438,-73.98977661132812,40.7350959777832,-74.0016098022461,40.73945617675781,316.47,3686,3686,3742.11,4058.58,56.11000000000013,-2.2737367544323206e-13,0.9999999999999993
27439,-73.9537124633789,40.77539825439453,-73.95438385009766,40.76626586914063,277.99,3686,3686,3855.59,4133.58,169.59000000000015,-2.2737367544323206e-13,0.9999999999999992
27440,-73.984130859375,40.73426818847656,-74.01181030273438,40.71490097045898,944.48,3686,3686,3792.42,4736.9,106.42000000000007,-4.547473508864641e-13,0.9999999999999996
27441,-74.00631713867188,40.71482849121094,-74.00457763671875,40.73091125488281,396.04,3686,3686,3704.69,4145.43,18.690000000000055,44.700000000000216,1.1128673871326134
27442,-73.9540023803711,40.76405334472656,-73.97608947753906,40.780540466308594,794.71,3686,3686,-1.0,-1.0,-1,-1,0.0
27443,-73.99851989746094,40.764102935791016,-73.99015808105469,40.75263977050781,534.84,3686,3686,-1.0,-1.0,-1,-1,0.0
27444,-73.98441314697266,40.75971221923828,-73.97621154785155,40.751407623291016,515.16,3686,3686,3718.2,4234.46,32.19999999999982,1.1000000000002501,1.0021352589486767
27445,-73.98078155517578,40.74205017089844,-74.00792694091797,40.7397689819336,838.09,3686,3686,-1.0,-1.0,-1,-1,0.0
27446,-73.96209716796875,40.764503479003906,-73.95088195800781,40.77477645874024,251.46,3687,3687,3694.58,3974.63,7.579999999999927,28.590000000000174,1.113696015270819
27447,-74.00901794433594,40.72615051269531,-73.9640884399414,40.79216766357422,1309.83,3687,3687,-1.0,-1.0,-1,-1,0.0
27448,-73.99015045166014,40.759010314941406,-73.97564697265625,40.76036834716797,511.65,3687,3687,-1.0,-1.0,-1,-1,0.0
27449,-73.93846893310547,40.79613494873047,-73.96018981933594,40.76288986206055,723.23,3687,3687,4526.91,5250.14,839.9099999999999,4.547473508864641e-13,1.0000000000000007
27450,-73.98799133300781,40.71878051757813,-73.97734069824219,40.72742080688477,389.38,3687,3687,3755.13,4144.51,68.13000000000011,1.1368683772161603e-13,1.0000000000000002
27451,-73.9437026977539,40.79580307006836,-73.99263000488281,40.74338150024415,1566.59,3687,3687,-1.0,-1.0,-1,-1,0.0
27452,-73.96370697021484,40.76158905029297,-73.97336578369139,40.74858474731445,310.01,3688,3688,-1.0,-1.0,-1,-1,0.0
27453,-73.9688949584961,40.754261016845696,-73.96675872802734,40.76052856445313,222.55,3688,3688,3724.85,3947.4,36.84999999999991,1.7053025658242404e-13,1.0000000000000007
27454,-73.99364471435547,40.75639343261719,-74.00695037841797,40.741661071777344,424.32,3688,3688,-1.0,-1.0,-1,-1,0.0
27455,-73.97107696533203,40.7552490234375,-73.97901916503906,40.76670837402344,613.38,3688,3688,-1.0,-1.0,-1,-1,0.0
27456,-73.9920654296875,40.743953704833984,-74.00270080566406,40.74452209472656,280.84,3688,3688,-1.0,-1.0,-1,-1,0.0
27457,-73.97350311279298,40.75017547607422,-73.95890808105469,40.76357650756836,430.81,3688,3688,-1.0,-1.0,-1,-1,0.0
27458,-73.99710845947266,40.76293563842773,-74.00341033935547,40.74375534057617,434.55,3689,3689,3746.91,4181.46,57.909999999999854,1.7053025658242404e-13,1.0000000000000004
27459,-73.9537582397461,40.764812469482415,-73.96429443359375,40.766380310058594,433.16,3689,3689,-1.0,-1.0,-1,-1,0.0
27460,-73.97274017333984,40.75601577758789,-73.98899078369139,40.736640930175774,498.33,3689,3689,3733.59,4231.92,44.590000000000146,-5.684341886080802e-14,0.9999999999999999
27461,-73.98953247070312,40.76956176757813,-73.95999908447266,40.77066421508789,724.67,3689,3689,-1.0,-1.0,-1,-1,0.0
27462,-74.0032730102539,40.71377944946289,-73.9926528930664,40.72829055786133,450.83,3689,3689,-1.0,-1.0,-1,-1,0.0
27463,-73.9787826538086,40.74598693847656,-73.99358367919923,40.75886535644531,754.0,3689,3689,3705.25,4459.25,16.25,0.0,1.0
27464,-73.96239471435547,40.77057647705078,-73.9690933227539,40.759071350097656,415.17,3689,3689,3722.54,4137.71,33.539999999999964,5.684341886080802e-14,1.0000000000000002
27465,-74.00419616699219,40.73122024536133,-73.99794006347656,40.7213134765625,492.61,3689,3689,3737.96,4230.57,48.960000000000036,-3.410605131648481e-13,0.9999999999999993
27466,-73.98306274414062,40.75096130371094,-73.99861145019531,40.73725891113281,395.54,3690,3690,3699.01,4094.55,9.010000000000218,-5.684341886080802e-14,0.9999999999999999
27467,-73.97439575195312,40.75651550292969,-73.98717498779298,40.72087097167969,1034.26,3690,3690,-1.0,-1.0,-1,-1,0.0
27468,-73.98817443847656,40.75967788696289,-73.9578857421875,40.783016204833984,817.32,3690,3690,3690.98,4508.3,0.9800000000000182,1.1368683772161603e-13,1.0000000000000002
27469,-73.95674896240234,40.778079986572266,-73.9627227783203,40.76604843139648,390.86,3690,3690,-1.0,-1.0,-1,-1,0.0
27470,-73.97021484375,40.762371063232415,-73.96334838867188,40.76878356933594,243.38,3690,3690,-1.0,-1.0,-1,-1,0.0
27471,-74.002685546875,40.76064682006836,-73.98993682861328,40.75059509277344,493.03,3690,3690,-1.0,-1.0,-1,-1,0.0
27472,-73.98104858398438,40.76909255981445,-73.9533462524414,40.78358840942383,730.62,3690,3690,-1.0,-1.0,-1,-1,0.0
27473,-73.99847412109375,40.76044464111328,-73.99915313720702,40.73956298828125,554.06,3690,3690,3690.0,4244.06,0.0,4.547473508864641e-13,1.0000000000000009
27474,-73.9737777709961,40.75740051269531,-73.95491790771484,40.76915740966797,525.44,3690,3690,-1.0,-1.0,-1,-1,0.0
27475,-73.97399139404298,40.76306915283203,-73.9566879272461,40.78384017944336,491.85,3691,3691,-1.0,-1.0,-1,-1,0.0
27476,-73.97486877441406,40.75289535522461,-73.9842300415039,40.740318298339844,256.16,3691,3691,-1.0,-1.0,-1,-1,0.0
27477,-73.97483825683594,40.76395034790039,-73.95114135742188,40.80849075317383,1071.66,3691,3691,-1.0,-1.0,-1,-1,0.0
27478,-73.97579193115234,40.76066589355469,-73.96659851074219,40.76719665527344,378.6,3691,3691,-1.0,-1.0,-1,-1,0.0
27479,-73.97218322753906,40.75743103027344,-74.01654052734375,40.70816040039063,1170.05,3691,3691,-1.0,-1.0,-1,-1,0.0
27480,-73.96771240234375,40.76020812988281,-73.9535598754883,40.77539825439453,375.39,3691,3691,3803.67,4179.06,112.67000000000007,3.410605131648481e-13,1.0000000000000009
27481,-73.97434234619139,40.757720947265625,-73.97517395019531,40.73514175415039,660.84,3691,3691,-1.0,-1.0,-1,-1,0.0
27482,-73.99844360351562,40.745262145996094,-73.9823989868164,40.75664520263672,502.89,3691,3691,3722.94,4292.22,31.940000000000055,66.39000000000021,1.132016942074808
27483,-73.97754669189453,40.75468063354492,-73.97972106933594,40.76063919067383,284.63,3691,3691,-1.0,-1.0,-1,-1,0.0
27484,-73.9924087524414,40.73778533935547,-74.00633239746094,40.721927642822266,511.36,3692,3692,-1.0,-1.0,-1,-1,0.0
27485,-73.99889373779298,40.71365356445313,-74.01587677001955,40.70999526977539,542.23,3692,3692,-1.0,-1.0,-1,-1,0.0
27486,-73.9781951904297,40.75652694702149,-73.99514770507811,40.744964599609375,490.72,3692,3692,-1.0,-1.0,-1,-1,0.0
27487,-73.98089599609375,40.75064086914063,-73.95648193359375,40.78170776367188,740.87,3692,3692,-1.0,-1.0,-1,-1,0.0
27488,-73.992919921875,40.7480583190918,-74.00664520263672,40.73630142211913,400.25,3692,3692,3744.06,4196.34,52.059999999999945,52.0300000000002,1.1299937539038105
27489,-73.97922515869139,40.75560760498047,-73.95376586914062,40.77091598510742,788.93,3692,3692,3736.79,4525.72,44.789999999999964,3.410605131648481e-13,1.0000000000000004
27490,-73.94882202148438,40.7765998840332,-74.01447296142578,40.71529006958008,1375.97,3693,3693,3779.83,5155.799999999999,86.82999999999993,-6.821210263296962e-13,0.9999999999999996
27491,-73.99978637695312,40.72443771362305,-74.00524139404298,40.7407341003418,509.5,3693,3693,-1.0,-1.0,-1,-1,0.0
27492,-73.96309661865234,40.76927185058594,-73.95301818847656,40.780029296875,257.98,3693,3693,3852.5,4110.4800000000005,159.5,4.547473508864641e-13,1.0000000000000018
27493,-73.97746276855469,40.73855209350585,-73.97711181640625,40.75192260742188,399.75,3693,3693,3722.5,4122.25,29.5,0.0,1.0
27494,-73.9582290649414,40.76890563964844,-73.99568176269531,40.73332977294922,1126.34,3693,3693,3808.71,4935.05,115.71000000000004,2.2737367544323206e-13,1.0000000000000002
27495,-73.97122955322266,40.74710464477539,-73.96337127685547,40.75790023803711,185.94,3693,3693,3752.75,3938.69,59.75,5.684341886080802e-14,1.0000000000000002
27496,-73.97876739501955,40.7825927734375,-73.952880859375,40.81930541992188,648.29,3693,3693,3749.83,4398.12,56.82999999999993,0.0,1.0
27497,-73.97412109375,40.74263000488281,-73.97492218017578,40.75085067749024,193.41,3693,3693,3743.43,3936.84,50.429999999999836,3.126388037344441e-13,1.0000000000000016
27498,-73.98321533203125,40.74778747558594,-73.95412445068358,40.77207946777344,791.43,3693,3693,-1.0,-1.0,-1,-1,0.0
27499,-73.97853851318358,40.75723648071289,-73.9915313720703,40.73533248901367,529.64,3693,3693,3741.89,4271.53,48.88999999999987,-1.1368683772161603e-13,0.9999999999999998
27500,-73.98212432861328,40.76200485229492,-73.95380401611328,40.774898529052734,895.32,3693,3693,-1.0,-1.0,-1,-1,0.0
27501,-74.0006332397461,40.72621154785156,-74.00415802001955,40.74277877807617,525.37,3694,3694,3867.83,4393.2,173.82999999999993,-1.1368683772161603e-13,0.9999999999999998
27502,-73.99264526367188,40.72385787963867,-73.97856903076173,40.72011184692383,357.23,3694,3694,3749.29,4106.52,55.289999999999964,4.547473508864641e-13,1.0000000000000013
27503,-73.95536804199219,40.78852081298828,-73.96797943115234,40.76551055908203,573.98,3694,3694,3785.08,4359.06,91.07999999999993,4.547473508864641e-13,1.0000000000000009
27504,-74.0047149658203,40.73455047607422,-73.9918441772461,40.71450805664063,979.69,3694,3694,-1.0,-1.0,-1,-1,0.0
27505,-73.97399139404298,40.7631950378418,-73.98688507080078,40.74537658691406,468.93,3694,3694,3728.789999999999,4197.719999999998,34.789999999999054,-6.252776074688882e-13,0.9999999999999987
27506,-73.99684143066406,40.725528717041016,-74.0069808959961,40.73297119140625,309.72,3694,3694,-1.0,-1.0,-1,-1,0.0
27507,-73.98033142089844,40.770179748535156,-73.97139739990234,40.78620147705078,384.25,3694,3694,-1.0,-1.0,-1,-1,0.0
27508,-73.96865844726562,40.754707336425774,-73.97882843017578,40.74794387817383,331.54,3694,3694,-1.0,-1.0,-1,-1,0.0
27509,-74.01581573486328,40.71132278442383,-73.99224090576173,40.76427841186523,867.18,3694,3694,3814.12,4681.3,120.11999999999989,3.410605131648481e-13,1.0000000000000004
27510,-73.97328186035155,40.74824905395508,-73.9855728149414,40.72767639160156,419.69,3694,3694,3873.12,4292.81,179.1199999999999,5.115907697472721e-13,1.000000000000001
27511,-73.98885345458984,40.76353454589844,-73.99427032470702,40.74609756469727,573.64,3695,3695,3754.21,4327.849999999999,59.210000000000036,-5.684341886080801e-13,0.999999999999999
27512,-73.97051239013672,40.76482391357422,-73.9538803100586,40.7705307006836,443.64,3695,3695,-1.0,-1.0,-1,-1,0.0
27513,-73.96952819824219,40.7850456237793,-73.94552612304686,40.795265197753906,515.66,3695,3695,3748.42,4264.08,53.42000000000007,-1.1368683772161603e-13,0.9999999999999998
27514,-73.98268127441406,40.76201248168945,-73.97616577148438,40.76587677001953,280.8,3695,3695,3723.88,4004.68,28.88000000000011,-2.8421709430404007e-13,0.999999999999999
27515,-73.9925308227539,40.75324630737305,-73.99447631835938,40.76583862304688,473.96,3695,3695,3767.83,4241.79,72.82999999999993,5.684341886080802e-14,1.0000000000000002
27516,-73.95124053955078,40.77777862548828,-73.98074340820312,40.77827835083008,658.3,3695,3695,3886.74,4545.04,191.73999999999978,2.2737367544323206e-13,1.0000000000000004
27517,-74.00830078125,40.74699401855469,-74.00138092041014,40.72391891479492,686.88,3695,3695,-1.0,-1.0,-1,-1,0.0
27518,-73.95599365234375,40.77978897094727,-73.9760208129883,40.7881088256836,419.99,3695,3695,3790.58,4210.57,95.57999999999993,-2.2737367544323206e-13,0.9999999999999994
27519,-73.98133087158203,40.764007568359375,-73.98896789550781,40.75329208374024,341.38,3695,3695,3723.71,4065.09,28.710000000000036,1.1368683772161603e-13,1.0000000000000002
27520,-74.00428009033203,40.721923828125,-74.0013198852539,40.73457717895508,393.21,3695,3695,3897.99,4291.2,202.98999999999978,5.684341886080802e-14,1.0000000000000002
27521,-73.97390747070312,40.757591247558594,-73.96829986572266,40.76208877563477,219.53,3696,3696,-1.0,-1.0,-1,-1,0.0
27522,-73.96782684326173,40.79244995117188,-73.97962188720702,40.78424835205078,272.78,3696,3696,3900.55,4173.33,204.55000000000018,-2.2737367544323206e-13,0.9999999999999991
27523,-73.95001983642578,40.7846794128418,-73.9571762084961,40.78271865844727,253.22,3696,3696,4471.71,4724.93,775.71,2.5579538487363607e-13,1.000000000000001
27524,-74.00374603271484,40.7483787536621,-73.98196411132812,40.74650573730469,664.77,3696,3696,-1.0,-1.0,-1,-1,0.0
27525,-73.97200775146483,40.756511688232415,-73.97586822509766,40.74866104125977,262.84,3696,3696,-1.0,-1.0,-1,-1,0.0
27526,-73.98187255859375,40.74633026123047,-73.97659301757811,40.76240921020508,586.72,3696,3696,-1.0,-1.0,-1,-1,0.0
27527,-73.99114227294923,40.73955154418945,-74.0006103515625,40.74151992797852,266.0,3696,3696,-1.0,-1.0,-1,-1,0.0
27528,-73.96882629394531,40.75451278686523,-73.97998046875,40.73237228393555,509.25,3696,3696,-1.0,-1.0,-1,-1,0.0
27529,-74.00589752197266,40.7358283996582,-73.98429107666014,40.754371643066406,639.96,3697,3697,3829.59,4469.55,132.59000000000015,0.0,1.0
27530,-73.98070526123048,40.78292846679688,-73.97479248046875,40.79079818725585,195.09,3697,3697,3842.49,4037.58,145.48999999999978,1.4210854715202004e-13,1.0000000000000007
27531,-73.98473358154298,40.74555206298828,-73.99171447753906,40.742988586425774,263.55,3697,3697,3754.76,4018.31,57.76000000000022,-2.8421709430404007e-13,0.9999999999999989
27532,-73.97474670410156,40.75318145751953,-73.98208618164062,40.73922729492188,321.12,3697,3697,-1.0,-1.0,-1,-1,0.0
27533,-73.98966217041014,40.725929260253906,-74.01053619384766,40.71815872192383,739.6,3697,3697,3741.87,4481.47,44.86999999999989,3.410605131648481e-13,1.0000000000000004
27534,-73.9798126220703,40.743431091308594,-73.980712890625,40.75830841064453,626.07,3697,3697,-1.0,-1.0,-1,-1,0.0
27535,-73.97024536132812,40.76180648803711,-73.98505401611328,40.76777648925781,563.67,3697,3697,3746.59,4310.26,49.590000000000146,1.1368683772161603e-13,1.0000000000000002
27536,-73.98162078857422,40.73261260986328,-73.98247528076173,40.73123550415039,182.91,3697,3697,-1.0,-1.0,-1,-1,0.0
27537,-73.9701614379883,40.785659790039055,-73.94579315185547,40.77370834350585,615.62,3698,3698,3726.66,4349.81,28.659999999999854,7.530000000000541,1.0122315714239312
27538,-73.96714782714845,40.80371856689453,-73.9632110595703,40.774238586425774,785.3,3698,3698,4619.16,5404.46,921.1599999999999,2.2737367544323206e-13,1.0000000000000002
27539,-73.97791290283203,40.77862930297852,-73.97052764892578,40.7676010131836,446.62,3698,3698,3802.04,4248.66,104.03999999999996,-1.1368683772161603e-13,0.9999999999999998
27540,-73.98774719238281,40.724700927734375,-74.0086898803711,40.73046112060547,640.47,3698,3698,3798.84,4439.31,100.84000000000015,2.2737367544323206e-13,1.0000000000000004
27541,-74.0085678100586,40.7335090637207,-73.98570251464844,40.75255966186523,706.67,3698,3698,3821.04,4527.71,123.03999999999996,1.1368683772161603e-13,1.0000000000000002
27542,-73.99409484863281,40.728340148925774,-73.97909545898438,40.74989318847656,676.44,3698,3698,3728.15,4487.88,30.15000000000009,83.28999999999996,1.1231299154396546
27543,-73.9745864868164,40.75571823120117,-73.99154663085938,40.7497444152832,672.37,3698,3698,-1.0,-1.0,-1,-1,0.0
27544,-73.99313354492188,40.73559188842773,-73.98055267333984,40.727989196777344,506.87,3699,3699,-1.0,-1.0,-1,-1,0.0
27545,-73.98979187011719,40.7675666809082,-74.00260162353516,40.760704040527344,359.1,3699,3699,-1.0,-1.0,-1,-1,0.0
27546,-74.00740814208984,40.72499465942383,-73.98582458496094,40.72775268554688,642.28,3699,3699,3847.04,4489.32,148.03999999999996,-2.2737367544323206e-13,0.9999999999999997
27547,-73.9708480834961,40.764347076416016,-73.96150207519531,40.771427154541016,310.09,3699,3699,-1.0,-1.0,-1,-1,0.0
27548,-74.00184631347656,40.741172790527344,-73.97762298583984,40.726806640625,808.87,3699,3699,-1.0,-1.0,-1,-1,0.0
27549,-73.9857406616211,40.78044128417969,-73.97357177734375,40.78969955444336,311.87,3699,3699,-1.0,-1.0,-1,-1,0.0
27550,-73.97824859619139,40.75791931152344,-73.98245239257811,40.77254104614258,565.13,3699,3699,-1.0,-1.0,-1,-1,0.0
27551,-73.96270751953125,40.76694869995117,-73.95333862304686,40.76746368408203,256.13,3699,3699,-1.0,-1.0,-1,-1,0.0
27552,-73.97708129882812,40.71939086914063,-73.99948120117188,40.719573974609375,752.63,3699,3699,3758.4,4540.91,59.40000000000009,29.879999999999768,1.039700782589054
27553,-73.96791076660156,40.802406311035156,-73.97975158691406,40.76602554321289,861.04,3700,3700,4119.04,4980.080000000001,419.03999999999996,9.094947017729282e-13,1.000000000000001
27554,-73.98040771484375,40.754600524902344,-73.95621490478516,40.772773742675774,792.76,3700,3700,-1.0,-1.0,-1,-1,0.0
27555,-73.95375061035155,40.76697540283203,-73.98995971679686,40.7235107421875,958.74,3700,3700,-1.0,-1.0,-1,-1,0.0
27556,-73.94571685791014,40.77371597290039,-73.96328735351562,40.77794647216797,517.03,3700,3700,3720.0,4277.44,20.0,40.40999999999963,1.0781579405450354
27557,-73.99250030517578,40.75355529785156,-74.0046615600586,40.72237014770508,789.31,3700,3700,-1.0,-1.0,-1,-1,0.0
27558,-73.98273468017578,40.77565383911133,-73.98699951171875,40.779090881347656,238.25,3700,3700,-1.0,-1.0,-1,-1,0.0
27559,-73.9869842529297,40.75102615356445,-73.98480224609375,40.76847839355469,676.39,3700,3700,-1.0,-1.0,-1,-1,0.0
27560,-73.9921875,40.74912643432617,-73.98788452148438,40.76481628417969,631.24,3700,3700,3736.82,4368.06,36.820000000000164,2.2737367544323206e-13,1.0000000000000004
27561,-73.98296356201173,40.76177978515625,-73.9595718383789,40.80879592895508,1003.31,3700,3700,3728.83,4816.83,28.829999999999927,84.69000000000005,1.0844106009109846
27562,-73.99165344238281,40.74985122680664,-73.98753356933594,40.71992111206055,1014.58,3701,3701,3732.32,4746.9,31.320000000000164,-5.684341886080801e-13,0.9999999999999994
27563,-73.95900726318358,40.77509307861328,-73.9563217163086,40.781494140625,211.16,3701,3701,3726.52,3937.68,25.519999999999982,-1.4210854715202004e-13,0.9999999999999993
27564,-73.9787368774414,40.7542839050293,-73.96395111083984,40.75688934326172,479.99,3701,3701,-1.0,-1.0,-1,-1,0.0
27565,-74.0089111328125,40.7190055847168,-73.9998779296875,40.73457336425781,424.75,3702,3702,3757.04,4181.79,55.039999999999964,0.0,1.0
27566,-73.99667358398438,40.72394180297852,-74.00627136230467,40.7342529296875,442.9,3702,3702,-1.0,-1.0,-1,-1,0.0
27567,-73.99473571777342,40.74048614501953,-73.9925308227539,40.75612258911133,586.22,3702,3702,3721.19,4307.41,19.190000000000055,-2.2737367544323206e-13,0.9999999999999997
27568,-73.94090270996094,40.804931640625,-73.93714141845702,40.79783630371094,269.29,3702,3702,3867.09,4136.38,165.09000000000015,-5.684341886080802e-14,0.9999999999999998
27569,-73.95633697509766,40.76628494262695,-73.98160552978516,40.73703384399415,679.42,3702,3702,-1.0,-1.0,-1,-1,0.0
27570,-73.97115325927734,40.76066589355469,-73.98456573486328,40.75973129272461,534.58,3703,3703,-1.0,-1.0,-1,-1,0.0
27571,-73.99185943603516,40.74424362182617,-74.0078125,40.75123977661133,438.75,3703,3703,-1.0,-1.0,-1,-1,0.0
27572,-73.98887634277344,40.77724075317383,-73.97927856445312,40.767051696777344,446.74,3703,3703,3807.66,4254.4,104.65999999999985,-2.2737367544323206e-13,0.9999999999999994
27573,-73.97967529296875,40.766090393066406,-74.0090103149414,40.746746063232415,829.66,3703,3703,-1.0,-1.0,-1,-1,0.0
27574,-73.97434997558594,40.75371551513672,-73.98483276367188,40.721580505371094,835.46,3703,3703,3785.5,4655.09,82.5,34.13000000000011,1.040851746343332
27575,-74.00537872314453,40.72361755371094,-73.99291229248048,40.725341796875,366.17,3703,3703,3756.67,4161.16,53.67000000000007,38.319999999999766,1.1046508452358188
27576,-73.9578628540039,40.76530838012695,-73.95195770263672,40.77811813354492,226.25,3703,3703,3857.42,4083.67,154.42000000000007,0.0,1.0
27577,-73.99646759033203,40.74808120727539,-73.9646987915039,40.755821228027344,913.39,3703,3703,-1.0,-1.0,-1,-1,0.0
27578,-73.99022674560547,40.74641036987305,-73.97792053222656,40.75410842895508,395.38,3703,3703,-1.0,-1.0,-1,-1,0.0
27579,-73.9631576538086,40.7741813659668,-73.96021270751955,40.7588005065918,656.86,3704,3704,3730.8,4387.66,26.800000000000182,-3.410605131648481e-13,0.9999999999999994
27580,-73.99234771728516,40.74330520629883,-73.97345733642578,40.75823211669922,680.02,3704,3704,3747.9,4427.92,43.90000000000009,0.0,1.0
27581,-73.97126007080078,40.761207580566406,-73.99723052978516,40.72285461425781,1132.97,3704,3704,-1.0,-1.0,-1,-1,0.0
27582,-73.97553253173827,40.7520751953125,-73.98252868652342,40.74287414550781,199.41,3704,3704,3733.66,3933.07,29.659999999999854,3.126388037344441e-13,1.0000000000000016
27583,-73.97853851318358,40.75291442871094,-73.98062896728516,40.72484970092773,824.69,3704,3704,-1.0,-1.0,-1,-1,0.0
27584,-74.00286102294923,40.76042556762695,-73.97802734375,40.75159072875977,759.92,3704,3704,-1.0,-1.0,-1,-1,0.0
27585,-73.95993041992188,40.7735481262207,-73.98161315917969,40.780418395996094,609.6,3704,3704,3887.79,4497.39,183.78999999999996,3.410605131648481e-13,1.0000000000000007
27586,-73.97540283203125,40.758567810058594,-73.99152374267578,40.74431228637695,560.51,3704,3704,-1.0,-1.0,-1,-1,0.0
27587,-73.9880599975586,40.74848556518555,-74.0010757446289,40.74163055419922,421.5,3704,3704,-1.0,-1.0,-1,-1,0.0
27588,-73.97825622558594,40.75255584716797,-73.97882843017578,40.76708984375,565.13,3705,3705,-1.0,-1.0,-1,-1,0.0
27589,-73.95592498779298,40.76802062988281,-73.96509552001955,40.7558479309082,408.82,3705,3705,-1.0,-1.0,-1,-1,0.0
27590,-73.9940414428711,40.7617301940918,-73.9913558959961,40.750083923339844,526.61,3705,3705,3742.65,4269.26,37.65000000000009,1.1368683772161603e-13,1.0000000000000002
27591,-73.9664077758789,40.78923034667969,-73.95004272460938,40.80968856811523,466.3,3705,3705,3720.0,4186.3,15.0,1.7053025658242404e-13,1.0000000000000004
27592,-74.0107879638672,40.709720611572266,-73.99488830566406,40.75007247924805,933.41,3706,3706,-1.0,-1.0,-1,-1,0.0
27593,-73.99913024902342,40.72000503540039,-73.98759460449219,40.71990203857422,526.41,3706,3706,-1.0,-1.0,-1,-1,0.0
27594,-73.96621704101562,40.76765441894531,-73.9501724243164,40.77989959716797,497.64,3706,3706,3759.78,4313.93,53.7800000000002,56.510000000000105,1.1135559842456397
27595,-73.991943359375,40.72644424438477,-74.00672149658203,40.72013854980469,539.19,3706,3706,3741.54,4280.73,35.539999999999964,-4.547473508864641e-13,0.9999999999999991
27596,-73.9681625366211,40.78662872314453,-73.9681167602539,40.752540588378906,1163.44,3706,3706,3753.83,4917.27,47.82999999999993,4.547473508864641e-13,1.0000000000000004
27597,-73.98977661132812,40.73860168457031,-74.00823974609375,40.73796463012695,557.92,3706,3706,3793.7,4351.62,87.69999999999982,1.1368683772161603e-13,1.0000000000000002
27598,-73.9784164428711,40.76356887817383,-73.96287536621094,40.80433654785156,867.83,3706,3706,-1.0,-1.0,-1,-1,0.0
27599,-73.98240661621094,40.7746467590332,-73.9759521484375,40.79066848754883,398.9,3706,3706,3794.45,4193.35,88.44999999999982,5.684341886080801e-13,1.0000000000000013
27600,-73.99150848388672,40.72728729248047,-74.00686645507811,40.708351135253906,780.85,3706,3706,3870.99,4651.84,164.98999999999978,3.410605131648481e-13,1.0000000000000004
27601,-73.98184967041014,40.78340530395508,-73.95063781738281,40.77113342285156,774.09,3706,3706,3759.91,4534.0,53.909999999999854,1.1368683772161603e-13,1.0000000000000002
27602,-73.97908782958984,40.78510665893555,-73.95989990234375,40.805339813232415,456.18,3707,3707,3817.58,4273.76,110.57999999999993,2.8421709430404007e-13,1.0000000000000007
27603,-73.9831771850586,40.76810836791992,-73.97107696533203,40.78830337524415,535.29,3707,3707,-1.0,-1.0,-1,-1,0.0
27604,-74.00743103027342,40.740909576416016,-73.98313903808595,40.769378662109375,811.91,3707,3707,-1.0,-1.0,-1,-1,0.0
27605,-73.98514556884766,40.76394271850585,-73.95499420166014,40.77323532104492,805.17,3707,3707,-1.0,-1.0,-1,-1,0.0
27606,-73.95999145507811,40.7822265625,-73.99004364013672,40.77573013305664,674.24,3707,3707,-1.0,-1.0,-1,-1,0.0
27607,-74.00684356689453,40.725791931152344,-73.97393798828125,40.74315643310547,912.51,3707,3707,-1.0,-1.0,-1,-1,0.0
27608,-73.98558807373048,40.7677116394043,-73.9744415283203,40.76479721069336,334.07,3708,3708,-1.0,-1.0,-1,-1,0.0
27609,-73.98790740966798,40.75952911376953,-73.98777770996094,40.74140167236328,676.69,3708,3708,3734.21,4415.73,26.210000000000036,4.8299999999994725,1.0071376849074163
27610,-74.0082778930664,40.71159744262695,-74.0025634765625,40.72137069702149,331.32,3708,3708,-1.0,-1.0,-1,-1,0.0
27611,-73.97713470458984,40.75873565673828,-73.9948959350586,40.75042343139648,636.74,3708,3708,-1.0,-1.0,-1,-1,0.0
27612,-73.96127319335938,40.765132904052734,-73.97062683105469,40.751777648925774,358.72,3708,3708,-1.0,-1.0,-1,-1,0.0
27613,-73.99542236328125,40.74391174316406,-74.00346374511719,40.73194122314453,252.66,3708,3708,-1.0,-1.0,-1,-1,0.0
27614,-74.00894927978516,40.726470947265625,-73.98686218261719,40.75101089477539,741.77,3708,3708,-1.0,-1.0,-1,-1,0.0
27615,-73.99166870117188,40.72692108154297,-73.99346160888672,40.72150039672852,200.76,3708,3708,-1.0,-1.0,-1,-1,0.0
27616,-73.99754333496094,40.75668716430664,-73.97376251220702,40.753021240234375,766.12,3709,3709,3720.0,4486.12,11.0,-1.1368683772161603e-13,0.9999999999999999
27617,-73.99923706054686,40.71778106689453,-74.00234985351562,40.726558685302734,400.93,3709,3709,-1.0,-1.0,-1,-1,0.0
27618,-73.98709869384766,40.74259948730469,-73.96951293945312,40.7854881286621,1080.59,3709,3709,-1.0,-1.0,-1,-1,0.0
27619,-73.98197174072266,40.72827911376953,-73.98560333251955,40.7231330871582,194.22,3709,3709,3748.88,3979.48,39.88000000000011,36.37999999999991,1.1873133559880544
27620,-73.98265075683594,40.73127365112305,-73.97408294677734,40.724624633789055,303.15,3709,3709,3923.0,4226.15,214.0,-3.410605131648481e-13,0.9999999999999989
27621,-73.9974594116211,40.72444152832031,-73.99838256835938,40.73532104492188,344.29,3710,3710,-1.0,-1.0,-1,-1,0.0
27622,-73.96428680419923,40.77056884765625,-73.99331665039062,40.72790908813477,1225.97,3710,3710,-1.0,-1.0,-1,-1,0.0
27623,-73.98345947265625,40.74412155151367,-73.99932861328125,40.74402618408203,456.71,3710,3710,-1.0,-1.0,-1,-1,0.0
27624,-73.98783874511719,40.764961242675774,-74.00748443603516,40.72566223144531,983.38,3710,3710,-1.0,-1.0,-1,-1,0.0
27625,-73.98941802978516,40.75773239135742,-74.00810241699219,40.74390411376953,567.31,3710,3710,3755.36,4322.67,45.36000000000013,0.0,1.0
27626,-73.98831176757811,40.76421356201172,-73.98855590820312,40.75881576538085,282.24,3710,3710,-1.0,-1.0,-1,-1,0.0
27627,-73.99359130859375,40.75561141967773,-73.98605346679686,40.752647399902344,266.13,3711,3711,3844.0,4110.13,133.0,1.1368683772161603e-13,1.0000000000000004
27628,-73.9544677734375,40.78984069824219,-73.93994903564453,40.79389953613281,344.68,3711,3711,3981.62,4326.3,270.6199999999999,2.8421709430404007e-13,1.0000000000000009
27629,-73.98548126220702,40.7528190612793,-73.99954223632812,40.72871017456055,728.13,3711,3711,-1.0,-1.0,-1,-1,0.0
27630,-73.99822235107422,40.72620010375977,-74.00187683105469,40.74502944946289,564.93,3711,3711,3747.71,4356.85,36.710000000000036,44.21000000000038,1.0782574832280112
27631,-74.00579833984375,40.74113082885742,-74.00508880615234,40.72795867919922,376.51,3711,3711,3732.54,4109.05,21.539999999999964,2.2737367544323206e-13,1.0000000000000007
27632,-73.9775161743164,40.7645263671875,-73.97628021240234,40.74876022338867,637.67,3711,3711,3799.88,4437.55,88.88000000000011,1.1368683772161603e-13,1.0000000000000002
27633,-73.96021270751955,40.76129150390625,-73.98079681396483,40.73817825317383,573.61,3711,3711,-1.0,-1.0,-1,-1,0.0
27634,-73.99212646484375,40.743648529052734,-74.00273132324219,40.75040054321289,333.12,3711,3711,3761.48,4157.93,50.48000000000002,63.33000000000027,1.1901116714697415
27635,-73.99369049072266,40.74700164794922,-73.99060821533203,40.76639938354492,572.01,3711,3711,3798.54,4370.55,87.53999999999996,2.2737367544323206e-13,1.0000000000000004
27636,-73.99585723876955,40.75419616699219,-74.00761413574219,40.74097442626953,409.15,3711,3711,-1.0,-1.0,-1,-1,0.0
27637,-73.96585083007811,40.754638671875,-73.97930908203125,40.75601577758789,546.09,3712,3712,3755.03,4301.12,43.0300000000002,-3.410605131648481e-13,0.9999999999999993
27638,-73.97891235351562,40.763084411621094,-73.96521759033203,40.80364227294922,879.12,3712,3712,3756.41,4674.73,44.409999999999854,39.199999999999704,1.0445900445900442
27639,-73.9925079345703,40.74280548095703,-73.97644805908203,40.73969268798828,446.21,3712,3712,3721.97,4168.18,9.9699999999998,5.115907697472721e-13,1.000000000000001
27640,-73.9742202758789,40.75622177124024,-73.95757293701173,40.77023696899415,531.19,3712,3712,-1.0,-1.0,-1,-1,0.0
27641,-73.99088287353516,40.76079177856445,-73.98792266845702,40.7441291809082,644.55,3712,3712,-1.0,-1.0,-1,-1,0.0
27642,-73.9885025024414,40.71988296508789,-73.99881744384766,40.74302291870117,892.47,3712,3712,3980.91,4873.38,268.90999999999985,2.2737367544323206e-13,1.0000000000000002
27643,-73.99789428710938,40.73286056518555,-73.98749542236328,40.7506217956543,538.69,3712,3712,-1.0,-1.0,-1,-1,0.0
27644,-73.97442626953125,40.75474166870117,-73.9793472290039,40.74619674682617,193.38,3712,3712,3769.3,3962.68,57.30000000000018,-3.410605131648481e-13,0.9999999999999982
27645,-73.99571990966798,40.73894119262695,-74.00674438476562,40.72020721435547,479.79,3712,3712,3746.7,4282.27,34.69999999999982,55.7800000000006,1.1162591967319049
27646,-73.99054718017578,40.74591445922852,-73.9840087890625,40.737979888916016,387.08,3712,3712,-1.0,-1.0,-1,-1,0.0
27647,-73.97218322753906,40.75067138671875,-73.988037109375,40.74393844604492,496.63,3712,3712,3941.12,4437.75,229.1199999999999,1.1368683772161603e-13,1.0000000000000002
27648,-73.97483825683594,40.76437377929688,-73.96902465820312,40.79861068725585,957.77,3713,3713,-1.0,-1.0,-1,-1,0.0
27649,-73.9838333129883,40.7553939819336,-73.97611999511719,40.76112365722656,328.17,3713,3713,-1.0,-1.0,-1,-1,0.0
27650,-73.98312377929686,40.74673080444336,-73.9875717163086,40.775821685791016,908.54,3713,3713,-1.0,-1.0,-1,-1,0.0
27651,-73.95655822753906,40.78401184082031,-73.97600555419923,40.77607345581055,473.17,3713,3713,-1.0,-1.0,-1,-1,0.0
27652,-74.00177764892578,40.746849060058594,-73.96649169921875,40.77024841308594,1012.04,3713,3713,-1.0,-1.0,-1,-1,0.0
27653,-73.97933197021484,40.746864318847656,-73.98942565917969,40.73616790771485,294.16,3714,3714,3725.19,4019.35,11.190000000000055,-1.7053025658242404e-13,0.9999999999999994
27654,-73.96653747558594,40.76752853393555,-74.00270080566406,40.760608673095696,898.13,3714,3714,-1.0,-1.0,-1,-1,0.0
27655,-73.98979187011719,40.7385368347168,-74.00558471679686,40.7301025390625,437.37,3714,3714,3741.08,4178.45,27.079999999999927,-1.1368683772161603e-13,0.9999999999999998
27656,-73.97999572753906,40.74575424194336,-73.98008728027342,40.73261260986328,395.24,3714,3714,-1.0,-1.0,-1,-1,0.0
27657,-74.00758361816406,40.714710235595696,-74.0162582397461,40.706459045410156,370.82,3714,3714,-1.0,-1.0,-1,-1,0.0
27658,-73.9913558959961,40.760417938232415,-73.9303207397461,40.86139297485352,1267.46,3714,3714,3728.51,5064.839999999999,14.510000000000218,68.86999999999898,1.0543370204976874
27659,-74.00546264648438,40.75108337402344,-73.98725128173827,40.72906112670898,832.72,3714,3714,-1.0,-1.0,-1,-1,0.0
27660,-73.98519134521484,40.738990783691406,-73.9918670654297,40.76932144165039,1114.87,3714,3714,-1.0,-1.0,-1,-1,0.0
27661,-73.97993469238281,40.76188659667969,-73.98233795166014,40.77113342285156,335.41,3714,3714,-1.0,-1.0,-1,-1,0.0
27662,-73.98504638671875,40.736328125,-73.99526977539062,40.74943923950195,613.17,3715,3715,-1.0,-1.0,-1,-1,0.0
27663,-73.9848098754883,40.765785217285156,-73.98049926757811,40.777992248535156,323.89,3715,3715,-1.0,-1.0,-1,-1,0.0
27664,-73.97676849365234,40.755348205566406,-73.9783706665039,40.76469039916992,397.67,3715,3715,-1.0,-1.0,-1,-1,0.0
27665,-73.99447631835938,40.745887756347656,-73.99367523193358,40.73054504394531,439.66,3715,3715,3767.4,4207.06,52.40000000000009,2.8421709430404007e-13,1.0000000000000007
27666,-74.00516510009766,40.721336364746094,-73.99343872070312,40.746490478515625,609.04,3715,3715,-1.0,-1.0,-1,-1,0.0
27667,-73.99060821533203,40.7463493347168,-73.95133209228516,40.80467224121094,1497.63,3715,3715,3738.5,5288.54,23.5,52.409999999999854,1.0349952925622483
27668,-73.96442413330078,40.77337646484375,-73.95389556884766,40.784759521484375,269.63,3715,3715,3835.08,4104.71,120.07999999999993,1.1368683772161603e-13,1.0000000000000004
27669,-73.96724700927734,40.75754165649415,-73.9535140991211,40.768550872802734,355.86,3715,3715,-1.0,-1.0,-1,-1,0.0
27670,-74.00006866455078,40.72858047485352,-73.98880767822266,40.73052978515625,342.59,3716,3716,-1.0,-1.0,-1,-1,0.0
27671,-73.97125244140625,40.79801940917969,-73.98161315917969,40.78023147583008,360.78,3716,3716,3736.49,4139.2699999999995,20.48999999999978,41.99999999999977,1.1164144353899876
27672,-73.98812866210938,40.73279190063477,-73.99382781982422,40.74586868286133,585.05,3716,3716,-1.0,-1.0,-1,-1,0.0
27673,-73.99978637695312,40.74422073364258,-74.00928497314453,40.72434997558594,584.65,3716,3716,3722.95,4364.37,6.949999999999818,56.770000000000095,1.0971008295561449
27674,-74.00637817382812,40.73312759399415,-74.00003051757811,40.725486755371094,458.47,3716,3716,3751.83,4210.3,35.82999999999993,2.2737367544323206e-13,1.0000000000000004
27675,-73.98228454589844,40.77015686035156,-73.97457885742188,40.75647354125977,624.23,3716,3716,3724.46,4434.78,8.460000000000036,86.08999999999969,1.137913909937042
27676,-73.95475006103516,40.7653694152832,-73.95272827148438,40.78669357299805,550.09,3716,3716,3774.41,4324.5,58.409999999999854,1.1368683772161603e-13,1.0000000000000002
27677,-73.97989654541014,40.77605056762695,-73.99500274658203,40.71855163574219,1716.39,3716,3716,3818.16,5534.55,102.15999999999985,2.2737367544323206e-13,1.0000000000000002
27678,-73.98432922363281,40.726428985595696,-73.97489166259766,40.73284149169922,332.2,3716,3716,3818.75,4150.95,102.75,-1.7053025658242404e-13,0.9999999999999994
27679,-74.01543426513672,40.71105194091797,-73.98682403564453,40.72266006469727,734.2,3716,3716,3741.64,4475.84,25.639999999999873,2.2737367544323206e-13,1.0000000000000002
27680,-73.97412872314453,40.76164627075195,-73.99925994873048,40.731407165527344,755.84,3717,3717,3760.78,4516.62,43.7800000000002,-3.410605131648481e-13,0.9999999999999996
27681,-73.97570037841797,40.75949096679688,-73.96656036376955,40.76139831542969,364.42,3717,3717,-1.0,-1.0,-1,-1,0.0
27682,-73.97949981689453,40.77125549316406,-73.95767211914062,40.768516540527344,553.25,3717,3717,3769.17,4322.42,52.17000000000007,0.0,1.0
27683,-73.9598159790039,40.78220748901367,-73.95438385009766,40.77412796020508,336.25,3717,3717,-1.0,-1.0,-1,-1,0.0
27684,-73.95147705078125,40.7700424194336,-73.95732879638672,40.78277969360352,441.5,3717,3717,3740.33,4223.7,23.329999999999927,41.86999999999989,1.0948357870894674
27685,-73.96427917480467,40.77132415771485,-73.96902465820312,40.78530883789063,394.67,3717,3717,-1.0,-1.0,-1,-1,0.0
27686,-73.97801208496094,40.76337814331055,-73.99181365966798,40.77424240112305,539.42,3717,3717,-1.0,-1.0,-1,-1,0.0
27687,-73.9871597290039,40.73894882202149,-73.96484375,40.755821228027344,568.53,3717,3717,-1.0,-1.0,-1,-1,0.0
27688,-73.97805023193358,40.75087356567383,-73.97216796875,40.76228332519531,399.83,3717,3717,-1.0,-1.0,-1,-1,0.0
27689,-73.98269653320312,40.7591667175293,-73.94794464111328,40.77635955810547,974.35,3717,3717,3771.54,4792.04,54.539999999999964,46.14999999999998,1.04736490993996
27690,-73.9742431640625,40.76184844970703,-73.98820495605469,40.73945236206055,618.39,3718,3718,3766.66,4385.05,48.659999999999854,3.410605131648481e-13,1.0000000000000004
27691,-74.01033782958984,40.71176528930664,-73.99586486816406,40.71878051757813,588.43,3718,3718,-1.0,-1.0,-1,-1,0.0
27692,-73.97318267822266,40.76399612426758,-73.97003173828125,40.79963302612305,926.88,3718,3718,-1.0,-1.0,-1,-1,0.0
27693,-73.98351287841797,40.74978256225585,-74.00009155273438,40.73058319091797,457.83,3718,3718,-1.0,-1.0,-1,-1,0.0
27694,-73.99079132080078,40.73741149902344,-74.00940704345702,40.72602081298828,637.9,3718,3718,-1.0,-1.0,-1,-1,0.0
27695,-73.99730682373048,40.7376708984375,-74.00489044189453,40.74074172973633,205.21,3718,3718,3726.04,3931.25,8.039999999999964,2.842170943040401e-14,1.0000000000000002
27696,-73.99351501464844,40.756980895996094,-73.98426818847656,40.73857116699219,703.07,3718,3718,-1.0,-1.0,-1,-1,0.0
27697,-73.9761962890625,40.7572135925293,-73.9886474609375,40.75680923461913,464.42,3718,3718,-1.0,-1.0,-1,-1,0.0
27698,-73.97290802001955,40.75600814819336,-73.97257232666014,40.74786758422852,325.8,3719,3719,-1.0,-1.0,-1,-1,0.0
27699,-73.96147155761719,40.75648880004883,-73.97007751464845,40.7616081237793,443.67,3720,3720,3728.33,4172.0,8.329999999999927,5.684341886080802e-14,1.0000000000000002
27700,-73.97220611572266,40.76559066772461,-73.97959899902342,40.747703552246094,605.97,3720,3720,-1.0,-1.0,-1,-1,0.0
27701,-73.99382019042969,40.7467041015625,-73.99128723144531,40.72994613647461,543.62,3721,3721,3756.19,4299.81,35.190000000000055,3.410605131648481e-13,1.0000000000000007
27702,-73.98921966552734,40.73612976074219,-73.98412322998048,40.73836898803711,198.23,3721,3721,3861.12,4059.35,140.1199999999999,2.842170943040401e-14,1.0000000000000002
27703,-74.00638580322266,40.73314666748047,-73.99163055419923,40.74248123168945,378.92,3721,3721,-1.0,-1.0,-1,-1,0.0
27704,-74.00817108154298,40.738128662109375,-74.00480651855469,40.722801208496094,456.16,3721,3721,-1.0,-1.0,-1,-1,0.0
27705,-73.97431945800781,40.757320404052734,-73.95585632324219,40.77613067626953,545.22,3721,3721,-1.0,-1.0,-1,-1,0.0
27706,-73.98094940185547,40.73783874511719,-73.98195648193358,40.7293701171875,253.66,3721,3721,3793.75,4047.41,72.75,-1.4210854715202004e-13,0.9999999999999994
27707,-73.98208618164062,40.77717590332031,-73.9537353515625,40.7880744934082,678.25,3721,3721,3852.11,4530.36,131.11000000000013,-4.547473508864641e-13,0.9999999999999993
27708,-73.97621154785155,40.76013946533203,-73.98446655273438,40.76055908203125,278.91,3722,3722,-1.0,-1.0,-1,-1,0.0
27709,-73.9840087890625,40.74375915527344,-73.98140716552734,40.7627182006836,739.67,3722,3722,-1.0,-1.0,-1,-1,0.0
27710,-73.97405242919923,40.76372528076172,-73.97486877441406,40.74175643920898,812.04,3722,3722,-1.0,-1.0,-1,-1,0.0
27711,-73.98688507080078,40.74513626098633,-73.98117065429686,40.7339973449707,421.49,3722,3722,-1.0,-1.0,-1,-1,0.0
27712,-74.0160903930664,40.7113151550293,-74.00347900390625,40.735496520996094,598.15,3723,3723,3750.0,4348.15,27.0,-3.410605131648481e-13,0.9999999999999994
27713,-73.94717407226562,40.78363800048828,-73.98249816894531,40.77243041992188,834.19,3723,3723,3892.41,4726.6,169.40999999999985,4.547473508864641e-13,1.0000000000000004
27714,-73.9705810546875,40.75193405151367,-73.98085021972656,40.75601577758789,436.33,3723,3723,3807.87,4244.2,84.86999999999989,-5.684341886080802e-14,0.9999999999999999
27715,-73.98806762695312,40.7746467590332,-73.94103240966798,40.82400131225585,1079.09,3723,3723,-1.0,-1.0,-1,-1,0.0
27716,-73.9605484008789,40.76634216308594,-73.96869659423827,40.764427185058594,297.7,3723,3723,-1.0,-1.0,-1,-1,0.0
27717,-73.99449920654298,40.72612380981445,-73.98992156982422,40.7345085144043,302.5,3723,3723,3911.08,4213.58,188.07999999999993,0.0,1.0
27718,-73.98603057861328,40.75904846191406,-74.00493621826173,40.71892929077149,1195.17,3723,3723,-1.0,-1.0,-1,-1,0.0
27719,-73.99034118652342,40.7409782409668,-73.98941802978516,40.73022079467773,381.17,3723,3723,3776.5,4157.67,53.5,5.684341886080802e-14,1.0000000000000002
27720,-73.99304962158203,40.75317001342773,-74.00176239013672,40.745941162109375,261.34,3723,3723,-1.0,-1.0,-1,-1,0.0
27721,-73.97606658935547,40.74835586547852,-73.98095703125,40.72497177124024,620.65,3723,3723,3784.92,4405.57,61.92000000000007,-3.410605131648481e-13,0.9999999999999994
27722,-73.98367309570312,40.74326705932617,-74.00312805175781,40.72430038452149,596.22,3724,3724,-1.0,-1.0,-1,-1,0.0
27723,-73.95720672607422,40.76608657836913,-73.95384216308594,40.78758239746094,537.41,3724,3724,3782.11,4319.5199999999995,58.11000000000013,-5.684341886080801e-13,0.9999999999999989
27724,-73.95857238769531,40.76399993896485,-73.99967193603516,40.7192611694336,1383.26,3724,3724,3829.5,5212.76,105.5,2.2737367544323206e-13,1.0000000000000002
27725,-73.9947280883789,40.72605514526367,-74.00061798095702,40.72209167480469,289.8,3724,3724,-1.0,-1.0,-1,-1,0.0
27726,-73.97550964355469,40.76145935058594,-73.97122955322266,40.75188064575195,489.83,3724,3724,-1.0,-1.0,-1,-1,0.0
27727,-73.96971130371094,40.75375747680664,-73.99019622802734,40.730484008789055,573.03,3724,3724,-1.0,-1.0,-1,-1,0.0
27728,-73.95228576660156,40.76887130737305,-73.96666717529298,40.76419448852539,464.14,3724,3724,3873.74,4337.88,149.73999999999978,3.410605131648481e-13,1.0000000000000007
27729,-73.96318054199219,40.75813674926758,-73.9825439453125,40.72233581542969,792.02,3724,3724,3775.08,4589.96,51.07999999999993,22.860000000000127,1.0288629075023359
27730,-73.98040771484375,40.78570175170898,-73.99455261230467,40.73481750488281,1213.85,3725,3725,3896.91,5110.76,171.90999999999985,4.547473508864641e-13,1.0000000000000004
27731,-73.96121978759766,40.77421951293945,-73.95587921142578,40.77951049804688,181.16,3725,3725,3830.72,4011.88,105.7199999999998,3.126388037344441e-13,1.0000000000000018
27732,-73.95917510986328,40.767578125,-73.9703369140625,40.759071350097656,427.87,3725,3725,3770.71,4198.58,45.710000000000036,-1.1368683772161603e-13,0.9999999999999998
27733,-73.99298858642578,40.75263214111328,-73.96040344238281,40.76380920410156,976.98,3725,3725,3778.44,4755.42,53.440000000000055,0.0,1.0
27734,-74.00032806396483,40.74769973754883,-74.01403045654298,40.71741104125977,674.35,3725,3725,3852.01,4526.36,127.01000000000022,-5.684341886080801e-13,0.9999999999999991
27735,-73.9823226928711,40.76832962036133,-73.97870635986328,40.77827835083008,314.86,3725,3725,-1.0,-1.0,-1,-1,0.0
27736,-73.97956848144531,40.75928115844727,-73.98787689208984,40.750675201416016,465.7,3726,3726,-1.0,-1.0,-1,-1,0.0
27737,-73.99220275878906,40.73814010620117,-73.98754119873048,40.721641540527344,691.54,3726,3726,3773.05,4465.34,47.05000000000018,0.75,1.0010845359632126
27738,-73.98766326904298,40.74454116821289,-73.99484252929686,40.73936080932617,235.12,3726,3726,3767.61,4002.73,41.61000000000013,-1.1368683772161603e-13,0.9999999999999996
27739,-73.9803237915039,40.7652473449707,-73.9915542602539,40.75015640258789,531.9,3726,3726,-1.0,-1.0,-1,-1,0.0
27740,-73.97967529296875,40.76133728027344,-73.962646484375,40.757720947265625,549.8,3726,3726,-1.0,-1.0,-1,-1,0.0
27741,-73.98837280273438,40.72777938842773,-73.97763061523438,40.752159118652344,692.83,3726,3726,3953.87,4646.7,227.8699999999999,-1.1368683772161603e-13,0.9999999999999999
27742,-73.9905776977539,40.75135040283203,-73.9842529296875,40.74325942993164,471.25,3726,3726,-1.0,-1.0,-1,-1,0.0
27743,-73.96881103515625,40.7545051574707,-73.98197174072266,40.744964599609375,450.24,3726,3726,3807.42,4257.66,81.42000000000007,-2.2737367544323206e-13,0.9999999999999994
27744,-73.95059204101562,40.78317260742188,-73.96733093261719,40.76759719848633,486.5,3726,3726,3783.02,4269.52,57.01999999999998,4.547473508864641e-13,1.0000000000000009
27745,-73.98204040527344,40.75207138061523,-74.00578308105469,40.74011993408203,720.59,3726,3726,-1.0,-1.0,-1,-1,0.0
27746,-73.95999145507811,40.77354049682617,-73.97557067871094,40.74956893920898,712.13,3726,3726,3755.56,4467.69,29.559999999999945,-3.410605131648481e-13,0.9999999999999996
27747,-73.95411682128906,40.76396560668945,-73.94377136230467,40.77614212036133,426.11,3727,3727,-1.0,-1.0,-1,-1,0.0
27748,-73.9722671508789,40.749610900878906,-74.00504302978516,40.74132919311523,868.67,3727,3727,3915.2,4783.87,188.19999999999982,1.1368683772161603e-13,1.0000000000000002
27749,-73.95934295654298,40.76314926147461,-73.95824432373048,40.772773742675774,255.49,3727,3727,3759.59,4015.08,32.590000000000146,-2.2737367544323206e-13,0.9999999999999991
27750,-73.9789047241211,40.78757858276367,-73.96928405761719,40.769630432128906,626.42,3727,3727,-1.0,-1.0,-1,-1,0.0
27751,-73.97203063964845,40.79457473754883,-73.98215484619139,40.77973556518555,301.08,3727,3727,3777.62,4078.7000000000003,50.61999999999989,3.979039320256561e-13,1.0000000000000013
27752,-73.98482513427734,40.74264526367188,-73.96842193603516,40.757301330566406,522.29,3727,3727,-1.0,-1.0,-1,-1,0.0
27753,-73.970458984375,40.76476669311523,-73.95661926269531,40.7791862487793,436.14,3727,3727,3786.99,4259.08,59.98999999999978,35.95000000000016,1.082427660842849
27754,-73.9672622680664,40.80354309082031,-73.98348999023438,40.77766036987305,559.44,3727,3727,4065.2400000000002,4624.68,338.24000000000024,0.0,1.0
27755,-73.98131561279298,40.7711067199707,-74.00776672363281,40.72583770751953,1145.45,3728,3728,-1.0,-1.0,-1,-1,0.0
27756,-73.99272155761719,40.7429084777832,-73.9935531616211,40.72810363769531,500.42,3728,3728,-1.0,-1.0,-1,-1,0.0
27757,-73.96334075927734,40.774662017822266,-73.97750091552734,40.75897979736328,575.15,3728,3728,-1.0,-1.0,-1,-1,0.0
27758,-73.99111938476562,40.73942565917969,-74.000244140625,40.721527099609375,525.22,3728,3728,-1.0,-1.0,-1,-1,0.0
27759,-73.99117279052734,40.75588989257813,-73.99188995361328,40.76948928833008,443.43,3728,3728,-1.0,-1.0,-1,-1,0.0
27760,-74.01163482666014,40.70404815673828,-73.98542022705078,40.7522087097168,1212.87,3728,3728,-1.0,-1.0,-1,-1,0.0
27761,-73.98298645019531,40.7307243347168,-73.98198699951173,40.740234375,282.98,3728,3728,3754.7,4044.21,26.699999999999818,6.5300000000002,1.02307583574811
27762,-73.9949722290039,40.745201110839844,-73.9732437133789,40.78977966308594,969.55,3728,3728,-1.0,-1.0,-1,-1,0.0
27763,-73.99402618408203,40.751331329345696,-73.97908020019531,40.75294876098633,495.89,3728,3728,3784.16,4280.05,56.159999999999854,3.410605131648481e-13,1.0000000000000007
27764,-73.98532104492188,40.75338363647461,-73.97457122802734,40.76211929321289,386.26,3729,3729,-1.0,-1.0,-1,-1,0.0
27765,-73.99736022949219,40.72589492797852,-74.0068130493164,40.74395751953125,541.67,3729,3729,-1.0,-1.0,-1,-1,0.0
27766,-73.99668884277344,40.720909118652344,-73.96914672851562,40.80196762084961,1639.2,3729,3729,3852.5,5491.7,123.5,-2.2737367544323206e-13,0.9999999999999999
27767,-73.97810363769531,40.751331329345696,-73.98931121826173,40.72637939453125,629.55,3729,3729,3759.47,4446.51,30.4699999999998,57.490000000000464,1.0913191962512914
27768,-73.97791290283203,40.78691864013672,-73.98493194580078,40.77941131591797,202.61,3729,3729,3766.98,3969.59,37.98000000000002,1.1368683772161603e-13,1.0000000000000007
27769,-73.97158813476562,40.79718017578125,-73.98274993896483,40.7822494506836,281.74,3729,3729,3778.12,4059.86,49.11999999999989,2.2737367544323206e-13,1.0000000000000009
27770,-73.97681427001955,40.751407623291016,-73.9830093383789,40.75879669189453,403.29,3730,3730,-1.0,-1.0,-1,-1,0.0
27771,-73.99617004394531,40.74035263061523,-73.98687744140625,40.77629852294922,893.56,3730,3730,-1.0,-1.0,-1,-1,0.0
27772,-73.97078704833984,40.76155853271485,-73.98323822021484,40.7672004699707,398.95,3730,3730,-1.0,-1.0,-1,-1,0.0
27773,-73.95221710205078,40.81904983520508,-73.98216247558594,40.7755012512207,891.8,3730,3730,3824.33,4716.13,94.32999999999993,2.2737367544323206e-13,1.0000000000000002
27774,-73.96974182128906,40.76586151123047,-73.95858001708984,40.7806510925293,288.22,3730,3730,3773.98,4062.2,43.98000000000002,-2.2737367544323206e-13,0.9999999999999992
27775,-73.95207977294923,40.777210235595696,-73.97480773925781,40.783016204833984,522.88,3731,3731,3790.0,4312.88,59.0,1.1368683772161603e-13,1.0000000000000002
27776,-73.96678924560547,40.75672912597656,-73.97647857666014,40.74364471435547,292.88,3731,3731,3784.93,4077.81,53.929999999999836,1.1368683772161603e-13,1.0000000000000004
27777,-73.9964141845703,40.72557067871094,-74.00074768066406,40.7421875,488.8,3731,3731,-1.0,-1.0,-1,-1,0.0
27778,-74.0041732788086,40.707279205322266,-73.98880004882812,40.75740051269531,1315.05,3731,3731,3901.04,5216.09,170.03999999999996,2.2737367544323206e-13,1.0000000000000002
27779,-73.97414398193358,40.78290557861328,-73.96331024169923,40.776771545410156,228.25,3731,3731,3755.38,3983.63,24.38000000000011,0.0,1.0
27780,-74.0149154663086,40.71162033081055,-74.00848388671875,40.742271423339844,664.34,3732,3732,-1.0,-1.0,-1,-1,0.0
27781,-73.9712905883789,40.76081848144531,-73.98314666748048,40.77497100830078,567.53,3732,3732,-1.0,-1.0,-1,-1,0.0
27782,-73.99068450927734,40.75070190429688,-73.98692321777342,40.73810958862305,473.89,3732,3732,3764.53,4238.42,32.5300000000002,-1.1368683772161603e-13,0.9999999999999998
27783,-73.98065948486328,40.765079498291016,-73.9692153930664,40.76599884033203,353.62,3732,3732,-1.0,-1.0,-1,-1,0.0
27784,-74.00547790527344,40.75059509277344,-73.99755859375,40.7621955871582,354.18,3732,3732,-1.0,-1.0,-1,-1,0.0
27785,-73.97221374511719,40.75690460205078,-73.98216247558594,40.7468376159668,352.63,3732,3732,3791.21,4143.84,59.210000000000036,1.1368683772161603e-13,1.0000000000000002
27786,-73.99857330322266,40.73811721801758,-73.9832534790039,40.73158645629883,518.92,3732,3732,3769.78,4353.62,37.7800000000002,64.91999999999973,1.1251059893625217
27787,-73.98211669921875,40.75729370117188,-73.98252868652342,40.73944854736328,599.04,3732,3732,-1.0,-1.0,-1,-1,0.0
27788,-73.9798355102539,40.746524810791016,-73.99241638183594,40.74933242797852,431.73,3733,3733,-1.0,-1.0,-1,-1,0.0
27789,-73.99537658691406,40.71772766113281,-73.9871597290039,40.7299919128418,403.04,3733,3733,3768.42,4171.46,35.42000000000007,-5.684341886080802e-14,0.9999999999999999
27790,-73.93556976318358,40.79613876342773,-73.95207214355469,40.7901611328125,443.98,3733,3733,3815.01,4258.99,82.01000000000022,-4.547473508864641e-13,0.999999999999999
27791,-73.96979522705078,40.75322341918945,-73.98587036132812,40.74517059326172,547.07,3733,3733,3764.04,4311.11,31.039999999999964,-3.410605131648481e-13,0.9999999999999993
27792,-73.98689270019531,40.7426986694336,-74.01510620117188,40.71606063842773,973.15,3733,3733,-1.0,-1.0,-1,-1,0.0
27793,-73.97493743896483,40.79289245605469,-73.96603393554686,40.7956657409668,254.61,3733,3733,-1.0,-1.0,-1,-1,0.0
27794,-73.97520446777344,40.76568222045898,-73.96054077148438,40.7725830078125,504.85,3733,3733,-1.0,-1.0,-1,-1,0.0
27795,-73.97573852539062,40.78934860229492,-73.95896911621094,40.77485656738281,558.68,3733,3733,-1.0,-1.0,-1,-1,0.0
27796,-73.97509765625,40.74928665161133,-73.98922729492188,40.726505279541016,531.15,3733,3733,3788.69,4319.84,55.690000000000055,1.1368683772161603e-13,1.0000000000000002
27797,-73.98644256591797,40.75814056396485,-73.9779281616211,40.78807067871094,837.85,3734,3734,3772.12,4609.97,38.11999999999989,3.410605131648481e-13,1.0000000000000004
27798,-73.96150207519531,40.76033401489258,-73.9756851196289,40.754478454589844,603.21,3734,3734,-1.0,-1.0,-1,-1,0.0
27799,-73.98800659179686,40.75960159301758,-73.96793365478516,40.7924690246582,756.55,3734,3734,3839.8,4596.35,105.80000000000018,2.2737367544323206e-13,1.0000000000000002
27800,-73.98350524902342,40.74405288696289,-73.99680328369139,40.76040267944336,716.8,3734,3734,-1.0,-1.0,-1,-1,0.0
27801,-73.99071502685547,40.74028015136719,-74.00135040283203,40.73710250854492,291.62,3734,3734,-1.0,-1.0,-1,-1,0.0
27802,-73.99530029296875,40.73942947387695,-73.988525390625,40.75840377807617,608.51,3734,3734,-1.0,-1.0,-1,-1,0.0
27803,-74.00221252441406,40.72944259643555,-74.00359344482422,40.74580764770508,486.25,3734,3734,-1.0,-1.0,-1,-1,0.0
27804,-74.00707244873048,40.75143814086913,-74.00153350830078,40.70795822143555,1059.58,3734,3734,3778.26,4837.84,44.26000000000022,0.0,1.0
27805,-73.97193908691406,40.76034927368164,-73.98998260498048,40.77593994140625,758.05,3734,3734,-1.0,-1.0,-1,-1,0.0
27806,-73.9714584350586,40.78227996826172,-73.953369140625,40.79863357543945,496.97,3734,3734,3775.85,4326.94,41.84999999999991,54.11999999999966,1.1088999335976009
27807,-73.9832534790039,40.76466751098633,-73.99005889892578,40.759132385253906,380.49,3734,3734,-1.0,-1.0,-1,-1,0.0
27808,-73.96100616455078,40.76513671875,-73.9738540649414,40.74482345581055,455.28,3735,3735,-1.0,-1.0,-1,-1,0.0
27809,-73.9826889038086,40.77231979370117,-73.95670318603516,40.768028259277344,706.54,3735,3735,3750.0,4456.54,15.0,0.0,1.0
27810,-73.97659301757811,40.75688171386719,-73.98168182373048,40.776161193847656,645.47,3735,3735,-1.0,-1.0,-1,-1,0.0
27811,-73.955810546875,40.779800415039055,-73.96961212158203,40.7854881286621,286.95,3735,3735,3790.58,4077.53,55.57999999999993,2.8421709430404007e-13,1.0000000000000009
27812,-73.95721435546875,40.77043914794922,-74.00077819824219,40.72962951660156,1309.79,3735,3735,3768.17,5097.17,33.17000000000007,19.210000000000036,1.0146664732514372
27813,-73.9724884033203,40.76512908935547,-73.97196197509766,40.78223037719727,534.8,3735,3735,-1.0,-1.0,-1,-1,0.0
27814,-73.99227905273438,40.758888244628906,-74.00367736816406,40.73246765136719,653.24,3735,3735,-1.0,-1.0,-1,-1,0.0
27815,-73.9834976196289,40.73426818847656,-73.99046325683594,40.755802154541016,917.06,3735,3735,-1.0,-1.0,-1,-1,0.0
27816,-74.00066375732422,40.7207145690918,-74.009521484375,40.73942565917969,752.83,3735,3735,-1.0,-1.0,-1,-1,0.0
27817,-73.9854507446289,40.76800537109375,-73.9969711303711,40.76266860961913,285.8,3735,3735,3754.469999999999,4040.269999999999,19.46999999999889,1.7053025658242404e-13,1.0000000000000007
27818,-73.96652221679686,40.75809860229492,-73.964111328125,40.75386047363281,207.22,3736,3736,3770.41,4022.0,34.409999999999854,44.37000000000015,1.214120258662292
27819,-73.98787689208984,40.73834991455078,-73.98193359375,40.78313064575195,1264.4,3736,3736,-1.0,-1.0,-1,-1,0.0
27820,-73.98705291748048,40.73911666870117,-73.9772186279297,40.76419067382813,819.38,3736,3736,-1.0,-1.0,-1,-1,0.0
27821,-73.95376586914062,40.766849517822266,-73.96528625488281,40.76622772216797,364.63,3736,3736,-1.0,-1.0,-1,-1,0.0
27822,-73.96907806396483,40.766788482666016,-73.96340942382812,40.77695846557617,225.71,3736,3736,3781.22,4006.93,45.2199999999998,2.842170943040401e-14,1.0000000000000002
27823,-74.01058197021484,40.70201110839844,-73.9714584350586,40.76535034179688,1211.27,3736,3736,-1.0,-1.0,-1,-1,0.0
27824,-73.96929931640625,40.8006706237793,-73.95314788818358,40.78342819213867,747.38,3736,3736,4123.56,4870.9400000000005,387.5600000000004,1.1368683772161603e-13,1.0000000000000002
27825,-74.00274658203125,40.7286262512207,-73.97869110107422,40.74499893188477,695.65,3736,3736,-1.0,-1.0,-1,-1,0.0
27826,-73.95524597167969,40.76919555664063,-73.96314239501955,40.76585006713867,325.16,3736,3736,3868.79,4193.95,132.78999999999996,-1.7053025658242404e-13,0.9999999999999994
27827,-73.9886245727539,40.74614715576172,-73.93508148193358,40.85783767700195,1771.5,3736,3736,3864.08,5635.58,128.07999999999993,0.0,1.0
27828,-73.99237823486328,40.734580993652344,-74.00746154785155,40.743141174316406,490.71,3736,3736,-1.0,-1.0,-1,-1,0.0
27829,-73.99407958984375,40.72583770751953,-73.99258422851562,40.73009490966797,253.42,3736,3736,4181.12,4434.54,445.1199999999999,8.526512829121202e-14,1.0000000000000004
27830,-74.00023651123048,40.747840881347656,-73.98946380615234,40.72317886352539,923.26,3737,3737,-1.0,-1.0,-1,-1,0.0
27831,-73.98902130126955,40.777847290039055,-73.95450592041014,40.76990127563477,924.05,3737,3737,-1.0,-1.0,-1,-1,0.0
27832,-73.98006439208984,40.76171875,-73.92196655273438,40.86751556396485,1454.79,3737,3737,-1.0,-1.0,-1,-1,0.0
27833,-73.99482727050781,40.74013900756836,-73.95188903808595,40.78175735473633,1277.29,3737,3737,-1.0,-1.0,-1,-1,0.0
27834,-74.00692749023438,40.70500946044922,-74.01416015625,40.717750549316406,491.4,3737,3737,3783.15,4274.55,46.15000000000009,1.1368683772161603e-13,1.0000000000000002
27835,-73.95499420166014,40.777774810791016,-73.96548461914062,40.80024719238281,650.19,3737,3737,3789.06,4477.41,52.059999999999945,38.159999999999854,1.0586905366123747
27836,-73.97840881347656,40.75241088867188,-73.9947509765625,40.75925064086913,481.38,3737,3737,-1.0,-1.0,-1,-1,0.0
27837,-73.98660278320312,40.74007034301758,-73.99254608154298,40.72450637817383,479.97,3738,3738,3795.23,4275.2,57.23000000000002,-2.2737367544323206e-13,0.9999999999999996
27838,-73.98533630371094,40.74423599243164,-73.97964477539062,40.76181411743164,554.65,3738,3738,-1.0,-1.0,-1,-1,0.0
27839,-74.00306701660156,40.7235107421875,-74.00602722167969,40.74004364013672,511.65,3738,3738,3872.33,4383.9800000000005,134.32999999999993,5.684341886080801e-13,1.000000000000001
27840,-73.9784164428711,40.75709915161133,-73.96824645996094,40.756492614746094,438.12,3738,3738,-1.0,-1.0,-1,-1,0.0
27841,-73.97516632080078,40.77745819091797,-73.9915771484375,40.75986862182617,558.46,3738,3738,-1.0,-1.0,-1,-1,0.0
27842,-73.98152160644531,40.749778747558594,-74.00576782226562,40.73628234863281,689.37,3738,3738,-1.0,-1.0,-1,-1,0.0
27843,-73.98016357421875,40.76096725463867,-73.98209381103516,40.768367767333984,297.3,3738,3738,-1.0,-1.0,-1,-1,0.0
27844,-74.0121536254883,40.72014617919922,-73.98994445800781,40.72566604614258,769.35,3738,3738,3750.0,4519.35,12.0,3.410605131648481e-13,1.0000000000000004
27845,-73.97528076171875,40.75207138061523,-74.00971984863281,40.72238159179688,1135.77,3738,3738,-1.0,-1.0,-1,-1,0.0
27846,-73.97623443603516,40.744422912597656,-73.99449157714845,40.72180938720703,669.11,3738,3738,3769.88,4438.99,31.88000000000011,-3.410605131648481e-13,0.9999999999999994
27847,-73.97827911376955,40.751331329345696,-74.00863647460938,40.73810195922852,944.7,3739,3739,-1.0,-1.0,-1,-1,0.0
27848,-73.97106170654298,40.75154113769531,-73.98133850097656,40.73735809326172,274.42,3739,3739,3750.41,4024.83,11.409999999999854,5.684341886080802e-14,1.0000000000000002
27849,-73.97757720947266,40.75503158569336,-73.97977447509766,40.73492431640625,655.28,3739,3739,-1.0,-1.0,-1,-1,0.0
27850,-73.98910522460938,40.73061752319336,-73.99128723144531,40.71748733520508,526.75,3739,3739,3784.85,4311.6,45.84999999999991,4.547473508864641e-13,1.0000000000000009
27851,-73.9689712524414,40.79862976074219,-73.96470642089844,40.7949333190918,209.79,3739,3739,3797.12,4006.91,58.11999999999989,-2.842170943040401e-14,0.9999999999999999
27852,-73.98140716552734,40.75785827636719,-73.95935821533203,40.771400451660156,713.13,3740,3740,-1.0,-1.0,-1,-1,0.0
27853,-73.9738998413086,40.75983047485352,-73.95458221435547,40.770591735839844,557.41,3740,3740,3753.66,4378.75,13.659999999999854,67.68000000000018,1.1214187043648305
27854,-73.95562744140625,40.779441833496094,-73.96715545654298,40.79277801513672,461.55,3740,3740,3793.95,4255.5,53.94999999999982,1.7053025658242404e-13,1.0000000000000004
27855,-73.96509552001955,40.7752799987793,-73.9568634033203,40.783607482910156,239.34,3740,3740,-1.0,-1.0,-1,-1,0.0
27856,-74.00604248046875,40.73308563232422,-74.01533508300781,40.709869384765625,569.79,3740,3740,3871.92,4441.71,131.92000000000007,0.0,1.0
27857,-73.99810791015625,40.7329216003418,-74.0102310180664,40.71976852416992,528.96,3740,3740,3781.83,4310.79,41.82999999999993,0.0,1.0
27858,-73.97418212890625,40.731689453125,-73.99720764160156,40.76301574707031,1276.27,3740,3740,3778.29,5054.56,38.289999999999964,4.547473508864641e-13,1.0000000000000004
27859,-73.987060546875,40.74227523803711,-73.98925018310547,40.75840377807617,636.12,3740,3740,-1.0,-1.0,-1,-1,0.0
27860,-73.97191619873048,40.75942611694336,-73.95470428466798,40.783470153808594,558.32,3741,3741,-1.0,-1.0,-1,-1,0.0
27861,-73.98272705078125,40.751556396484375,-74.00806427001955,40.70901489257813,1209.45,3741,3741,3758.43,4982.42,17.429999999999836,14.540000000000191,1.0120219934681054
27862,-74.00247955322266,40.7400016784668,-73.98973846435547,40.742454528808594,441.21,3741,3741,3943.08,4384.29,202.07999999999993,5.684341886080802e-14,1.0000000000000002
27863,-73.97280883789062,40.75956726074219,-73.97864532470702,40.74260711669922,537.22,3741,3741,3776.92,4314.14,35.92000000000007,2.2737367544323206e-13,1.0000000000000004
27864,-73.9854736328125,40.74062728881836,-73.95667266845702,40.76699447631836,727.56,3741,3741,-1.0,-1.0,-1,-1,0.0
27865,-73.9785614013672,40.74498748779297,-73.96292877197266,40.764930725097656,523.32,3741,3741,-1.0,-1.0,-1,-1,0.0
27866,-73.99208068847656,40.76031112670898,-73.97250366210938,40.75965881347656,751.85,3742,3742,-1.0,-1.0,-1,-1,0.0
27867,-73.99691009521484,40.73151016235352,-73.97344970703125,40.79204177856445,1365.51,3742,3742,3855.54,5221.05,113.53999999999996,2.2737367544323206e-13,1.0000000000000002
27868,-73.94905853271484,40.77330017089844,-73.95049285888672,40.78583908081055,338.07,3742,3742,3777.7,4115.7699999999995,35.69999999999982,-2.8421709430404007e-13,0.9999999999999991
27869,-73.97476959228516,40.75726318359375,-73.98370361328125,40.73003005981445,752.7,3742,3742,3792.3900000000003,4545.09,50.39000000000033,-2.2737367544323206e-13,0.9999999999999997
27870,-73.98664093017578,40.75603103637695,-73.97167205810547,40.7535400390625,515.01,3742,3742,3791.22,4306.2300000000005,49.2199999999998,6.821210263296962e-13,1.0000000000000013
27871,-74.00676727294923,40.73075485229492,-73.994384765625,40.74108505249024,362.21,3742,3742,3896.66,4258.87,154.65999999999985,5.684341886080802e-14,1.0000000000000002
27872,-74.00735473632812,40.741024017333984,-74.00045776367188,40.72887420654297,553.83,3742,3742,-1.0,-1.0,-1,-1,0.0
27873,-74.0154571533203,40.70843124389648,-73.9792709350586,40.77753829956055,1242.61,3742,3742,3775.84,5037.61,33.840000000000146,19.159999999999627,1.015419158062465
27874,-73.97755432128906,40.75840377807617,-73.9844207763672,40.74828338623047,264.96,3743,3743,3764.33,4029.29,21.329999999999927,5.684341886080802e-14,1.0000000000000002
27875,-73.9814224243164,40.74515914916992,-73.98583221435547,40.74385070800781,192.59,3743,3743,-1.0,-1.0,-1,-1,0.0
27876,-73.97517395019531,40.755775451660156,-73.97801208496094,40.7646484375,406.11,3743,3743,-1.0,-1.0,-1,-1,0.0
27877,-73.99539184570312,40.72486877441406,-74.0044937133789,40.74164962768555,575.43,3743,3743,3781.12,4356.55,38.11999999999989,3.410605131648481e-13,1.0000000000000007
27878,-73.98114013671875,40.7476692199707,-73.99226379394531,40.72386169433594,666.89,3743,3743,-1.0,-1.0,-1,-1,0.0
27879,-73.99992370605469,40.72538375854492,-74.00463104248048,40.7227668762207,191.5,3743,3743,-1.0,-1.0,-1,-1,0.0
27880,-73.98603057861328,40.74374008178711,-73.9742202758789,40.759033203125,411.65,3743,3743,-1.0,-1.0,-1,-1,0.0
27881,-74.00636291503906,40.75112915039063,-73.9412384033203,40.84392929077149,1237.0,3743,3743,-1.0,-1.0,-1,-1,0.0
27882,-73.9726333618164,40.78578567504883,-73.9791488647461,40.76604843139648,510.51,3744,3744,3791.01,4318.26,47.01000000000022,16.74000000000001,1.0327907386730917
27883,-73.96798706054686,40.76247024536133,-73.95884704589844,40.7779541015625,466.8,3744,3744,-1.0,-1.0,-1,-1,0.0
27884,-73.99421691894531,40.75132369995117,-74.0020751953125,40.73572540283203,567.21,3744,3744,3788.29,4379.07,44.289999999999964,23.56999999999971,1.0415542744309862
27885,-74.015625,40.71577072143555,-74.0025405883789,40.726280212402344,489.75,3744,3744,3815.26,4305.01,71.26000000000022,0.0,1.0
27886,-73.99604797363281,40.74671936035156,-73.98490142822266,40.73254013061523,599.68,3744,3744,-1.0,-1.0,-1,-1,0.0
27887,-73.97486877441406,40.74187088012695,-73.99920654296875,40.72010040283203,865.12,3744,3744,-1.0,-1.0,-1,-1,0.0
27888,-73.98760223388672,40.750770568847656,-73.97459411621094,40.76521301269531,854.22,3745,3745,-1.0,-1.0,-1,-1,0.0
27889,-73.99038696289062,40.75613403320313,-74.00205993652342,40.73440551757813,614.89,3745,3745,3774.25,4446.7,29.25,57.55999999999983,1.0936102392297806
27890,-73.9919662475586,40.75627899169922,-73.9906005859375,40.75112915039063,263.2,3745,3745,-1.0,-1.0,-1,-1,0.0
27891,-73.98114013671875,40.764747619628906,-73.98745727539062,40.75894165039063,335.83,3745,3745,-1.0,-1.0,-1,-1,0.0
27892,-74.01121520996094,40.70305633544922,-73.97775268554686,40.7546272277832,1019.71,3746,3746,3765.54,4785.25,19.539999999999964,0.0,1.0
27893,-73.98190307617188,40.770790100097656,-73.97612762451173,40.78124237060547,356.16,3746,3746,-1.0,-1.0,-1,-1,0.0
27894,-74.00389099121094,40.72568130493164,-73.97966003417969,40.752830505371094,799.51,3746,3746,-1.0,-1.0,-1,-1,0.0
27895,-73.97518157958984,40.787761688232415,-73.95984649658203,40.777828216552734,401.54,3746,3746,3895.38,4296.92,149.3800000000001,-5.684341886080802e-14,0.9999999999999999
27896,-73.96961212158203,40.76116180419922,-73.94235229492188,40.84532165527344,1549.66,3746,3746,-1.0,-1.0,-1,-1,0.0
27897,-73.99925231933594,40.76375961303711,-74.00605773925781,40.7397689819336,664.46,3746,3746,3750.0,4414.46,4.0,0.0,1.0
27898,-73.99154663085938,40.75035858154297,-74.00846099853516,40.72014999389648,631.64,3746,3746,-1.0,-1.0,-1,-1,0.0
27899,-73.99044036865234,40.75416946411133,-73.972412109375,40.75492858886719,655.29,3746,3746,-1.0,-1.0,-1,-1,0.0
27900,-73.95579528808595,40.77917098999024,-73.9920654296875,40.72382354736328,1400.45,3746,3746,3781.7599999999998,5243.53,35.75999999999976,61.319999999999936,1.0437859259523723
27901,-73.97028350830078,40.75950622558594,-73.9503173828125,40.76882553100585,588.52,3746,3746,3755.6,4344.12,9.599999999999909,0.0,1.0
27902,-74.0028076171875,40.72663879394531,-73.99354553222656,40.727439880371094,307.55,3746,3746,-1.0,-1.0,-1,-1,0.0
27903,-73.97229766845702,40.76533889770508,-73.95676422119139,40.76667785644531,537.19,3746,3746,-1.0,-1.0,-1,-1,0.0
27904,-73.98760986328125,40.73842239379883,-73.9920196533203,40.74917984008789,502.25,3746,3746,-1.0,-1.0,-1,-1,0.0
27905,-73.99251556396483,40.74336624145508,-73.98348236083984,40.731666564941406,549.19,3747,3747,-1.0,-1.0,-1,-1,0.0
27906,-73.98675537109375,40.75120544433594,-73.98621368408203,40.76197052001953,380.7,3747,3747,3767.91,4192.54,20.909999999999854,43.93000000000012,1.1153926976622015
27907,-73.96797180175781,40.76257705688477,-73.9766845703125,40.75165557861328,325.51,3747,3747,-1.0,-1.0,-1,-1,0.0
27908,-73.9817886352539,40.75882339477539,-73.96005249023438,40.768211364746094,742.47,3747,3747,-1.0,-1.0,-1,-1,0.0
27909,-73.9495391845703,40.77272033691406,-73.96910858154298,40.75767135620117,631.02,3747,3747,3799.42,4485.84,52.42000000000007,55.40000000000009,1.0877943646794082
27910,-74.00736999511719,40.72769165039063,-73.9950180053711,40.75012969970703,457.38,3747,3747,-1.0,-1.0,-1,-1,0.0
27911,-73.9994583129883,40.71881103515625,-73.98509979248048,40.72792434692383,474.18,3747,3747,-1.0,-1.0,-1,-1,0.0
27912,-74.0008773803711,40.73168182373047,-73.97754669189453,40.72201919555664,702.4,3747,3747,3765.25,4502.06,18.25,34.41000000000042,1.0489891799544424
27913,-73.99803924560547,40.741127014160156,-74.00578308105469,40.72585678100585,297.58,3748,3748,3750.9,4048.48,2.900000000000091,-5.684341886080802e-14,0.9999999999999998
27914,-73.97904968261719,40.78213119506836,-73.96848297119139,40.79320907592773,250.58,3748,3748,3829.63,4080.21,81.63000000000011,-8.526512829121202e-14,0.9999999999999997
27915,-73.9879608154297,40.76036071777344,-73.97440338134766,40.783199310302734,540.07,3748,3748,-1.0,-1.0,-1,-1,0.0
27916,-73.98818969726562,40.72782897949219,-73.99466705322266,40.72059631347656,342.58,3748,3748,3776.88,4119.46,28.88000000000011,-5.684341886080802e-14,0.9999999999999999
27917,-73.98904418945312,40.7424430847168,-73.97528076171875,40.73434066772461,459.57,3748,3748,-1.0,-1.0,-1,-1,0.0
27918,-73.99545288085938,40.739219665527344,-73.99154663085938,40.75013732910156,386.87,3748,3748,-1.0,-1.0,-1,-1,0.0
27919,-73.96629333496094,40.79485321044922,-73.9813232421875,40.77393341064453,377.66,3748,3748,3882.39,4260.05,134.38999999999987,2.8421709430404007e-13,1.0000000000000007
27920,-73.98727416992188,40.728363037109375,-73.97998809814453,40.72685241699219,185.63,3749,3749,3769.6,4003.22,20.59999999999991,47.989999999999895,1.2585250228950056
27921,-73.98197937011719,40.7601318359375,-73.97116088867188,40.78282165527344,611.05,3749,3749,-1.0,-1.0,-1,-1,0.0
27922,-73.97119903564453,40.79792785644531,-73.98231506347656,40.77183532714844,552.05,3749,3749,3848.79,4404.92,99.78999999999996,4.080000000000155,1.0073906349062587
27923,-73.96089935302734,40.76094055175781,-73.95426940917969,40.76415252685547,194.61,3749,3749,-1.0,-1.0,-1,-1,0.0
27924,-73.96642303466798,40.80445098876953,-73.94100952148438,40.788429260253906,837.67,3749,3749,3792.86,4681.71,43.86000000000013,51.17999999999995,1.0610980457698138
27925,-73.97564697265625,40.755950927734375,-73.99074554443358,40.750736236572266,559.17,3749,3749,-1.0,-1.0,-1,-1,0.0
27926,-73.98419952392578,40.768592834472656,-73.976318359375,40.751556396484375,785.83,3749,3749,-1.0,-1.0,-1,-1,0.0
27927,-73.98204803466798,40.77514266967773,-73.94896697998048,40.7783432006836,860.41,3749,3749,3810.7,4671.11,61.69999999999982,-1.1368683772161603e-13,0.9999999999999999
27928,-73.97531890869139,40.76239776611328,-73.98746490478516,40.78041458129883,744.62,3750,3750,-1.0,-1.0,-1,-1,0.0
27929,-73.99076843261719,40.72993850708008,-73.976806640625,40.73352813720703,344.93,3750,3750,3758.26,4151.18,8.260000000000218,47.990000000000066,1.13912967848549
27930,-74.01400756835938,40.71382141113281,-73.99564361572266,40.71875762939453,693.21,3750,3750,3787.52,4560.87,37.51999999999998,80.13999999999987,1.1156071031866244
27931,-73.95194244384766,40.769378662109375,-73.98837280273438,40.7412109375,911.67,3750,3750,3782.87,4728.54,32.86999999999989,34.000000000000114,1.037294196364913
27932,-73.97213745117188,40.79432678222656,-73.9671401977539,40.78803634643555,182.75,3750,3750,3882.2,4064.95,132.19999999999982,0.0,1.0
27933,-73.99154663085938,40.74513626098633,-73.97840118408203,40.76200866699219,477.84,3750,3750,-1.0,-1.0,-1,-1,0.0
27934,-73.99176788330078,40.769508361816406,-73.98345947265625,40.76797866821289,233.36,3750,3750,3790.07,4023.4300000000003,40.070000000000164,1.1368683772161603e-13,1.0000000000000004
27935,-73.98340606689453,40.767032623291016,-73.9970474243164,40.74224472045898,751.72,3751,3751,3797.88,4555.849999999999,46.88000000000011,6.249999999999318,1.008314265950087
27936,-73.97335052490234,40.76451873779297,-73.94664764404298,40.79181289672852,741.56,3751,3751,-1.0,-1.0,-1,-1,0.0
27937,-73.98792266845702,40.720008850097656,-73.94955444335938,40.77677536010742,1060.81,3751,3751,3849.29,4910.1,98.28999999999996,4.547473508864641e-13,1.0000000000000004
27938,-73.98970031738281,40.741188049316406,-74.00197601318358,40.72822952270508,392.45,3751,3751,3808.0,4235.45,57.0,34.99999999999983,1.0891833354567457
27939,-73.96115112304686,40.8120002746582,-73.979248046875,40.77750015258789,648.6,3751,3751,3897.7,4546.3,146.69999999999982,3.410605131648481e-13,1.0000000000000004
27940,-74.00521850585938,40.72264099121094,-73.98882293701173,40.74588012695313,593.98,3751,3751,-1.0,-1.0,-1,-1,0.0
27941,-73.99698638916014,40.74468612670898,-73.99073791503906,40.75593566894531,394.89,3752,3752,-1.0,-1.0,-1,-1,0.0
27942,-73.97460174560547,40.76156997680664,-73.98365783691406,40.7606201171875,313.5,3752,3752,3785.01,4098.51,33.01000000000022,0.0,1.0
27943,-73.9557113647461,40.77925109863281,-73.9458999633789,40.78169631958008,253.0,3752,3752,3875.62,4128.62,123.61999999999989,0.0,1.0
27944,-73.97755432128906,40.75799179077149,-73.9815444946289,40.77927780151367,727.95,3752,3752,3787.49,4547.3,35.48999999999978,31.860000000000355,1.0437667422213068
27945,-73.95513153076173,40.76507186889648,-73.95021820068358,40.7772216796875,265.41,3752,3752,3852.7,4118.11,100.69999999999982,-1.7053025658242404e-13,0.9999999999999993
27946,-73.97317504882812,40.79265594482422,-74.00154876708984,40.74620056152344,987.58,3752,3752,-1.0,-1.0,-1,-1,0.0
27947,-73.97345733642578,40.792030334472656,-73.97748565673827,40.77699661254883,350.0,3752,3752,4024.51,4374.51,272.5100000000002,0.0,1.0
27948,-73.99808502197266,40.74079513549805,-74.00607299804686,40.71483612060547,598.4,3752,3752,-1.0,-1.0,-1,-1,0.0
27949,-73.98199462890625,40.765602111816406,-73.97941589355469,40.74396133422852,917.7,3752,3752,-1.0,-1.0,-1,-1,0.0
27950,-73.99067687988281,40.74190139770508,-73.94393157958984,40.80974960327149,1545.1,3752,3752,-1.0,-1.0,-1,-1,0.0
27951,-73.99422454833984,40.75113296508789,-74.00215148925781,40.74531936645508,240.97,3753,3753,3788.29,4029.26,35.289999999999964,2.5579538487363607e-13,1.000000000000001
27952,-73.98312377929686,40.7665901184082,-73.95372772216798,40.77862930297852,761.5,3753,3753,-1.0,-1.0,-1,-1,0.0
27953,-73.98511505126955,40.747703552246094,-73.9971694946289,40.73339080810547,442.33,3753,3753,-1.0,-1.0,-1,-1,0.0
27954,-74.00430297851562,40.7071533203125,-74.01344299316406,40.71438598632813,402.53,3753,3753,3843.42,4262.43,90.42000000000007,16.480000000000246,1.040941047872209
27955,-73.97765350341797,40.77899932861328,-73.97073364257811,40.793495178222656,309.04,3753,3753,3807.09,4116.13,54.090000000000146,-5.684341886080802e-14,0.9999999999999998
27956,-73.98088836669923,40.751121520996094,-73.98828125,40.74882125854492,349.91,3753,3753,-1.0,-1.0,-1,-1,0.0
27957,-73.99748992919923,40.73361587524415,-73.9847183227539,40.74106216430664,506.32,3754,3754,3780.0,4286.32,26.0,-2.8421709430404007e-13,0.9999999999999994
27958,-73.99520111083984,40.7607421875,-73.95352172851562,40.787086486816406,942.57,3754,3754,4028.75,4971.32,274.75,-3.410605131648481e-13,0.9999999999999997
27959,-74.00656890869139,40.71430206298828,-73.94755554199219,40.81448364257813,1903.11,3754,3754,-1.0,-1.0,-1,-1,0.0
27960,-73.99436950683594,40.740882873535156,-73.97637176513672,40.76478958129883,654.68,3754,3754,-1.0,-1.0,-1,-1,0.0
27961,-73.98543548583984,40.74717330932617,-74.01007843017578,40.7144775390625,839.78,3755,3755,3780.72,4620.5,25.7199999999998,2.2737367544323206e-13,1.0000000000000002
27962,-73.99117279052734,40.744571685791016,-73.97869110107422,40.74480819702149,409.16,3755,3755,-1.0,-1.0,-1,-1,0.0
27963,-73.99121856689453,40.75048065185547,-74.00062561035155,40.76182556152344,536.96,3755,3755,3792.2400000000002,4329.2,37.24000000000024,-4.547473508864641e-13,0.9999999999999991
27964,-73.98085021972656,40.76818084716797,-73.97514343261719,40.75896072387695,531.83,3755,3755,3813.61,4398.6,58.61000000000013,53.160000000000196,1.0999567530977947
27965,-73.9818801879883,40.76348114013672,-73.97889709472656,40.78501892089844,665.75,3755,3755,-1.0,-1.0,-1,-1,0.0
27966,-73.9615707397461,40.80102157592773,-73.95230865478516,40.77795028686523,693.95,3755,3755,3794.64,4512.25,39.63999999999987,23.660000000000082,1.0340946754088913
27967,-73.97470092773438,40.72993850708008,-73.98760986328125,40.716323852539055,454.46,3755,3755,4200.88,4655.34,445.8800000000001,5.684341886080802e-14,1.0000000000000002
27968,-73.98854064941406,40.75870895385742,-73.9813232421875,40.77888107299805,511.17,3755,3755,3790.06,4376.38,35.059999999999945,75.15000000000015,1.1470156699336818
27969,-73.98783874511719,40.73813247680664,-73.97412109375,40.761566162109375,726.38,3755,3755,-1.0,-1.0,-1,-1,0.0
27970,-73.97870635986328,40.76205825805664,-73.98528289794923,40.75865936279297,310.79,3755,3755,-1.0,-1.0,-1,-1,0.0
27971,-73.99334716796875,40.73269271850585,-74.00960540771484,40.716453552246094,616.66,3755,3755,-1.0,-1.0,-1,-1,0.0
27972,-73.97734069824219,40.75205612182617,-73.98982238769531,40.77603149414063,950.68,3756,3756,3784.1299999999997,4734.8099999999995,28.129999999999654,-1.1368683772161603e-13,0.9999999999999999
27973,-73.96314239501955,40.769207000732415,-73.97052764892578,40.75939178466797,307.04,3756,3756,-1.0,-1.0,-1,-1,0.0
27974,-73.96888732910156,40.790992736816406,-73.95480346679686,40.79988098144531,356.63,3756,3756,4331.6900000000005,4688.32,575.6900000000005,-7.958078640513122e-13,0.9999999999999978
27975,-73.95513153076173,40.78010559082031,-73.9810562133789,40.78156661987305,592.52,3756,3756,3842.57,4444.05,86.57000000000016,8.960000000000036,1.0151218524269223
27976,-73.98245239257811,40.78515625,-73.9571533203125,40.77837371826172,626.92,3756,3756,4690.36,5317.28,934.3599999999997,1.1368683772161603e-13,1.0000000000000002
27977,-73.99440002441406,40.75156784057617,-74.00595092773438,40.723308563232415,751.95,3756,3756,-1.0,-1.0,-1,-1,0.0
27978,-73.9827651977539,40.76670455932617,-73.96620178222656,40.75865936279297,565.79,3756,3756,-1.0,-1.0,-1,-1,0.0
27979,-73.96466827392578,40.76408004760742,-73.99041748046875,40.75129318237305,912.42,3756,3756,-1.0,-1.0,-1,-1,0.0
27980,-73.98673248291014,40.75540161132813,-73.99951934814453,40.76051330566406,365.12,3756,3756,-1.0,-1.0,-1,-1,0.0
27981,-73.99779510498048,40.713829040527344,-73.99008178710938,40.71414566040039,208.58,3756,3756,4096.01,4304.59,340.0100000000002,-8.526512829121202e-14,0.9999999999999996
27982,-73.9930648803711,40.75747299194336,-74.01060485839844,40.70920944213867,1233.45,3757,3757,-1.0,-1.0,-1,-1,0.0
27983,-73.97052764892578,40.76497268676758,-74.0067367553711,40.73572158813477,1149.1,3757,3757,3782.23,4931.33,25.230000000000018,0.0,1.0
27984,-73.95835876464845,40.77302169799805,-73.9735107421875,40.765113830566406,540.07,3757,3757,-1.0,-1.0,-1,-1,0.0
27985,-74.00142669677734,40.7359504699707,-73.97705841064453,40.76396942138672,881.51,3757,3757,3887.5,4769.01,130.5,2.2737367544323206e-13,1.0000000000000002
27986,-73.98535919189453,40.75552749633789,-73.99124908447266,40.75054931640625,189.83,3757,3757,3808.84,3998.67,51.840000000000146,-8.526512829121202e-14,0.9999999999999996
27987,-73.96903228759766,40.785659790039055,-73.98121643066406,40.77413558959961,296.97,3758,3758,3811.27,4129.15,53.26999999999998,20.909999999999627,1.0704111526416797
27988,-73.9752655029297,40.757713317871094,-73.96082305908203,40.77514266967773,457.47,3758,3758,-1.0,-1.0,-1,-1,0.0
27989,-73.96871948242188,40.76444625854492,-73.97655487060547,40.78068542480469,582.96,3758,3758,3797.92,4447.51,39.92000000000007,66.63000000000011,1.114296006587073
27990,-74.00804138183594,40.7395896911621,-73.99897766113281,40.72315216064453,644.36,3758,3758,-1.0,-1.0,-1,-1,0.0
27991,-73.98535919189453,40.76102066040039,-73.98990631103516,40.77463150024415,487.59,3758,3758,3918.46,4406.05,160.46000000000004,1.7053025658242404e-13,1.0000000000000004
27992,-73.9813232421875,40.75951385498047,-73.97325134277344,40.76435089111328,281.72,3758,3758,3803.79,4085.51,45.789999999999964,2.2737367544323206e-13,1.0000000000000009
27993,-73.97254180908203,40.74905014038085,-73.98314666748048,40.72256851196289,633.01,3759,3759,3810.33,4449.86,51.32999999999993,6.519999999999754,1.0102999952607379
27994,-73.95607757568358,40.77976608276367,-73.9803237915039,40.77016830444336,670.91,3759,3759,3895.92,4566.83,136.92000000000007,-1.1368683772161603e-13,0.9999999999999998
27995,-73.96345520019531,40.77473068237305,-73.95777130126955,40.77934265136719,183.09,3759,3759,-1.0,-1.0,-1,-1,0.0
27996,-73.99380493164062,40.7416877746582,-74.00408172607422,40.74776840209961,320.54,3759,3759,-1.0,-1.0,-1,-1,0.0
27997,-73.96338653564453,40.75408935546875,-73.93816375732422,40.84916687011719,1513.15,3759,3759,-1.0,-1.0,-1,-1,0.0
27998,-73.97368621826173,40.79220199584961,-73.98306274414062,40.77949523925781,246.33,3760,3760,3780.16,4026.49,20.159999999999854,-8.526512829121202e-14,0.9999999999999997
27999,-73.97655487060547,40.76545715332031,-73.969482421875,40.78485107421875,486.79,3760,3760,-1.0,-1.0,-1,-1,0.0
28000,-73.97271728515625,40.75330352783203,-73.946533203125,40.77897644042969,601.85,3760,3760,-1.0,-1.0,-1,-1,0.0
28001,-73.98736572265625,40.72906875610352,-73.99398040771484,40.72641372680664,305.42,3760,3760,4008.33,4313.75,248.32999999999993,5.684341886080802e-14,1.0000000000000002
28002,-73.98002624511719,40.78118896484375,-73.98771667480467,40.76528930664063,415.52,3760,3760,3961.4,4376.92,201.4000000000001,0.0,1.0
28003,-73.97575378417969,40.7764892578125,-73.97100830078125,40.79563903808594,467.0,3761,3761,3806.6,4273.6,45.59999999999991,4.547473508864641e-13,1.0000000000000009
28004,-73.98397827148438,40.76086044311523,-74.00337219238281,40.738868713378906,759.14,3761,3761,-1.0,-1.0,-1,-1,0.0
28005,-73.97826385498048,40.788368225097656,-73.99064636230467,40.77522659301758,298.46,3761,3761,3862.33,4160.79,101.32999999999993,5.684341886080802e-14,1.0000000000000002
28006,-73.9835433959961,40.74708938598633,-73.96973419189453,40.7524528503418,447.33,3761,3761,-1.0,-1.0,-1,-1,0.0
28007,-73.99417114257811,40.75107192993164,-73.99805450439453,40.76078796386719,355.2,3761,3761,-1.0,-1.0,-1,-1,0.0
28008,-73.96458435058595,40.75616455078125,-73.952392578125,40.77288436889648,274.95,3761,3761,3818.54,4093.49,57.539999999999964,-1.7053025658242404e-13,0.9999999999999993
28009,-73.9825668334961,40.76829147338867,-73.9895782470703,40.77627182006836,414.82,3761,3761,-1.0,-1.0,-1,-1,0.0
28010,-73.97557067871094,40.7608642578125,-73.98539733886719,40.74706268310547,370.39,3761,3761,3790.29,4160.68,29.289999999999964,3.410605131648481e-13,1.0000000000000009
28011,-73.95207977294923,40.78137588500977,-73.95315551757811,40.76647186279297,409.13,3761,3761,3829.54,4238.67,68.53999999999996,1.1368683772161603e-13,1.0000000000000002
28012,-74.00266265869139,40.749900817871094,-74.01027679443358,40.72034072875977,635.33,3762,3762,3810.25,4445.58,48.25,-1.1368683772161603e-13,0.9999999999999998
28013,-73.96782684326173,40.76554870605469,-73.97501373291014,40.75290298461913,439.38,3762,3762,-1.0,-1.0,-1,-1,0.0
28014,-73.98800659179686,40.76494598388672,-73.97759246826173,40.78420639038085,447.27,3762,3762,-1.0,-1.0,-1,-1,0.0
28015,-74.0027618408203,40.76060104370117,-74.01409912109375,40.71416091918945,748.35,3762,3762,3786.2799999999997,4553.79,24.279999999999745,19.160000000000196,1.025602993251821
28016,-73.9803695678711,40.75456619262695,-74.00223541259766,40.71901321411133,910.61,3762,3762,3817.37,4727.9800000000005,55.36999999999989,5.684341886080801e-13,1.0000000000000007
28017,-73.97698974609375,40.76414489746094,-73.98995971679686,40.7516975402832,549.79,3762,3762,-1.0,-1.0,-1,-1,0.0
28018,-73.99736022949219,40.746681213378906,-73.98529815673827,40.76800537109375,579.73,3762,3762,3815.460000000001,4421.530000000001,53.460000000000946,26.33999999999969,1.0454349438531725
28019,-74.0064697265625,40.737979888916016,-73.99713897705078,40.73741149902344,276.78,3763,3763,3802.14,4155.55,39.13999999999987,76.63000000000034,1.2768624900643122
28020,-73.96457672119139,40.760501861572266,-73.98507690429686,40.73225021362305,573.54,3763,3763,-1.0,-1.0,-1,-1,0.0
28021,-73.97820281982422,40.78342819213867,-73.96678161621094,40.79568481445313,288.04,3763,3763,3881.92,4169.96,118.92000000000007,-5.684341886080802e-14,0.9999999999999998
28022,-74.01097106933594,40.71340942382813,-73.99430847167969,40.72646713256836,757.54,3763,3763,-1.0,-1.0,-1,-1,0.0
28023,-73.98564910888672,40.75703811645508,-73.9951629638672,40.72495651245117,966.28,3763,3763,-1.0,-1.0,-1,-1,0.0
28024,-73.97472381591797,40.754261016845696,-73.9857864379883,40.73130416870117,519.98,3763,3763,3785.5,4305.48,22.5,-4.547473508864641e-13,0.9999999999999991
28025,-73.97905731201173,40.77672958374024,-73.98131561279298,40.77141571044922,247.41,3763,3763,3809.53,4056.94,46.5300000000002,-1.4210854715202004e-13,0.9999999999999994
28026,-73.97248077392578,40.75564956665039,-73.98049163818358,40.77386093139648,740.31,3764,3764,-1.0,-1.0,-1,-1,0.0
28027,-73.97409057617188,40.762840270996094,-73.99077606201173,40.75114440917969,588.17,3764,3764,3785.4700000000003,4373.64,21.470000000000255,1.1368683772161603e-13,1.0000000000000002
28028,-73.98801422119139,40.749454498291016,-73.97138977050781,40.78959655761719,1078.64,3764,3764,-1.0,-1.0,-1,-1,0.0
28029,-73.97943115234375,40.75276184082031,-73.9747314453125,40.7783432006836,750.77,3764,3764,-1.0,-1.0,-1,-1,0.0
28030,-73.96937561035155,40.78510284423828,-73.93990325927734,40.801246643066406,672.63,3764,3764,3796.92,4495.3,32.92000000000007,25.750000000000114,1.038282562478629
28031,-74.0003433227539,40.7264060974121,-74.00818634033203,40.73555374145508,362.93,3764,3764,-1.0,-1.0,-1,-1,0.0
28032,-73.97805023193358,40.75247192382813,-73.97921752929686,40.76507186889648,542.63,3764,3764,3822.66,4405.5,58.659999999999854,40.21000000000015,1.074102058492896
28033,-73.99797821044923,40.723945617675774,-73.98473358154298,40.73489761352539,560.01,3765,3765,3780.0,4340.01,15.0,2.2737367544323206e-13,1.0000000000000004
28034,-73.98716735839844,40.74470138549805,-73.97689819335938,40.7519416809082,348.96,3765,3765,-1.0,-1.0,-1,-1,0.0
28035,-73.94680786132812,40.77224349975585,-73.9661407470703,40.765079498291016,572.82,3765,3765,-1.0,-1.0,-1,-1,0.0
28036,-73.95458221435547,40.77320861816406,-73.9712905883789,40.78144836425781,386.71,3765,3765,3780.0,4166.71,15.0,5.684341886080802e-14,1.0000000000000002
28037,-73.99128723144531,40.76536178588867,-73.98204803466798,40.77786636352539,256.44,3765,3765,3782.02,4038.46,17.019999999999982,5.684341886080802e-14,1.0000000000000002
28038,-73.98793029785155,40.75484085083008,-73.98249816894531,40.742591857910156,478.29,3765,3765,3784.43,4262.72,19.429999999999836,3.979039320256561e-13,1.0000000000000009
28039,-73.98875427246094,40.73942565917969,-73.9764175415039,40.747318267822266,621.2,3766,3766,-1.0,-1.0,-1,-1,0.0
28040,-73.97904205322266,40.76427841186523,-73.96289825439453,40.7706298828125,452.51,3766,3766,3780.0,4232.51,14.0,2.2737367544323206e-13,1.0000000000000004
28041,-73.97909545898438,40.781986236572266,-73.96554565429686,40.80784606933594,514.31,3766,3766,3820.37,4337.38,54.36999999999989,2.700000000000273,1.0052497520950405
28042,-73.99993133544923,40.7458610534668,-74.01023864746094,40.719425201416016,669.29,3766,3766,3782.97,4487.45,16.9699999999998,35.190000000000055,1.0525781051562104
28043,-73.95877075195312,40.76385116577149,-73.95574188232422,40.77189636230469,186.16,3766,3766,-1.0,-1.0,-1,-1,0.0
28044,-73.99908447265625,40.73838424682617,-74.00826263427734,40.7395133972168,265.91,3766,3766,3788.5,4054.41,22.5,-1.7053025658242404e-13,0.9999999999999993
28045,-73.9544219970703,40.76408386230469,-73.96598052978516,40.76521682739258,386.33,3766,3766,-1.0,-1.0,-1,-1,0.0
28046,-73.95269012451173,40.81840515136719,-73.98823547363281,40.77933883666992,692.07,3766,3766,3794.45,4493.07,28.449999999999818,6.549999999999841,1.0094643605415634
28047,-73.99166870117188,40.749675750732415,-73.9666976928711,40.75576400756836,862.16,3767,3767,-1.0,-1.0,-1,-1,0.0
28048,-73.98661804199219,40.75159072875977,-73.98258209228516,40.74108123779297,393.16,3767,3767,-1.0,-1.0,-1,-1,0.0
28049,-73.94969940185547,40.77220153808594,-73.96360015869139,40.77414321899415,423.63,3767,3767,3918.43,4342.06,151.42999999999984,5.684341886080801e-13,1.0000000000000013
28050,-73.95829010009766,40.77888488769531,-73.96719360351562,40.76356887817383,450.23,3767,3767,4192.1,4642.33,425.10000000000036,-4.547473508864641e-13,0.999999999999999
28051,-74.00089263916014,40.7289924621582,-73.99600982666014,40.7234764099121,354.39,3767,3767,3784.71,4139.1,17.710000000000036,3.410605131648481e-13,1.0000000000000009
28052,-73.98793029785155,40.74100875854492,-73.96121215820312,40.77000045776367,876.14,3767,3767,-1.0,-1.0,-1,-1,0.0
28053,-73.989501953125,40.74140930175781,-73.98342132568358,40.726238250732415,533.06,3767,3767,3807.13,4371.05,40.13000000000011,30.860000000000127,1.0578921697369905
28054,-73.98119354248048,40.78209686279297,-73.98281860351562,40.77112579345703,237.52,3768,3768,3821.12,4058.64,53.11999999999989,-2.842170943040401e-14,0.9999999999999999
28055,-73.99301147460938,40.756919860839844,-74.00496673583984,40.75166320800781,297.7,3768,3768,4153.99,4451.69,385.9899999999998,-1.7053025658242404e-13,0.9999999999999994
28056,-73.9599609375,40.77033615112305,-73.9678955078125,40.76771545410156,283.68,3768,3768,-1.0,-1.0,-1,-1,0.0
28057,-73.97605895996094,40.75920867919922,-74.0022735595703,40.73447036743164,753.46,3768,3768,-1.0,-1.0,-1,-1,0.0
28058,-73.96943664550781,40.76100158691406,-73.9900665283203,40.757568359375,727.35,3768,3768,3789.55,4516.9,21.550000000000182,-5.684341886080801e-13,0.9999999999999992
28059,-73.97833251953125,40.76305770874024,-73.99137878417969,40.7503776550293,558.78,3768,3768,-1.0,-1.0,-1,-1,0.0
28060,-73.94602966308595,40.77318954467773,-73.9531021118164,40.78264999389648,373.7,3768,3768,3912.66,4286.36,144.65999999999985,-1.7053025658242404e-13,0.9999999999999996
28061,-73.9791030883789,40.75032043457031,-73.95001220703125,40.77595901489258,776.27,3769,3769,3793.53,4569.8,24.5300000000002,0.0,1.0
28062,-73.96800994873048,40.792335510253906,-73.97730255126955,40.77678680419922,325.92,3769,3769,3819.33,4145.25,50.32999999999993,5.684341886080802e-14,1.0000000000000002
28063,-73.97168731689453,40.758060455322266,-73.9545669555664,40.77313995361328,479.06,3769,3769,-1.0,-1.0,-1,-1,0.0
28064,-73.95523834228516,40.78770065307617,-73.97078704833984,40.79608154296875,391.28,3769,3769,3918.2,4309.4800000000005,149.19999999999982,6.821210263296962e-13,1.0000000000000018
28065,-73.99102020263672,40.73355102539063,-73.98168182373048,40.755279541015625,704.09,3769,3769,3944.17,4648.26,175.17000000000007,1.1368683772161603e-13,1.0000000000000002
28066,-74.01648712158203,40.70473098754883,-74.00763702392578,40.70766830444336,348.54,3769,3769,3787.67,4136.21,18.670000000000073,-5.684341886080802e-14,0.9999999999999999
28067,-73.97637939453125,40.75192260742188,-73.98828125,40.72214889526367,941.71,3769,3769,-1.0,-1.0,-1,-1,0.0
28068,-73.97245788574219,40.759590148925774,-74.0066909790039,40.744049072265625,1053.76,3770,3770,3811.16,4864.92,41.159999999999854,2.2737367544323206e-13,1.0000000000000002
28069,-73.9700469970703,40.75649642944336,-73.9785614013672,40.74113082885742,413.46,3770,3770,3863.67,4277.13,93.67000000000007,5.684341886080802e-14,1.0000000000000002
28070,-73.97360229492188,40.75481033325195,-73.99608612060547,40.759864807128906,709.89,3770,3770,-1.0,-1.0,-1,-1,0.0
28071,-73.9595718383789,40.77119827270508,-73.95117950439453,40.77933120727539,204.23,3770,3770,3805.58,4009.81,35.57999999999993,2.842170943040401e-14,1.0000000000000002
28072,-73.99156951904298,40.75004196166992,-73.98004913330078,40.733436584472656,606.77,3770,3770,3819.23,4474.38,49.23000000000002,48.38000000000011,1.0797336717372317
28073,-73.99256896972656,40.74393844604492,-73.97753143310547,40.7869873046875,1058.48,3770,3770,-1.0,-1.0,-1,-1,0.0
28074,-73.9847412109375,40.72461318969727,-73.99211120605469,40.7492561340332,952.76,3770,3770,3793.93,4746.69,23.929999999999836,-2.2737367544323206e-13,0.9999999999999998
28075,-73.98468780517578,40.754093170166016,-73.97384643554686,40.764915466308594,391.72,3770,3770,-1.0,-1.0,-1,-1,0.0
28076,-73.95135498046875,40.78583526611328,-73.98684692382812,40.74874877929688,1350.59,3771,3771,3955.21,5305.8,184.21000000000004,2.2737367544323206e-13,1.0000000000000002
28077,-74.00790405273438,40.74036407470703,-73.99400329589844,40.72686004638672,745.5,3771,3771,-1.0,-1.0,-1,-1,0.0
28078,-73.98822021484375,40.74346160888672,-74.00518035888672,40.74125671386719,441.28,3771,3771,3790.82,4307.13,19.820000000000164,75.02999999999997,1.1700281000725163
28079,-74.00251007080078,40.73987579345703,-73.98886108398438,40.74010848999024,389.2,3771,3771,-1.0,-1.0,-1,-1,0.0
28080,-73.95806121826173,40.77901077270508,-73.97139739990234,40.76446914672852,533.45,3771,3771,3796.83,4330.28,25.829999999999927,-2.2737367544323206e-13,0.9999999999999996
28081,-74.00579071044923,40.74514389038085,-73.99526977539062,40.74387741088867,235.46,3771,3771,3892.5,4127.96,121.5,2.842170943040401e-14,1.0000000000000002
28082,-74.00592041015625,40.74023818969727,-74.00286102294923,40.72842788696289,502.22,3772,3772,3861.91,4364.13,89.90999999999985,2.2737367544323206e-13,1.0000000000000004
28083,-74.00785064697266,40.70724105834961,-74.00054931640625,40.74214172363281,879.03,3772,3772,3920.29,4799.32,148.28999999999996,-2.2737367544323206e-13,0.9999999999999998
28084,-73.96894836425781,40.7593994140625,-73.97464752197266,40.78815841674805,821.4,3772,3772,3822.37,4694.2,50.36999999999989,50.42999999999995,1.0613951789627465
28085,-74.00657653808594,40.751289367675774,-73.99191284179686,40.764564514160156,372.54,3772,3772,3819.44,4191.98,47.440000000000055,-5.115907697472721e-13,0.9999999999999987
28086,-73.9718246459961,40.787071228027344,-73.98046875,40.77901077270508,225.61,3773,3773,3913.19,4138.8,140.19000000000005,1.1368683772161603e-13,1.0000000000000004
28087,-74.01013946533203,40.719764709472656,-73.9747085571289,40.75335693359375,1258.37,3773,3773,3887.05,5145.42,114.05000000000018,0.0,1.0
28088,-73.98741149902342,40.760414123535156,-73.98133850097656,40.7802963256836,503.74,3773,3773,3817.13,4356.61,44.13000000000011,35.739999999999554,1.0709492992416714
28089,-73.97494506835938,40.75938415527344,-73.96650695800781,40.76077270507813,266.8,3773,3773,-1.0,-1.0,-1,-1,0.0
28090,-73.99079132080078,40.75088119506836,-74.00579071044923,40.72629165649415,502.44,3773,3773,-1.0,-1.0,-1,-1,0.0
28091,-73.99099731445312,40.75054931640625,-73.9615249633789,40.76438522338867,1067.24,3773,3773,-1.0,-1.0,-1,-1,0.0
28092,-73.9535903930664,40.76697158813477,-73.95533752441406,40.77180099487305,190.17,3773,3773,3815.13,4005.3,42.13000000000011,8.526512829121202e-14,1.0000000000000004
28093,-73.97859191894531,40.77252960205078,-73.96652984619139,40.79348373413085,460.15,3773,3773,-1.0,-1.0,-1,-1,0.0
28094,-73.97393035888672,40.75515747070313,-73.96610260009766,40.76191711425781,310.22,3773,3773,-1.0,-1.0,-1,-1,0.0
28095,-73.9588851928711,40.763877868652344,-73.99207305908203,40.721641540527344,1063.53,3774,3774,3816.93,4883.41,42.929999999999836,2.9500000000000455,1.0027737816516695
28096,-73.99079132080078,40.75088119506836,-73.97502136230467,40.763648986816406,654.06,3774,3774,-1.0,-1.0,-1,-1,0.0
28097,-74.00672912597656,40.74321365356445,-73.99303436279298,40.73695373535156,411.75,3774,3774,4049.91,4461.66,275.90999999999985,0.0,1.0
28098,-73.971435546875,40.75458526611328,-73.96036529541014,40.76391220092773,330.98,3774,3774,3824.18,4155.16,50.179999999999836,0.0,1.0
28099,-74.01573944091797,40.71149063110352,-74.00315856933594,40.73010635375977,533.35,3774,3774,-1.0,-1.0,-1,-1,0.0
28100,-73.9925308227539,40.73463439941406,-73.9813461303711,40.755577087402344,790.9,3774,3774,-1.0,-1.0,-1,-1,0.0
28101,-73.97615051269531,40.74018859863281,-73.99263763427734,40.73971939086913,462.91,3774,3774,-1.0,-1.0,-1,-1,0.0
28102,-73.97541046142578,40.74103164672852,-73.9947280883789,40.72497940063477,619.22,3775,3775,-1.0,-1.0,-1,-1,0.0
28103,-73.9964828491211,40.723731994628906,-74.00820922851562,40.71437454223633,487.98,3775,3775,-1.0,-1.0,-1,-1,0.0
28104,-74.0020523071289,40.72985076904297,-73.98722076416014,40.750770568847656,483.7,3775,3775,3830.17,4313.87,55.17000000000007,-1.7053025658242404e-13,0.9999999999999997
28105,-73.97957611083984,40.76620101928711,-73.98353576660156,40.77937316894531,503.76,3775,3775,3825.73,4329.49,50.73000000000002,-2.2737367544323206e-13,0.9999999999999996
28106,-73.98146820068358,40.747032165527344,-73.94789123535155,40.77967071533203,860.13,3775,3775,-1.0,-1.0,-1,-1,0.0
28107,-73.98136901855469,40.768348693847656,-73.9951171875,40.75958633422852,528.88,3776,3776,3833.91,4391.88,57.909999999999854,29.09000000000026,1.0550030252609293
28108,-73.96652221679686,40.76139831542969,-73.9691162109375,40.78600692749024,652.78,3776,3776,3792.37,4495.58,16.36999999999989,50.430000000000064,1.077254205092068
28109,-74.0135726928711,40.713600158691406,-73.98876190185547,40.75700759887695,903.64,3776,3776,-1.0,-1.0,-1,-1,0.0
28110,-73.9724349975586,40.76503372192383,-73.98101806640625,40.76369094848633,310.91,3776,3776,3819.12,4130.03,43.11999999999989,-1.7053025658242404e-13,0.9999999999999994
28111,-73.95265197753906,40.76837158203125,-73.96138763427734,40.7566795349121,330.69,3776,3776,-1.0,-1.0,-1,-1,0.0
28112,-73.98293304443358,40.77186584472656,-73.97307586669923,40.75558853149415,739.52,3777,3777,3780.0,4531.81,3.0,12.290000000000418,1.0166188879273048
28113,-74.00418090820312,40.72191619873047,-73.98627471923827,40.75068664550781,708.4,3777,3777,-1.0,-1.0,-1,-1,0.0
28114,-73.9823226928711,40.74626922607422,-73.96232604980467,40.76370620727539,684.96,3777,3777,-1.0,-1.0,-1,-1,0.0
28115,-73.98696899414062,40.75613021850585,-73.94974517822266,40.78430938720703,1076.27,3777,3777,3791.22,4912.36,14.2199999999998,44.86999999999989,1.0416902821782636
28116,-73.98115539550781,40.76493835449219,-73.98249053955078,40.77162170410156,313.19,3777,3777,-1.0,-1.0,-1,-1,0.0
28117,-73.9564208984375,40.768009185791016,-73.97383117675781,40.75471115112305,637.05,3777,3777,3802.37,4439.42,25.36999999999989,2.2737367544323206e-13,1.0000000000000004
28118,-73.98287200927734,40.75061416625977,-74.00780487060547,40.70519638061523,1016.09,3778,3778,3784.8,4885.06,6.800000000000182,84.17000000000019,1.0828371502524385
28119,-73.98635864257811,40.76219940185547,-73.9820327758789,40.77893829345703,432.97,3778,3778,3781.77,4242.88,3.769999999999982,28.1400000000001,1.0649929556320301
28120,-73.95140838623048,40.771728515625,-73.95871734619139,40.760078430175774,293.39,3778,3778,-1.0,-1.0,-1,-1,0.0
28121,-73.98186492919923,40.72838973999024,-73.9957733154297,40.75062942504883,846.43,3778,3778,3857.71,4704.14,79.71000000000004,3.410605131648481e-13,1.0000000000000004
28122,-73.97055053710938,40.76187133789063,-73.95665740966798,40.78382110595703,497.76,3778,3778,-1.0,-1.0,-1,-1,0.0
28123,-73.98438262939453,40.75590133666992,-73.99105072021484,40.75049209594727,300.54,3778,3778,-1.0,-1.0,-1,-1,0.0
28124,-73.97728729248048,40.73894882202149,-73.98130798339844,40.73405838012695,269.42,3778,3778,3812.8799999999997,4082.2999999999997,34.879999999999654,5.684341886080802e-14,1.0000000000000002
28125,-73.98845672607422,40.76424026489258,-74.00113677978516,40.72911834716797,956.76,3778,3778,3795.96,4808.5199999999995,17.960000000000036,55.7999999999995,1.058321836197165
28126,-73.98356628417969,40.74406051635742,-73.99531555175781,40.727298736572266,393.39,3779,3779,3818.77,4244.66,39.76999999999998,32.499999999999886,1.0826152164518668
28127,-73.96784973144531,40.762657165527344,-73.97378540039062,40.75218200683594,357.47,3779,3779,3835.4900000000002,4192.96,56.49000000000024,-2.2737367544323206e-13,0.9999999999999993
28128,-73.99082946777342,40.76089477539063,-73.99074554443358,40.75081634521485,401.82,3779,3779,3781.42,4183.24,2.4200000000000728,-2.8421709430404007e-13,0.9999999999999993
28129,-73.948486328125,40.80382919311523,-73.97960662841797,40.78150177001953,784.62,3779,3779,3811.34,4634.54,32.340000000000146,38.579999999999814,1.049170298998241
28130,-73.96770477294923,40.76533889770508,-73.95369720458984,40.78209686279297,446.49,3779,3779,-1.0,-1.0,-1,-1,0.0
28131,-73.9953842163086,40.73933792114258,-73.9902114868164,40.74445724487305,271.83,3779,3779,3804.64,4076.4700000000003,25.639999999999873,3.979039320256561e-13,1.0000000000000016
28132,-73.98574829101562,40.7591209411621,-74.00495910644531,40.74147033691406,676.3,3779,3779,-1.0,-1.0,-1,-1,0.0
28133,-73.99359130859375,40.74747085571289,-74.0081329345703,40.73876953125,445.07,3779,3779,3835.2400000000002,4311.96,56.24000000000024,31.649999999999807,1.0711124092839324
28134,-74.00425720214845,40.721866607666016,-73.9811248779297,40.73709487915039,771.78,3780,3780,-1.0,-1.0,-1,-1,0.0
28135,-73.96434783935547,40.77030944824219,-73.99079895019531,40.75799179077149,957.93,3780,3780,3886.59,4844.52,106.59000000000015,3.410605131648481e-13,1.0000000000000004
28136,-73.97380828857422,40.74735641479492,-73.98244476318358,40.73122024536133,320.58,3780,3780,-1.0,-1.0,-1,-1,0.0
28137,-73.97090911865234,40.7586784362793,-73.99108123779298,40.750892639160156,661.09,3780,3780,3822.58,4483.67,42.57999999999993,1.1368683772161603e-13,1.0000000000000002
28138,-74.0010986328125,40.741905212402344,-73.9759750366211,40.74664306640625,693.02,3780,3780,-1.0,-1.0,-1,-1,0.0
28139,-73.98644256591797,40.755348205566406,-73.950927734375,40.77268981933594,1029.35,3780,3780,-1.0,-1.0,-1,-1,0.0
28140,-73.9730224609375,40.79505157470703,-73.95365905761719,40.78519058227539,606.36,3780,3780,4487.05,5093.41,707.0500000000002,-3.410605131648481e-13,0.9999999999999994
28141,-73.9828567504883,40.73886489868164,-73.99241638183594,40.7434196472168,319.86,3781,3781,3963.95,4283.8099999999995,182.94999999999982,-3.410605131648481e-13,0.9999999999999989
28142,-73.97531127929686,40.7611198425293,-74.00950622558595,40.72612762451172,1096.08,3781,3781,-1.0,-1.0,-1,-1,0.0
28143,-73.97982788085938,40.78147888183594,-73.97352600097656,40.791900634765625,203.26,3781,3781,3987.15,4190.41,206.1500000000001,-2.2737367544323206e-13,0.9999999999999989
28144,-73.95957946777344,40.774085998535156,-73.96746826171875,40.760215759277344,432.86,3781,3781,-1.0,-1.0,-1,-1,0.0
28145,-73.95590209960938,40.77250671386719,-73.94200134277342,40.812442779541016,831.78,3781,3781,-1.0,-1.0,-1,-1,0.0
28146,-73.98355102539062,40.76411819458008,-73.98048400878906,40.76049041748047,236.92,3781,3781,-1.0,-1.0,-1,-1,0.0
28147,-73.99146270751955,40.726898193359375,-73.9760513305664,40.748451232910156,501.48,3781,3781,3917.93,4419.41,136.92999999999984,0.0,1.0
28148,-73.95993041992188,40.77376174926758,-73.98926544189453,40.741493225097656,1027.33,3781,3781,-1.0,-1.0,-1,-1,0.0
28149,-74.00060272216798,40.737552642822266,-73.98818969726562,40.727806091308594,456.66,3781,3781,-1.0,-1.0,-1,-1,0.0
28150,-73.97225952148438,40.75945663452149,-73.97503662109375,40.75503540039063,207.33,3782,3782,-1.0,-1.0,-1,-1,0.0
28151,-73.98951721191406,40.73577499389648,-73.9709701538086,40.7503776550293,630.91,3782,3782,3884.96,4515.87,102.96000000000004,-1.1368683772161603e-13,0.9999999999999998
28152,-73.97232818603516,40.76310729980469,-73.95899200439453,40.7683982849121,417.43,3782,3782,-1.0,-1.0,-1,-1,0.0
28153,-73.96436309814453,40.765480041503906,-73.9803009033203,40.74422836303711,663.83,3783,3783,-1.0,-1.0,-1,-1,0.0
28154,-73.98104095458984,40.767738342285156,-73.96067047119139,40.77311706542969,583.66,3783,3783,-1.0,-1.0,-1,-1,0.0
28155,-73.97064208984375,40.76082229614258,-74.00758361816406,40.75164413452149,1069.16,3783,3783,-1.0,-1.0,-1,-1,0.0
28156,-73.99674987792969,40.73643493652344,-73.98921966552734,40.73239135742188,288.37,3783,3783,3822.54,4110.91,39.539999999999964,-1.1368683772161603e-13,0.9999999999999996
28157,-73.97474670410156,40.75829315185547,-73.9875259399414,40.73832321166992,627.42,3783,3783,-1.0,-1.0,-1,-1,0.0
28158,-73.98110961914062,40.75041961669922,-74.00247955322266,40.74465942382813,613.38,3783,3783,-1.0,-1.0,-1,-1,0.0
28159,-73.99016571044923,40.76173782348633,-74.00724792480467,40.754066467285156,468.42,3783,3783,3935.08,4403.5,152.07999999999993,5.684341886080802e-14,1.0000000000000002
28160,-73.99117279052734,40.73294067382813,-74.00357818603516,40.72359848022461,413.17,3783,3783,3969.34,4382.51,186.34000000000015,5.684341886080802e-14,1.0000000000000002
28161,-73.98602294921875,40.74660110473633,-74.00145721435547,40.74407958984375,428.37,3783,3783,-1.0,-1.0,-1,-1,0.0
28162,-74.01068878173827,40.711101531982415,-73.98873901367188,40.757659912109375,1086.59,3783,3783,3835.46,4984.05,52.460000000000036,62.00000000000023,1.057059240375855
28163,-73.95696258544923,40.77063751220703,-74.00798034667969,40.75120162963867,1341.1,3783,3783,-1.0,-1.0,-1,-1,0.0
28164,-74.00302124023438,40.749378204345696,-73.99749755859375,40.74084854125977,314.0,3783,3783,3841.31,4155.31,58.309999999999945,4.547473508864641e-13,1.0000000000000016
28165,-73.97650146484375,40.76525497436523,-73.98478698730467,40.7858772277832,736.35,3783,3783,-1.0,-1.0,-1,-1,0.0
28166,-74.00445556640625,40.72556686401367,-73.99346923828125,40.74219512939453,333.95,3783,3783,-1.0,-1.0,-1,-1,0.0
28167,-73.98126983642578,40.769058227539055,-73.97943878173827,40.77664184570313,204.23,3784,3784,4038.33,4242.5599999999995,254.32999999999993,-4.263256414560601e-13,0.9999999999999979
28168,-73.98217010498048,40.77798843383789,-73.97142791748048,40.78741836547852,292.42,3784,3784,3823.79,4116.21,39.789999999999964,5.684341886080802e-14,1.0000000000000002
28169,-73.9636993408203,40.802833557128906,-73.9561767578125,40.80473327636719,242.49,3784,3784,3985.32,4227.81,201.32000000000016,2.2737367544323206e-13,1.0000000000000009
28170,-73.97505187988281,40.75266647338867,-73.97881317138672,40.73705291748047,434.11,3784,3784,-1.0,-1.0,-1,-1,0.0
28171,-73.97997283935547,40.734878540039055,-73.99008178710938,40.74905395507813,657.74,3784,3784,3810.0,4467.74,26.0,-2.2737367544323206e-13,0.9999999999999997
28172,-73.98130798339844,40.733131408691406,-73.98873901367188,40.769081115722656,1183.7,3784,3784,3832.56,5060.62,48.559999999999945,44.3599999999999,1.0374757117512883
28173,-73.9856719970703,40.74732971191406,-74.00589752197266,40.73085021972656,573.66,3784,3784,-1.0,-1.0,-1,-1,0.0
28174,-73.9884033203125,40.764427185058594,-73.9876937866211,40.74401092529297,748.83,3785,3785,3818.47,4574.65,33.4699999999998,7.349999999999795,1.0098153118865427
28175,-73.96638488769531,40.76765823364258,-73.98677825927734,40.739612579345696,828.5,3785,3785,-1.0,-1.0,-1,-1,0.0
28176,-73.99309539794923,40.74242782592773,-73.98930358886719,40.75593566894531,475.41,3785,3785,-1.0,-1.0,-1,-1,0.0
28177,-73.99340057373048,40.74311447143555,-74.0023193359375,40.76055908203125,597.57,3785,3785,-1.0,-1.0,-1,-1,0.0
28178,-73.98889923095702,40.74433517456055,-74.0035858154297,40.7300033569336,526.37,3785,3785,-1.0,-1.0,-1,-1,0.0
28179,-73.97388458251955,40.75707244873047,-73.9988021850586,40.72820663452149,908.84,3785,3785,-1.0,-1.0,-1,-1,0.0
28180,-73.98743438720702,40.760353088378906,-73.98648071289062,40.766510009765625,189.46,3786,3786,-1.0,-1.0,-1,-1,0.0
28181,-74.00090789794923,40.72094345092773,-73.99021911621094,40.7298583984375,376.01,3786,3786,-1.0,-1.0,-1,-1,0.0
28182,-73.98405456542969,40.765052795410156,-73.97174072265625,40.78203582763672,386.61,3786,3786,3823.58,4247.36,37.57999999999993,37.16999999999973,1.0961434003259092
28183,-74.00222778320312,40.72951126098633,-74.00879669189453,40.73881149291992,471.0,3786,3786,3817.19,4364.13,31.190000000000055,75.94000000000005,1.161231422505308
28184,-73.99433135986328,40.75121688842773,-73.96357727050781,40.76554870605469,952.91,3786,3786,-1.0,-1.0,-1,-1,0.0
28185,-73.97771453857422,40.76306915283203,-73.97396087646483,40.75087356567383,632.76,3786,3786,-1.0,-1.0,-1,-1,0.0
28186,-73.95429992675781,40.76409530639648,-73.9659194946289,40.76494598388672,386.33,3786,3786,-1.0,-1.0,-1,-1,0.0
28187,-73.97522735595702,40.74571990966797,-73.98847961425781,40.727535247802734,328.48,3787,3787,3894.17,4222.65,107.17000000000007,-4.547473508864641e-13,0.9999999999999987
28188,-73.9720230102539,40.79322052001953,-73.95326232910156,40.81441879272461,533.93,3787,3787,3901.04,4434.97,114.03999999999996,3.410605131648481e-13,1.0000000000000007
28189,-73.98849487304686,40.73638916015625,-73.99187469482422,40.749267578125,547.21,3787,3787,-1.0,-1.0,-1,-1,0.0
28190,-73.98402404785155,40.74669647216797,-73.94851684570312,40.77901840209961,936.06,3787,3787,3811.36,4747.42,24.360000000000127,0.0,1.0
28191,-73.96167755126955,40.78055191040039,-73.95174407958984,40.77960205078125,283.12,3788,3788,3880.63,4163.75,92.63000000000011,-1.1368683772161603e-13,0.9999999999999996
28192,-73.97312927246094,40.75539016723633,-73.9830093383789,40.72257995605469,857.97,3788,3788,-1.0,-1.0,-1,-1,0.0
28193,-74.01591491699219,40.70642471313477,-74.00770568847656,40.74277114868164,719.81,3788,3788,3832.36,4552.17,44.36000000000013,0.0,1.0
28194,-73.97207641601562,40.75625991821289,-73.96595764160156,40.7541618347168,190.13,3788,3788,-1.0,-1.0,-1,-1,0.0
28195,-73.99449157714845,40.76103973388672,-74.00504302978516,40.751480102539055,323.26,3788,3788,3974.95,4298.21,186.94999999999982,2.2737367544323206e-13,1.0000000000000007
28196,-74.00041961669923,40.72372055053711,-74.00621795654298,40.7080307006836,626.64,3789,3789,-1.0,-1.0,-1,-1,0.0
28197,-73.96784973144531,40.75540161132813,-73.98175048828125,40.74160385131836,374.01,3789,3789,3826.09,4200.1,37.090000000000146,2.2737367544323206e-13,1.0000000000000007
28198,-73.99640655517578,40.74800109863281,-73.97914123535155,40.72180938720703,956.68,3789,3789,3843.03,4799.71,54.0300000000002,-1.1368683772161603e-13,0.9999999999999999
28199,-73.99246978759766,40.74944686889648,-73.99192047119139,40.769474029541016,683.92,3789,3789,-1.0,-1.0,-1,-1,0.0
28200,-73.99755096435547,40.7257080078125,-73.95639038085938,40.76754379272461,1019.88,3789,3789,3810.0,4829.88,21.0,1.1368683772161603e-13,1.0000000000000002
28201,-73.98712158203125,40.744983673095696,-74.00094604492188,40.729408264160156,403.99,3789,3789,-1.0,-1.0,-1,-1,0.0
28202,-73.99634552001955,40.74283218383789,-74.00408935546875,40.742530822753906,184.95,3789,3789,3821.54,4006.49,32.539999999999964,-1.7053025658242404e-13,0.9999999999999991
28203,-73.95568084716798,40.7764892578125,-73.9568862915039,40.804771423339844,677.5,3789,3789,3811.92,4489.42,22.920000000000073,0.0,1.0
28204,-73.9945068359375,40.750675201416016,-73.98990631103516,40.74118041992188,506.42,3789,3789,3816.0,4322.42,27.0,5.684341886080802e-14,1.0000000000000002
28205,-74.01019287109375,40.703609466552734,-74.00363159179686,40.72375106811523,718.87,3789,3789,-1.0,-1.0,-1,-1,0.0
28206,-73.96845245361328,40.76469039916992,-73.95074462890625,40.78495407104492,528.59,3789,3789,3834.25,4362.84,45.25,1.1368683772161603e-13,1.0000000000000002
28207,-73.97872161865234,40.751991271972656,-73.98755645751955,40.73834609985352,411.9,3789,3789,-1.0,-1.0,-1,-1,0.0
28208,-73.98281860351562,40.766849517822266,-73.97707366943358,40.77671813964844,230.85,3790,3790,3839.94,4070.79,49.940000000000055,-8.526512829121202e-14,0.9999999999999997
28209,-73.98909759521484,40.741859436035156,-74.00932312011719,40.71543884277344,706.02,3790,3790,-1.0,-1.0,-1,-1,0.0
28210,-73.96492004394531,40.76664352416992,-73.97955322265625,40.79111862182617,797.79,3790,3790,3810.0,4705.38,20.0,97.59000000000015,1.1223254239837552
28211,-73.95801544189453,40.76502227783203,-73.95166015625,40.77707290649415,222.51,3790,3790,3822.46,4044.97,32.460000000000036,-2.2737367544323206e-13,0.999999999999999
28212,-73.98001098632812,40.76133346557617,-74.001220703125,40.736595153808594,826.9,3790,3790,-1.0,-1.0,-1,-1,0.0
28213,-74.00483703613281,40.72146987915039,-73.99221801757811,40.73434066772461,468.83,3790,3790,-1.0,-1.0,-1,-1,0.0
28214,-73.96675872802734,40.76405715942383,-73.95426940917969,40.77899932861328,342.76,3790,3790,-1.0,-1.0,-1,-1,0.0
28215,-73.9915542602539,40.7598876953125,-73.98991394042969,40.74565124511719,525.53,3791,3791,3826.62,4394.02,35.61999999999989,41.87000000000057,1.079671950221682
28216,-74.00698852539062,40.705665588378906,-73.97276306152342,40.74357223510742,605.5,3791,3791,-1.0,-1.0,-1,-1,0.0
28217,-73.99425506591797,40.751441955566406,-73.99272155761719,40.72352981567383,1031.26,3791,3791,-1.0,-1.0,-1,-1,0.0
28218,-73.97065734863281,40.75682830810547,-73.9772186279297,40.74956512451172,292.18,3791,3791,3933.42,4225.6,142.42000000000007,2.8421709430404007e-13,1.0000000000000009
28219,-74.01498413085938,40.71432876586913,-74.00323486328125,40.735515594482415,505.27,3791,3791,-1.0,-1.0,-1,-1,0.0
28220,-73.96410369873048,40.77290725708008,-73.9468765258789,40.77621841430664,447.82,3791,3791,3826.33,4317.04,35.32999999999993,42.89000000000004,1.0957750882050825
28221,-73.99089813232422,40.751220703125,-73.9569091796875,40.77127075195313,1137.68,3791,3791,3923.66,5061.34,132.65999999999985,2.2737367544323206e-13,1.0000000000000002
28222,-74.00495147705078,40.70679473876953,-73.99185943603516,40.72587203979492,512.61,3791,3791,-1.0,-1.0,-1,-1,0.0
28223,-73.98370361328125,40.778656005859375,-73.96786499023438,40.80451965332031,512.51,3791,3791,3871.04,4383.55,80.03999999999996,2.2737367544323206e-13,1.0000000000000004
28224,-73.97544860839844,40.75217819213867,-74.00831604003906,40.71160888671875,1135.57,3791,3791,-1.0,-1.0,-1,-1,0.0
28225,-73.95682525634766,40.77078247070313,-73.97055053710938,40.78839492797852,611.34,3791,3791,-1.0,-1.0,-1,-1,0.0
28226,-74.00695037841797,40.70538711547852,-74.01595306396483,40.71110534667969,334.51,3792,3792,-1.0,-1.0,-1,-1,0.0
28227,-73.96329498291014,40.77195358276367,-73.96735382080078,40.76639175415039,183.63,3792,3792,-1.0,-1.0,-1,-1,0.0
28228,-73.96434020996094,40.77088165283203,-73.99481964111328,40.71855163574219,1439.19,3792,3792,-1.0,-1.0,-1,-1,0.0
28229,-74.01258850097656,40.71617889404297,-74.0076904296875,40.707618713378906,477.01,3792,3792,3832.79,4309.8,40.789999999999964,2.2737367544323206e-13,1.0000000000000004
28230,-73.96532440185547,40.77479934692383,-73.9609146118164,40.769981384277344,271.05,3792,3792,3811.21,4082.26,19.210000000000036,1.7053025658242404e-13,1.0000000000000007
28231,-73.98757934570312,40.757972717285156,-73.98368835449219,40.75686645507813,282.25,3792,3792,3848.37,4130.62,56.36999999999989,0.0,1.0
28232,-73.96833801269531,40.75915908813477,-73.95175170898438,40.773529052734375,410.67,3793,3793,-1.0,-1.0,-1,-1,0.0
28233,-73.97402954101562,40.757041931152344,-73.93361663818358,40.795223236083984,955.0,3793,3793,3828.85,4823.37,35.84999999999991,39.51999999999998,1.0413821989528795
28234,-73.99977111816406,40.73109817504883,-73.98291015625,40.73102951049805,475.63,3793,3793,3951.35,4426.98,158.3499999999999,-3.410605131648481e-13,0.9999999999999993
28235,-73.95464324951173,40.78415298461913,-73.95877075195312,40.76563262939453,612.28,3793,3793,3972.76,4585.04,179.76000000000022,-2.2737367544323206e-13,0.9999999999999997
28236,-73.98334503173827,40.73168563842773,-73.99226379394531,40.725181579589844,317.24,3793,3793,3831.78,4229.35,38.7800000000002,80.33000000000015,1.2532152313705716
28237,-73.94283294677734,40.79086685180664,-73.9754867553711,40.793792724609375,743.19,3793,3793,3917.42,4660.61,124.42000000000007,-4.547473508864641e-13,0.9999999999999993
28238,-73.98995208740234,40.759090423583984,-73.97469329833984,40.75267791748047,579.05,3793,3793,-1.0,-1.0,-1,-1,0.0
28239,-73.98229217529298,40.762882232666016,-73.98197937011719,40.767765045166016,212.99,3793,3793,-1.0,-1.0,-1,-1,0.0
28240,-73.98597717285155,40.762428283691406,-73.98824310302734,40.76898956298828,231.37,3794,3794,-1.0,-1.0,-1,-1,0.0
28241,-73.9633560180664,40.803794860839844,-73.94273376464845,40.81140518188477,583.49,3794,3794,3819.31,4402.8,25.309999999999945,2.2737367544323206e-13,1.0000000000000004
28242,-73.95429229736328,40.816219329833984,-73.96247863769531,40.80503845214844,283.28,3794,3794,4028.06,4311.34,234.05999999999995,2.2737367544323206e-13,1.0000000000000009
28243,-73.98517608642578,40.72914123535156,-73.99857330322266,40.74064254760742,548.76,3795,3795,3818.96,4367.72,23.960000000000036,2.2737367544323206e-13,1.0000000000000004
28244,-74.00386810302734,40.72234344482422,-73.9854507446289,40.727386474609375,596.57,3795,3795,-1.0,-1.0,-1,-1,0.0
28245,-73.97319030761719,40.76399230957031,-73.98247528076173,40.73575210571289,802.04,3795,3795,-1.0,-1.0,-1,-1,0.0
28246,-74.01219177246094,40.70426940917969,-73.95687103271484,40.76240921020508,902.07,3795,3795,3833.29,4765.94,38.289999999999964,30.579999999999586,1.033899808218874
28247,-73.96360778808595,40.766990661621094,-73.97169494628906,40.76040649414063,366.87,3795,3795,3918.45,4285.32,123.44999999999982,-1.1368683772161603e-13,0.9999999999999997
28248,-73.983154296875,40.74758911132813,-73.95108795166014,40.77158737182617,860.81,3795,3795,-1.0,-1.0,-1,-1,0.0
28249,-73.95699310302734,40.77672958374024,-73.9991226196289,40.737388610839844,1364.81,3795,3795,3817.9,5242.61,22.90000000000009,59.899999999999636,1.0438888929594592
28250,-73.97404479980467,40.763099670410156,-73.94157409667969,40.78763961791992,812.77,3796,3796,3813.54,4633.24,17.539999999999964,6.929999999999836,1.0085263973817928
28251,-74.00796508789062,40.74204635620117,-74.00213623046875,40.72297286987305,721.66,3796,3796,3908.21,4629.87,112.21000000000004,-1.1368683772161603e-13,0.9999999999999999
28252,-73.96593475341797,40.76528549194336,-73.97505187988281,40.75336837768555,353.72,3796,3796,-1.0,-1.0,-1,-1,0.0
28253,-73.97330474853516,40.76422119140625,-73.9721145629883,40.756660461425774,340.66,3796,3796,-1.0,-1.0,-1,-1,0.0
28254,-73.9822006225586,40.75510787963867,-73.9799575805664,40.73923873901367,625.8,3796,3796,3813.27,4439.07,17.269999999999982,-2.2737367544323206e-13,0.9999999999999997
28255,-73.98279571533203,40.76659393310547,-73.99347686767578,40.757286071777344,380.61,3796,3796,-1.0,-1.0,-1,-1,0.0
28256,-73.9664535522461,40.75784683227539,-73.97441864013672,40.74418640136719,327.04,3797,3797,-1.0,-1.0,-1,-1,0.0
28257,-73.98114776611328,40.78171920776367,-73.9940185546875,40.74840927124024,963.97,3797,3797,3821.12,4802.18,24.11999999999989,17.090000000000373,1.0177287674927646
28258,-73.98113250732422,40.78173065185547,-73.94242095947266,40.82388687133789,1018.16,3797,3797,4034.74,5052.9,237.73999999999978,-1.1368683772161603e-13,0.9999999999999999
28259,-73.99117279052734,40.760475158691406,-73.97811126708984,40.75304412841797,589.17,3797,3797,3832.08,4421.25,35.07999999999993,1.1368683772161603e-13,1.0000000000000002
28260,-74.01531982421875,40.71562576293945,-74.00473022460938,40.751197814941406,610.22,3798,3798,-1.0,-1.0,-1,-1,0.0
28261,-73.96331024169923,40.77477645874024,-73.97588348388672,40.776382446289055,335.65,3798,3798,-1.0,-1.0,-1,-1,0.0
28262,-74.00105285644531,40.74177551269531,-73.99381256103516,40.74574661254883,217.66,3798,3798,-1.0,-1.0,-1,-1,0.0
28263,-73.9561004638672,40.77201843261719,-73.95681762695312,40.766361236572266,209.96,3798,3798,-1.0,-1.0,-1,-1,0.0
28264,-73.9811019897461,40.741676330566406,-73.97394561767578,40.74932861328125,239.81,3798,3798,3810.69,4050.5,12.690000000000055,-5.684341886080802e-14,0.9999999999999998
28265,-73.98960876464844,40.76274871826172,-73.97960662841797,40.72748947143555,1239.63,3798,3798,3843.85,5113.26,45.84999999999991,29.7800000000002,1.0240232972741867
28266,-73.97956085205078,40.743736267089844,-73.99886322021484,40.729793548583984,598.21,3799,3799,-1.0,-1.0,-1,-1,0.0
28267,-73.95890045166014,40.780738830566406,-73.99149322509766,40.750221252441406,1137.37,3799,3799,4221.72,5359.09,422.72000000000025,0.0,1.0
28268,-73.98674011230467,40.74267959594727,-73.97552490234375,40.733055114746094,458.13,3799,3799,3858.7500000000005,4316.88,59.750000000000455,-3.410605131648481e-13,0.9999999999999992
28269,-73.99520874023438,40.74504852294922,-73.97858428955078,40.75089645385742,498.41,3799,3799,3851.93,4389.59,52.929999999999836,39.250000000000284,1.078750426355812
28270,-73.9756851196289,40.76477813720703,-73.9903564453125,40.756004333496094,632.34,3799,3799,-1.0,-1.0,-1,-1,0.0
28271,-73.98461151123048,40.76723861694336,-73.9828567504883,40.76372909545898,220.96,3799,3799,3853.28,4074.2400000000002,54.2800000000002,2.842170943040401e-14,1.0000000000000002
28272,-73.98587799072266,40.75236129760742,-73.98304748535155,40.77082824707031,581.05,3799,3799,-1.0,-1.0,-1,-1,0.0
28273,-73.97749328613281,40.763938903808594,-73.99089813232422,40.76607131958008,435.46,3800,3800,-1.0,-1.0,-1,-1,0.0
28274,-73.99243927001955,40.72483825683594,-73.9908905029297,40.71726608276367,385.95,3800,3800,3822.21,4208.16,22.210000000000036,-1.7053025658242404e-13,0.9999999999999996
28275,-73.99002838134766,40.733341217041016,-74.00564575195312,40.74018859863281,483.08,3800,3800,3811.25,4361.429999999999,11.25,67.0999999999994,1.1389003891694944
28276,-73.99278259277344,40.74961853027344,-73.9940414428711,40.75662612915039,394.09,3800,3800,-1.0,-1.0,-1,-1,0.0
28277,-73.98928070068358,40.758262634277344,-73.94871520996094,40.80325317382813,1172.81,3800,3800,3855.1,5088.91,55.09999999999991,61.0,1.052011834824055
28278,-73.9502410888672,40.77735137939453,-73.96854400634766,40.76485824584961,600.09,3800,3800,3820.62,4420.71,20.61999999999989,1.1368683772161603e-13,1.0000000000000002
28279,-73.9923095703125,40.7534408569336,-73.9869155883789,40.76088333129883,220.15,3801,3801,3841.42,4061.57,40.42000000000007,8.526512829121202e-14,1.0000000000000004
28280,-73.99395751953125,40.74755859375,-73.98353576660156,40.75545883178711,366.3,3801,3801,-1.0,-1.0,-1,-1,0.0
28281,-73.97946166992188,40.74980545043945,-73.9610595703125,40.76667404174805,631.95,3801,3801,-1.0,-1.0,-1,-1,0.0
28282,-73.96247100830078,40.76977157592773,-73.98883056640625,40.741249084472656,931.88,3801,3801,3831.19,4763.07,30.190000000000055,-3.410605131648481e-13,0.9999999999999997
28283,-73.9671859741211,40.76079559326172,-73.9572525024414,40.77449417114258,258.56,3801,3801,3824.09,4082.65,23.090000000000146,-5.684341886080802e-14,0.9999999999999998
28284,-73.9435806274414,40.78919219970703,-73.94268798828125,40.79975891113281,343.75,3801,3801,3996.59,4340.34,195.59000000000015,0.0,1.0
28285,-73.9813461303711,40.77372741699219,-73.98445129394531,40.76511001586913,288.36,3801,3801,3833.52,4121.88,32.51999999999998,1.1368683772161603e-13,1.0000000000000004
28286,-73.9935073852539,40.753730773925774,-73.96607971191406,40.75954818725585,906.42,3801,3801,3855.98,4762.4,54.98000000000002,-3.410605131648481e-13,0.9999999999999997
28287,-73.94777679443358,40.783729553222656,-73.95523834228516,40.78269958496094,234.74,3801,3801,3892.74,4127.48,91.73999999999978,-2.2737367544323206e-13,0.999999999999999
28288,-73.97750091552734,40.754642486572266,-73.95574188232422,40.7779426574707,661.07,3801,3801,-1.0,-1.0,-1,-1,0.0
28289,-73.96945190429686,40.76353073120117,-73.97708129882812,40.75458908081055,358.75,3801,3801,3828.08,4245.08,27.079999999999927,58.25,1.162369337979094
28290,-73.98501586914062,40.76893615722656,-73.99225616455078,40.7591552734375,290.48,3801,3801,3817.6,4108.08,16.59999999999991,0.0,1.0
28291,-73.99645233154298,40.7380485534668,-74.00431060791014,40.74616622924805,343.48,3802,3802,3816.34,4159.82,14.340000000000146,-4.547473508864641e-13,0.9999999999999987
28292,-73.98466491699219,40.76411056518555,-73.97864532470702,40.782691955566406,441.97,3802,3802,3824.06,4339.25,22.059999999999945,73.22000000000003,1.1656673529877595
28293,-73.96121215820312,40.77178192138672,-73.9914779663086,40.74995040893555,1103.93,3802,3802,3811.5,4921.36,9.5,5.929999999999609,1.005371717409618
28294,-73.98544311523438,40.74433898925781,-73.97404479980467,40.76154708862305,510.19,3802,3802,3843.12,4353.31,41.11999999999989,5.115907697472721e-13,1.000000000000001
28295,-73.95620727539062,40.77145767211913,-74.00435638427734,40.7410545349121,1427.1,3802,3802,-1.0,-1.0,-1,-1,0.0
28296,-73.95750427246094,40.77016830444336,-73.96302032470702,40.76335144042969,215.13,3802,3802,-1.0,-1.0,-1,-1,0.0
28297,-73.9906234741211,40.74631118774415,-73.97747039794923,40.75207138061523,438.58,3802,3802,-1.0,-1.0,-1,-1,0.0
28298,-73.98726654052734,40.73883438110352,-73.95571899414062,40.78529357910156,1109.11,3802,3802,-1.0,-1.0,-1,-1,0.0
28299,-73.98155212402342,40.746437072753906,-74.00098419189453,40.72062301635742,717.68,3802,3802,3810.0,4527.68,8.0,3.410605131648481e-13,1.0000000000000004
28300,-73.99583435058595,40.73875427246094,-74.00450897216798,40.74699783325195,343.02,3803,3803,3849.3,4192.32,46.30000000000018,-4.547473508864641e-13,0.9999999999999987
28301,-74.00106048583984,40.72909164428711,-73.98486328125,40.71900177001953,716.54,3803,3803,3879.21,4595.75,76.21000000000004,0.0,1.0
28302,-74.00794982910156,40.705482482910156,-73.99794006347656,40.72924041748047,776.66,3803,3803,-1.0,-1.0,-1,-1,0.0
28303,-73.977783203125,40.78902053833008,-73.97891998291014,40.77421188354492,431.06,3803,3803,3831.5,4333.1,28.5,70.54000000000036,1.163643112327751
28304,-73.95809936523438,40.76055908203125,-73.99913787841797,40.72323989868164,1037.94,3803,3803,-1.0,-1.0,-1,-1,0.0
28305,-74.00330352783203,40.74386978149415,-73.98453521728516,40.769615173339844,616.65,3803,3803,3921.1,4537.75,118.09999999999991,1.1368683772161603e-13,1.0000000000000002
28306,-73.97491455078125,40.75531768798828,-73.971435546875,40.76089859008789,222.07,3803,3803,-1.0,-1.0,-1,-1,0.0
28307,-73.99024963378906,40.75692367553711,-73.99927520751955,40.73090362548828,791.16,3804,3804,-1.0,-1.0,-1,-1,0.0
28308,-73.98690795898438,40.75104904174805,-73.98368835449219,40.76962661743164,645.71,3804,3804,3837.89,4534.58,33.88999999999987,50.98000000000002,1.0789518514503416
28309,-73.9920196533203,40.74258804321289,-73.96572875976562,40.75683975219727,770.89,3804,3804,3828.26,4636.14,24.26000000000022,36.99000000000012,1.0479834995913815
28310,-73.98493957519531,40.745033264160156,-73.99114227294923,40.755348205566406,469.55,3804,3804,-1.0,-1.0,-1,-1,0.0
28311,-73.98654174804686,40.762020111083984,-73.95359802246094,40.7793197631836,879.2,3804,3804,-1.0,-1.0,-1,-1,0.0
28312,-73.99176025390625,40.74985885620117,-73.9756317138672,40.741371154785156,637.79,3804,3804,-1.0,-1.0,-1,-1,0.0
28313,-73.98650360107422,40.75262069702149,-73.97881317138672,40.75159072875977,230.05,3804,3804,3852.54,4082.59,48.539999999999964,1.7053025658242404e-13,1.0000000000000007
28314,-73.97107696533203,40.760566711425774,-74.00604248046875,40.71403884887695,1313.82,3805,3805,-1.0,-1.0,-1,-1,0.0
28315,-73.99331665039062,40.73654174804688,-73.97555541992188,40.7327880859375,560.1,3805,3805,3810.0,4370.1,5.0,3.410605131648481e-13,1.0000000000000007
28316,-73.97817993164062,40.7732810974121,-73.9576873779297,40.765281677246094,604.13,3805,3805,3851.71,4455.84,46.710000000000036,1.1368683772161603e-13,1.0000000000000002
28317,-73.96572875976562,40.76870727539063,-73.97391510009766,40.75720977783203,380.32,3805,3805,-1.0,-1.0,-1,-1,0.0
28318,-73.9783935546875,40.76348876953125,-73.98576354980467,40.759010314941406,301.29,3805,3805,-1.0,-1.0,-1,-1,0.0
28319,-73.94760131835938,40.78369140625,-73.95269012451173,40.77330780029297,234.36,3805,3805,3889.0,4123.36,84.0,-3.410605131648481e-13,0.9999999999999986
28320,-73.97616577148438,40.75992202758789,-73.99095153808595,40.74015426635742,469.26,3805,3805,3823.2,4292.46,18.199999999999818,2.2737367544323206e-13,1.0000000000000004
28321,-73.98820495605469,40.73784255981445,-73.95973205566406,40.76765060424805,883.55,3806,3806,-1.0,-1.0,-1,-1,0.0
28322,-73.96144866943358,40.77162170410156,-73.95085906982422,40.771671295166016,295.2,3806,3806,-1.0,-1.0,-1,-1,0.0
28323,-73.9773712158203,40.761817932128906,-74.00848388671875,40.723487854003906,1158.14,3806,3806,-1.0,-1.0,-1,-1,0.0
28324,-73.98473358154298,40.72439956665039,-73.99398803710938,40.75128173828125,985.64,3806,3806,3866.04,4851.68,60.039999999999964,3.410605131648481e-13,1.0000000000000004
28325,-74.00811767578125,40.73949813842773,-74.01010131835938,40.71804809570313,486.26,3806,3806,3825.78,4330.71,19.7800000000002,18.669999999999845,1.0383950972730636
28326,-73.99449920654298,40.73471450805664,-73.97799682617188,40.751426696777344,652.08,3806,3806,3861.23,4513.31,55.23000000000002,3.410605131648481e-13,1.0000000000000004
28327,-73.9969482421875,40.72520446777344,-73.98914337158203,40.71875381469727,427.54,3806,3806,-1.0,-1.0,-1,-1,0.0
28328,-73.96595001220702,40.79500198364258,-73.97468566894531,40.79009246826172,225.74,3806,3806,3897.13,4122.87,91.13000000000011,-2.2737367544323206e-13,0.999999999999999
28329,-73.97254943847656,40.76203918457031,-73.94255065917969,40.81166076660156,972.77,3806,3806,3850.3,4823.07,44.30000000000018,-4.547473508864641e-13,0.9999999999999996
28330,-73.96158599853516,40.78008270263672,-73.95368194580078,40.76844787597656,502.03,3807,3807,3866.81,4410.54,59.809999999999945,41.700000000000045,1.0830627651733962
28331,-73.9813461303711,40.778785705566406,-73.93563079833984,40.85476684570313,1036.02,3807,3807,3820.78,4856.8,13.7800000000002,0.0,1.0
28332,-73.98487091064453,40.75376892089844,-74.00411987304686,40.74267959594727,588.17,3807,3807,-1.0,-1.0,-1,-1,0.0
28333,-73.99423217773438,40.7509994506836,-73.99922943115234,40.76070022583008,355.2,3807,3807,-1.0,-1.0,-1,-1,0.0
28334,-73.98013305664062,40.761451721191406,-73.9749298095703,40.75347900390625,484.34,3807,3807,-1.0,-1.0,-1,-1,0.0
28335,-73.9805679321289,40.7829475402832,-73.95360565185547,40.78522109985352,607.58,3807,3807,3827.73,4527.5,20.730000000000018,92.18999999999994,1.1517331051055004
28336,-73.99147033691406,40.75006866455078,-73.98322296142578,40.7568588256836,379.51,3807,3807,-1.0,-1.0,-1,-1,0.0
28337,-73.9656982421875,40.77108383178711,-73.98287200927734,40.76148223876953,622.51,3807,3807,-1.0,-1.0,-1,-1,0.0
28338,-73.96025848388672,40.76203918457031,-73.94493865966798,40.77994155883789,331.95,3807,3807,3854.32,4186.2699999999995,47.320000000000164,-6.252776074688882e-13,0.9999999999999981
28339,-73.9696273803711,40.80018997192383,-73.9783935546875,40.78820037841797,226.86,3808,3808,3834.91,4108.52,26.909999999999854,46.75000000000057,1.206074230803141
28340,-73.99231719970702,40.72452926635742,-73.97942352294923,40.7330436706543,336.41,3808,3808,3855.37,4191.78,47.36999999999989,-1.7053025658242404e-13,0.9999999999999994
28341,-73.96636962890625,40.76715850830078,-73.95906829833984,40.772369384765625,220.7,3808,3808,3850.69,4086.35,42.690000000000055,14.959999999999866,1.067784322609877
28342,-73.98896026611328,40.73688888549805,-73.94031524658203,40.848308563232415,1809.17,3808,3808,-1.0,-1.0,-1,-1,0.0
28343,-73.95755004882812,40.76443862915039,-73.96653747558594,40.75760269165039,326.22,3809,3809,-1.0,-1.0,-1,-1,0.0
28344,-73.99945068359375,40.7387580871582,-73.94499969482422,40.77456665039063,1376.46,3809,3809,3838.05,5264.43,29.050000000000182,49.92000000000007,1.0362669456431717
28345,-73.99141693115234,40.750091552734375,-73.98493957519531,40.73788070678711,466.9,3809,3809,-1.0,-1.0,-1,-1,0.0
28346,-74.00755310058594,40.743080139160156,-74.00929260253906,40.7170295715332,562.4,3809,3809,-1.0,-1.0,-1,-1,0.0
28347,-73.96885681152342,40.75442123413085,-73.9717254638672,40.744117736816406,328.09,3809,3809,3851.75,4179.84,42.75,1.7053025658242404e-13,1.0000000000000004
28348,-73.98841094970702,40.72336959838867,-73.98564147949219,40.73831558227539,422.62,3809,3809,3938.46,4361.08,129.46000000000004,-1.1368683772161603e-13,0.9999999999999998
28349,-73.97549438476562,40.76118087768555,-73.98513793945312,40.7598762512207,372.5,3809,3809,-1.0,-1.0,-1,-1,0.0
28350,-73.9568862915039,40.783424377441406,-73.94468688964844,40.779056549072266,361.16,3809,3809,3816.84,4198.26,7.8400000000001455,20.260000000000048,1.0560970207110423
28351,-73.97480010986328,40.75022888183594,-73.9614028930664,40.75635147094727,380.4,3809,3809,3846.17,4309.18,37.17000000000007,82.61000000000024,1.217166140904312
28352,-74.00084686279298,40.73651123046875,-73.98709106445312,40.760948181152344,696.28,3810,3810,3917.84,4614.12,107.84000000000015,-2.2737367544323206e-13,0.9999999999999997
28353,-73.9896469116211,40.738426208496094,-74.00885009765625,40.71606063842773,688.65,3810,3810,3868.2599999999998,4556.91,58.25999999999976,1.1368683772161603e-13,1.0000000000000002
28354,-74.00223541259766,40.739646911621094,-73.97557067871094,40.724281311035156,866.53,3810,3810,3963.63,4830.16,153.6300000000001,-2.2737367544323206e-13,0.9999999999999998
28355,-73.95450592041014,40.77827835083008,-73.96623229980467,40.79318237304688,521.76,3810,3810,3858.5299999999997,4380.29,48.529999999999745,2.2737367544323206e-13,1.0000000000000004
28356,-73.97853851318358,40.75278091430664,-73.96800994873048,40.756290435791016,420.69,3810,3810,-1.0,-1.0,-1,-1,0.0
28357,-73.97207641601562,40.76205825805664,-73.9535598754883,40.8095588684082,1013.24,3811,3811,-1.0,-1.0,-1,-1,0.0
28358,-73.97506713867188,40.78764343261719,-73.94764709472656,40.82537841796875,692.28,3811,3811,3934.16,4626.44,123.15999999999985,-2.2737367544323206e-13,0.9999999999999997
28359,-73.99102783203125,40.745521545410156,-73.9861602783203,40.772159576416016,748.78,3811,3811,-1.0,-1.0,-1,-1,0.0
28360,-73.98277282714845,40.74814987182617,-73.98308563232422,40.771690368652344,822.0,3811,3811,3852.22,4702.25,41.2199999999998,28.0300000000002,1.0340997566909977
28361,-73.9781265258789,40.76456069946289,-73.99365997314453,40.72637939453125,1065.97,3811,3811,3846.2599999999998,4912.2300000000005,35.25999999999976,6.821210263296962e-13,1.0000000000000007
28362,-73.98155975341797,40.76194763183594,-73.97782897949219,40.75392532348633,452.04,3812,3812,-1.0,-1.0,-1,-1,0.0
28363,-74.01373291015625,40.71391677856445,-73.98274993896483,40.7145881652832,764.53,3812,3812,3955.63,4720.16,143.6300000000001,-2.2737367544323206e-13,0.9999999999999997
28364,-73.97810363769531,40.75276565551758,-73.98018646240234,40.74336242675781,487.46,3812,3812,-1.0,-1.0,-1,-1,0.0
28365,-73.97618865966798,40.7574462890625,-74.00279235839844,40.76060485839844,805.04,3812,3812,-1.0,-1.0,-1,-1,0.0
28366,-74.00151062011719,40.719444274902344,-74.00904083251955,40.71611785888672,251.92,3812,3812,-1.0,-1.0,-1,-1,0.0
28367,-74.00773620605469,40.705020904541016,-73.98777770996094,40.71912384033203,472.58,3812,3812,-1.0,-1.0,-1,-1,0.0
28368,-73.9543685913086,40.766109466552734,-73.95262908935547,40.77410125732422,181.1,3813,3813,-1.0,-1.0,-1,-1,0.0
28369,-74.00517272949219,40.721015930175774,-74.00904083251955,40.717002868652344,237.87,3813,3813,3871.09,4108.96,58.090000000000146,-1.1368683772161603e-13,0.9999999999999996
28370,-73.97299194335938,40.75846862792969,-73.95809936523438,40.76036071777344,460.09,3813,3813,-1.0,-1.0,-1,-1,0.0
28371,-73.97515869140625,40.75838851928711,-73.96607971191406,40.76497650146485,349.12,3813,3813,-1.0,-1.0,-1,-1,0.0
28372,-74.0147933959961,40.71414184570313,-73.95758819580078,40.77857208251953,1527.35,3814,3814,3934.29,5461.639999999999,120.28999999999996,-4.547473508864641e-13,0.9999999999999997
28373,-73.97366333007811,40.74373245239258,-73.9496078491211,40.77239608764648,558.26,3814,3814,3860.41,4449.17,46.409999999999854,30.500000000000227,1.0546340414860464
28374,-73.95510101318358,40.78292465209961,-73.98625946044923,40.75687026977539,1134.82,3814,3814,3857.87,5063.2,43.86999999999989,70.50999999999999,1.0621332017412453
28375,-73.95728302001955,40.77436828613281,-73.98238372802734,40.76440048217773,861.38,3814,3814,3840.38,4715.2,26.38000000000011,13.439999999999714,1.0156028698135546
28376,-74.00556945800781,40.74055099487305,-73.98033142089844,40.73521041870117,794.09,3814,3814,3868.12,4662.21,54.11999999999989,1.1368683772161603e-13,1.0000000000000002
28377,-74.00118255615234,40.72769165039063,-73.97816467285155,40.76263427734375,879.89,3814,3814,-1.0,-1.0,-1,-1,0.0
28378,-73.95426177978516,40.779121398925774,-73.98870086669923,40.763648986816406,880.7,3814,3814,3973.82,4854.5199999999995,159.82000000000016,-6.821210263296962e-13,0.9999999999999992
28379,-73.98448944091797,40.74271011352539,-73.98385620117188,40.75221252441406,393.25,3814,3814,3928.62,4321.87,114.61999999999989,0.0,1.0
28380,-73.97966003417969,40.75535202026367,-73.97272491455078,40.76488876342773,402.75,3815,3815,-1.0,-1.0,-1,-1,0.0
28381,-73.99040222167969,40.75618743896485,-73.98017883300781,40.7500228881836,498.84,3815,3815,-1.0,-1.0,-1,-1,0.0
28382,-73.99224853515625,40.74369812011719,-73.99439239501955,40.748695373535156,236.47,3815,3815,-1.0,-1.0,-1,-1,0.0
28383,-73.95099639892578,40.78316116333008,-73.96318054199219,40.769039154052734,368.77,3815,3815,3849.33,4218.1,34.32999999999993,4.547473508864641e-13,1.0000000000000013
28384,-73.97554016113281,40.75202178955078,-73.9874496459961,40.73868942260742,339.2,3815,3815,-1.0,-1.0,-1,-1,0.0
28385,-73.96631622314453,40.76224899291992,-73.9644775390625,40.77299118041992,327.28,3815,3815,3922.04,4259.25,107.03999999999996,9.930000000000064,1.0303409924223907
28386,-73.97976684570312,40.76423263549805,-73.952392578125,40.78095626831055,853.06,3815,3815,-1.0,-1.0,-1,-1,0.0
28387,-74.01033782958984,40.71872329711913,-74.00322723388672,40.72407150268555,342.92,3815,3815,3932.3,4275.22,117.30000000000018,5.684341886080802e-14,1.0000000000000002
28388,-73.999755859375,40.724510192871094,-73.98313140869139,40.72758483886719,487.87,3815,3815,-1.0,-1.0,-1,-1,0.0
28389,-73.97171020507811,40.79732894897461,-73.97815704345702,40.7863883972168,227.49,3816,3816,3862.21,4089.7,46.210000000000036,-2.2737367544323206e-13,0.999999999999999
28390,-73.95681762695312,40.78049850463867,-74.00865173339844,40.72333908081055,1678.14,3816,3816,3963.83,5641.97,147.82999999999993,2.2737367544323206e-13,1.0000000000000002
28391,-73.95079040527342,40.76976013183594,-73.98246002197266,40.7276611328125,824.33,3816,3816,3872.83,4697.16,56.82999999999993,-1.1368683772161603e-13,0.9999999999999999
28392,-73.98834228515625,40.72724151611328,-73.97618865966798,40.727699279785156,310.53,3816,3816,4166.82,4477.35,350.8199999999997,6.821210263296962e-13,1.0000000000000022
28393,-73.97859954833984,40.75679016113281,-73.97747802734375,40.76316833496094,278.8,3816,3816,-1.0,-1.0,-1,-1,0.0
28394,-73.9670639038086,40.80392456054688,-73.97125244140625,40.795352935791016,203.89,3816,3816,4268.13,4472.02,452.1300000000001,3.410605131648481e-13,1.0000000000000018
28395,-73.97638702392578,40.78078842163085,-73.9679183959961,40.79209518432617,320.67,3817,3817,4018.68,4339.35,201.67999999999984,5.115907697472721e-13,1.0000000000000016
28396,-73.97345733642578,40.75505828857422,-73.99935913085938,40.760440826416016,804.43,3817,3817,-1.0,-1.0,-1,-1,0.0
28397,-73.97821044921875,40.76650619506836,-73.96561431884766,40.763526916503906,486.41,3817,3817,-1.0,-1.0,-1,-1,0.0
28398,-73.98892211914062,40.74456787109375,-73.96839904785155,40.764984130859375,783.49,3817,3817,-1.0,-1.0,-1,-1,0.0
28399,-73.9701614379883,40.75989151000977,-73.97696685791014,40.72726821899415,811.68,3817,3817,-1.0,-1.0,-1,-1,0.0
28400,-73.97715759277344,40.74311828613281,-73.98859405517578,40.727298736572266,281.9,3817,3817,3850.62,4132.52,33.61999999999989,5.684341886080801e-13,1.000000000000002
28401,-73.98204803466798,40.75783157348633,-73.95262145996094,40.773250579833984,874.48,3817,3817,-1.0,-1.0,-1,-1,0.0
28402,-73.97474670410156,40.76215744018555,-73.98734283447266,40.73870468139648,632.93,3817,3817,3864.19,4497.12,47.190000000000055,-1.1368683772161603e-13,0.9999999999999998
28403,-74.00189971923827,40.730167388916016,-73.99143981933594,40.74898910522461,509.83,3817,3817,-1.0,-1.0,-1,-1,0.0
28404,-73.98238372802734,40.7433967590332,-73.95891571044923,40.75944519042969,635.19,3817,3817,-1.0,-1.0,-1,-1,0.0
28405,-73.98302459716798,40.75087356567383,-73.98465728759766,40.74333572387695,266.58,3818,3818,3863.17,4129.75,45.17000000000007,-5.684341886080802e-14,0.9999999999999998
28406,-73.9783477783203,40.74866485595703,-74.00428009033203,40.74266052246094,725.2,3818,3818,-1.0,-1.0,-1,-1,0.0
28407,-73.9806900024414,40.72998428344727,-73.99855041503906,40.72964477539063,497.08,3818,3818,4033.17,4530.25,215.17000000000007,-5.684341886080802e-14,0.9999999999999999
28408,-73.99275207519531,40.74539566040039,-73.97100067138672,40.7535514831543,632.49,3818,3818,-1.0,-1.0,-1,-1,0.0
28409,-73.97370147705078,40.7630271911621,-73.98601531982422,40.76814651489258,332.62,3818,3818,3872.14,4204.76,54.13999999999987,3.410605131648481e-13,1.000000000000001
28410,-73.98201751708984,40.765789031982415,-73.98537445068358,40.75799560546875,283.53,3818,3818,3856.38,4146.16,38.38000000000011,6.249999999999773,1.0220435227312799
28411,-73.97817993164062,40.7570686340332,-73.98146057128906,40.714500427246094,973.93,3818,3818,-1.0,-1.0,-1,-1,0.0
28412,-73.98916625976562,40.76934814453125,-73.98030853271484,40.770183563232415,222.11,3818,3818,3969.16,4191.27,151.15999999999985,5.684341886080801e-13,1.0000000000000027
28413,-73.98774719238281,40.7382698059082,-74.00605010986328,40.73315048217773,498.58,3819,3819,-1.0,-1.0,-1,-1,0.0
28414,-73.96106719970702,40.77208709716797,-74.0043716430664,40.72149658203125,1548.97,3819,3819,3846.32,5473.38,27.320000000000164,78.08999999999992,1.0504141461745546
28415,-73.99109649658203,40.73953628540039,-73.98725128173827,40.72216033935547,683.58,3819,3819,3843.54,4543.56,24.539999999999964,16.440000000000396,1.0240498551742303
28416,-73.97805786132812,40.77845764160156,-73.96765899658203,40.79285049438477,374.12,3819,3819,3960.33,4334.45,141.32999999999993,-1.1368683772161603e-13,0.9999999999999997
28417,-74.01080322265625,40.716888427734375,-73.98645782470702,40.77210998535156,990.48,3819,3819,3920.29,4910.77,101.28999999999996,4.547473508864641e-13,1.0000000000000004
28418,-73.97966766357422,40.765830993652344,-73.96669006347656,40.79232025146485,709.51,3820,3820,-1.0,-1.0,-1,-1,0.0
28419,-73.9646759033203,40.76405334472656,-73.95674133300781,40.7628173828125,260.79,3820,3820,-1.0,-1.0,-1,-1,0.0
28420,-73.95164489746094,40.77783966064453,-73.98798370361328,40.7351951599121,1175.45,3820,3820,3842.11,5041.21,22.110000000000127,23.649999999999864,1.020119954060147
28421,-73.98047637939453,40.782997131347656,-73.95318603515625,40.78533554077149,597.75,3820,3820,3843.02,4532.96,23.019999999999982,92.19000000000005,1.154228356336261
28422,-74.00130462646483,40.75696182250977,-74.00827026367188,40.73563003540039,562.12,3820,3820,-1.0,-1.0,-1,-1,0.0
28423,-73.9778594970703,40.7421875,-73.9906997680664,40.72451400756836,375.9,3820,3820,-1.0,-1.0,-1,-1,0.0
28424,-73.96868133544923,40.77010726928711,-73.97180938720702,40.76259231567383,255.56,3820,3820,-1.0,-1.0,-1,-1,0.0
28425,-73.99556732177734,40.76005554199219,-73.98710632324219,40.762691497802734,266.13,3820,3820,3854.29,4120.42,34.289999999999964,1.1368683772161603e-13,1.0000000000000004
28426,-73.9835433959961,40.72993469238281,-73.95984649658203,40.76236343383789,559.73,3820,3820,3864.77,4424.5,44.76999999999998,0.0,1.0
28427,-73.95994567871094,40.770423889160156,-73.96846008300781,40.764732360839844,313.26,3821,3821,-1.0,-1.0,-1,-1,0.0
28428,-73.98060607910156,40.75410842895508,-73.97315979003906,40.74376678466797,490.58,3821,3821,-1.0,-1.0,-1,-1,0.0
28429,-73.9969253540039,40.72402572631836,-73.98724365234375,40.7221908569336,339.28,3821,3821,-1.0,-1.0,-1,-1,0.0
28430,-73.9501953125,40.77218246459961,-73.9683609008789,40.76784133911133,568.63,3822,3822,3916.84,4485.469999999999,94.84000000000015,-7.958078640513122e-13,0.9999999999999986
28431,-74.00763702392578,40.72650909423828,-73.97128295898438,40.80086135864258,1230.61,3822,3822,-1.0,-1.0,-1,-1,0.0
28432,-73.98821258544923,40.74827194213867,-73.9686050415039,40.76755905151367,715.23,3822,3822,3880.74,4595.97,58.73999999999978,4.547473508864641e-13,1.0000000000000007
28433,-74.00106048583984,40.731666564941406,-74.0081787109375,40.737640380859375,425.21,3822,3822,-1.0,-1.0,-1,-1,0.0
28434,-73.9884262084961,40.76423645019531,-73.98749542236328,40.75949096679688,191.24,3822,3822,3848.2,4039.44,26.199999999999818,2.2737367544323206e-13,1.000000000000001
28435,-73.98352813720702,40.74106979370117,-73.98526763916014,40.73234176635742,224.24,3822,3822,3860.47,4096.66,38.4699999999998,11.950000000000045,1.0532911166607208
28436,-73.9863052368164,40.75718307495117,-73.98932647705078,40.737510681152344,589.72,3823,3823,-1.0,-1.0,-1,-1,0.0
28437,-73.98180389404298,40.76426696777344,-73.95917510986328,40.77238845825195,716.79,3823,3823,-1.0,-1.0,-1,-1,0.0
28438,-73.97824859619139,40.74549102783203,-73.98291015625,40.7635612487793,822.84,3823,3823,3859.54,4721.64,36.539999999999964,39.26000000000033,1.0477127995722137
28439,-73.98218536376955,40.73212432861328,-74.00115966796875,40.761573791503906,1108.9,3823,3823,3947.0,5055.9,124.0,-4.547473508864641e-13,0.9999999999999996
28440,-73.9876937866211,40.740928649902344,-73.98776245117188,40.75040054321289,372.24,3824,3824,3869.99,4242.23,45.98999999999978,-2.2737367544323206e-13,0.9999999999999993
28441,-73.97986602783203,40.7657356262207,-73.98431396484375,40.764747619628906,244.37,3824,3824,-1.0,-1.0,-1,-1,0.0
28442,-73.9821014404297,40.76313781738281,-73.97227478027344,40.75737762451172,542.46,3824,3824,-1.0,-1.0,-1,-1,0.0
28443,-73.99832153320312,40.722694396972656,-74.00408935546875,40.74269485473633,716.43,3824,3824,-1.0,-1.0,-1,-1,0.0
28444,-73.98539733886719,40.74151992797852,-73.95001983642578,40.77561950683594,856.75,3824,3824,-1.0,-1.0,-1,-1,0.0
28445,-73.9732437133789,40.763984680175774,-73.95763397216798,40.761573791503906,545.31,3824,3824,-1.0,-1.0,-1,-1,0.0
28446,-74.00069427490234,40.731948852539055,-73.97557067871094,40.75974655151367,879.08,3824,3824,3855.9700000000003,4735.05,31.970000000000255,-1.1368683772161603e-13,0.9999999999999999
28447,-73.96361541748048,40.75704574584961,-73.97443389892578,40.787410736083984,857.4,3824,3824,-1.0,-1.0,-1,-1,0.0
28448,-73.99190521240234,40.74415969848633,-73.97686767578125,40.74853897094727,502.83,3824,3824,3846.92,4423.3,22.920000000000073,73.55000000000013,1.1462720999144842
28449,-73.9912567138672,40.75104141235352,-74.00900268554686,40.72642135620117,674.18,3825,3825,3869.0899999999997,4543.27,44.08999999999969,7.958078640513122e-13,1.000000000000001
28450,-73.99017333984375,40.73457336425781,-73.98432922363281,40.72716522216797,299.53,3825,3825,3866.96,4166.49,41.960000000000036,-2.2737367544323206e-13,0.9999999999999992
28451,-73.96442413330078,40.773284912109375,-73.96963500976562,40.76891708374024,214.84,3825,3825,3938.62,4153.46,113.61999999999989,1.4210854715202004e-13,1.0000000000000007
28452,-73.99420166015625,40.73217010498047,-73.99504089355469,40.73966979980469,250.96,3825,3825,-1.0,-1.0,-1,-1,0.0
28453,-73.98258972167969,40.75149917602539,-73.98893737792969,40.77336883544922,768.76,3825,3825,-1.0,-1.0,-1,-1,0.0
28454,-73.99823760986328,40.76095581054688,-73.99292755126955,40.75840759277344,238.5,3825,3825,4194.97,4433.47,369.97000000000025,0.0,1.0
28455,-74.0071563720703,40.705360412597656,-74.01510620117188,40.709415435791016,283.89,3825,3825,3883.47,4167.36,58.4699999999998,-1.1368683772161603e-13,0.9999999999999996
28456,-73.97872161865234,40.74509048461913,-73.98504638671875,40.73244857788085,305.24,3825,3825,-1.0,-1.0,-1,-1,0.0
28457,-74.00303649902342,40.739158630371094,-73.99714660644531,40.74711990356445,189.29,3825,3825,3881.42,4070.71,56.42000000000007,-2.842170943040401e-14,0.9999999999999999
28458,-73.99482727050781,40.725990295410156,-73.98996734619139,40.72326278686523,183.33,3825,3825,4075.46,4258.79,250.46000000000004,-8.526512829121202e-14,0.9999999999999996
28459,-73.99417877197266,40.755859375,-73.98763275146483,40.74438095092773,490.39,3826,3826,3845.1,4335.49,19.09999999999991,-1.1368683772161603e-13,0.9999999999999998
28460,-73.97398376464845,40.75777053833008,-73.95738983154298,40.77008056640625,543.73,3826,3826,-1.0,-1.0,-1,-1,0.0
28461,-73.98000335693358,40.76306915283203,-73.9688491821289,40.76418685913085,327.32,3826,3826,-1.0,-1.0,-1,-1,0.0
28462,-73.98401641845702,40.7703971862793,-73.99040985107422,40.761543273925774,233.44,3826,3826,3850.64,4084.08,24.639999999999873,5.684341886080802e-14,1.0000000000000002
28463,-74.0069808959961,40.72821044921875,-73.99378967285155,40.74153137207031,409.62,3826,3826,-1.0,-1.0,-1,-1,0.0
28464,-73.993408203125,40.73337173461913,-73.99333190917969,40.742088317871094,282.46,3826,3826,-1.0,-1.0,-1,-1,0.0
28465,-74.0112075805664,40.71578979492188,-74.01226806640625,40.70724868774415,368.51,3827,3827,3856.74,4225.25,29.73999999999978,2.2737367544323206e-13,1.0000000000000007
28466,-73.98831939697266,40.73630142211913,-73.99382781982422,40.74140930175781,275.25,3827,3827,-1.0,-1.0,-1,-1,0.0
28467,-73.99880981445312,40.745338439941406,-73.96733093261719,40.76039123535156,932.07,3827,3827,3876.07,4845.01,49.070000000000164,36.870000000000005,1.0395571148089735
28468,-73.9869155883789,40.73943328857422,-73.95639038085938,40.77066040039063,861.85,3827,3827,-1.0,-1.0,-1,-1,0.0
28469,-73.9849853515625,40.75690841674805,-73.9518051147461,40.80938720703125,1259.85,3827,3827,-1.0,-1.0,-1,-1,0.0
28470,-74.00810241699219,40.705421447753906,-73.9771499633789,40.749038696289055,940.5,3827,3827,3902.67,4843.17,75.67000000000007,0.0,1.0
28471,-73.99141693115234,40.749675750732415,-73.99903869628906,40.72459030151367,688.7,3828,3828,-1.0,-1.0,-1,-1,0.0
28472,-73.99427795410156,40.72653198242188,-73.98948669433594,40.756343841552734,962.09,3828,3828,3848.61,4810.7,20.610000000000127,-3.410605131648481e-13,0.9999999999999997
28473,-73.952392578125,40.77286148071289,-73.95584106445312,40.77973937988281,206.25,3828,3828,3885.7,4091.95,57.69999999999982,0.0,1.0
28474,-73.95726013183594,40.781150817871094,-73.98889923095702,40.77434158325195,721.06,3828,3828,3852.33,4604.76,24.329999999999927,31.370000000000346,1.0435053948353816
28475,-73.97415924072266,40.75164794921875,-73.96119689941406,40.768775939941406,422.29,3828,3828,-1.0,-1.0,-1,-1,0.0
28476,-73.96318054199219,40.77789306640625,-73.99269104003906,40.75819778442383,839.38,3828,3828,4257.57,5096.95,429.5699999999997,1.1368683772161603e-13,1.0000000000000002
28477,-73.99813079833984,40.74113845825195,-74.01123046875,40.7288475036621,398.15,3828,3828,-1.0,-1.0,-1,-1,0.0
28478,-73.97042846679686,40.75897979736328,-73.95812225341797,40.78142929077149,611.92,3828,3828,-1.0,-1.0,-1,-1,0.0
28479,-74.00745391845702,40.72601318359375,-73.98801422119139,40.724029541015625,598.75,3829,3829,-1.0,-1.0,-1,-1,0.0
28480,-73.98991394042969,40.77132415771485,-73.97528076171875,40.79120635986328,448.17,3829,3829,3878.02,4326.19,49.01999999999998,-3.979039320256561e-13,0.9999999999999991
28481,-73.98561096191406,40.75307846069336,-73.95323181152342,40.7860107421875,952.56,3829,3829,3873.27,4825.83,44.26999999999998,0.0,1.0
28482,-73.9929962158203,40.723052978515625,-74.00782012939453,40.73938369750977,697.41,3829,3829,4078.7999999999997,4776.21,249.79999999999973,3.410605131648481e-13,1.0000000000000004
28483,-73.99198913574219,40.74270248413085,-73.9859848022461,40.74240493774415,183.58,3829,3829,-1.0,-1.0,-1,-1,0.0
28484,-73.9958724975586,40.73881149291992,-73.99224090576173,40.74953079223633,346.0,3829,3829,3845.79,4191.79,16.789999999999964,0.0,1.0
28485,-73.96768188476562,40.759220123291016,-73.98716735839844,40.73585891723633,673.71,3829,3829,-1.0,-1.0,-1,-1,0.0
28486,-73.96227264404298,40.76775360107422,-73.95500183105469,40.8217658996582,1263.02,3829,3829,-1.0,-1.0,-1,-1,0.0
28487,-73.9541015625,40.77872085571289,-73.94439697265625,40.78794860839844,205.82,3829,3829,4433.78,4639.6,604.7799999999997,6.252776074688882e-13,1.000000000000003
28488,-73.97295379638672,40.78691101074219,-73.94577026367188,40.807804107666016,717.9,3829,3829,3858.42,4576.32,29.420000000000073,-3.410605131648481e-13,0.9999999999999996
28489,-73.98848724365234,40.74879837036133,-73.99925231933594,40.76031875610352,523.86,3829,3829,-1.0,-1.0,-1,-1,0.0
28490,-73.96028900146483,40.76633071899415,-73.980712890625,40.769996643066406,563.16,3830,3830,3840.0,4403.16,10.0,-1.1368683772161603e-13,0.9999999999999998
28491,-73.98838806152342,40.75445556640625,-73.96401977539062,40.75689697265625,731.61,3830,3830,-1.0,-1.0,-1,-1,0.0
28492,-74.005615234375,40.751628875732415,-74.00237274169923,40.7604866027832,225.82,3830,3830,3871.76,4097.58,41.76000000000022,-2.8421709430404007e-13,0.9999999999999988
28493,-73.9736099243164,40.794429779052734,-73.95287322998048,40.78880310058594,644.36,3830,3830,3981.91,4626.27,151.90999999999985,5.684341886080801e-13,1.0000000000000009
28494,-73.9888687133789,40.74446868896485,-73.99725341796875,40.71434020996094,957.19,3830,3830,3889.88,4880.64,59.88000000000011,33.570000000000164,1.0350714069307037
28495,-73.97891998291014,40.76081848144531,-73.99356079101562,40.749900817871094,714.53,3830,3830,-1.0,-1.0,-1,-1,0.0
28496,-74.01529693603516,40.71435928344727,-73.9957733154297,40.73863983154297,651.41,3830,3830,-1.0,-1.0,-1,-1,0.0
28497,-73.96533966064453,40.754920959472656,-73.9639892578125,40.77676010131836,580.78,3830,3830,3887.86,4468.64,57.86000000000013,2.2737367544323206e-13,1.0000000000000004
28498,-73.9781265258789,40.751461029052734,-74.0058364868164,40.72475814819336,927.79,3830,3830,-1.0,-1.0,-1,-1,0.0
28499,-73.9793701171875,40.78478240966797,-73.9671859741211,40.80113220214844,308.36,3831,3831,3914.79,4223.15,83.78999999999996,-3.410605131648481e-13,0.9999999999999989
28500,-74.00814819335938,40.737957000732415,-74.01124572753906,40.728515625,228.25,3831,3831,4055.62,4283.87,224.6199999999999,0.0,1.0
28501,-73.96945953369139,40.769203186035156,-73.9803237915039,40.754695892333984,454.89,3831,3831,-1.0,-1.0,-1,-1,0.0
28502,-74.00870513916014,40.74652099609375,-73.98804473876955,40.7380256652832,612.92,3831,3831,-1.0,-1.0,-1,-1,0.0
28503,-73.97718048095702,40.74865341186523,-73.96701049804686,40.76126480102539,398.38,3831,3831,-1.0,-1.0,-1,-1,0.0
28504,-73.98912811279298,40.75843048095703,-73.99297332763672,40.76826095581055,363.9,3831,3831,3881.22,4245.12,50.2199999999998,1.1368683772161603e-13,1.0000000000000002
28505,-73.99385833740234,40.7670783996582,-73.9988021850586,40.745365142822266,521.25,3832,3832,3857.0099999999998,4378.26,25.009999999999764,4.547473508864641e-13,1.0000000000000009
28506,-73.98824310302734,40.759178161621094,-73.979736328125,40.75999069213867,279.93,3832,3832,-1.0,-1.0,-1,-1,0.0
28507,-73.95336151123048,40.77848815917969,-73.95879364013672,40.76163864135742,522.93,3832,3832,3845.45,4442.05,13.449999999999818,73.67000000000041,1.1408792763849853
28508,-73.9771957397461,40.7577018737793,-74.00688934326173,40.742618560791016,866.55,3832,3832,3888.38,4770.33,56.38000000000011,15.399999999999864,1.01777162310311
28509,-73.96372985839844,40.77391052246094,-73.96772766113281,40.76573181152344,294.83,3833,3833,-1.0,-1.0,-1,-1,0.0
28510,-73.9929428100586,40.74263000488281,-74.00360107421875,40.72774124145508,472.99,3833,3833,-1.0,-1.0,-1,-1,0.0
28511,-73.973388671875,40.76393127441406,-74.00983428955078,40.70465850830078,1327.75,3833,3833,-1.0,-1.0,-1,-1,0.0
28512,-73.9974365234375,40.74665832519531,-73.99972534179686,40.75246810913085,251.51,3833,3833,-1.0,-1.0,-1,-1,0.0
28513,-73.97351837158203,40.75473403930664,-73.99365234375,40.721107482910156,895.8,3834,3834,-1.0,-1.0,-1,-1,0.0
28514,-73.98281860351562,40.759273529052734,-73.97576141357422,40.76101684570313,416.66,3834,3834,-1.0,-1.0,-1,-1,0.0
28515,-73.98293304443358,40.76773071289063,-73.98092651367188,40.78087997436523,366.43,3834,3834,3863.45,4229.88,29.449999999999818,2.8421709430404007e-13,1.0000000000000007
28516,-73.94406127929686,40.80984115600585,-73.93099975585938,40.86870956420898,1008.39,3834,3834,4017.63,5026.02,183.6300000000001,3.410605131648481e-13,1.0000000000000004
28517,-73.97783660888672,40.75812911987305,-73.99082946777342,40.75582885742188,462.22,3834,3834,3893.2,4403.57,59.19999999999982,48.149999999999864,1.1041711738998743
28518,-73.9639892578125,40.7702751159668,-73.95484924316406,40.77077102661133,263.92,3834,3834,3858.74,4122.66,24.73999999999978,5.684341886080802e-14,1.0000000000000002
28519,-73.99610137939453,40.7259521484375,-73.9920654296875,40.71496963500977,585.87,3834,3834,3874.49,4460.36,40.48999999999978,-1.1368683772161603e-13,0.9999999999999998
28520,-73.97042083740234,40.79315185546875,-73.9766082763672,40.78995895385742,192.7,3835,3835,3848.58,4113.9,13.579999999999927,72.61999999999972,1.3768552153606628
28521,-73.95487213134766,40.77917861938477,-73.97374725341797,40.78450012207031,365.91,3835,3835,3857.86,4223.77,22.860000000000127,2.8421709430404007e-13,1.0000000000000007
28522,-73.99970245361328,40.72070693969727,-73.99212646484375,40.76901245117188,1244.68,3835,3835,-1.0,-1.0,-1,-1,0.0
28523,-73.976318359375,40.75949478149415,-73.99381256103516,40.75486755371094,607.84,3835,3835,3841.07,4497.06,6.070000000000164,48.150000000000205,1.0792149249802583
28524,-73.97675323486328,40.755069732666016,-73.99192047119139,40.749603271484375,555.46,3835,3835,-1.0,-1.0,-1,-1,0.0
28525,-73.97229766845702,40.782508850097656,-73.98106384277344,40.78091049194336,236.27,3835,3835,4082.56,4318.83,247.55999999999995,-2.842170943040401e-14,0.9999999999999999
28526,-73.9891357421875,40.73077392578125,-73.9934844970703,40.72191619873047,309.93,3835,3835,4003.46,4313.39,168.46000000000004,2.8421709430404007e-13,1.0000000000000009
28527,-73.95556640625,40.77671432495117,-73.95243072509766,40.76867294311523,326.78,3835,3835,4036.74,4363.5199999999995,201.73999999999978,-2.2737367544323206e-13,0.9999999999999993
28528,-73.99752807617188,40.741512298583984,-73.95803070068358,40.76851272583008,1134.09,3835,3835,-1.0,-1.0,-1,-1,0.0
28529,-73.97357940673827,40.75212860107422,-73.96331024169923,40.757808685302734,283.75,3835,3835,3845.7,4182.5,10.699999999999818,53.05000000000018,1.1869603524229082
28530,-73.966552734375,40.75847625732422,-73.96468353271484,40.76414108276367,217.71,3836,3836,3876.86,4094.57,40.86000000000013,2.842170943040401e-14,1.0000000000000002
28531,-73.98316955566406,40.72240829467773,-73.98587799072266,40.74079132080078,577.31,3836,3836,3890.87,4468.18,54.86999999999989,4.547473508864641e-13,1.0000000000000009
28532,-73.975341796875,40.76359939575195,-73.98018646240234,40.73509979248047,894.87,3836,3836,-1.0,-1.0,-1,-1,0.0
28533,-73.99369049072266,40.732818603515625,-73.98045349121094,40.74248123168945,442.45,3836,3836,3875.99,4359.7,39.98999999999978,41.26000000000005,1.0932534749689231
28534,-74.00865173339844,40.71153259277344,-74.00505065917969,40.719017028808594,244.49,3837,3837,3885.48,4198.8,48.48000000000002,68.83000000000015,1.2815248067405627
28535,-73.97718048095702,40.74983215332031,-74.00257110595702,40.7500228881836,763.7,3837,3837,-1.0,-1.0,-1,-1,0.0
28536,-73.99932861328125,40.73088073730469,-74.00688934326173,40.71968078613281,359.42,3837,3837,3853.33,4212.75,16.329999999999927,5.684341886080802e-14,1.0000000000000002
28537,-73.99345397949219,40.722251892089844,-73.9832763671875,40.742988586425774,605.18,3838,3838,4074.37,4679.55,236.3699999999999,3.410605131648481e-13,1.0000000000000007
28538,-73.97821044921875,40.75435256958008,-73.97126007080078,40.76388549804688,239.79,3838,3838,-1.0,-1.0,-1,-1,0.0
28539,-73.99883270263672,40.71350860595703,-73.99156188964845,40.74842834472656,1038.74,3838,3838,3941.71,4980.45,103.71000000000004,-2.2737367544323206e-13,0.9999999999999998
28540,-74.01364135742188,40.71355056762695,-73.99313354492188,40.71943283081055,770.79,3838,3838,3859.23,4655.27,21.230000000000018,25.250000000000455,1.0327585983212035
28541,-73.9892578125,40.74287796020508,-73.99169921875,40.72229385375977,648.68,3839,3839,3872.67,4569.73,33.67000000000007,48.37999999999954,1.0745822285256206
28542,-73.97986602783203,40.78647232055664,-74.0033187866211,40.75166702270508,635.71,3839,3839,3898.38,4576.84,59.38000000000011,42.75,1.0672476443661418
28543,-73.97959899902342,40.74614334106445,-73.9850082397461,40.72898864746094,440.56,3839,3839,3842.16,4297.48,3.1599999999998545,14.759999999999707,1.0335028145996
28544,-73.97776794433594,40.76082229614258,-73.98328399658203,40.759185791015625,265.38,3839,3839,-1.0,-1.0,-1,-1,0.0
28545,-73.9661865234375,40.7583236694336,-73.97661590576173,40.74187088012695,348.04,3840,3840,3855.0,4203.04,15.0,-5.684341886080802e-14,0.9999999999999999
28546,-73.95706939697266,40.77750015258789,-73.9915313720703,40.75002670288085,1212.84,3840,3840,3880.28,5122.29,40.2800000000002,29.169999999999845,1.0240509877642556
28547,-73.970947265625,40.79579162597656,-73.98058319091797,40.78542709350585,263.88,3840,3840,4001.61,4265.49,161.61000000000013,-3.410605131648481e-13,0.9999999999999987
28548,-73.9976806640625,40.72468948364258,-74.01537322998048,40.70991897583008,667.52,3840,3840,-1.0,-1.0,-1,-1,0.0
28549,-74.00794982910156,40.74202728271485,-73.97902679443358,40.78232192993164,783.44,3840,3840,3979.21,4762.650000000001,139.21000000000004,4.547473508864641e-13,1.0000000000000007
28550,-73.9860076904297,40.734901428222656,-73.9793472290039,40.76665115356445,1089.07,3840,3840,3862.71,4987.69,22.710000000000036,35.90999999999963,1.0329730871293852
28551,-73.94762420654298,40.770896911621094,-73.96004486083984,40.768699645996094,386.34,3840,3840,3874.7,4261.04,34.69999999999982,1.7053025658242404e-13,1.0000000000000004
28552,-73.99462890625,40.75056076049805,-73.97957611083984,40.75190353393555,516.6,3840,3840,3851.38,4367.98,11.38000000000011,-5.684341886080801e-13,0.9999999999999989
28553,-73.98782348632812,40.752052307128906,-73.99493408203125,40.76433181762695,588.63,3841,3841,-1.0,-1.0,-1,-1,0.0
28554,-73.97151947021484,40.75722122192383,-73.98963165283203,40.72588348388672,724.57,3841,3841,3898.51,4623.08,57.51000000000022,-3.410605131648481e-13,0.9999999999999996
28555,-73.97843933105469,40.74822235107422,-73.99102783203125,40.74552536010742,402.91,3841,3841,-1.0,-1.0,-1,-1,0.0
28556,-73.9758529663086,40.76292419433594,-73.9742660522461,40.72286987304688,1166.8,3841,3841,3890.5,5114.35,49.5,57.05000000000041,1.0488944120671926
28557,-73.9502944946289,40.77206039428711,-73.98233032226562,40.76833724975585,922.04,3842,3842,-1.0,-1.0,-1,-1,0.0
28558,-74.00800323486328,40.715049743652344,-73.99774169921875,40.74652099609375,656.69,3842,3842,-1.0,-1.0,-1,-1,0.0
28559,-73.97727203369139,40.738677978515625,-73.96736145019531,40.7633056640625,586.01,3842,3842,3898.98,4484.99,56.98000000000002,-2.2737367544323206e-13,0.9999999999999997
28560,-73.97994232177734,40.785945892333984,-73.98277282714845,40.77739715576172,237.16,3842,3842,4218.99,4456.15,376.9899999999998,-1.4210854715202004e-13,0.9999999999999994
28561,-73.98011779785155,40.77054977416992,-73.97596740722656,40.78216171264648,330.5,3842,3842,-1.0,-1.0,-1,-1,0.0
28562,-74.00672149658203,40.71191787719727,-73.98242950439453,40.72035217285156,758.78,3842,3842,-1.0,-1.0,-1,-1,0.0
28563,-73.99430084228516,40.74079132080078,-73.98596954345702,40.762859344482415,663.61,3842,3842,-1.0,-1.0,-1,-1,0.0
28564,-73.98835754394531,40.73109817504883,-73.97817993164062,40.74578094482422,333.44,3842,3842,3950.59,4284.03,108.59000000000015,-3.979039320256561e-13,0.9999999999999988
28565,-73.95904541015625,40.76799392700195,-73.96457672119139,40.77132415771485,188.21,3843,3843,-1.0,-1.0,-1,-1,0.0
28566,-73.98934936523438,40.774898529052734,-73.97725677490234,40.78730010986328,365.16,3843,3843,3912.54,4277.7,69.53999999999996,-1.7053025658242404e-13,0.9999999999999996
28567,-73.96646881103516,40.76735305786133,-73.9572982788086,40.78301239013672,346.8,3843,3843,-1.0,-1.0,-1,-1,0.0
28568,-73.96089172363281,40.760986328125,-73.9692153930664,40.75426483154297,296.76,3843,3843,3917.12,4213.88,74.11999999999989,2.2737367544323206e-13,1.0000000000000007
28569,-73.99263763427734,40.73745727539063,-73.99172973632812,40.71512985229492,901.75,3843,3843,-1.0,-1.0,-1,-1,0.0
28570,-73.97321319580078,40.758018493652344,-73.9891586303711,40.73667907714844,637.83,3844,3844,-1.0,-1.0,-1,-1,0.0
28571,-74.01136779785155,40.71535873413085,-74.00556945800781,40.71146774291992,344.97,3844,3844,3983.08,4328.05,139.07999999999993,2.2737367544323206e-13,1.0000000000000007
28572,-73.95331573486328,40.76756286621094,-73.9698715209961,40.7529411315918,474.53,3844,3844,-1.0,-1.0,-1,-1,0.0
28573,-73.99938201904298,40.71869659423828,-73.95738220214845,40.76588821411133,1120.37,3844,3844,-1.0,-1.0,-1,-1,0.0
28574,-73.97852325439453,40.78607177734375,-73.97811126708984,40.77705001831055,248.55,3844,3844,5014.59,5263.14,1170.5900000000001,1.7053025658242404e-13,1.0000000000000007
28575,-74.00617218017578,40.705921173095696,-73.99678802490234,40.737571716308594,785.65,3844,3844,-1.0,-1.0,-1,-1,0.0
28576,-73.96231079101562,40.77863693237305,-73.97969818115234,40.7658576965332,596.19,3844,3844,4032.71,4628.9,188.71000000000004,-4.547473508864641e-13,0.9999999999999992
28577,-73.9763946533203,40.7762565612793,-73.97611999511719,40.78114318847656,209.39,3844,3844,-1.0,-1.0,-1,-1,0.0
28578,-73.98240661621094,40.75664138793945,-73.98005676269531,40.7806396484375,686.2,3844,3844,3895.37,4645.28,51.36999999999989,63.70999999999981,1.092844651705042
28579,-73.95320129394531,40.767932891845696,-73.97640228271484,40.749427795410156,664.74,3845,3845,-1.0,-1.0,-1,-1,0.0
28580,-73.99935150146483,40.72262954711913,-73.98259735107422,40.724159240722656,549.2,3845,3845,-1.0,-1.0,-1,-1,0.0
28581,-74.00746154785155,40.72676467895508,-73.988525390625,40.741226196289055,568.36,3845,3845,3954.91,4523.2699999999995,109.90999999999985,-3.410605131648481e-13,0.9999999999999994
28582,-73.99500274658203,40.74967956542969,-73.99376678466798,40.72809219360352,669.08,3845,3845,-1.0,-1.0,-1,-1,0.0
28583,-73.99800872802734,40.7203483581543,-73.98770141601562,40.72132873535156,473.81,3845,3845,-1.0,-1.0,-1,-1,0.0
28584,-73.9744415283203,40.7542839050293,-73.98265838623048,40.76642990112305,703.38,3845,3845,-1.0,-1.0,-1,-1,0.0
28585,-74.00914764404298,40.713584899902344,-74.00524139404298,40.721527099609375,180.45,3845,3845,3900.75,4081.2,55.75,-1.7053025658242404e-13,0.999999999999999
28586,-74.00306701660156,40.74879455566406,-73.96443939208984,40.77310180664063,972.91,3845,3845,-1.0,-1.0,-1,-1,0.0
28587,-73.97779083251955,40.78396224975585,-73.98281860351562,40.77692413330078,305.19,3846,3846,4770.62,5075.81,924.6199999999999,5.115907697472721e-13,1.0000000000000018
28588,-73.99485778808595,40.7401237487793,-74.00264739990234,40.76064682006836,689.14,3846,3846,3877.38,4566.52,31.38000000000011,3.410605131648481e-13,1.0000000000000004
28589,-73.95263671875,40.77225112915039,-73.93756866455078,40.85289764404297,1159.54,3846,3846,4140.2,5299.74,294.1999999999998,0.0,1.0
28590,-73.97663879394531,40.74805450439453,-73.9828109741211,40.7420310974121,200.07,3846,3846,3887.38,4087.45,41.38000000000011,-2.8421709430404007e-13,0.9999999999999986
28591,-74.00542449951173,40.71826553344727,-74.00685119628906,40.744136810302734,541.78,3846,3846,-1.0,-1.0,-1,-1,0.0
28592,-73.98102569580078,40.75397872924805,-73.99844360351562,40.74524307250977,474.51,3847,3847,-1.0,-1.0,-1,-1,0.0
28593,-73.99150848388672,40.7649803161621,-73.95472717285155,40.78247833251953,845.02,3847,3847,-1.0,-1.0,-1,-1,0.0
28594,-74.00711059570312,40.72829818725585,-73.97901916503906,40.75313186645508,911.56,3847,3847,-1.0,-1.0,-1,-1,0.0
28595,-73.97386932373048,40.76047134399415,-73.95070648193358,40.783302307128906,620.65,3847,3847,-1.0,-1.0,-1,-1,0.0
28596,-73.97343444824219,40.75813674926758,-73.9625473022461,40.77226257324219,353.95,3847,3847,-1.0,-1.0,-1,-1,0.0
28597,-74.0130386352539,40.70777893066406,-73.99027252197266,40.74172973632813,856.35,3847,3847,3985.46,4841.8099999999995,138.46000000000004,-5.684341886080801e-13,0.9999999999999993
28598,-73.99955749511719,40.73870086669922,-74.008056640625,40.7395896911621,265.91,3848,3848,3870.0,4135.91,22.0,-1.7053025658242404e-13,0.9999999999999993
28599,-73.95230102539062,40.81121826171875,-73.96082305908203,40.80173873901367,313.52,3848,3848,4076.47,4389.99,228.4699999999998,0.0,1.0
28600,-74.00941467285155,40.70635223388672,-73.96235656738281,40.75923538208008,927.91,3848,3848,-1.0,-1.0,-1,-1,0.0
28601,-73.96003723144531,40.7737693786621,-73.96106719970702,40.77926635742188,272.06,3848,3848,3967.38,4239.44,119.38000000000011,-5.115907697472721e-13,0.9999999999999981
28602,-73.99242401123048,40.73790740966797,-73.9781265258789,40.73074340820313,484.29,3848,3848,-1.0,-1.0,-1,-1,0.0
28603,-74.00672912597656,40.73173141479492,-73.99821472167969,40.74128341674805,283.91,3848,3848,3879.67,4163.58,31.670000000000073,-1.7053025658242404e-13,0.9999999999999994
28604,-73.97908782958984,40.76237869262695,-73.95085906982422,40.77574157714844,794.06,3848,3848,3890.17,4703.41,42.17000000000007,19.179999999999836,1.0241543460191922
28605,-73.98648834228516,40.725898742675774,-73.95500946044923,40.81985092163085,1935.4,3848,3848,3907.58,5842.9800000000005,59.57999999999993,4.547473508864641e-13,1.0000000000000002
28606,-73.97489929199219,40.75048828125,-73.96672058105469,40.75571823120117,272.3,3849,3849,-1.0,-1.0,-1,-1,0.0
28607,-73.97405242919923,40.762561798095696,-73.96499633789062,40.75813674926758,306.71,3849,3849,3870.0,4176.71,21.0,5.684341886080802e-14,1.0000000000000002
28608,-73.9869155883789,40.74277877807617,-73.99072265625,40.748817443847656,359.79,3849,3849,-1.0,-1.0,-1,-1,0.0
28609,-73.98255157470702,40.7507209777832,-74.00606536865234,40.73500061035156,658.16,3849,3849,-1.0,-1.0,-1,-1,0.0
28610,-73.98200225830078,40.771446228027344,-73.96997833251955,40.79701232910156,522.48,3849,3849,3904.61,4427.09,55.61000000000013,0.0,1.0
28611,-74.00202178955078,40.70925521850585,-73.98035430908203,40.74282836914063,778.5,3849,3849,4231.13,5009.63,382.1300000000001,0.0,1.0
28612,-73.96710968017578,40.793540954589844,-73.95906829833984,40.7723388671875,659.69,3849,3849,3900.9700000000003,4560.66,51.970000000000255,-4.547473508864641e-13,0.9999999999999993
28613,-73.97964477539062,40.73488235473633,-73.98104095458984,40.72126388549805,361.21,3850,3850,3872.08,4268.08,22.079999999999927,34.79000000000002,1.0963151629246146
28614,-73.96602630615234,40.75537109375,-73.97905731201173,40.75881958007813,521.27,3850,3850,-1.0,-1.0,-1,-1,0.0
28615,-73.95606994628906,40.77598190307617,-73.97239685058595,40.7912483215332,537.35,3850,3850,3906.08,4443.43,56.07999999999993,3.410605131648481e-13,1.0000000000000007
28616,-73.9852294921875,40.73583984375,-73.94673919677734,40.78033828735352,908.43,3850,3850,3893.51,4801.94,43.51000000000022,-5.684341886080801e-13,0.9999999999999993
28617,-73.9760513305664,40.78472137451172,-73.9775390625,40.75368118286133,1026.89,3850,3850,-1.0,-1.0,-1,-1,0.0
28618,-73.94937133789062,40.772857666015625,-73.96832275390625,40.76508331298828,626.5,3850,3850,3956.29,4582.79,106.28999999999996,0.0,1.0
28619,-73.99660491943358,40.74275207519531,-74.00476837158203,40.74148178100585,217.61,3850,3850,-1.0,-1.0,-1,-1,0.0
28620,-73.97714233398438,40.76457595825195,-73.97021484375,40.78387069702149,511.21,3851,3851,-1.0,-1.0,-1,-1,0.0
28621,-73.98125457763672,40.76250076293945,-73.99028778076173,40.76175308227539,321.54,3851,3851,-1.0,-1.0,-1,-1,0.0
28622,-73.99951934814453,40.743839263916016,-73.98771667480467,40.763916015625,604.95,3851,3851,3943.21,4548.16,92.21000000000004,-2.2737367544323206e-13,0.9999999999999997
28623,-73.97631072998048,40.75980758666992,-73.95853424072266,40.76819229125977,593.72,3851,3851,-1.0,-1.0,-1,-1,0.0
28624,-73.98213958740234,40.76842498779297,-73.99015045166014,40.75674057006836,557.48,3851,3851,-1.0,-1.0,-1,-1,0.0
28625,-74.00005340576173,40.73865127563477,-73.99192047119139,40.72562789916992,533.42,3851,3851,3905.77,4440.650000000001,54.76999999999998,1.4600000000006048,1.0027370552285264
28626,-73.95662689208984,40.767086029052734,-73.95338439941406,40.78549575805664,422.08,3851,3851,3897.67,4355.56,46.67000000000007,35.81000000000034,1.0848417361637612
28627,-73.97505950927734,40.761417388916016,-73.99488830566406,40.71966552734375,1285.12,3851,3851,3884.69,5179.5199999999995,33.690000000000055,9.709999999999582,1.007555714641434
28628,-74.0121536254883,40.71385192871094,-73.973388671875,40.7628059387207,1310.38,3851,3851,-1.0,-1.0,-1,-1,0.0
28629,-74.00755310058594,40.740928649902344,-73.97782897949219,40.7340087890625,933.09,3851,3851,3870.0,4882.88,19.0,79.79000000000008,1.0855115798047348
28630,-73.99298095703125,40.73670196533203,-73.99951171875,40.72871780395508,308.2,3851,3851,-1.0,-1.0,-1,-1,0.0
28631,-74.00348663330078,40.71083068847656,-73.9872817993164,40.756431579589844,1185.83,3851,3851,4336.08,5521.91,485.0799999999999,0.0,1.0
28632,-73.99417114257811,40.75090789794922,-73.99038696289062,40.76128387451172,380.93,3851,3851,-1.0,-1.0,-1,-1,0.0
28633,-74.00981903076173,40.72188949584961,-73.99108123779298,40.72686004638672,677.06,3852,3852,-1.0,-1.0,-1,-1,0.0
28634,-73.99387359619139,40.75096130371094,-73.97879028320312,40.7667236328125,522.42,3852,3852,-1.0,-1.0,-1,-1,0.0
28635,-74.0156707763672,40.71561050415039,-73.97795867919923,40.788780212402344,1228.05,3852,3852,3941.21,5169.26,89.21000000000004,2.2737367544323206e-13,1.0000000000000002
28636,-73.97442626953125,40.788421630859375,-73.93106079101562,40.8687858581543,1067.48,3852,3852,3973.57,5041.05,121.57000000000016,0.0,1.0
28637,-73.96700286865234,40.75676727294922,-73.99756622314453,40.72572708129883,859.46,3852,3852,3911.37,4770.83,59.36999999999989,0.0,1.0
28638,-73.99925231933594,40.7611083984375,-73.95558166503906,40.7725715637207,1098.39,3852,3852,3892.48,4990.87,40.48000000000002,-2.2737367544323206e-13,0.9999999999999998
28639,-73.96794128417969,40.76254653930664,-73.973388671875,40.75587844848633,203.92,3852,3852,-1.0,-1.0,-1,-1,0.0
28640,-73.99578857421875,40.73896408081055,-74.00468444824219,40.70546340942383,1056.76,3852,3852,-1.0,-1.0,-1,-1,0.0
28641,-73.9912567138672,40.73915481567383,-73.98324584960938,40.73486709594727,294.41,3852,3852,-1.0,-1.0,-1,-1,0.0
28642,-73.96766662597656,40.76673126220703,-73.99391174316406,40.73216247558594,1047.84,3853,3853,3883.66,4931.5,30.659999999999854,2.2737367544323206e-13,1.0000000000000002
28643,-73.97396850585938,40.76287078857422,-73.99394989013672,40.76554489135742,559.21,3853,3853,3872.14,4431.35,19.139999999999873,4.547473508864641e-13,1.0000000000000009
28644,-73.97549438476562,40.757850646972656,-73.97221374511719,40.7463264465332,543.13,3853,3853,-1.0,-1.0,-1,-1,0.0
28645,-74.00138092041014,40.72539138793945,-74.00703430175781,40.74078369140625,511.4,3853,3853,-1.0,-1.0,-1,-1,0.0
28646,-74.00152587890625,40.72256088256836,-74.00057220458984,40.76168823242188,896.89,3853,3853,-1.0,-1.0,-1,-1,0.0
28647,-73.97906494140625,40.75862884521485,-74.01225280761719,40.72049331665039,1131.78,3853,3853,-1.0,-1.0,-1,-1,0.0
28648,-73.9823989868164,40.748291015625,-73.96957397460938,40.75355529785156,427.87,3853,3853,-1.0,-1.0,-1,-1,0.0
28649,-73.96356201171875,40.777488708496094,-73.94429016113281,40.77946853637695,468.1,3853,3853,4079.29,4547.39,226.28999999999996,3.410605131648481e-13,1.0000000000000007
28650,-74.00872802734375,40.70795822143555,-73.93677520751955,40.814956665039055,1866.23,3853,3853,-1.0,-1.0,-1,-1,0.0
28651,-74.00757598876955,40.72607421875,-73.97935485839844,40.76185989379883,967.5,3854,3854,3885.38,4910.59,31.38000000000011,57.710000000000036,1.0596485788113696
28652,-73.94811248779298,40.77043533325195,-73.9715805053711,40.75093460083008,595.1,3854,3854,-1.0,-1.0,-1,-1,0.0
28653,-73.9493408203125,40.78112411499024,-73.9670639038086,40.76393127441406,560.94,3854,3854,3896.69,4493.5,42.690000000000055,35.86999999999989,1.0639462331087102
28654,-73.96551513671875,40.76867294311523,-73.95905303955078,40.77503967285156,206.92,3854,3854,3884.41,4091.33,30.409999999999854,8.526512829121202e-14,1.0000000000000004
28655,-73.95106506347656,40.81023406982422,-73.94725036621094,40.827720642089844,425.24,3854,3854,4585.1900000000005,5010.43,731.1900000000005,-2.2737367544323206e-13,0.9999999999999994
28656,-73.99144744873048,40.750091552734375,-73.9756317138672,40.763538360595696,689.14,3855,3855,-1.0,-1.0,-1,-1,0.0
28657,-73.97516632080078,40.74134063720703,-73.94583129882812,40.7753791809082,669.0,3855,3855,-1.0,-1.0,-1,-1,0.0
28658,-73.97224426269531,40.75419235229492,-73.99296569824219,40.76681518554688,937.37,3855,3855,3958.0,4895.37,103.0,-1.1368683772161603e-13,0.9999999999999999
28659,-73.989013671875,40.7421989440918,-73.99041748046875,40.75617980957031,566.95,3855,3855,-1.0,-1.0,-1,-1,0.0
28660,-73.9728012084961,40.7564582824707,-73.98097991943358,40.75842666625977,429.83,3855,3855,-1.0,-1.0,-1,-1,0.0
28661,-73.98007202148438,40.7430419921875,-73.97484588623048,40.75069046020508,191.51,3855,3855,-1.0,-1.0,-1,-1,0.0
28662,-73.96141052246094,40.77682113647461,-73.9656524658203,40.76599884033203,371.61,3856,3856,4228.83,4600.44,372.8299999999999,-3.410605131648481e-13,0.9999999999999991
28663,-73.97940826416014,40.74962997436523,-74.00634002685547,40.73326873779297,826.15,3856,3856,-1.0,-1.0,-1,-1,0.0
28664,-73.978271484375,40.76219177246094,-73.97700500488281,40.77670669555664,408.24,3856,3856,-1.0,-1.0,-1,-1,0.0
28665,-73.97132110595702,40.76464080810547,-73.97492218017578,40.77745819091797,442.39,3856,3856,-1.0,-1.0,-1,-1,0.0
28666,-73.95458984375,40.765449523925774,-74.00738525390625,40.70959854125977,1105.25,3856,3856,3888.67,5059.33,32.67000000000007,65.40999999999985,1.0591811807283418
28667,-73.99376678466798,40.72916030883789,-73.97517395019531,40.71864318847656,634.13,3856,3856,3900.34,4582.09,44.340000000000146,47.620000000000005,1.0750950120637723
28668,-73.98222351074219,40.77815628051758,-73.98994445800781,40.775794982910156,234.71,3856,3856,3887.21,4121.92,31.210000000000036,2.842170943040401e-14,1.0000000000000002
28669,-74.00835418701173,40.71438598632813,-73.9881362915039,40.741512298583984,726.31,3856,3856,4104.5,4830.81,248.5,4.547473508864641e-13,1.0000000000000007
28670,-73.95635986328125,40.787200927734375,-73.96487426757811,40.773345947265625,344.49,3856,3856,3903.96,4248.45,47.960000000000036,-2.2737367544323206e-13,0.9999999999999993
28671,-73.99447631835938,40.73550796508789,-74.00570678710938,40.73720932006836,367.08,3856,3856,3896.12,4334.74,40.11999999999989,71.5399999999999,1.1948893974065595
28672,-73.97262573242188,40.759220123291016,-73.98894500732422,40.726966857910156,827.16,3857,3857,-1.0,-1.0,-1,-1,0.0
28673,-73.98058319091797,40.754066467285156,-73.98946380615234,40.75044631958008,311.88,3857,3857,-1.0,-1.0,-1,-1,0.0
28674,-73.9812774658203,40.76818084716797,-73.97364044189453,40.79199981689453,535.5,3857,3857,3884.35,4497.67,27.34999999999991,77.82000000000016,1.145322128851541
28675,-73.9788360595703,40.787612915039055,-73.98562622070312,40.75747680664063,853.92,3857,3857,4116.62,4970.54,259.6199999999999,1.1368683772161603e-13,1.0000000000000002
28676,-73.9908676147461,40.75590133666992,-74.00758361816406,40.740814208984375,598.19,3857,3857,3870.0,4468.19,13.0,-4.547473508864641e-13,0.9999999999999992
28677,-73.98592376708984,40.75010299682617,-73.99547576904298,40.72332763671875,868.84,3857,3857,3890.15,4806.58,33.15000000000009,47.589999999999804,1.0547741816675105
28678,-74.00392150878906,40.720699310302734,-74.01322174072266,40.706409454345696,531.8,3857,3857,3993.82,4525.62,136.82000000000016,-2.2737367544323206e-13,0.9999999999999996
28679,-73.9566879272461,40.77790451049805,-73.98248291015625,40.763538360595696,886.13,3857,3857,3907.97,4794.1,50.9699999999998,5.684341886080801e-13,1.0000000000000007
28680,-73.9846954345703,40.75408935546875,-73.95508575439453,40.76894760131836,829.35,3858,3858,-1.0,-1.0,-1,-1,0.0
28681,-73.99515533447266,40.74959945678711,-73.9823989868164,40.74271011352539,555.26,3858,3858,-1.0,-1.0,-1,-1,0.0
28682,-73.99292755126955,40.7530403137207,-73.97062683105469,40.79510116577149,937.96,3858,3858,-1.0,-1.0,-1,-1,0.0
28683,-73.97853851318358,40.75081634521485,-73.95969390869139,40.76951599121094,606.83,3858,3858,-1.0,-1.0,-1,-1,0.0
28684,-74.00999450683594,40.72068786621094,-74.00944519042969,40.7325325012207,215.15,3858,3858,-1.0,-1.0,-1,-1,0.0
28685,-73.98121643066406,40.768314361572266,-73.96802520751955,40.76046752929688,550.81,3858,3858,-1.0,-1.0,-1,-1,0.0
28686,-74.00559234619139,40.70722961425781,-73.97594451904298,40.73075485229492,581.91,3858,3858,3992.42,4574.33,134.42000000000007,-1.1368683772161603e-13,0.9999999999999998
28687,-74.00264739990234,40.7395896911621,-74.0090103149414,40.73027420043945,356.67,3858,3858,3953.46,4310.13,95.46000000000004,5.684341886080802e-14,1.0000000000000002
28688,-73.99064636230467,40.7509994506836,-73.9892578125,40.737464904785156,469.02,3858,3858,3872.24,4446.97,14.239999999999782,105.71000000000049,1.2253848449959501
28689,-73.97897338867188,40.782447814941406,-73.96829986572266,40.789955139160156,212.37,3858,3858,4019.07,4231.44,161.07000000000016,-5.684341886080801e-13,0.9999999999999973
28690,-73.97798919677734,40.75237655639648,-73.9852523803711,40.73880004882813,346.01,3858,3858,-1.0,-1.0,-1,-1,0.0
28691,-73.9781265258789,40.77341079711913,-73.98674011230467,40.76091003417969,450.69,3859,3859,3892.92,4343.61,33.92000000000007,-3.979039320256561e-13,0.9999999999999991
28692,-74.01000213623048,40.72069549560547,-73.98798370361328,40.72124099731445,854.68,3859,3859,-1.0,-1.0,-1,-1,0.0
28693,-73.9909896850586,40.751277923583984,-73.97951507568358,40.75801086425781,565.92,3859,3859,3884.31,4540.01,25.309999999999945,89.78000000000031,1.1586443313542556
28694,-73.97515106201173,40.756107330322266,-73.99014282226562,40.735198974609375,583.62,3859,3859,-1.0,-1.0,-1,-1,0.0
28695,-73.9568634033203,40.770668029785156,-73.99102020263672,40.72606658935547,1112.53,3859,3859,3870.0,4982.53,11.0,-2.2737367544323206e-13,0.9999999999999998
28696,-73.9695587158203,40.78535079956055,-73.95497131347656,40.78087997436523,340.5,3859,3859,-1.0,-1.0,-1,-1,0.0
28697,-73.9766616821289,40.77533721923828,-73.9637451171875,40.77126693725585,493.63,3859,3859,-1.0,-1.0,-1,-1,0.0
28698,-73.98222351074219,40.743324279785156,-73.99481201171875,40.75040817260742,549.51,3859,3859,-1.0,-1.0,-1,-1,0.0
28699,-73.98612976074219,40.72100067138672,-73.9884033203125,40.759521484375,1251.18,3860,3860,4016.41,5267.59,156.40999999999985,2.2737367544323206e-13,1.0000000000000002
28700,-73.96361541748048,40.76852416992188,-73.97129821777344,40.748401641845696,628.97,3860,3860,3892.21,4521.18,32.210000000000036,2.2737367544323206e-13,1.0000000000000004
28701,-73.98197937011719,40.77973937988281,-73.9527587890625,40.76613998413085,928.79,3860,3860,3904.0299999999997,4895.78,44.029999999999745,62.960000000000036,1.0677871208777012
28702,-73.97806549072266,40.7514762878418,-73.98463439941406,40.74274444580078,298.83,3860,3860,-1.0,-1.0,-1,-1,0.0
28703,-73.96631622314453,40.76194381713867,-73.95262908935547,40.780574798583984,330.88,3860,3860,-1.0,-1.0,-1,-1,0.0
28704,-73.99414825439453,40.74601364135742,-74.00511932373048,40.73945617675781,323.41,3860,3860,-1.0,-1.0,-1,-1,0.0
28705,-73.9870834350586,40.74232864379883,-74.00189971923827,40.75164794921875,544.41,3860,3860,-1.0,-1.0,-1,-1,0.0
28706,-74.00543975830078,40.748138427734375,-73.99061584472656,40.7419319152832,365.92,3861,3861,-1.0,-1.0,-1,-1,0.0
28707,-73.97586822509766,40.7602767944336,-73.98965454101562,40.72584915161133,950.99,3861,3861,-1.0,-1.0,-1,-1,0.0
28708,-73.9522933959961,40.7729606628418,-73.97122192382812,40.79801940917969,829.06,3861,3861,3895.07,4762.18,34.070000000000164,38.05000000000018,1.0458953513617835
28709,-73.99391174316406,40.75634002685547,-73.99213409423827,40.7249870300293,1015.21,3861,3861,3909.18,4982.58,48.179999999999836,58.190000000000055,1.0573181903251545
28710,-73.94566345214845,40.77384948730469,-74.00789642333984,40.73938369750977,1506.93,3861,3861,3956.62,5463.55,95.61999999999989,2.2737367544323206e-13,1.0000000000000002
28711,-74.00779724121094,40.74264907836913,-73.9587631225586,40.78068923950195,1181.27,3861,3861,4031.13,5212.4,170.1300000000001,-4.547473508864641e-13,0.9999999999999997
28712,-73.96598052978516,40.75864791870117,-73.99099731445312,40.72403335571289,748.65,3861,3861,3912.61,4661.26,51.61000000000013,1.1368683772161603e-13,1.0000000000000002
28713,-73.97098541259766,40.75805282592773,-73.94849395751955,40.78924560546875,688.63,3862,3862,-1.0,-1.0,-1,-1,0.0
28714,-73.98439025878906,40.74328994750977,-73.99237060546875,40.72504806518555,524.14,3862,3862,-1.0,-1.0,-1,-1,0.0
28715,-73.98562622070312,40.74158096313477,-73.99388122558594,40.74016189575195,284.49,3862,3862,-1.0,-1.0,-1,-1,0.0
28716,-74.00574493408203,40.74927520751953,-73.99088287353516,40.75123596191406,523.01,3862,3862,4024.73,4547.74,162.73000000000002,-2.2737367544323206e-13,0.9999999999999996
28717,-73.97705841064453,40.751949310302734,-74.00489044189453,40.736000061035156,803.34,3862,3862,3898.08,4703.35,36.07999999999993,1.9300000000004047,1.0024024696890488
28718,-73.97901153564453,40.76056289672852,-73.98866271972656,40.77842330932617,623.45,3863,3863,3918.17,4599.36,55.17000000000007,57.739999999999554,1.0926136819311887
28719,-73.98902130126955,40.7364616394043,-73.98104095458984,40.74713516235352,305.03,3863,3863,4026.29,4331.32,163.28999999999996,-2.2737367544323206e-13,0.9999999999999992
28720,-73.99331665039062,40.74216079711913,-73.95179748535155,40.781829833984375,1214.87,3863,3863,-1.0,-1.0,-1,-1,0.0
28721,-73.97429656982422,40.757118225097656,-73.95957946777344,40.77396011352539,500.15,3863,3863,-1.0,-1.0,-1,-1,0.0
28722,-73.9923324584961,40.743370056152344,-73.98223114013672,40.77159118652344,816.96,3863,3863,-1.0,-1.0,-1,-1,0.0
28723,-73.97087860107422,40.75558853149415,-73.94717407226562,40.7646369934082,683.98,3863,3863,3900.84,4584.82,37.840000000000146,-4.547473508864641e-13,0.9999999999999993
28724,-74.01060485839844,40.713882446289055,-73.95568084716798,40.767845153808594,1326.88,3863,3863,3895.53,5222.41,32.5300000000002,-4.547473508864641e-13,0.9999999999999997
28725,-74.00596618652342,40.7066764831543,-73.97236633300781,40.74481964111328,682.29,3863,3863,-1.0,-1.0,-1,-1,0.0
28726,-73.97002410888672,40.76272583007813,-73.95433807373048,40.78413009643555,500.25,3863,3863,3914.66,4414.91,51.659999999999854,0.0,1.0
28727,-74.0062942504883,40.72726440429688,-74.00820922851562,40.732818603515625,228.79,3864,3864,-1.0,-1.0,-1,-1,0.0
28728,-73.9740982055664,40.73110961914063,-73.98542785644531,40.7381706237793,425.17,3864,3864,4181.55,4606.72,317.5500000000002,5.684341886080802e-14,1.0000000000000002
28729,-73.99775695800781,40.74491882324219,-73.97798919677734,40.73669815063477,517.32,3864,3864,-1.0,-1.0,-1,-1,0.0
28730,-73.9740982055664,40.757637023925774,-74.00775146484375,40.73210144042969,1044.63,3864,3864,-1.0,-1.0,-1,-1,0.0
28731,-73.98916625976562,40.76297378540039,-73.98997497558594,40.750770568847656,467.69,3864,3864,3875.14,4342.83,11.139999999999873,5.684341886080802e-14,1.0000000000000002
28732,-73.99777984619139,40.74610137939453,-73.9944610595703,40.76070022583008,385.19,3864,3864,3886.06,4341.69,22.059999999999945,70.43999999999966,1.1828707910381882
28733,-73.96810150146483,40.7626953125,-73.98017120361328,40.76067352294922,496.34,3864,3864,3899.43,4478.6,35.429999999999836,82.83000000000055,1.1668815731152045
28734,-73.9774398803711,40.75398254394531,-73.99520874023438,40.74391174316406,533.77,3865,3865,-1.0,-1.0,-1,-1,0.0
28735,-74.00080108642578,40.72589111328125,-74.00202178955078,40.73377990722656,238.12,3865,3865,-1.0,-1.0,-1,-1,0.0
28736,-73.99931335449219,40.738933563232415,-73.9973373413086,40.72613525390625,442.8,3865,3865,3900.07,4405.74,35.070000000000164,62.86999999999961,1.1419828364950306
28737,-73.99024200439453,40.771987915039055,-73.93394470214845,40.854270935058594,918.12,3865,3865,3983.41,4901.53,118.40999999999985,-1.1368683772161603e-13,0.9999999999999999
28738,-73.98508453369139,40.73158264160156,-73.9642562866211,40.7953987121582,1501.22,3865,3865,3994.5,5495.72,129.5,2.2737367544323206e-13,1.0000000000000002
28739,-73.96038818359375,40.761573791503906,-73.95763397216798,40.7694206237793,183.91,3865,3865,3892.41,4076.32,27.409999999999854,3.126388037344441e-13,1.0000000000000018
28740,-73.95616912841797,40.778770446777344,-73.95071411132812,40.77156448364258,299.0,3865,3865,3912.74,4211.74,47.73999999999978,0.0,1.0
28741,-73.96672821044923,40.753379821777344,-73.94657897949219,40.77256393432617,475.56,3865,3865,3903.2,4378.76,38.19999999999982,3.979039320256561e-13,1.0000000000000009
28742,-73.98088073730467,40.74781036376953,-74.00187683105469,40.73244094848633,661.17,3865,3865,3886.88,4581.97,21.88000000000011,33.920000000000186,1.0513029931787592
28743,-73.98175811767578,40.76604843139648,-73.99978637695312,40.72837829589844,1101.59,3866,3866,3903.0,5004.59,37.0,2.2737367544323206e-13,1.0000000000000002
28744,-73.99971008300781,40.71941375732422,-73.97371673583984,40.76454544067383,1347.68,3866,3866,-1.0,-1.0,-1,-1,0.0
28745,-73.95150756835938,40.77017211914063,-73.98161315917969,40.738147735595696,690.21,3866,3866,3873.91,4564.12,7.9099999999998545,0.0,1.0
28746,-73.97006225585938,40.7998275756836,-73.9884262084961,40.779518127441406,560.82,3866,3866,3870.0,4430.82,4.0,-3.410605131648481e-13,0.9999999999999994
28747,-73.98837280273438,40.7745475769043,-73.95037078857422,40.77549743652344,913.52,3866,3866,3874.1800000000003,4787.7,8.180000000000291,-4.547473508864641e-13,0.9999999999999996
28748,-73.98108673095702,40.75043869018555,-73.96878051757811,40.760650634765625,423.96,3866,3866,-1.0,-1.0,-1,-1,0.0
28749,-73.9745864868164,40.74216079711913,-73.98963928222656,40.75053024291992,576.98,3866,3866,-1.0,-1.0,-1,-1,0.0
28750,-73.96456146240234,40.77305221557617,-73.9558334350586,40.76803207397461,307.8,3866,3866,-1.0,-1.0,-1,-1,0.0
28751,-73.99785614013672,40.74111557006836,-74.00267791748048,40.72749328613281,369.95,3866,3866,3889.02,4258.97,23.019999999999982,2.8421709430404007e-13,1.0000000000000007
28752,-73.9865493774414,40.722469329833984,-74.00882720947266,40.71607971191406,726.39,3867,3867,3920.55,4698.82,53.55000000000018,51.87999999999954,1.0714216880738991
28753,-73.99333190917969,40.74650192260742,-74.00197601318358,40.74566650390625,199.04,3867,3867,3918.54,4117.58,51.539999999999964,-2.842170943040401e-14,0.9999999999999999
28754,-73.9736328125,40.7549934387207,-74.00688934326173,40.73987579345703,972.92,3867,3867,-1.0,-1.0,-1,-1,0.0
28755,-74.0137710571289,40.71320724487305,-73.99913787841797,40.72014236450195,569.01,3867,3867,3945.37,4514.38,78.36999999999989,2.2737367544323206e-13,1.0000000000000004
28756,-73.96211242675781,40.776100158691406,-73.94651794433594,40.77259826660156,409.62,3867,3867,3913.0699999999997,4322.69,46.06999999999971,-1.1368683772161603e-13,0.9999999999999998
28757,-73.97306823730467,40.75257110595703,-73.98242950439453,40.738636016845696,393.99,3867,3867,3917.23,4311.22,50.23000000000002,2.2737367544323206e-13,1.0000000000000007
28758,-73.98432922363281,40.76993179321289,-73.95262145996094,40.77571868896485,910.25,3867,3867,3886.56,4833.2,19.559999999999945,36.38999999999987,1.0399780280142816
28759,-73.99755859375,40.72426223754883,-73.97445678710938,40.732521057128906,755.95,3867,3867,-1.0,-1.0,-1,-1,0.0
28760,-73.99999237060547,40.73863983154297,-74.00831604003906,40.73688888549805,291.21,3868,3868,3914.14,4257.38,46.13999999999987,52.03000000000026,1.1786683149617123
28761,-73.9993896484375,40.7335090637207,-74.0008773803711,40.7206916809082,474.63,3868,3868,4021.21,4495.84,153.21000000000004,1.1368683772161603e-13,1.0000000000000002
28762,-73.97821807861328,40.75286865234375,-73.96096038818358,40.75836944580078,602.05,3868,3868,-1.0,-1.0,-1,-1,0.0
28763,-74.01512145996094,40.70954132080078,-74.00891876220702,40.71527099609375,282.5,3868,3868,3887.96,4212.51,19.960000000000036,42.05000000000018,1.1488495575221245
28764,-74.01058959960938,40.70452499389648,-73.99469757080078,40.7505111694336,1099.0,3868,3868,-1.0,-1.0,-1,-1,0.0
28765,-73.98953247070312,40.73582077026367,-73.98235321044923,40.7453498840332,281.32,3868,3868,3892.77,4174.09,24.769999999999982,1.7053025658242404e-13,1.0000000000000007
28766,-73.99784088134766,40.74101638793945,-73.97553253173827,40.74097442626953,627.92,3868,3868,-1.0,-1.0,-1,-1,0.0
28767,-74.00531005859375,40.72829055786133,-73.9992446899414,40.72497177124024,270.33,3868,3868,3939.74,4210.07,71.73999999999978,-5.684341886080802e-14,0.9999999999999998
28768,-73.97371673583984,40.76355743408203,-73.99015808105469,40.7516975402832,603.75,3868,3868,3917.05,4520.8,49.05000000000018,0.0,1.0
28769,-73.95526885986328,40.82004165649415,-73.93425750732422,40.805530548095696,750.16,3869,3869,4051.86,4802.02,182.86000000000013,3.410605131648481e-13,1.0000000000000004
28770,-73.9920654296875,40.76430130004883,-73.98625183105469,40.759254455566406,353.94,3869,3869,3925.59,4279.53,56.590000000000146,-3.979039320256561e-13,0.9999999999999989
28771,-73.99134063720702,40.72338104248047,-74.00759887695312,40.70505142211913,560.9,3869,3869,3893.18,4537.54,24.179999999999836,83.46000000000015,1.1487965769299342
28772,-73.9764633178711,40.78057098388672,-73.98929595947266,40.74195861816406,1132.08,3869,3869,3905.65,5100.76,36.65000000000009,63.0300000000002,1.055676277294891
28773,-73.97689056396483,40.75516128540039,-73.95410919189453,40.78403854370117,740.65,3869,3869,3912.1,4690.46,43.09999999999991,37.71000000000015,1.0509147370552894
28774,-73.98027038574219,40.75418472290039,-73.97987365722656,40.736488342285156,584.55,3869,3869,-1.0,-1.0,-1,-1,0.0
28775,-73.98982238769531,40.738487243652344,-73.97824096679686,40.75149536132813,496.7,3870,3870,-1.0,-1.0,-1,-1,0.0
28776,-73.98089599609375,40.7590217590332,-74.0025634765625,40.76066970825195,651.05,3870,3870,-1.0,-1.0,-1,-1,0.0
28777,-73.98733520507811,40.76845169067383,-73.99372100830078,40.74670028686523,723.34,3870,3870,3889.83,4613.17,19.829999999999927,1.1368683772161603e-13,1.0000000000000002
28778,-73.97309875488281,40.75289916992188,-73.98876953125,40.76258850097656,759.57,3870,3870,3888.33,4718.15,18.329999999999927,70.24999999999966,1.0924865384362201
28779,-73.97808837890625,40.742012023925774,-73.99085998535155,40.75126266479492,567.56,3870,3870,-1.0,-1.0,-1,-1,0.0
28780,-74.00373077392578,40.74852752685547,-73.9835433959961,40.768211364746094,597.02,3870,3870,-1.0,-1.0,-1,-1,0.0
28781,-73.98477172851562,40.75898742675781,-74.00425720214845,40.72188186645508,896.01,3870,3870,3878.67,4774.68,8.670000000000073,2.2737367544323206e-13,1.0000000000000002
28782,-73.98097991943358,40.74748611450195,-73.97733306884766,40.764808654785156,580.26,3870,3870,-1.0,-1.0,-1,-1,0.0
28783,-74.0084228515625,40.71146011352539,-73.95515441894531,40.76417922973633,1216.6,3870,3870,3885.56,5102.16,15.559999999999945,0.0,1.0
28784,-73.95523071289062,40.77323532104492,-73.96370697021484,40.76129913330078,365.76,3870,3870,3911.04,4276.8,41.039999999999964,2.2737367544323206e-13,1.0000000000000007
28785,-73.99361419677734,40.74166870117188,-73.98216247558594,40.73753356933594,361.9,3871,3871,-1.0,-1.0,-1,-1,0.0
28786,-73.98954772949219,40.735931396484375,-73.97879028320312,40.75046920776367,436.4,3871,3871,4013.0,4449.4,142.0,-3.410605131648481e-13,0.9999999999999992
28787,-73.9796142578125,40.78964614868164,-73.96242523193358,40.7597541809082,1166.97,3871,3871,4031.75,5198.719999999999,160.75,-6.821210263296962e-13,0.9999999999999994
28788,-73.97599792480467,40.75639343261719,-74.00006103515625,40.746036529541016,768.26,3871,3871,-1.0,-1.0,-1,-1,0.0
28789,-73.97392272949219,40.75558471679688,-73.99016571044923,40.75914764404297,620.81,3871,3871,-1.0,-1.0,-1,-1,0.0
28790,-73.94473266601562,40.77922058105469,-73.9616928100586,40.7661018371582,457.86,3871,3871,3987.21,4445.07,116.21000000000004,-3.410605131648481e-13,0.9999999999999992
28791,-73.9745864868164,40.75895690917969,-74.00066375732422,40.72987747192383,864.72,3871,3871,-1.0,-1.0,-1,-1,0.0
28792,-73.96913146972656,40.761173248291016,-73.97865295410156,40.7782096862793,661.01,3871,3871,-1.0,-1.0,-1,-1,0.0
28793,-73.9859619140625,40.743385314941406,-74.00528717041014,40.72856140136719,557.23,3871,3871,-1.0,-1.0,-1,-1,0.0
28794,-73.97441864013672,40.75717544555664,-74.00830078125,40.73263549804688,1102.96,3871,3871,-1.0,-1.0,-1,-1,0.0
28795,-73.99024963378906,40.7515983581543,-73.99017333984375,40.73929977416992,404.1,3871,3871,-1.0,-1.0,-1,-1,0.0
28796,-73.99178314208984,40.76462173461913,-73.98448944091797,40.76974105834961,197.16,3871,3871,4036.01,4233.17,165.01000000000022,-1.4210854715202004e-13,0.9999999999999993
28797,-73.99158477783203,40.74985885620117,-74.00484466552734,40.75173568725585,366.13,3872,3872,-1.0,-1.0,-1,-1,0.0
28798,-73.98152923583984,40.78078842163085,-73.9764175415039,40.78076171875,193.72,3872,3872,3978.58,4172.3,106.57999999999993,2.5579538487363607e-13,1.0000000000000013
28799,-73.99776458740234,40.73608016967773,-73.98239135742188,40.76460647583008,855.47,3872,3872,-1.0,-1.0,-1,-1,0.0
28800,-73.98046875,40.74287033081055,-73.97704315185547,40.75205993652344,304.53,3872,3872,4014.75,4319.28,142.75,-2.2737367544323206e-13,0.9999999999999992
28801,-73.95989227294923,40.76362991333008,-73.96945953369139,40.7677116394043,409.24,3872,3872,4076.71,4485.95,204.71000000000004,-2.2737367544323206e-13,0.9999999999999994
28802,-74.00599670410156,40.7345085144043,-74.00679016113281,40.71903610229492,417.25,3872,3872,3963.05,4380.3,91.05000000000018,0.0,1.0
28803,-74.00521087646483,40.74639129638672,-73.95771026611328,40.76273727416992,1194.43,3872,3872,4014.58,5209.009999999999,142.57999999999993,-6.821210263296962e-13,0.9999999999999994
28804,-73.97461700439453,40.75545120239258,-73.98194122314453,40.76607894897461,537.11,3872,3872,-1.0,-1.0,-1,-1,0.0
28805,-73.98206329345702,40.75556945800781,-73.9675521850586,40.80384063720703,1118.92,3873,3873,3906.08,5047.49,33.07999999999993,22.48999999999978,1.0200997390340685
28806,-73.97946166992188,40.78445053100585,-73.9686279296875,40.79893112182617,282.2,3873,3873,3914.79,4275.19,41.789999999999964,78.19999999999965,1.2771084337349385
28807,-74.00391387939453,40.7480583190918,-73.99302673339844,40.76201248168945,273.54,3873,3873,-1.0,-1.0,-1,-1,0.0
28808,-73.95249938964844,40.777339935302734,-73.95325469970702,40.785511016845696,258.16,3873,3873,3958.08,4216.24,85.07999999999993,-1.7053025658242404e-13,0.9999999999999993
28809,-74.00732421875,40.72740173339844,-73.993896484375,40.724403381347656,421.47,3873,3873,3982.42,4403.89,109.42000000000007,2.2737367544323206e-13,1.0000000000000004
28810,-73.96732330322266,40.78822326660156,-73.9854507446289,40.76868057250977,477.66,3873,3873,-1.0,-1.0,-1,-1,0.0
28811,-73.99542999267578,40.75448989868164,-74.00637054443358,40.736900329589844,428.61,3873,3873,-1.0,-1.0,-1,-1,0.0
28812,-73.97889709472656,40.759090423583984,-73.95437622070312,40.77817153930664,787.57,3873,3873,-1.0,-1.0,-1,-1,0.0
28813,-73.9832992553711,40.75569152832031,-73.97232055664062,40.756511688232415,438.46,3873,3873,3928.22,4379.2699999999995,55.2199999999998,12.589999999999748,1.0287141358390726
28814,-73.98771667480467,40.7440185546875,-74.00716400146483,40.74140930175781,520.88,3873,3873,4030.88,4551.76,157.8800000000001,1.1368683772161603e-13,1.0000000000000002
28815,-73.97015380859375,40.75297927856445,-73.98143005371094,40.747013092041016,382.49,3873,3873,3917.16,4327.48,44.159999999999854,27.8299999999997,1.0727600721587485
28816,-73.9887466430664,40.7429313659668,-73.99171447753906,40.76382064819336,679.57,3874,3874,3917.98,4619.85,43.98000000000002,22.300000000000296,1.032814868225496
28817,-73.97984313964845,40.74314880371094,-73.99920654296875,40.72904968261719,658.75,3874,3874,-1.0,-1.0,-1,-1,0.0
28818,-73.95951843261719,40.76348114013672,-73.96363067626955,40.774192810058594,405.04,3874,3874,3921.5299999999997,4335.95,47.529999999999745,9.380000000000052,1.0231582065968794
28819,-73.98777770996094,40.74993896484375,-73.98455047607422,40.764408111572266,463.03,3874,3874,3953.16,4456.44,79.15999999999985,40.24999999999977,1.0869274129106101
28820,-73.99314880371094,40.7369384765625,-73.98765563964845,40.753883361816406,525.99,3874,3874,-1.0,-1.0,-1,-1,0.0
28821,-73.9886016845703,40.73744201660156,-73.9909896850586,40.75572967529297,744.72,3874,3874,3931.89,4709.67,57.88999999999987,33.06000000000017,1.0443925233644862
28822,-73.988525390625,40.768943786621094,-73.98967742919923,40.73416137695313,1091.37,3874,3874,-1.0,-1.0,-1,-1,0.0
28823,-73.976806640625,40.743560791015625,-74.00538635253906,40.73815155029297,761.99,3874,3874,3905.44,4673.86,31.440000000000055,6.429999999999609,1.008438430950537
28824,-73.95262145996094,40.768402099609375,-73.97980499267578,40.74469375610352,665.54,3874,3874,-1.0,-1.0,-1,-1,0.0
28825,-73.99459838867188,40.75157928466797,-74.0084228515625,40.73518753051758,541.28,3874,3874,-1.0,-1.0,-1,-1,0.0
28826,-73.98146820068358,40.74419784545898,-73.9743881225586,40.73665237426758,438.75,3874,3874,-1.0,-1.0,-1,-1,0.0
28827,-73.98136901855469,40.767520904541016,-73.95162963867188,40.77954864501953,798.34,3875,3875,-1.0,-1.0,-1,-1,0.0
28828,-73.96917724609375,40.754310607910156,-73.98199462890625,40.74237823486328,415.7,3875,3875,-1.0,-1.0,-1,-1,0.0
28829,-73.9651107788086,40.77507019042969,-73.95713806152342,40.77171325683594,348.26,3875,3875,3931.0499999999997,4279.3099999999995,56.04999999999973,-2.2737367544323206e-13,0.9999999999999993
28830,-74.00630187988281,40.73474884033203,-73.99456024169923,40.746192932128906,358.11,3875,3875,-1.0,-1.0,-1,-1,0.0
28831,-73.95227813720702,40.78636169433594,-73.96549224853516,40.79201889038085,325.79,3875,3875,4376.71,4702.5,501.71000000000004,-5.684341886080802e-14,0.9999999999999998
28832,-73.98603820800781,40.75739669799805,-74.00577545166014,40.740135192871094,705.43,3875,3875,-1.0,-1.0,-1,-1,0.0
28833,-73.97168731689453,40.7563705444336,-73.94609069824219,40.83520126342773,1571.57,3875,3875,-1.0,-1.0,-1,-1,0.0
28834,-73.9716567993164,40.76340866088867,-73.95218658447266,40.77787780761719,530.7,3876,3876,-1.0,-1.0,-1,-1,0.0
28835,-73.96862030029298,40.77035903930664,-73.99060821533203,40.75606918334961,848.39,3876,3876,3930.06,4784.71,54.059999999999945,6.260000000000105,1.0073786819740922
28836,-74.00208282470702,40.74072265625,-73.97813415527344,40.75308227539063,747.27,3876,3876,3914.84,4714.04,38.840000000000146,51.929999999999836,1.0694929543538478
28837,-73.99875640869139,40.73727798461913,-73.98524475097656,40.763370513916016,766.03,3876,3876,3903.12,4737.28,27.11999999999989,68.12999999999988,1.0889390754931267
28838,-73.98741912841797,40.73871994018555,-74.00829315185547,40.73270034790039,625.74,3876,3876,-1.0,-1.0,-1,-1,0.0
28839,-73.97481536865234,40.79058837890625,-73.98184967041014,40.77688598632813,298.12,3876,3876,4214.4800000000005,4512.6,338.4800000000005,-1.1368683772161603e-13,0.9999999999999997
28840,-73.95498657226562,40.76507186889648,-73.95361328125,40.78493118286133,573.27,3876,3876,-1.0,-1.0,-1,-1,0.0
28841,-73.9914779663086,40.74989318847656,-73.95594024658203,40.77032470703125,1172.76,3877,3877,-1.0,-1.0,-1,-1,0.0
28842,-74.00643157958984,40.70959091186523,-73.9892349243164,40.72107315063477,505.75,3877,3877,-1.0,-1.0,-1,-1,0.0
28843,-73.97767639160156,40.779144287109375,-73.99202728271484,40.768157958984375,410.15,3877,3877,3927.9500000000003,4338.1,50.95000000000027,1.1368683772161603e-13,1.0000000000000002
28844,-73.98221588134766,40.76831817626953,-73.96359252929686,40.7547607421875,816.86,3877,3877,4011.04,4827.9,134.03999999999996,-3.410605131648481e-13,0.9999999999999996
28845,-73.99856567382812,40.76105880737305,-73.97341918945312,40.76401138305664,713.67,3877,3877,3964.88,4678.55,87.88000000000011,1.1368683772161603e-13,1.0000000000000002
28846,-73.98362731933594,40.74378967285156,-73.97991943359375,40.717681884765625,715.04,3877,3877,-1.0,-1.0,-1,-1,0.0
28847,-73.95269775390625,40.7723503112793,-73.97904205322266,40.76525115966797,857.8,3877,3877,4046.74,4904.54,169.73999999999978,2.2737367544323206e-13,1.0000000000000002
28848,-73.97022247314453,40.75697326660156,-73.9814224243164,40.75133514404297,537.32,3878,3878,-1.0,-1.0,-1,-1,0.0
28849,-73.99292755126955,40.727989196777344,-73.97599792480467,40.76124954223633,1015.57,3878,3878,3910.08,5002.34,32.07999999999993,76.69000000000017,1.0755142432328644
28850,-73.99156188964845,40.73516845703125,-74.00447845458984,40.73608016967773,355.62,3878,3878,3936.51,4292.13,58.51000000000022,-1.1368683772161603e-13,0.9999999999999997
28851,-73.9738998413086,40.76319122314453,-73.9870834350586,40.744911193847656,480.39,3878,3878,3936.88,4417.2699999999995,58.88000000000011,-5.684341886080801e-13,0.9999999999999988
28852,-73.9917984008789,40.71611785888672,-73.95040130615234,40.78337478637695,1283.96,3878,3878,4253.25,5537.21,375.25,0.0,1.0
28853,-73.98908233642578,40.74367904663085,-73.99639129638672,40.73250961303711,260.24,3878,3878,3918.0,4178.24,40.0,-2.2737367544323206e-13,0.9999999999999991
28854,-73.99340057373048,40.74729919433594,-74.00237274169923,40.70743942260742,1101.56,3879,3879,-1.0,-1.0,-1,-1,0.0
28855,-73.96852111816406,40.75471496582031,-74.00012969970702,40.73798370361328,820.03,3879,3879,3913.38,4764.29,34.38000000000011,30.87999999999988,1.037657158884431
28856,-73.96485137939453,40.75597381591797,-73.9552001953125,40.76892852783203,225.82,3879,3879,3908.35,4134.17,29.34999999999991,1.7053025658242404e-13,1.0000000000000007
28857,-73.97827911376955,40.77824401855469,-73.9778060913086,40.788063049316406,293.64,3879,3879,-1.0,-1.0,-1,-1,0.0
28858,-74.0082015991211,40.7381591796875,-73.9698715209961,40.76541137695313,1211.74,3879,3879,4100.45,5312.1900000000005,221.44999999999982,6.821210263296962e-13,1.0000000000000007
28859,-73.9568099975586,40.77070617675781,-74.00130462646483,40.73684310913085,1330.04,3880,3880,3929.46,5327.63,49.460000000000036,68.13000000000011,1.051224023337644
28860,-73.99645233154298,40.723609924316406,-74.00808715820312,40.72315216064453,528.45,3880,3880,3900.0,4428.45,20.0,-2.2737367544323206e-13,0.9999999999999996
28861,-73.9856185913086,40.76811981201172,-73.97077941894531,40.752628326416016,784.88,3880,3880,4021.66,4806.54,141.65999999999985,1.1368683772161603e-13,1.0000000000000002
28862,-73.99108123779298,40.74237823486328,-73.95201110839844,40.77038192749024,961.3,3880,3880,-1.0,-1.0,-1,-1,0.0
28863,-74.00149536132812,40.75158309936523,-73.98096466064453,40.747806549072266,678.75,3880,3880,-1.0,-1.0,-1,-1,0.0
28864,-73.99015808105469,40.77275466918945,-74.00960540771484,40.72370910644531,845.8,3880,3880,4004.04,4849.84,124.03999999999996,2.2737367544323206e-13,1.0000000000000002
28865,-73.99005126953125,40.73523712158203,-73.99413299560547,40.72474670410156,318.72,3880,3880,3907.56,4226.28,27.559999999999945,-2.2737367544323206e-13,0.9999999999999993
28866,-73.97306060791014,40.743465423583984,-73.97904205322266,40.72809219360352,374.55,3880,3880,-1.0,-1.0,-1,-1,0.0
28867,-73.97443389892578,40.783287048339844,-73.98102569580078,40.76168441772461,599.2,3880,3880,3912.38,4552.8,32.38000000000011,41.22000000000003,1.0687917222963952
28868,-73.98393249511719,40.74942398071289,-73.97820281982422,40.741737365722656,393.8,3880,3880,3932.23,4326.03,52.23000000000002,-2.8421709430404007e-13,0.9999999999999992
28869,-73.9769973754883,40.75029373168945,-73.99120330810547,40.75523376464844,518.62,3880,3880,-1.0,-1.0,-1,-1,0.0
28870,-73.98537445068358,40.75696563720703,-73.94992065429686,40.777061462402344,1079.35,3881,3881,-1.0,-1.0,-1,-1,0.0
28871,-73.98722839355469,40.73889923095703,-73.97614288330078,40.76169967651367,707.59,3881,3881,-1.0,-1.0,-1,-1,0.0
28872,-73.97491455078125,40.75324630737305,-74.00387573242188,40.70769500732422,1031.37,3881,3881,-1.0,-1.0,-1,-1,0.0
28873,-73.9808349609375,40.73374938964844,-73.96576690673827,40.75294876098633,306.71,3881,3881,3936.98,4243.6900000000005,55.98000000000002,5.115907697472721e-13,1.0000000000000018
28874,-73.98590850830078,40.75233840942383,-73.96517944335938,40.75528335571289,590.15,3881,3881,3905.59,4560.32,24.590000000000146,64.57999999999959,1.1094298059815295
28875,-73.99025726318358,40.74079895019531,-73.9930419921875,40.7339096069336,192.41,3882,3882,-1.0,-1.0,-1,-1,0.0
28876,-73.98487854003906,40.74226760864258,-73.99970245361328,40.73201370239258,414.12,3882,3882,-1.0,-1.0,-1,-1,0.0
28877,-73.99239349365234,40.7493896484375,-74.00557708740234,40.748329162597656,373.16,3882,3882,-1.0,-1.0,-1,-1,0.0
28878,-73.99676513671875,40.725189208984375,-73.96426391601562,40.75654983520508,809.56,3882,3882,3919.86,4757.26,37.86000000000013,27.840000000000146,1.0343890508424332
28879,-73.98013305664062,40.76091384887695,-74.00006866455078,40.73058319091797,886.71,3883,3883,-1.0,-1.0,-1,-1,0.0
28880,-73.97738647460938,40.75550842285156,-73.96712493896483,40.78838348388672,791.36,3883,3883,-1.0,-1.0,-1,-1,0.0
28881,-73.9795913696289,40.76632690429688,-73.99142456054686,40.75804138183594,454.11,3884,3884,3905.16,4359.2699999999995,21.159999999999854,-3.410605131648481e-13,0.9999999999999992
28882,-73.97333526611328,40.74787521362305,-73.99427032470702,40.74624633789063,646.5,3884,3884,-1.0,-1.0,-1,-1,0.0
28883,-73.98966979980467,40.74126815795898,-73.98837280273438,40.72407150268555,589.13,3884,3884,-1.0,-1.0,-1,-1,0.0
28884,-73.9866485595703,40.73948669433594,-73.992919921875,40.72422790527344,463.64,3884,3884,3918.36,4414.5,34.36000000000013,32.499999999999886,1.0700974894314552
28885,-73.96688079833984,40.79378128051758,-73.9530258178711,40.8144416809082,514.47,3884,3884,4407.01,4921.4800000000005,523.0100000000002,2.2737367544323206e-13,1.0000000000000004
28886,-73.97801971435547,40.75503540039063,-73.99663543701173,40.76301193237305,720.28,3884,3884,4027.29,4747.57,143.28999999999996,-2.2737367544323206e-13,0.9999999999999997
28887,-73.98828887939453,40.73190307617188,-74.00603485107422,40.73455047607422,565.91,3884,3884,4086.74,4652.65,202.73999999999978,-1.1368683772161603e-13,0.9999999999999998
28888,-73.98149871826173,40.73728942871094,-73.98882293701173,40.72686004638672,216.81,3884,3884,3933.54,4150.35,49.539999999999964,3.979039320256561e-13,1.0000000000000018
28889,-73.97650146484375,40.747573852539055,-73.94908905029298,40.81507110595703,1474.91,3885,3885,-1.0,-1.0,-1,-1,0.0
28890,-73.96229553222656,40.76472091674805,-73.98375701904298,40.74554443359375,807.08,3885,3885,3900.0,4749.45,15.0,42.36999999999978,1.0524978936412743
28891,-73.95735931396483,40.77034378051758,-73.97978210449219,40.74391174316406,789.3,3885,3885,3935.5,4724.8,50.5,2.2737367544323206e-13,1.0000000000000002
28892,-73.9784927368164,40.76240921020508,-73.97775268554686,40.75371551513672,417.26,3885,3885,-1.0,-1.0,-1,-1,0.0
28893,-74.0083999633789,40.73485565185547,-73.94943237304686,40.77524948120117,1456.26,3885,3885,-1.0,-1.0,-1,-1,0.0
28894,-73.99748229980467,40.72453308105469,-74.00289154052734,40.72449111938477,183.59,3885,3885,-1.0,-1.0,-1,-1,0.0
28895,-73.99650573730467,40.72563171386719,-73.99687194824219,40.720378875732415,295.59,3885,3885,-1.0,-1.0,-1,-1,0.0
28896,-73.99761199951173,40.74143600463867,-73.98456573486328,40.72571182250977,660.16,3886,3886,-1.0,-1.0,-1,-1,0.0
28897,-73.98537445068358,40.75703811645508,-73.9900894165039,40.7388801574707,580.68,3886,3886,3904.1600000000003,4499.97,18.16000000000031,15.129999999999995,1.0260556588826892
28898,-73.97267913818358,40.75836181640625,-73.9525833129883,40.780628204345696,567.17,3886,3886,-1.0,-1.0,-1,-1,0.0
28899,-73.99993133544923,40.73284912109375,-73.98937225341797,40.75830078125,716.8,3886,3886,3992.03,4708.83,106.0300000000002,-2.2737367544323206e-13,0.9999999999999997
28900,-73.95796966552734,40.78469848632813,-73.9830780029297,40.75672149658203,910.51,3886,3886,-1.0,-1.0,-1,-1,0.0
28901,-73.98480224609375,40.74254989624024,-73.97509765625,40.75313949584961,394.5,3886,3886,-1.0,-1.0,-1,-1,0.0
28902,-74.0020980834961,40.727893829345696,-73.97483825683594,40.729846954345696,724.99,3886,3886,3919.45,4709.79,33.44999999999982,65.35000000000014,1.0901391743334392
28903,-73.98645782470702,40.75844955444336,-74.00467681884766,40.74192810058594,600.94,3887,3887,-1.0,-1.0,-1,-1,0.0
28904,-73.98019409179686,40.73902893066406,-73.97474670410156,40.732872009277344,264.25,3887,3887,3943.64,4245.3099999999995,56.63999999999987,37.41999999999962,1.1416083254493836
28905,-73.9520034790039,40.77389907836913,-73.97315979003906,40.74874877929688,775.11,3887,3887,-1.0,-1.0,-1,-1,0.0
28906,-73.97665405273438,40.7437858581543,-73.99256896972656,40.714073181152344,772.46,3887,3887,3929.63,4768.360000000001,42.63000000000011,66.27000000000044,1.0857908500116515
28907,-73.9964599609375,40.72531127929688,-73.97978210449219,40.7138786315918,650.15,3887,3887,3929.17,4579.32,42.17000000000007,-3.410605131648481e-13,0.9999999999999994
28908,-74.00149536132812,40.72783660888672,-73.99119567871094,40.74518585205078,397.67,3887,3887,-1.0,-1.0,-1,-1,0.0
28909,-74.0127944946289,40.70222854614258,-74.01131439208984,40.71084976196289,290.57,3887,3887,-1.0,-1.0,-1,-1,0.0
28910,-73.97940826416014,40.74992370605469,-73.98660278320312,40.7400016784668,274.87,3887,3887,4002.54,4277.41,115.53999999999996,-1.1368683772161603e-13,0.9999999999999996
28911,-73.99226379394531,40.73782348632813,-74.00601196289062,40.72175979614258,511.36,3888,3888,3940.97,4452.33,52.9699999999998,1.1368683772161603e-13,1.0000000000000002
28912,-74.00762176513672,40.74072265625,-74.0090560913086,40.726219177246094,362.25,3888,3888,3900.0,4262.25,12.0,0.0,1.0
28913,-73.98881530761719,40.73125076293945,-74.00685882568358,40.73051452636719,541.22,3888,3888,4010.25,4551.47,122.25,2.2737367544323206e-13,1.0000000000000004
28914,-73.9935073852539,40.73651885986328,-73.99598693847656,40.7264404296875,311.84,3888,3888,3947.13,4258.97,59.13000000000011,1.7053025658242404e-13,1.0000000000000004
28915,-73.97449493408203,40.76256561279297,-74.00929260253906,40.70843124389648,1493.08,3888,3888,3939.05,5432.13,51.05000000000018,0.0,1.0
28916,-73.98717498779298,40.7395896911621,-73.95674896240234,40.77119064331055,895.97,3888,3888,-1.0,-1.0,-1,-1,0.0
28917,-73.98657989501955,40.76647567749024,-74.00487518310547,40.741863250732415,637.17,3888,3888,3941.84,4579.01,53.840000000000146,1.1368683772161603e-13,1.0000000000000002
28918,-73.99462127685547,40.75038528442383,-73.98222351074219,40.769126892089844,602.38,3889,3889,-1.0,-1.0,-1,-1,0.0
28919,-74.01164245605469,40.707515716552734,-73.9875717163086,40.7214469909668,724.69,3889,3889,3913.91,4638.6,24.909999999999854,4.547473508864641e-13,1.0000000000000007
28920,-73.9505157470703,40.7756233215332,-73.98892211914062,40.7387809753418,1215.66,3889,3889,4062.13,5277.79,173.1300000000001,-2.2737367544323206e-13,0.9999999999999998
28921,-73.97997283935547,40.748889923095696,-73.99575805664062,40.73276901245117,491.0,3889,3889,3928.87,4419.87,39.86999999999989,0.0,1.0
28922,-73.98158264160156,40.76908493041992,-73.9586410522461,40.79991149902344,656.18,3889,3889,3914.36,4632.75,25.360000000000127,62.20999999999992,1.0948063031485262
28923,-73.97506713867188,40.78247833251953,-73.96826171875,40.79331970214844,320.61,3889,3889,-1.0,-1.0,-1,-1,0.0
28924,-73.97476959228516,40.74200820922852,-73.9718017578125,40.76543045043945,717.92,3890,3890,3943.86,4661.78,53.86000000000013,-3.410605131648481e-13,0.9999999999999996
28925,-73.97930145263672,40.749824523925774,-73.96804809570312,40.7564582824707,415.33,3890,3890,-1.0,-1.0,-1,-1,0.0
28926,-74.00035858154298,40.76140975952149,-74.00492095947266,40.741695404052734,485.06,3890,3890,3978.29,4463.35,88.28999999999996,3.979039320256561e-13,1.0000000000000009
28927,-73.99822998046875,40.72391891479492,-74.0058364868164,40.74026107788085,586.33,3890,3890,-1.0,-1.0,-1,-1,0.0
28928,-73.95542907714845,40.77981948852539,-73.94291687011719,40.787498474121094,316.78,3890,3890,3965.88,4282.66,75.88000000000011,-2.2737367544323206e-13,0.9999999999999993
28929,-74.01026916503906,40.7187385559082,-73.99349975585938,40.72740173339844,598.22,3891,3891,-1.0,-1.0,-1,-1,0.0
28930,-73.96165466308594,40.75572204589844,-73.98016357421875,40.73514175415039,658.54,3891,3891,-1.0,-1.0,-1,-1,0.0
28931,-73.94805145263672,40.77632141113281,-73.96269226074219,40.77492141723633,457.35,3891,3891,3900.0,4357.349999999999,9.0,-5.684341886080801e-13,0.9999999999999988
28932,-73.9912567138672,40.76040267944336,-74.00525665283203,40.74072265625,473.69,3891,3891,3922.3199999999997,4396.01,31.31999999999971,5.115907697472721e-13,1.000000000000001
28933,-73.99259948730467,40.76333618164063,-73.98019409179686,40.76518249511719,322.65,3891,3891,3927.76,4301.7,36.76000000000022,51.28999999999962,1.1589648225631477
28934,-74.00996398925781,40.72112274169922,-73.99972534179686,40.76142501831055,723.1,3891,3891,3935.97,4659.07,44.9699999999998,-1.1368683772161603e-13,0.9999999999999999
28935,-73.98429107666014,40.7601318359375,-73.97096252441406,40.75522994995117,528.33,3892,3892,3903.42,4431.75,11.420000000000073,-1.1368683772161603e-13,0.9999999999999998
28936,-73.97386169433594,40.76308822631836,-73.9875717163086,40.7440185546875,491.64,3892,3892,3932.28,4423.92,40.2800000000002,-1.1368683772161603e-13,0.9999999999999998
28937,-73.97996520996094,40.77581787109375,-74.0043716430664,40.74453353881836,808.27,3892,3892,3905.33,4713.6,13.329999999999927,4.547473508864641e-13,1.0000000000000007
28938,-73.96626281738281,40.78952407836913,-73.96028900146483,40.76631546020508,757.23,3892,3892,-1.0,-1.0,-1,-1,0.0
28939,-73.99024200439453,40.7369270324707,-74.00434875488281,40.75590515136719,721.31,3892,3892,-1.0,-1.0,-1,-1,0.0
28940,-73.9724884033203,40.75933837890625,-73.9873504638672,40.72239685058594,1058.61,3892,3892,-1.0,-1.0,-1,-1,0.0
28941,-73.95826721191406,40.7789192199707,-73.96356201171875,40.77518844604492,182.55,3892,3892,3976.59,4159.14,84.59000000000015,1.7053025658242404e-13,1.0000000000000009
28942,-73.97640991210938,40.73970413208008,-73.97708892822266,40.75232696533203,365.53,3892,3892,4285.31,4650.84,393.3100000000004,-2.2737367544323206e-13,0.9999999999999993
28943,-73.99015808105469,40.757080078125,-73.99288177490234,40.770267486572266,403.17,3893,3893,3929.98,4350.75,36.98000000000002,17.599999999999966,1.0436540417193738
28944,-74.00761413574219,40.71173095703125,-73.98356628417969,40.75617599487305,1037.8,3893,3893,-1.0,-1.0,-1,-1,0.0
28945,-73.97977447509766,40.7839241027832,-73.92090606689453,40.86432647705078,944.26,3893,3893,3972.46,4916.719999999999,79.46000000000004,-6.821210263296962e-13,0.9999999999999992
28946,-73.9998550415039,40.73823165893555,-73.99174499511719,40.72709655761719,480.29,3893,3893,3904.35,4407.74,11.349999999999909,23.099999999999852,1.0480959420350202
28947,-73.96656036376955,40.76245880126953,-73.97240447998048,40.74617385864258,552.31,3893,3893,-1.0,-1.0,-1,-1,0.0
28948,-73.98541259765625,40.742095947265625,-73.98053741455078,40.73017883300781,386.2,3894,3894,-1.0,-1.0,-1,-1,0.0
28949,-73.95237731933594,40.79251098632813,-73.95291900634766,40.776458740234375,451.24,3894,3894,4997.2699999999995,5448.51,1103.2699999999995,6.821210263296962e-13,1.0000000000000016
28950,-74.00910186767578,40.70424270629883,-73.97952270507811,40.73507690429688,644.75,3894,3894,3910.59,4630.97,16.590000000000146,75.63000000000011,1.1173012795657233
28951,-73.96839141845702,40.79328536987305,-73.9948959350586,40.765937805175774,671.73,3894,3894,3937.29,4623.98,43.289999999999964,14.959999999999582,1.0222708528724331
28952,-73.99694061279298,40.74731063842773,-73.97814178466798,40.74895095825195,620.99,3895,3895,3927.69,4567.08,32.690000000000055,18.399999999999864,1.029630106765004
28953,-73.98294830322266,40.74193954467773,-74.00408935546875,40.73814010620117,606.34,3895,3895,3943.11,4601.99,48.11000000000013,52.53999999999962,1.086651053864168
28954,-73.95491790771484,40.78313827514648,-73.957763671875,40.77462768554688,261.83,3895,3895,3941.46,4203.29,46.460000000000036,-5.684341886080802e-14,0.9999999999999998
28955,-73.97391510009766,40.76310729980469,-73.98384857177734,40.7620964050293,343.92,3895,3895,-1.0,-1.0,-1,-1,0.0
28956,-73.97860717773438,40.750633239746094,-73.95722198486328,40.77434158325195,685.82,3895,3895,-1.0,-1.0,-1,-1,0.0
28957,-73.95700073242188,40.783218383789055,-73.95659637451173,40.77480697631836,278.33,3895,3895,3941.38,4264.96,46.38000000000011,45.24999999999994,1.1625767973269139
28958,-74.00823974609375,40.71171188354492,-74.00385284423827,40.72222900390625,292.83,3895,3895,-1.0,-1.0,-1,-1,0.0
28959,-73.969482421875,40.75727081298828,-73.98135375976562,40.74460220336913,411.68,3896,3896,-1.0,-1.0,-1,-1,0.0
28960,-73.99354553222656,40.75196075439453,-73.98750305175781,40.74281692504883,550.03,3896,3896,3920.14,4513.39,24.139999999999873,43.22000000000048,1.0785775321346118
28961,-73.97064208984375,40.761329650878906,-73.99134826660156,40.73151016235352,808.72,3896,3896,3928.66,4820.84,32.659999999999854,83.46000000000026,1.1032001187061038
28962,-74.0037384033203,40.74826049804688,-73.99362182617188,40.76208114624024,273.54,3896,3896,3935.83,4209.37,39.82999999999993,-5.684341886080802e-14,0.9999999999999998
28963,-73.95116424560547,40.77883529663085,-73.9464340209961,40.7946891784668,310.53,3896,3896,3912.33,4222.86,16.329999999999927,-2.2737367544323206e-13,0.9999999999999992
28964,-74.00295257568358,40.7333869934082,-74.00196838378906,40.71924209594727,392.19,3896,3896,3903.69,4295.88,7.690000000000055,5.684341886080802e-14,1.0000000000000002
28965,-73.97415161132812,40.762779235839844,-73.9906234741211,40.72443008422852,1045.15,3896,3896,3951.18,5034.61,55.179999999999836,38.279999999999745,1.0366263215806342
28966,-73.96896362304686,40.76412582397461,-73.96792602539062,40.753753662109375,384.17,3896,3896,3938.16,4322.33,42.159999999999854,5.684341886080802e-14,1.0000000000000002
28967,-73.98995971679686,40.74692153930664,-73.99127197265625,40.754730224609375,324.2,3896,3896,3934.64,4283.31,38.63999999999987,24.47000000000054,1.0754780999383113
28968,-73.968017578125,40.7597885131836,-73.95556640625,40.76818084716797,314.03,3896,3896,3910.52,4254.26,14.519999999999982,29.710000000000264,1.094608795338026
28969,-73.9735336303711,40.76426315307617,-73.95830535888672,40.78123092651367,446.69,3897,3897,-1.0,-1.0,-1,-1,0.0
28970,-73.98577117919923,40.75834655761719,-74.00186157226562,40.73944091796875,541.65,3897,3897,3914.46,4456.11,17.460000000000036,-3.410605131648481e-13,0.9999999999999993
28971,-73.99404907226562,40.75143432617188,-73.99519348144531,40.72499084472656,954.63,3897,3897,-1.0,-1.0,-1,-1,0.0
28972,-73.98343658447266,40.7642936706543,-73.97914123535155,40.76530838012695,256.66,3898,3898,3921.54,4178.2,23.539999999999964,-1.7053025658242404e-13,0.9999999999999993
28973,-73.99142456054686,40.72380828857422,-73.98462677001955,40.724510192871094,188.45,3898,3898,4014.54,4202.99,116.53999999999996,-1.7053025658242404e-13,0.9999999999999991
28974,-73.9652328491211,40.76350021362305,-73.95482635498048,40.780029296875,347.43,3898,3898,3931.62,4279.05,33.61999999999989,2.8421709430404007e-13,1.0000000000000009
28975,-73.98369598388672,40.76603698730469,-73.95281982421875,40.77231216430664,807.07,3898,3898,3923.54,4777.9,25.539999999999964,47.28999999999962,1.0585946696073447
28976,-73.97880554199219,40.76182174682617,-73.98050689697266,40.776512145996094,482.73,3898,3898,-1.0,-1.0,-1,-1,0.0
28977,-74.00244903564453,40.7186393737793,-73.99910736083984,40.72537612915039,371.15,3898,3898,3946.01,4367.21,48.01000000000022,50.04999999999984,1.134851138353765
28978,-73.99039459228516,40.75161361694336,-73.9844741821289,40.76310348510742,376.53,3898,3898,3942.39,4318.92,44.38999999999987,2.2737367544323206e-13,1.0000000000000007
28979,-73.9670181274414,40.793701171875,-73.98057556152342,40.775001525878906,335.29,3898,3898,-1.0,-1.0,-1,-1,0.0
28980,-73.97859954833984,40.7570915222168,-73.99371337890625,40.72845077514648,691.77,3899,3899,3946.83,4680.18,47.82999999999993,41.58000000000038,1.0601066828570196
28981,-73.98573303222656,40.75763320922852,-73.99286651611328,40.751220703125,384.0,3899,3899,-1.0,-1.0,-1,-1,0.0
28982,-73.95423889160156,40.76409149169922,-73.95918273925781,40.77582931518555,470.12,3899,3899,-1.0,-1.0,-1,-1,0.0
28983,-73.97915649414062,40.776668548583984,-73.9715118408203,40.78739929199219,345.84,3899,3899,3913.42,4259.26,14.420000000000073,1.7053025658242404e-13,1.0000000000000004
28984,-74.00216674804686,40.75043869018555,-73.97833251953125,40.75167846679688,696.59,3899,3899,-1.0,-1.0,-1,-1,0.0
28985,-74.00932312011719,40.706241607666016,-74.00326538085938,40.75060272216797,904.85,3900,3900,-1.0,-1.0,-1,-1,0.0
28986,-73.95455932617188,40.76570129394531,-73.98690032958984,40.7386589050293,794.67,3900,3900,-1.0,-1.0,-1,-1,0.0
28987,-73.99571228027342,40.73872375488281,-73.95802307128906,40.816001892089844,1366.77,3900,3900,-1.0,-1.0,-1,-1,0.0
28988,-73.9841537475586,40.769798278808594,-73.98023986816406,40.7651481628418,205.86,3900,3900,3926.87,4132.73,26.86999999999989,-3.410605131648481e-13,0.9999999999999983
28989,-73.97531127929686,40.75232315063477,-73.98704528808595,40.74807739257813,455.29,3900,3900,3900.0,4355.29,0.0,-5.684341886080802e-14,0.9999999999999999
28990,-74.0149688720703,40.71409225463867,-73.97514343261719,40.78746032714844,1238.75,3900,3900,3935.6,5254.11,35.59999999999991,79.75999999999976,1.064387487386478
28991,-73.99230194091797,40.744712829589844,-73.98350524902342,40.74138259887695,288.96,3901,3901,3930.39,4297.3,29.389999999999873,77.95000000000033,1.2697605204872657
28992,-74.00646209716798,40.74442672729492,-73.99475860595702,40.75034713745117,295.22,3901,3901,-1.0,-1.0,-1,-1,0.0
28993,-73.9641876220703,40.77389144897461,-73.97251892089844,40.76520156860352,319.06,3901,3901,3952.08,4271.14,51.07999999999993,3.979039320256561e-13,1.0000000000000013
28994,-73.98866271972656,40.722389221191406,-73.99329376220702,40.75870895385742,1175.5,3901,3901,3944.66,5180.43,43.659999999999854,60.27000000000044,1.0512717992343688
28995,-74.00255584716798,40.73961639404297,-73.9778823852539,40.72454833984375,809.2,3901,3901,-1.0,-1.0,-1,-1,0.0
28996,-73.95581817626955,40.77395248413085,-73.96830749511719,40.78676223754883,498.69,3901,3901,-1.0,-1.0,-1,-1,0.0
28997,-73.95558929443358,40.768569946289055,-73.955322265625,40.77695083618164,217.38,3902,3902,-1.0,-1.0,-1,-1,0.0
28998,-73.98464965820312,40.75407791137695,-73.9632797241211,40.77421188354492,663.85,3902,3902,-1.0,-1.0,-1,-1,0.0
28999,-73.98800659179686,40.743736267089844,-73.9749755859375,40.75037002563477,433.44,3902,3902,-1.0,-1.0,-1,-1,0.0
29000,-73.98696899414062,40.75474166870117,-73.97337341308594,40.74897003173828,485.21,3903,3903,-1.0,-1.0,-1,-1,0.0
29001,-73.96188354492188,40.76780319213867,-73.97085571289062,40.76490020751953,321.2,3903,3903,3953.87,4275.07,50.86999999999989,-1.7053025658242404e-13,0.9999999999999994
29002,-73.99193572998048,40.75525665283203,-74.00457000732422,40.74212265014648,410.98,3903,3903,-1.0,-1.0,-1,-1,0.0
29003,-73.96792602539062,40.75564193725585,-73.97512054443358,40.75227355957031,257.04,3903,3903,-1.0,-1.0,-1,-1,0.0
29004,-73.97469329833984,40.753231048583984,-73.98277282714845,40.76667022705078,685.0,3903,3903,-1.0,-1.0,-1,-1,0.0
29005,-73.99407196044923,40.751220703125,-73.97463989257811,40.757080078125,714.0,3903,3903,-1.0,-1.0,-1,-1,0.0
29006,-73.99256134033203,40.74961853027344,-73.99053192138672,40.756431579589844,338.59,3903,3903,3947.56,4286.15,44.559999999999945,-2.8421709430404007e-13,0.9999999999999991
29007,-74.00296783447266,40.73423385620117,-74.01683044433594,40.70656967163085,746.78,3904,3904,-1.0,-1.0,-1,-1,0.0
29008,-73.9919662475586,40.73812103271485,-74.01016998291014,40.71979141235352,625.98,3904,3904,-1.0,-1.0,-1,-1,0.0
29009,-73.9869384765625,40.74549865722656,-73.97433471679686,40.77823257446289,1025.42,3904,3904,-1.0,-1.0,-1,-1,0.0
29010,-73.98657989501955,40.74578094482422,-73.9937973022461,40.74089813232422,224.17,3904,3904,4001.54,4225.71,97.53999999999996,8.526512829121202e-14,1.0000000000000004
29011,-73.9866485595703,40.7592887878418,-73.9745101928711,40.75297164916992,667.97,3905,3905,-1.0,-1.0,-1,-1,0.0
29012,-73.97820281982422,40.72543716430664,-73.99080657958984,40.71880340576172,388.58,3905,3905,3944.25,4332.83,39.25,-5.684341886080802e-14,0.9999999999999999
29013,-73.9878921508789,40.75028610229492,-73.96936798095702,40.7574348449707,849.03,3905,3905,-1.0,-1.0,-1,-1,0.0
29014,-73.9862060546875,40.75687789916992,-73.99124145507811,40.75038146972656,197.25,3905,3905,3962.5,4159.75,57.5,0.0,1.0
29015,-73.98275756835938,40.74250793457031,-73.97791290283203,40.7356834411621,238.12,3905,3905,-1.0,-1.0,-1,-1,0.0
29016,-74.0099105834961,40.703460693359375,-73.97216796875,40.74332046508789,547.01,3906,3906,-1.0,-1.0,-1,-1,0.0
29017,-73.95845031738281,40.76061630249024,-73.96802520751955,40.75577926635742,309.92,3906,3906,3932.97,4286.88,26.9699999999998,43.99000000000029,1.1419398554465678
29018,-73.98065185546875,40.76197814941406,-73.9603500366211,40.778804779052734,572.68,3906,3906,-1.0,-1.0,-1,-1,0.0
29019,-74.00320434570312,40.74162292480469,-73.9925765991211,40.743648529052734,395.17,3906,3906,3930.0,4325.17,24.0,5.684341886080802e-14,1.0000000000000002
29020,-73.98223876953125,40.77429580688477,-73.99384307861328,40.756736755371094,471.13,3906,3906,3967.24,4438.37,61.23999999999978,1.1368683772161603e-13,1.0000000000000002
29021,-73.95461273193358,40.77415084838867,-73.95165252685547,40.76647567749024,275.25,3906,3906,-1.0,-1.0,-1,-1,0.0
29022,-73.97905731201173,40.78730010986328,-73.98331451416014,40.75716018676758,1002.71,3906,3906,3957.57,4997.63,51.570000000000164,37.34999999999991,1.0372490550607851
29023,-73.9954605102539,40.76485061645508,-74.01171875,40.71451187133789,897.25,3906,3906,3953.54,4850.79,47.539999999999964,0.0,1.0
29024,-73.9852066040039,40.75920104980469,-73.99343872070312,40.720230102539055,1449.53,3906,3906,-1.0,-1.0,-1,-1,0.0
29025,-73.98262023925781,40.777339935302734,-73.966796875,40.76390838623047,607.69,3907,3907,3931.14,4608.09,24.139999999999873,69.26000000000022,1.1139725847060182
29026,-73.97884368896483,40.78258895874024,-73.95056915283203,40.77730941772461,684.75,3907,3907,3935.37,4689.83,28.36999999999989,69.71000000000004,1.1018035779481563
29027,-73.9901123046875,40.76233291625977,-73.98054504394531,40.78583526611328,585.61,3907,3907,-1.0,-1.0,-1,-1,0.0
29028,-73.99275970458984,40.76324081420898,-73.98017883300781,40.76544189453125,322.65,3907,3907,3962.91,4285.56,55.909999999999854,5.684341886080801e-13,1.0000000000000018
29029,-73.99237060546875,40.74960708618164,-73.98059844970702,40.74507141113281,499.45,3907,3907,3951.72,4451.17,44.7199999999998,2.8421709430404007e-13,1.0000000000000007
29030,-73.98724365234375,40.760555267333984,-73.9884262084961,40.74361038208008,636.39,3907,3907,-1.0,-1.0,-1,-1,0.0
29031,-73.95853424072266,40.77477264404297,-73.94969940185547,40.77109146118164,212.54,3907,3907,3948.14,4160.68,41.13999999999987,4.263256414560601e-13,1.000000000000002
29032,-73.9710235595703,40.76197814941406,-73.95916748046875,40.781028747558594,440.72,3907,3907,-1.0,-1.0,-1,-1,0.0
29033,-73.98099517822266,40.75369644165039,-73.99871063232422,40.763919830322266,674.89,3907,3907,-1.0,-1.0,-1,-1,0.0
29034,-73.9885482788086,40.73738098144531,-74.0070571899414,40.71525955200195,697.86,3908,3908,3992.92,4690.78,84.92000000000007,-3.410605131648481e-13,0.9999999999999996
29035,-73.98767852783203,40.73822021484375,-73.96598815917969,40.76618957519531,807.4,3908,3908,4023.29,4830.69,115.28999999999996,-3.410605131648481e-13,0.9999999999999996
29036,-74.00565338134766,40.73759078979492,-74.0066680908203,40.72040939331055,419.26,3908,3908,-1.0,-1.0,-1,-1,0.0
29037,-73.9693374633789,40.76091003417969,-73.93596649169923,40.85363006591797,1630.16,3908,3908,-1.0,-1.0,-1,-1,0.0
29038,-73.9703369140625,40.755165100097656,-73.94676208496094,40.77671813964844,599.11,3908,3908,3959.63,4558.74,51.63000000000011,-3.410605131648481e-13,0.9999999999999994
29039,-73.98966217041014,40.74174118041992,-74.00403594970702,40.71710205078125,719.72,3908,3908,3958.48,4692.74,50.48000000000002,14.539999999999736,1.020202300894792
29040,-73.98213195800781,40.77579116821289,-73.95023345947266,40.82546997070313,918.87,3908,3908,3958.04,4876.91,50.039999999999964,-1.1368683772161603e-13,0.9999999999999999
29041,-73.9675521850586,40.75611114501953,-73.97560882568358,40.75226974487305,258.17,3908,3908,4026.75,4284.92,118.75,5.684341886080802e-14,1.0000000000000002
29042,-73.97742462158203,40.74978256225585,-73.98161315917969,40.73735427856445,294.7,3908,3908,3930.98,4250.18,22.980000000000018,24.500000000000284,1.0831353919239914
29043,-74.00447845458984,40.74871063232422,-73.9944610595703,40.72684860229492,774.16,3909,3909,3944.32,4802.2,35.320000000000164,83.71999999999969,1.108143019530846
29044,-74.00132751464844,40.75242614746094,-73.9877700805664,40.74414825439453,632.69,3909,3909,-1.0,-1.0,-1,-1,0.0
29045,-73.95834350585938,40.760555267333984,-73.97911071777342,40.74450302124024,511.39,3909,3909,3986.41,4497.8,77.40999999999985,3.410605131648481e-13,1.0000000000000007
29046,-73.9727020263672,40.75851821899415,-73.99042510986328,40.75094223022461,673.35,3909,3909,-1.0,-1.0,-1,-1,0.0
29047,-73.96966552734375,40.76030349731445,-73.96147918701173,40.75681686401367,231.63,3909,3909,-1.0,-1.0,-1,-1,0.0
29048,-73.96915435791014,40.79059219360352,-74.01102447509766,40.70300674438477,1666.57,3909,3909,3954.52,5692.400000000001,45.51999999999998,71.31000000000063,1.0427884817319408
29049,-74.01467132568358,40.71424865722656,-73.98574829101562,40.760589599609375,1039.73,3909,3909,-1.0,-1.0,-1,-1,0.0
29050,-73.979736328125,40.78641891479492,-73.97309875488281,40.78700256347656,199.79,3909,3909,3943.58,4194.42,34.57999999999993,51.05000000000015,1.2555182942089202
29051,-74.00247192382812,40.7342185974121,-74.00750732421875,40.71067810058594,619.67,3909,3909,-1.0,-1.0,-1,-1,0.0
29052,-73.96759033203125,40.763221740722656,-73.96511840820312,40.75912857055664,191.24,3909,3909,3999.42,4190.66,90.42000000000007,-2.2737367544323206e-13,0.9999999999999988
29053,-73.99137878417969,40.75010299682617,-73.99990844726562,40.71913528442383,872.61,3909,3909,3937.99,4886.2699999999995,28.98999999999978,75.66999999999973,1.086716860911518
29054,-73.98271179199219,40.78506851196289,-73.9674301147461,40.76437377929688,809.13,3909,3909,4704.8,5513.93,795.8000000000002,1.1368683772161603e-13,1.0000000000000002
29055,-73.95693969726562,40.783363342285156,-73.95716857910156,40.7743034362793,294.58,3910,3910,3944.2799999999997,4307.24,34.279999999999745,68.38000000000005,1.2321270962047663
29056,-73.9773178100586,40.759498596191406,-73.9763412475586,40.78569030761719,777.54,3910,3910,-1.0,-1.0,-1,-1,0.0
29057,-73.99514770507811,40.748966217041016,-74.00756072998048,40.741859436035156,348.66,3910,3910,-1.0,-1.0,-1,-1,0.0
29058,-73.98950958251955,40.77291870117188,-73.93254852294923,40.85892868041992,996.46,3910,3910,4811.43,5807.89,901.4300000000003,0.0,1.0
29059,-73.98169708251955,40.76792907714844,-73.94252014160156,40.846771240234375,1137.57,3910,3910,4027.53,5165.1,117.5300000000002,2.2737367544323206e-13,1.0000000000000002
29060,-73.98119354248048,40.73070526123047,-73.97491455078125,40.720787048339844,319.91,3910,3910,-1.0,-1.0,-1,-1,0.0
29061,-73.96533966064453,40.76926803588867,-73.97201538085938,40.78220748901367,369.62,3910,3910,-1.0,-1.0,-1,-1,0.0
29062,-73.98584747314453,40.75249862670898,-73.99552917480467,40.7647819519043,559.9,3910,3910,-1.0,-1.0,-1,-1,0.0
29063,-74.00724792480467,40.72734832763672,-73.99445343017578,40.76498794555664,818.11,3910,3910,4033.21,4851.320000000001,123.21000000000004,5.684341886080801e-13,1.0000000000000007
29064,-73.99526977539062,40.74233627319336,-74.0032501220703,40.75059127807617,280.17,3910,3910,3971.54,4251.71,61.539999999999964,5.684341886080802e-14,1.0000000000000002
29065,-73.9691390991211,40.75426483154297,-73.97480773925781,40.74622344970703,189.84,3911,3911,3944.21,4134.05,33.210000000000036,1.4210854715202004e-13,1.0000000000000007
29066,-73.9703140258789,40.76421737670898,-73.99172973632812,40.749671936035156,772.04,3911,3911,-1.0,-1.0,-1,-1,0.0
29067,-73.98737335205078,40.76868057250977,-73.96343231201173,40.77458572387695,619.26,3911,3911,-1.0,-1.0,-1,-1,0.0
29068,-74.01468658447266,40.714221954345696,-73.97624206542969,40.7514877319336,1044.08,3911,3911,3961.95,5006.03,50.94999999999982,0.0,1.0
29069,-73.97950744628906,40.76224136352539,-73.95323181152342,40.77254867553711,762.43,3911,3911,-1.0,-1.0,-1,-1,0.0
29070,-73.99398040771484,40.7513084411621,-73.98346710205078,40.76449966430664,382.27,3911,3911,3939.180000000001,4321.450000000001,28.1800000000012,-4.547473508864641e-13,0.9999999999999988
29071,-73.9828109741211,40.75700378417969,-73.96167755126955,40.780479431152344,778.3,3912,3912,-1.0,-1.0,-1,-1,0.0
29072,-73.9854965209961,40.752037048339844,-73.98249053955078,40.76817321777344,507.43,3912,3912,-1.0,-1.0,-1,-1,0.0
29073,-73.96588134765625,40.7620506286621,-73.9599380493164,40.767723083496094,197.32,3912,3912,-1.0,-1.0,-1,-1,0.0
29074,-74.01659393310547,40.70476150512695,-73.99855041503906,40.7170295715332,666.12,3912,3912,-1.0,-1.0,-1,-1,0.0
29075,-73.99746704101562,40.7258186340332,-73.99756622314453,40.73638916015625,268.09,3913,3913,3973.92,4242.01,60.92000000000007,1.7053025658242404e-13,1.0000000000000007
29076,-73.97821044921875,40.76433944702149,-73.97572326660156,40.73318099975585,1021.06,3913,3913,3935.54,4989.85,22.539999999999964,33.250000000000455,1.0325641979903242
29077,-74.00541687011719,40.73930740356445,-74.00296783447266,40.72716522216797,459.59,3913,3913,3949.62,4464.42,36.61999999999989,55.21000000000021,1.1201288104614988
29078,-73.97997283935547,40.75465774536133,-73.9718246459961,40.78150177001953,750.13,3913,3913,-1.0,-1.0,-1,-1,0.0
29079,-73.98686218261719,40.75096893310547,-73.96859741210938,40.76810836791992,614.73,3913,3913,-1.0,-1.0,-1,-1,0.0
29080,-74.00181579589844,40.73047256469727,-74.00009155273438,40.73705291748047,190.95,3913,3913,-1.0,-1.0,-1,-1,0.0
29081,-73.97420501708984,40.762596130371094,-73.97727203369139,40.75341033935547,313.38,3913,3913,-1.0,-1.0,-1,-1,0.0
29082,-73.99446868896483,40.76112747192383,-73.94504547119139,40.7925033569336,1147.06,3913,3913,3958.46,5142.94,45.460000000000036,37.41999999999962,1.032622530643558
29083,-73.96578979492188,40.76295852661133,-73.97274780273438,40.76459884643555,255.17,3913,3913,-1.0,-1.0,-1,-1,0.0
29084,-73.95565795898438,40.77955627441406,-73.99827575683594,40.729881286621094,1441.33,3914,3914,3996.24,5437.57,82.23999999999978,0.0,1.0
29085,-74.0025405883789,40.72906875610352,-73.9952621459961,40.72512817382813,279.43,3914,3914,3963.65,4243.08,49.65000000000009,-1.7053025658242404e-13,0.9999999999999994
29086,-73.99150085449219,40.760013580322266,-73.96519470214845,40.76031112670898,892.63,3914,3914,-1.0,-1.0,-1,-1,0.0
29087,-73.98767852783203,40.75004577636719,-73.98220825195312,40.74298477172852,372.3,3914,3914,-1.0,-1.0,-1,-1,0.0
29088,-73.9947509765625,40.71891784667969,-73.9922332763672,40.72548294067383,186.16,3915,3915,4224.76,4410.92,309.7600000000002,-1.4210854715202004e-13,0.9999999999999992
29089,-73.98294830322266,40.75827026367188,-73.99656677246094,40.76264190673828,502.74,3915,3915,3942.6600000000003,4486.12,27.66000000000031,40.71999999999957,1.0809961411465163
29090,-73.95519256591797,40.780120849609375,-73.9661865234375,40.764930725097656,397.53,3915,3915,3952.36,4349.89,37.36000000000013,2.2737367544323206e-13,1.0000000000000007
29091,-73.9927749633789,40.73750305175781,-73.9906692504883,40.75593185424805,656.05,3915,3915,3953.26,4609.31,38.26000000000022,2.2737367544323206e-13,1.0000000000000004
29092,-73.97980499267578,40.761024475097656,-73.96678924560547,40.77246475219727,401.59,3915,3915,-1.0,-1.0,-1,-1,0.0
29093,-73.98014068603516,40.783485412597656,-73.97158813476562,40.79739379882813,311.89,3915,3915,4785.53,5097.42,870.5299999999997,3.410605131648481e-13,1.000000000000001
29094,-74.00285339355469,40.73366165161133,-73.97747039794923,40.752601623535156,777.4,3915,3915,-1.0,-1.0,-1,-1,0.0
29095,-73.98882293701173,40.768760681152344,-73.9470443725586,40.83727645874024,811.62,3915,3915,-1.0,-1.0,-1,-1,0.0
29096,-74.00213623046875,40.7452507019043,-73.99542236328125,40.73915100097656,264.38,3915,3915,-1.0,-1.0,-1,-1,0.0
29097,-73.99292755126955,40.75833129882813,-74.01083374023438,40.71615982055664,908.24,3915,3915,-1.0,-1.0,-1,-1,0.0
29098,-73.99452209472656,40.74567031860352,-73.99221038818358,40.72745132446289,606.45,3915,3915,-1.0,-1.0,-1,-1,0.0
29099,-73.97730255126955,40.75870132446289,-73.98504638671875,40.73881912231445,546.47,3915,3915,-1.0,-1.0,-1,-1,0.0
29100,-73.98622131347656,40.74628448486328,-73.95675659179686,40.77825927734375,992.67,3915,3915,-1.0,-1.0,-1,-1,0.0
29101,-73.97003173828125,40.763126373291016,-73.98936462402342,40.77118682861328,675.42,3916,3916,-1.0,-1.0,-1,-1,0.0
29102,-73.9735107421875,40.751949310302734,-73.98162841796875,40.77608108520508,884.96,3916,3916,-1.0,-1.0,-1,-1,0.0
29103,-74.00747680664062,40.75151824951172,-74.01597595214845,40.711509704589844,707.17,3916,3916,3974.37,4681.54,58.36999999999989,1.1368683772161603e-13,1.0000000000000002
29104,-73.99680328369139,40.74257278442383,-73.9927749633789,40.72592544555664,602.46,3916,3916,3962.44,4619.19,46.440000000000055,54.28999999999951,1.0901138664807615
29105,-73.98184204101562,40.76509094238281,-73.98700714111328,40.75952911376953,416.16,3916,3916,-1.0,-1.0,-1,-1,0.0
29106,-74.00714111328125,40.743816375732415,-73.98292541503906,40.77709197998047,621.36,3917,3917,3950.36,4571.72,33.36000000000013,1.1368683772161603e-13,1.0000000000000002
29107,-73.97769165039062,40.74934005737305,-74.00685882568358,40.73564910888672,815.62,3917,3917,3954.0899999999997,4788.3099999999995,37.08999999999969,18.599999999999795,1.0228047375003062
29108,-74.00056457519531,40.74786758422852,-73.99140930175781,40.77446746826172,643.2,3917,3917,-1.0,-1.0,-1,-1,0.0
29109,-73.98497009277344,40.75994110107422,-73.99797058105469,40.73183822631836,791.42,3917,3917,-1.0,-1.0,-1,-1,0.0
29110,-73.970458984375,40.79404830932617,-73.95036315917969,40.78559112548828,575.94,3917,3917,4059.79,4635.7300000000005,142.78999999999996,4.547473508864641e-13,1.0000000000000009
29111,-73.96340179443358,40.771968841552734,-73.95582580566406,40.7796630859375,277.67,3917,3917,4046.5,4324.17,129.5,5.684341886080802e-14,1.0000000000000002
29112,-73.97976684570312,40.765419006347656,-73.98883056640625,40.77777099609375,440.13,3917,3917,3968.32,4408.45,51.320000000000164,-3.410605131648481e-13,0.9999999999999992
29113,-74.00800323486328,40.740272521972656,-73.99492645263672,40.75000381469727,472.03,3918,3918,4000.04,4472.07,82.03999999999996,-2.2737367544323206e-13,0.9999999999999996
29114,-73.97186279296875,40.78232192993164,-73.94779205322266,40.77475357055664,585.67,3918,3918,4007.75,4593.42,89.75,1.1368683772161603e-13,1.0000000000000002
29115,-73.98152160644531,40.78107833862305,-73.97316741943358,40.78353118896485,226.21,3918,3918,3940.99,4167.2,22.98999999999978,2.842170943040401e-14,1.0000000000000002
29116,-73.98996734619139,40.73356628417969,-73.98565673828125,40.746437072753906,479.62,3918,3918,3975.55,4514.18,57.55000000000018,59.010000000000105,1.12303490263125
29117,-74.00907135009766,40.713775634765625,-73.99032592773438,40.73732376098633,678.9,3918,3918,-1.0,-1.0,-1,-1,0.0
29118,-73.99456787109375,40.75569915771485,-73.99709320068358,40.73257827758789,661.07,3918,3918,3943.7599999999998,4663.28,25.759999999999764,58.44999999999993,1.088417262922232
29119,-73.96859741210938,40.758155822753906,-73.98265075683594,40.7707405090332,642.8,3919,3919,-1.0,-1.0,-1,-1,0.0
29120,-73.99260711669923,40.7237434387207,-73.989501953125,40.77209854125977,1262.83,3919,3919,3959.22,5240.14,40.2199999999998,18.0900000000006,1.0143249685230795
29121,-74.01274871826173,40.71564865112305,-73.99284362792969,40.761878967285156,726.44,3919,3919,3940.36,4666.8,21.360000000000127,0.0,1.0
29122,-73.9698486328125,40.79991912841797,-73.98262023925781,40.78330993652344,318.15,3919,3919,3951.71,4269.86,32.710000000000036,-3.410605131648481e-13,0.9999999999999989
29123,-73.98291015625,40.76380157470703,-73.99076080322266,40.75090026855469,432.29,3919,3919,-1.0,-1.0,-1,-1,0.0
29124,-73.99085235595702,40.745620727539055,-73.98284149169923,40.75672149658203,313.8,3919,3919,-1.0,-1.0,-1,-1,0.0
29125,-73.97413635253906,40.75676345825195,-73.9856719970703,40.748878479003906,418.63,3919,3919,-1.0,-1.0,-1,-1,0.0
29126,-73.98202514648438,40.77854537963867,-74.00804901123048,40.74799346923828,675.2,3919,3919,3952.29,4627.49,33.289999999999964,-2.2737367544323206e-13,0.9999999999999997
29127,-74.0088882446289,40.71792984008789,-73.99463653564453,40.75056076049805,637.3,3919,3919,-1.0,-1.0,-1,-1,0.0
29128,-73.96124267578125,40.77186965942383,-73.9771499633789,40.75006103515625,615.67,3919,3919,3963.26,4578.93,44.26000000000022,1.1368683772161603e-13,1.0000000000000002
29129,-73.97489166259766,40.74209976196289,-73.99234008789062,40.749267578125,674.34,3919,3919,3968.46,4699.35,49.460000000000036,56.550000000000296,1.0838597740012461
29130,-73.97988891601562,40.75149917602539,-73.95613861083984,40.77290725708008,753.47,3919,3919,-1.0,-1.0,-1,-1,0.0
29131,-73.96127319335938,40.75656127929688,-73.94454956054686,40.77830123901367,502.56,3920,3920,3950.02,4452.58,30.019999999999982,-5.684341886080802e-14,0.9999999999999999
29132,-73.96685028076173,40.793861389160156,-73.97769165039062,40.78725814819336,238.74,3920,3920,3961.19,4199.93,41.190000000000055,2.2737367544323206e-13,1.0000000000000009
29133,-73.97528076171875,40.75239181518555,-73.98758697509766,40.74888610839844,540.45,3920,3920,3943.33,4483.78,23.329999999999927,-2.2737367544323206e-13,0.9999999999999996
29134,-73.99898529052734,40.72012710571289,-74.00093078613281,40.729316711425774,415.96,3920,3920,4151.61,4567.57,231.60999999999967,5.684341886080802e-14,1.0000000000000002
29135,-73.96118927001955,40.801753997802734,-73.98489379882812,40.7858772277832,612.37,3920,3920,4218.13,4830.5,298.1300000000001,-1.1368683772161603e-13,0.9999999999999998
29136,-73.9761734008789,40.7806510925293,-73.9734878540039,40.79199981689453,272.43,3920,3920,4016.67,4289.1,96.67000000000007,2.8421709430404007e-13,1.000000000000001
29137,-73.98928833007811,40.73604202270508,-73.99323272705078,40.74264144897461,311.83,3921,3921,4071.45,4383.28,150.44999999999982,-5.684341886080802e-14,0.9999999999999998
29138,-73.97802734375,40.75738143920898,-74.00765991210938,40.71529006958008,1123.95,3921,3921,3968.26,5152.11,47.26000000000022,59.89999999999941,1.053294185684416
29139,-73.9738998413086,40.7634391784668,-73.95509338378906,40.78577423095703,520.14,3921,3921,-1.0,-1.0,-1,-1,0.0
29140,-73.96086120605469,40.76985549926758,-73.97906494140625,40.77668380737305,543.58,3921,3921,3957.88,4535.75,36.88000000000011,34.28999999999985,1.0630817910887078
29141,-73.96125030517578,40.78007125854492,-73.93893432617188,40.79919052124024,467.7,3921,3921,4083.38,4551.08,162.3800000000001,-1.7053025658242404e-13,0.9999999999999997
29142,-73.94998931884766,40.76948165893555,-73.96192932128906,40.7729721069336,377.41,3921,3921,3968.62,4346.03,47.61999999999989,-1.7053025658242404e-13,0.9999999999999996
29143,-73.98099517822266,40.76480484008789,-73.96228790283203,40.7705078125,566.09,3922,3922,-1.0,-1.0,-1,-1,0.0
29144,-74.01273345947266,40.71748352050781,-74.0082778930664,40.74446868896485,350.14,3922,3922,3997.91,4348.05,75.90999999999985,3.410605131648481e-13,1.0000000000000009
29145,-73.99665832519531,40.75303649902344,-73.9537124633789,40.779312133789055,1229.27,3922,3922,-1.0,-1.0,-1,-1,0.0
29146,-73.98265075683594,40.76208877563477,-74.00508880615234,40.75156021118164,636.8,3922,3922,3930.0,4566.8,8.0,2.2737367544323206e-13,1.0000000000000004
29147,-73.9709701538086,40.75833511352539,-73.9817886352539,40.743446350097656,363.47,3922,3922,-1.0,-1.0,-1,-1,0.0
29148,-73.98727416992188,40.73076629638672,-73.98485565185547,40.736343383789055,240.99,3922,3922,3974.9,4248.26,52.90000000000009,32.37000000000012,1.13432092617951
29149,-73.95311737060547,40.78033065795898,-73.94038391113281,40.79778671264648,237.96,3923,3923,4206.99,4444.95,283.9899999999998,2.842170943040401e-14,1.0000000000000002
29150,-73.985107421875,40.73906326293945,-73.99996948242188,40.724212646484375,630.99,3923,3923,4010.08,4641.07,87.07999999999993,-2.2737367544323206e-13,0.9999999999999997
29151,-73.96217346191406,40.77048110961913,-73.95664978027344,40.781192779541016,284.53,3923,3923,3938.16,4256.14,15.159999999999854,33.4500000000005,1.1175622957157436
29152,-73.96211242675781,40.77055358886719,-73.94596099853516,40.7754135131836,394.29,3923,3923,3967.17,4422.32,44.17000000000007,60.859999999999616,1.1543533947094768
29153,-73.9737548828125,40.76470947265625,-73.98020935058595,40.75575637817383,300.46,3923,3923,3975.88,4276.34,52.88000000000011,5.684341886080802e-14,1.0000000000000002
29154,-73.9921875,40.74929809570313,-73.98268127441406,40.76279830932617,602.23,3923,3923,3968.3,4570.53,45.30000000000018,-4.547473508864641e-13,0.9999999999999992
29155,-73.9763412475586,40.76258087158203,-73.96800994873048,40.76557159423828,254.71,3924,3924,-1.0,-1.0,-1,-1,0.0
29156,-73.97633361816406,40.76472091674805,-73.984130859375,40.74895095825195,527.29,3924,3924,-1.0,-1.0,-1,-1,0.0
29157,-73.94786071777344,40.78342819213867,-73.99423217773438,40.74065017700195,1440.03,3924,3924,4177.35,5617.38,253.35000000000036,-2.2737367544323206e-13,0.9999999999999999
29158,-73.97443389892578,40.7593002319336,-73.95378875732422,40.78206253051758,607.27,3924,3924,-1.0,-1.0,-1,-1,0.0
29159,-74.0038833618164,40.74762344360352,-73.99173736572266,40.73865127563477,394.58,3924,3924,3954.18,4348.76,30.179999999999836,3.979039320256561e-13,1.000000000000001
29160,-74.00260162353516,40.72392654418945,-74.01313781738281,40.70652770996094,747.5,3924,3924,4120.81,4868.31,196.8100000000004,0.0,1.0
29161,-73.99146270751955,40.7501106262207,-74.00563049316406,40.72614288330078,447.74,3924,3924,3970.0,4417.74,46.0,-2.2737367544323206e-13,0.9999999999999994
29162,-73.98026275634766,40.75221252441406,-73.96353149414062,40.769203186035156,553.05,3925,3925,-1.0,-1.0,-1,-1,0.0
29163,-73.98374938964845,40.74409866333008,-73.98181915283203,40.7582893371582,506.37,3925,3925,-1.0,-1.0,-1,-1,0.0
29164,-73.96730041503906,40.75837326049805,-73.99280548095702,40.748023986816406,889.6,3925,3925,3984.52,4923.33,59.51999999999998,49.20999999999992,1.0553169964028777
29165,-73.98661041259766,40.75600051879883,-73.97874450683594,40.752586364746094,258.28,3925,3925,3944.84,4203.12,19.840000000000146,-2.2737367544323206e-13,0.9999999999999991
29166,-73.98600006103516,40.76347351074219,-73.97270965576173,40.792476654052734,650.07,3925,3925,3942.33,4659.69,17.329999999999927,67.28999999999962,1.1035119294845164
29167,-74.00249481201173,40.7601318359375,-73.97859954833984,40.78247833251953,550.79,3925,3925,3944.29,4495.08,19.289999999999964,0.0,1.0
29168,-73.99745178222656,40.76145553588867,-74.00621032714845,40.72276306152344,747.73,3925,3925,4026.25,4773.98,101.25,-4.547473508864641e-13,0.9999999999999994
29169,-73.99072265625,40.730560302734375,-73.97913360595702,40.73107147216797,307.53,3925,3925,3978.45,4287.2,53.44999999999982,1.2200000000000273,1.0039670926413684
29170,-73.98294067382812,40.735176086425774,-73.99685668945312,40.731609344482415,390.7,3926,3926,-1.0,-1.0,-1,-1,0.0
29171,-73.9898681640625,40.71910858154297,-73.9832763671875,40.78493118286133,1564.29,3926,3926,4088.21,5652.5,162.21000000000004,0.0,1.0
29172,-74.01228332519531,40.703926086425774,-73.98474884033203,40.710426330566406,571.41,3926,3926,4018.62,4590.03,92.61999999999989,-1.1368683772161603e-13,0.9999999999999998
29173,-74.00211334228516,40.75090026855469,-73.99320220947266,40.7398796081543,397.8,3926,3926,-1.0,-1.0,-1,-1,0.0
29174,-73.95758819580078,40.76150131225585,-73.98171997070312,40.73676300048828,508.52,3926,3926,3985.41,4493.93,59.409999999999854,4.547473508864641e-13,1.0000000000000009
29175,-73.95439147949219,40.76607894897461,-73.98014831542969,40.7849006652832,865.75,3926,3926,4079.16,4944.91,153.15999999999985,0.0,1.0
29176,-73.98313903808595,40.76801681518555,-73.97509002685547,40.777339935302734,239.57,3926,3926,3956.41,4195.98,30.409999999999854,-2.8421709430404007e-13,0.9999999999999988
29177,-74.0140380859375,40.70787048339844,-73.97176361083984,40.756023406982415,1202.75,3926,3926,-1.0,-1.0,-1,-1,0.0
29178,-73.96424865722656,40.76244354248047,-73.968994140625,40.75590133666992,192.38,3926,3926,3965.13,4157.51,39.13000000000011,1.1368683772161603e-13,1.0000000000000007
29179,-73.9853286743164,40.75345230102539,-73.9882583618164,40.74868392944336,395.71,3927,3927,-1.0,-1.0,-1,-1,0.0
29180,-73.99947357177734,40.733711242675774,-73.99085235595702,40.73432159423828,270.28,3927,3927,-1.0,-1.0,-1,-1,0.0
29181,-73.99699401855469,40.737281799316406,-73.96835327148438,40.75656127929688,923.81,3927,3927,3943.14,4940.8,16.139999999999873,73.85000000000036,1.0799406804429486
29182,-74.00049591064453,40.732200622558594,-73.98892974853516,40.7341194152832,352.65,3927,3927,-1.0,-1.0,-1,-1,0.0
29183,-73.96820068359375,40.762611389160156,-73.97469329833984,40.7531852722168,253.01,3927,3927,-1.0,-1.0,-1,-1,0.0
29184,-73.97235107421875,40.7622299194336,-73.96160125732422,40.76826095581055,342.0,3927,3927,-1.0,-1.0,-1,-1,0.0
29185,-73.96900939941406,40.76136016845703,-73.9912567138672,40.75038528442383,768.08,3927,3927,-1.0,-1.0,-1,-1,0.0
29186,-73.97396087646483,40.778900146484375,-73.95431518554686,40.77571868896485,507.46,3928,3928,3943.46,4450.92,15.460000000000036,5.684341886080802e-14,1.0000000000000002
29187,-73.98007202148438,40.78995132446289,-73.95286560058595,40.78591537475585,593.32,3928,3928,4042.83,4636.15,114.82999999999993,-3.410605131648481e-13,0.9999999999999994
29188,-73.9732894897461,40.75516128540039,-74.00666046142578,40.7060546875,1021.21,3928,3928,-1.0,-1.0,-1,-1,0.0
29189,-74.00194549560547,40.75582504272461,-74.00872039794923,40.74062728881836,510.62,3928,3928,3969.47,4514.54,41.4699999999998,34.45000000000016,1.067467000900866
29190,-73.9849624633789,40.731483459472656,-73.98426055908203,40.754432678222656,813.8,3928,3928,4116.04,4929.84,188.03999999999996,2.2737367544323206e-13,1.0000000000000002
29191,-73.97489166259766,40.76197052001953,-73.99124145507811,40.750354766845696,575.92,3928,3928,3982.67,4571.0,54.67000000000007,12.409999999999968,1.0215481316849562
29192,-73.95274353027344,40.77225112915039,-74.00209045410156,40.72468185424805,1392.16,3928,3928,3950.88,5345.91,22.88000000000011,2.8699999999996635,1.00206154465004
29193,-73.99139404296875,40.73976516723633,-73.97569274902342,40.73321533203125,490.51,3928,3928,-1.0,-1.0,-1,-1,0.0
29194,-73.95172119140625,40.78490447998047,-73.9593276977539,40.782920837402344,225.59,3928,3928,4417.24,4642.83,489.2399999999998,1.4210854715202004e-13,1.0000000000000007
29195,-74.00933837890625,40.70988082885742,-73.9896469116211,40.726280212402344,717.49,3929,3929,3949.89,4667.38,20.889999999999873,2.2737367544323206e-13,1.0000000000000002
29196,-73.9791030883789,40.76705932617188,-73.98193359375,40.75067901611328,573.42,3929,3929,3938.73,4553.5,9.730000000000018,41.35000000000002,1.072111192494158
29197,-73.98849487304686,40.753604888916016,-73.99626922607422,40.73244094848633,555.09,3929,3929,3983.84,4554.06,54.840000000000146,15.130000000000223,1.0272568412329537
29198,-73.97888946533203,40.77238845825195,-73.96360015869139,40.77420043945313,403.46,3929,3929,4060.92,4464.38,131.92000000000007,5.684341886080802e-14,1.0000000000000002
29199,-73.99317932128906,40.74231719970703,-73.97088623046875,40.75945663452149,777.18,3929,3929,-1.0,-1.0,-1,-1,0.0
29200,-73.97970581054686,40.7762565612793,-73.9993667602539,40.760906219482415,502.8,3929,3929,4388.6,4891.4,459.60000000000036,-7.389644451905042e-13,0.9999999999999986
29201,-73.99957275390625,40.73881912231445,-74.00493621826173,40.7229118347168,341.58,3929,3929,3930.44,4380.2300000000005,1.4400000000000546,108.21000000000043,1.3167925522571593
29202,-73.97732543945312,40.787086486816406,-73.968505859375,40.799049377441406,228.2,3929,3929,3961.96,4190.16,32.960000000000036,-1.7053025658242404e-13,0.9999999999999992
29203,-73.99404907226562,40.75119018554688,-73.94666290283203,40.78157043457031,1313.01,3929,3929,-1.0,-1.0,-1,-1,0.0
29204,-73.9717254638672,40.76095581054688,-73.95052337646483,40.77235794067383,554.21,3929,3929,-1.0,-1.0,-1,-1,0.0
29205,-73.9844970703125,40.77466583251953,-73.97653198242188,40.79003143310547,354.4,3929,3929,3940.1,4375.63,11.099999999999909,81.13000000000022,1.2289221218961632
29206,-73.99176025390625,40.74943923950195,-74.00537872314453,40.720458984375,621.94,3929,3929,3965.89,4587.83,36.88999999999987,0.0,1.0
29207,-73.99851989746094,40.73215866088867,-73.98316192626955,40.7423095703125,593.9,3930,3930,-1.0,-1.0,-1,-1,0.0
29208,-73.96810150146483,40.76204681396485,-73.95677947998048,40.76628494262695,334.16,3930,3930,-1.0,-1.0,-1,-1,0.0
29209,-74.00418853759766,40.73136901855469,-73.98372650146483,40.72602081298828,594.92,3930,3930,3953.21,4548.13,23.210000000000036,1.1368683772161603e-13,1.0000000000000002
29210,-73.97904205322266,40.75915145874024,-73.97459411621094,40.75740432739258,299.87,3930,3930,-1.0,-1.0,-1,-1,0.0
29211,-73.99388885498048,40.741512298583984,-73.98898315429686,40.74535751342773,183.37,3930,3930,3960.77,4144.14,30.769999999999982,3.410605131648481e-13,1.0000000000000018
29212,-73.98680114746094,40.76652145385742,-73.9795379638672,40.74565887451172,880.15,3930,3930,-1.0,-1.0,-1,-1,0.0
29213,-73.98104095458984,40.73074340820313,-73.98242950439453,40.73981475830078,306.4,3930,3930,-1.0,-1.0,-1,-1,0.0
29214,-74.00763702392578,40.74097442626953,-73.98009490966798,40.76319122314453,865.7,3931,3931,-1.0,-1.0,-1,-1,0.0
29215,-73.98689270019531,40.75545120239258,-74.00116729736328,40.731842041015625,552.86,3931,3931,3962.1,4514.96,31.09999999999991,1.1368683772161603e-13,1.0000000000000002
29216,-73.99653625488281,40.74045181274415,-73.97207641601562,40.79143524169922,1072.43,3931,3931,-1.0,-1.0,-1,-1,0.0
29217,-73.96511840820312,40.76362609863281,-73.94939422607422,40.77296829223633,399.0,3931,3931,4160.12,4559.12,229.1199999999999,0.0,1.0
29218,-73.99356079101562,40.75893020629883,-73.97907257080078,40.7257194519043,1222.8,3931,3931,-1.0,-1.0,-1,-1,0.0
29219,-73.9915313720703,40.75020980834961,-73.95408630371094,40.7783432006836,1229.37,3931,3931,-1.0,-1.0,-1,-1,0.0
29220,-73.98831939697266,40.74898910522461,-73.97059631347656,40.75067901611328,560.36,3932,3932,3974.71,4608.62,42.710000000000036,73.54999999999984,1.1312549075594258
29221,-73.99060821533203,40.75117874145508,-74.00245666503906,40.76038360595703,395.75,3932,3932,-1.0,-1.0,-1,-1,0.0
29222,-73.97476196289062,40.79081726074219,-73.96637725830078,40.78413009643555,245.17,3932,3932,4007.75,4252.92,75.75,8.526512829121202e-14,1.0000000000000004
29223,-74.0156707763672,40.711585998535156,-73.98928833007811,40.74050521850585,896.02,3932,3932,3991.66,4941.13,59.659999999999854,53.45000000000027,1.0596526863239664
29224,-73.99588775634766,40.73949813842773,-74.0078582763672,40.74626922607422,444.34,3932,3932,-1.0,-1.0,-1,-1,0.0
29225,-73.95548248291014,40.7796287536621,-73.9714584350586,40.79457092285156,522.1,3932,3932,3991.66,4526.84,59.659999999999854,13.080000000000268,1.025052671901935
29226,-73.97509765625,40.750144958496094,-73.95669555664062,40.76820755004883,486.13,3932,3932,4034.92,4521.05,102.92000000000007,1.1368683772161603e-13,1.0000000000000002
29227,-73.98283386230467,40.74477005004883,-73.9594497680664,40.7710189819336,751.45,3932,3932,-1.0,-1.0,-1,-1,0.0
29228,-73.97466278076173,40.756736755371094,-73.95683288574219,40.77976608276367,628.44,3932,3932,-1.0,-1.0,-1,-1,0.0
29229,-73.99593353271484,40.72439956665039,-74.01011657714845,40.714439392089844,544.14,3933,3933,4062.58,4606.72,129.57999999999993,3.410605131648481e-13,1.0000000000000007
29230,-73.99591827392578,40.75994110107422,-73.97463226318358,40.78822708129883,521.16,3933,3933,4119.05,4640.21,186.05000000000018,-1.1368683772161603e-13,0.9999999999999998
29231,-74.00724792480467,40.713172912597656,-73.98546600341797,40.76193618774415,1146.68,3933,3933,-1.0,-1.0,-1,-1,0.0
29232,-73.95514678955078,40.8047981262207,-73.94770812988281,40.825008392333984,479.79,3933,3933,3979.61,4459.4,46.61000000000013,-5.115907697472721e-13,0.9999999999999989
29233,-73.9607696533203,40.77241134643555,-73.9994583129883,40.76050567626953,974.56,3933,3933,4031.42,5005.98,98.42000000000007,-4.547473508864641e-13,0.9999999999999996
29234,-73.99011993408203,40.7670783996582,-73.98704528808595,40.75111389160156,705.48,3933,3933,-1.0,-1.0,-1,-1,0.0
29235,-73.99231719970702,40.74377059936523,-73.99253845214845,40.73062133789063,408.33,3933,3933,-1.0,-1.0,-1,-1,0.0
29236,-73.99134826660156,40.75466918945313,-74.0054931640625,40.74507141113281,432.85,3933,3933,3972.28,4460.71,39.2800000000002,55.579999999999814,1.128404759154441
29237,-73.95537567138672,40.779800415039055,-73.9395751953125,40.78774642944336,324.07,3934,3934,3965.88,4289.95,31.88000000000011,-2.8421709430404007e-13,0.9999999999999991
29238,-73.97578430175781,40.760269165039055,-73.98810577392578,40.74393844604492,405.81,3934,3934,3974.08,4379.89,40.07999999999993,3.979039320256561e-13,1.0000000000000009
29239,-73.97366333007811,40.75508117675781,-73.98298645019531,40.75842666625977,378.66,3934,3934,-1.0,-1.0,-1,-1,0.0
29240,-73.9732666015625,40.756080627441406,-73.98922729492188,40.76280975341797,643.7,3934,3934,-1.0,-1.0,-1,-1,0.0
29241,-73.95372009277344,40.7853889465332,-73.94306945800781,40.77730178833008,391.71,3934,3934,4138.58,4530.29,204.57999999999993,5.684341886080802e-14,1.0000000000000002
29242,-73.95311737060547,40.78289031982422,-74.00057983398438,40.76166915893555,1127.73,3934,3934,-1.0,-1.0,-1,-1,0.0
29243,-73.9750747680664,40.75587844848633,-73.9568634033203,40.783470153808594,661.54,3935,3935,-1.0,-1.0,-1,-1,0.0
29244,-73.974609375,40.75367736816406,-73.99144744873048,40.74234390258789,540.29,3935,3935,-1.0,-1.0,-1,-1,0.0
29245,-73.96794128417969,40.76851272583008,-73.94556427001955,40.7989616394043,538.94,3935,3935,-1.0,-1.0,-1,-1,0.0
29246,-73.99378204345702,40.74182510375977,-73.97922515869139,40.76333236694336,578.26,3935,3935,-1.0,-1.0,-1,-1,0.0
29247,-73.95597839355469,40.7677116394043,-73.98081970214844,40.77084732055664,654.45,3935,3935,4122.79,4777.24,187.78999999999996,-2.2737367544323206e-13,0.9999999999999997
29248,-73.9545364379883,40.76565170288085,-73.95632934570312,40.78406143188477,550.35,3935,3935,4176.74,4727.09,241.73999999999978,3.410605131648481e-13,1.0000000000000007
29249,-73.97101593017578,40.755531311035156,-73.96491241455078,40.76961898803711,457.88,3935,3935,-1.0,-1.0,-1,-1,0.0
29250,-73.98157501220702,40.778907775878906,-73.976318359375,40.78743362426758,187.96,3935,3935,4299.75,4487.71,364.75,2.842170943040401e-14,1.0000000000000002
29251,-74.0114974975586,40.70271301269531,-73.96617126464845,40.76300430297852,1012.23,3935,3935,-1.0,-1.0,-1,-1,0.0
29252,-73.96524810791014,40.75934982299805,-73.97123718261719,40.74829864501953,281.96,3936,3936,-1.0,-1.0,-1,-1,0.0
29253,-73.99217224121094,40.742759704589844,-73.97595977783203,40.73321914672852,544.03,3936,3936,-1.0,-1.0,-1,-1,0.0
29254,-73.95969390869139,40.774429321289055,-74.00215148925781,40.73492050170898,1373.11,3936,3936,3980.29,5374.36,44.289999999999964,20.95999999999981,1.015264618275302
29255,-73.9927749633789,40.72814559936523,-74.00192260742188,40.719253540039055,418.88,3936,3936,4064.29,4483.17,128.28999999999996,1.1368683772161603e-13,1.0000000000000002
29256,-73.98831939697266,40.75444412231445,-73.99760437011719,40.736000061035156,464.61,3936,3936,4059.63,4524.24,123.63000000000011,-3.410605131648481e-13,0.9999999999999992
29257,-73.99052429199219,40.74195861816406,-73.99156188964845,40.74886322021485,321.29,3936,3936,-1.0,-1.0,-1,-1,0.0
29258,-73.99748229980467,40.74489212036133,-73.9849624633789,40.74224090576172,353.66,3936,3936,-1.0,-1.0,-1,-1,0.0
29259,-74.00041198730467,40.73765182495117,-73.98079681396483,40.77830123901367,921.14,3937,3937,-1.0,-1.0,-1,-1,0.0
29260,-74.00212860107422,40.72441864013672,-74.00420379638672,40.75102996826172,740.36,3937,3937,-1.0,-1.0,-1,-1,0.0
29261,-73.99875640869139,40.72328186035156,-73.98722839355469,40.75114822387695,795.06,3937,3937,3998.29,4793.349999999999,61.289999999999964,-4.547473508864641e-13,0.9999999999999994
29262,-73.98040008544923,40.7618293762207,-73.95894622802734,40.8094482421875,1018.87,3937,3937,-1.0,-1.0,-1,-1,0.0
29263,-73.97151947021484,40.76208877563477,-73.98519134521484,40.75762176513672,520.03,3937,3937,-1.0,-1.0,-1,-1,0.0
29264,-74.00875854492188,40.7196044921875,-74.00679779052734,40.73039245605469,196.46,3937,3937,-1.0,-1.0,-1,-1,0.0
29265,-73.96768951416014,40.8031120300293,-73.96158599853516,40.79606628417969,268.16,3937,3937,4091.61,4359.77,154.61000000000013,2.8421709430404007e-13,1.000000000000001
29266,-73.96270751953125,40.77252578735352,-73.96546936035155,40.7635154724121,339.03,3938,3938,4110.49,4449.52,172.48999999999978,6.821210263296962e-13,1.000000000000002
29267,-73.99484252929686,40.740234375,-73.99202728271484,40.74945068359375,302.8,3938,3938,-1.0,-1.0,-1,-1,0.0
29268,-73.9856719970703,40.7221565246582,-74.0018081665039,40.73376083374024,586.27,3938,3938,4038.41,4624.68,100.40999999999985,4.547473508864641e-13,1.0000000000000007
29269,-74.00751495361328,40.733562469482415,-73.99105072021484,40.73163604736328,496.3,3938,3938,4023.79,4520.09,85.78999999999996,1.7053025658242404e-13,1.0000000000000004
29270,-73.99066162109375,40.72844314575195,-73.98909759521484,40.71868515014648,443.14,3938,3938,4086.7,4529.84,148.69999999999982,3.410605131648481e-13,1.0000000000000007
29271,-73.99054718017578,40.75010681152344,-73.97686004638672,40.76308059692383,569.55,3938,3938,-1.0,-1.0,-1,-1,0.0
29272,-73.99102020263672,40.72777938842773,-73.97713470458984,40.7519645690918,646.15,3938,3938,-1.0,-1.0,-1,-1,0.0
29273,-73.9823989868164,40.74853515625,-73.94960021972656,40.77362060546875,891.59,3938,3938,-1.0,-1.0,-1,-1,0.0
29274,-74.01011657714845,40.71952819824219,-73.96753692626955,40.75815963745117,1340.24,3938,3938,-1.0,-1.0,-1,-1,0.0
29275,-73.96951293945312,40.76035690307617,-73.98869323730467,40.77650833129883,803.03,3938,3938,-1.0,-1.0,-1,-1,0.0
29276,-73.98628234863281,40.740318298339844,-73.98731231689453,40.73345947265625,242.21,3938,3938,-1.0,-1.0,-1,-1,0.0
29277,-73.98600006103516,40.758522033691406,-73.98611450195312,40.75237274169922,252.8,3939,3939,4006.41,4259.21,67.40999999999985,1.7053025658242404e-13,1.0000000000000007
29278,-74.00939178466798,40.71869659423828,-74.00271606445312,40.707218170166016,634.84,3939,3939,-1.0,-1.0,-1,-1,0.0
29279,-73.98455810546875,40.74565887451172,-73.9728012084961,40.75579071044922,482.12,3939,3939,-1.0,-1.0,-1,-1,0.0
29280,-74.00592041015625,40.745281219482415,-73.99491119384766,40.7602424621582,289.57,3939,3939,3982.7000000000003,4272.2699999999995,43.70000000000027,-7.389644451905042e-13,0.9999999999999974
29281,-74.00334167480467,40.733131408691406,-73.97570037841797,40.748931884765625,862.22,3940,3940,4166.62,5028.84,226.6199999999999,2.2737367544323206e-13,1.0000000000000002
29282,-73.9622344970703,40.75524139404297,-73.98925018310547,40.7503662109375,875.01,3940,3940,-1.0,-1.0,-1,-1,0.0
29283,-73.95468139648438,40.76559829711913,-73.99108123779298,40.7558708190918,1138.13,3940,3940,4187.82,5325.95,247.8199999999997,0.0,1.0
29284,-73.99774169921875,40.74115753173828,-73.98037719726562,40.74721145629883,542.4,3940,3940,-1.0,-1.0,-1,-1,0.0
29285,-73.9818344116211,40.75964736938477,-73.9564437866211,40.77543258666992,746.75,3941,3941,-1.0,-1.0,-1,-1,0.0
29286,-74.00508117675781,40.72195816040039,-74.0008316040039,40.73619079589844,298.62,3941,3941,-1.0,-1.0,-1,-1,0.0
29287,-73.99138641357422,40.73212814331055,-73.995849609375,40.7216911315918,366.55,3941,3941,-1.0,-1.0,-1,-1,0.0
29288,-73.98905944824219,40.76350021362305,-74.00502014160156,40.75145721435547,433.54,3941,3941,-1.0,-1.0,-1,-1,0.0
29289,-74.01305389404298,40.7163314819336,-74.01648712158203,40.70476531982422,253.67,3941,3941,4006.96,4260.63,65.96000000000004,8.526512829121202e-14,1.0000000000000004
29290,-73.97929382324219,40.78185653686523,-73.95499420166014,40.78276062011719,536.0,3941,3941,4097.93,4633.93,156.9300000000003,0.0,1.0
29291,-73.9851303100586,40.76372909545898,-73.97694396972656,40.776668548583984,294.97,3941,3941,3987.45,4282.42,46.44999999999982,2.2737367544323206e-13,1.0000000000000007
29292,-73.9913330078125,40.75037384033203,-73.98841094970702,40.759857177734375,408.85,3942,3942,3998.67,4463.22,56.67000000000007,55.70000000000016,1.1362357832946073
29293,-74.00621795654298,40.706069946289055,-73.9929962158203,40.70957565307617,356.24,3942,3942,3986.85,4396.59,44.84999999999991,53.50000000000023,1.1501796541657316
29294,-73.95352172851562,40.77933883666992,-73.98857879638672,40.76657104492188,943.2,3942,3942,3988.75,4977.76,46.75,45.81000000000017,1.0485687022900765
29295,-73.98226165771484,40.7403450012207,-74.00141906738281,40.737129211425774,568.16,3943,3943,3960.0,4528.16,17.0,-1.1368683772161603e-13,0.9999999999999998
29296,-73.97167205810547,40.75788879394531,-74.00448608398438,40.72518539428711,1107.39,3943,3943,-1.0,-1.0,-1,-1,0.0
29297,-73.9830093383789,40.73883056640625,-73.99871826171875,40.74000930786133,462.02,3943,3943,-1.0,-1.0,-1,-1,0.0
29298,-73.95451354980467,40.78416442871094,-73.97052001953125,40.76204299926758,581.16,3943,3943,-1.0,-1.0,-1,-1,0.0
29299,-73.97323608398438,40.758636474609375,-73.98994445800781,40.74512100219727,644.89,3943,3943,-1.0,-1.0,-1,-1,0.0
29300,-73.99960327148438,40.73025512695313,-73.98320007324219,40.747501373291016,651.93,3943,3943,-1.0,-1.0,-1,-1,0.0
29301,-74.0144805908203,40.70948028564453,-73.98200225830078,40.72142028808594,633.7,3943,3943,4001.7799999999997,4635.48,58.779999999999745,-2.2737367544323206e-13,0.9999999999999997
29302,-73.991943359375,40.73855972290039,-73.99938201904298,40.7310905456543,218.0,3944,3944,-1.0,-1.0,-1,-1,0.0
29303,-73.9752197265625,40.76519012451172,-73.9786376953125,40.75630187988281,341.04,3944,3944,-1.0,-1.0,-1,-1,0.0
29304,-73.99151611328125,40.74962997436523,-73.97814178466798,40.752403259277344,473.25,3944,3944,-1.0,-1.0,-1,-1,0.0
29305,-73.98179626464844,40.767669677734375,-73.9900894165039,40.75743865966797,493.86,3944,3944,4003.34,4539.99,59.340000000000146,42.78999999999962,1.0866439881747856
29306,-73.99010467529298,40.75127029418945,-73.98013305664062,40.73759841918945,557.47,3944,3944,3960.63,4518.1,16.63000000000011,2.2737367544323206e-13,1.0000000000000004
29307,-73.9867630004883,40.76217651367188,-74.0068817138672,40.75454330444336,564.97,3944,3944,4002.05,4567.0199999999995,58.05000000000018,-6.821210263296962e-13,0.9999999999999988
29308,-73.97376251220702,40.78459930419922,-73.96640014648438,40.8047981262207,412.43,3944,3944,4037.08,4452.21,93.07999999999993,2.7000000000001023,1.0065465654777783
29309,-73.97578430175781,40.7552146911621,-73.98561096191406,40.74102020263672,435.54,3944,3944,-1.0,-1.0,-1,-1,0.0
29310,-73.96810150146483,40.76242446899415,-73.97706604003906,40.75856399536133,388.59,3944,3944,3988.3,4404.26,44.30000000000018,27.37000000000006,1.0704341336627294
29311,-73.99463653564453,40.73490524291992,-73.974853515625,40.747745513916016,671.86,3945,3945,-1.0,-1.0,-1,-1,0.0
29312,-73.98098754882812,40.75051879882813,-73.99234771728516,40.73080825805664,510.5,3945,3945,-1.0,-1.0,-1,-1,0.0
29313,-73.99386596679686,40.76677703857422,-73.98577880859375,40.746925354003906,760.35,3945,3945,3960.0,4720.35,15.0,3.410605131648481e-13,1.0000000000000004
29314,-73.98072814941406,40.75122833251953,-73.99192810058595,40.74928665161133,381.44,3945,3945,-1.0,-1.0,-1,-1,0.0
29315,-73.98898315429686,40.74428939819336,-73.98918151855469,40.73738479614258,251.57,3945,3945,-1.0,-1.0,-1,-1,0.0
29316,-74.00849151611328,40.71426010131836,-73.99777221679686,40.72578048706055,415.87,3945,3945,3964.2,4380.07,19.199999999999818,-1.1368683772161603e-13,0.9999999999999998
29317,-73.9519271850586,40.784515380859375,-73.95894622802734,40.772361755371094,335.62,3945,3945,4029.79,4365.41,84.78999999999996,-1.1368683772161603e-13,0.9999999999999997
29318,-73.9824676513672,40.72311019897461,-74.0030288696289,40.74409103393555,887.75,3945,3945,4322.83,5210.58,377.8299999999999,0.0,1.0
29319,-74.00407409667969,40.74214553833008,-73.98692321777342,40.74528503417969,588.04,3945,3945,-1.0,-1.0,-1,-1,0.0
29320,-73.96485900878906,40.759613037109375,-73.95528411865234,40.77852249145508,488.38,3946,3946,4052.55,4540.93,106.55000000000018,1.1368683772161603e-13,1.0000000000000002
29321,-73.99443817138672,40.760990142822266,-73.95614624023438,40.78744888305664,939.53,3946,3946,3973.86,4913.39,27.860000000000127,2.2737367544323206e-13,1.0000000000000002
29322,-73.98242950439453,40.764060974121094,-73.99925994873048,40.739082336425774,705.26,3946,3946,3971.5,4676.76,25.5,2.2737367544323206e-13,1.0000000000000002
29323,-73.98226165771484,40.75596618652344,-73.99492645263672,40.74378967285156,494.78,3946,3946,4042.47,4537.25,96.4699999999998,2.2737367544323206e-13,1.0000000000000004
29324,-73.98265838623048,40.7677116394043,-73.9732894897461,40.76461791992188,242.03,3946,3946,3967.8399999999997,4209.87,21.83999999999969,1.9895196601282805e-13,1.0000000000000009
29325,-73.99068450927734,40.76112747192383,-74.0054702758789,40.71120834350585,1313.79,3946,3946,-1.0,-1.0,-1,-1,0.0
29326,-73.98886108398438,40.7365837097168,-73.9544906616211,40.77656173706055,1059.68,3946,3946,-1.0,-1.0,-1,-1,0.0
29327,-73.98137664794923,40.74467468261719,-73.99004364013672,40.74519729614258,326.17,3946,3946,-1.0,-1.0,-1,-1,0.0
29328,-73.98544311523438,40.75339889526367,-73.97318267822266,40.754844665527344,443.62,3947,3947,-1.0,-1.0,-1,-1,0.0
29329,-74.0112075805664,40.703140258789055,-73.97744750976562,40.75188827514648,872.09,3947,3947,3998.12,4870.21,51.11999999999989,1.1368683772161603e-13,1.0000000000000002
29330,-73.98725128173827,40.73317337036133,-73.98983001708984,40.74985885620117,676.05,3947,3947,3995.84,4742.14,48.840000000000146,70.25000000000023,1.1039124325123886
29331,-74.0074920654297,40.74103164672852,-74.01589965820312,40.71477127075195,561.05,3948,3948,4003.29,4564.34,55.289999999999964,2.2737367544323206e-13,1.0000000000000004
29332,-73.9979476928711,40.72268676757813,-73.97298431396483,40.7554817199707,993.53,3948,3948,-1.0,-1.0,-1,-1,0.0
29333,-73.99527740478516,40.760292053222656,-73.98551177978516,40.763816833496094,279.71,3948,3948,3973.08,4252.79,25.079999999999927,5.684341886080802e-14,1.0000000000000002
29334,-73.99140167236328,40.76615524291992,-73.96245574951173,40.8023567199707,617.57,3948,3948,4162.87,4780.44,214.8699999999999,-3.410605131648481e-13,0.9999999999999994
29335,-73.98370361328125,40.74393844604492,-74.00282287597656,40.74720001220703,560.09,3948,3948,-1.0,-1.0,-1,-1,0.0
29336,-73.97515106201173,40.7549934387207,-73.95403289794923,40.7840690612793,708.11,3948,3948,4072.91,4781.0199999999995,124.90999999999985,-3.410605131648481e-13,0.9999999999999996
29337,-73.9952621459961,40.73926162719727,-73.9846420288086,40.75365829467773,384.42,3948,3948,3988.47,4372.89,40.4699999999998,5.115907697472721e-13,1.0000000000000013
29338,-73.96923828125,40.76363754272461,-73.97130584716798,40.76662826538085,187.2,3949,3949,4037.67,4224.87,88.67000000000007,-1.7053025658242404e-13,0.9999999999999991
29339,-73.99334716796875,40.7424201965332,-73.98503875732422,40.72257995605469,790.4,3949,3949,-1.0,-1.0,-1,-1,0.0
29340,-73.99295806884766,40.75798797607422,-73.9972152709961,40.737468719482415,561.66,3949,3949,-1.0,-1.0,-1,-1,0.0
29341,-73.98482513427734,40.74527359008789,-73.96009063720702,40.762733459472656,715.69,3949,3949,-1.0,-1.0,-1,-1,0.0
29342,-73.97795867919923,40.76674270629883,-73.97805786132812,40.75725173950195,402.62,3949,3949,-1.0,-1.0,-1,-1,0.0
29343,-74.00421142578125,40.7475814819336,-73.998046875,40.72266006469727,842.28,3949,3949,-1.0,-1.0,-1,-1,0.0
29344,-73.99229431152342,40.74914169311523,-74.00647735595702,40.73578643798828,401.54,3949,3949,-1.0,-1.0,-1,-1,0.0
29345,-74.00406646728516,40.72209548950195,-73.96875,40.7590217590332,1217.12,3949,3949,-1.0,-1.0,-1,-1,0.0
29346,-73.98693084716798,40.74287796020508,-73.99128723144531,40.74909973144531,359.79,3950,3950,3993.38,4353.17,43.38000000000011,-5.684341886080802e-14,0.9999999999999999
29347,-73.96566772460938,40.76896667480469,-73.97139739990234,40.76070022583008,259.82,3950,3950,3976.59,4236.41,26.590000000000146,-2.8421709430404007e-13,0.9999999999999989
29348,-73.98829650878906,40.74101257324219,-73.99197387695312,40.76890182495117,885.41,3950,3950,-1.0,-1.0,-1,-1,0.0
29349,-73.98821258544923,40.759178161621094,-73.97928619384766,40.771568298339844,293.19,3950,3950,3975.38,4268.57,25.38000000000011,-3.979039320256561e-13,0.9999999999999987
29350,-73.9715576171875,40.792442321777344,-73.95448303222656,40.80739974975585,460.46,3950,3950,3996.88,4490.87,46.88000000000011,33.5299999999998,1.0728184858619636
29351,-73.99156951904298,40.74452590942383,-73.99341583251955,40.734352111816406,352.11,3950,3950,-1.0,-1.0,-1,-1,0.0
29352,-73.98950958251955,40.758148193359375,-73.9674530029297,40.8002815246582,891.31,3950,3950,3999.9700000000003,4891.28,49.970000000000255,-4.547473508864641e-13,0.9999999999999994
29353,-73.96408081054686,40.75669860839844,-73.9898910522461,40.77235412597656,953.68,3951,3951,-1.0,-1.0,-1,-1,0.0
29354,-73.9700469970703,40.765541076660156,-73.96949768066406,40.78544998168945,471.76,3951,3951,3967.08,4438.84,16.079999999999927,2.2737367544323206e-13,1.0000000000000004
29355,-73.99111938476562,40.75613021850585,-73.98655700683594,40.747413635253906,449.59,3951,3951,3992.9,4496.91,41.90000000000009,54.41999999999979,1.1210436175181828
29356,-74.00439453125,40.75229263305664,-74.00279998779298,40.72862243652344,660.56,3951,3951,-1.0,-1.0,-1,-1,0.0
29357,-73.96717834472656,40.78817367553711,-73.9674301147461,40.77092361450195,435.4,3951,3951,3977.85,4436.67,26.84999999999991,23.420000000000186,1.0537896187413878
29358,-74.00395965576173,40.74766159057617,-74.01136016845702,40.723392486572266,480.46,3951,3951,3983.98,4464.44,32.98000000000002,-3.979039320256561e-13,0.9999999999999992
29359,-73.97862243652342,40.78233337402344,-73.98199462890625,40.77300643920898,252.0,3952,3952,4207.86,4459.86,255.85999999999967,0.0,1.0
29360,-73.9813003540039,40.778411865234375,-73.96712493896483,40.79835891723633,324.74,3952,3952,3988.66,4313.4,36.659999999999854,-2.2737367544323206e-13,0.9999999999999993
29361,-73.99161529541014,40.72664260864258,-73.9913558959961,40.73106384277344,196.71,3952,3952,4072.87,4269.58,120.86999999999989,2.842170943040401e-14,1.0000000000000002
29362,-73.96205139160156,40.77070999145508,-73.95061492919923,40.78342819213867,267.01,3952,3952,4007.42,4274.43,55.42000000000007,2.2737367544323206e-13,1.0000000000000009
29363,-73.98609924316406,40.74332046508789,-74.0025863647461,40.749996185302734,485.24,3952,3952,-1.0,-1.0,-1,-1,0.0
29364,-74.00289916992188,40.76037979125977,-73.98321533203125,40.76310348510742,598.49,3952,3952,3960.0,4558.49,8.0,-2.2737367544323206e-13,0.9999999999999997
29365,-73.95852661132812,40.800235748291016,-73.97186279296875,40.78699111938477,296.32,3952,3952,4109.7,4406.02,157.69999999999982,6.252776074688882e-13,1.0000000000000022
29366,-73.95098876953125,40.779029846191406,-73.98121643066406,40.78023910522461,707.25,3952,3952,4009.81,4770.43,57.809999999999945,53.370000000000346,1.0754612937433727
29367,-73.96560668945312,40.768638610839844,-74.0052490234375,40.73983383178711,1284.58,3953,3953,-1.0,-1.0,-1,-1,0.0
29368,-73.97770690917969,40.73793411254883,-73.97150421142578,40.75470352172852,364.66,3953,3953,4076.22,4440.88,123.2199999999998,2.8421709430404007e-13,1.0000000000000009
29369,-73.98123931884766,40.78219985961913,-73.97795104980467,40.7906608581543,223.02,3953,3953,4066.08,4289.1,113.07999999999993,4.263256414560601e-13,1.000000000000002
29370,-73.9758529663086,40.76116180419922,-73.97483825683594,40.782730102539055,682.25,3953,3953,-1.0,-1.0,-1,-1,0.0
29371,-73.97944641113281,40.762001037597656,-73.9830551147461,40.7768669128418,492.61,3954,3954,3971.3300000000004,4551.120000000001,17.330000000000382,87.1800000000004,1.1769757008586923
29372,-73.9879379272461,40.74387741088867,-74.0003204345703,40.73772048950195,316.45,3954,3954,4003.31,4319.76,49.309999999999945,2.8421709430404007e-13,1.0000000000000009
29373,-73.97215270996094,40.765380859375,-73.98121643066406,40.75617980957031,474.38,3954,3954,-1.0,-1.0,-1,-1,0.0
29374,-73.99237060546875,40.734687805175774,-73.98748779296875,40.72865676879883,300.42,3954,3954,-1.0,-1.0,-1,-1,0.0
29375,-74.00048828125,40.74253463745117,-73.98855590820312,40.7639045715332,642.86,3954,3954,4004.37,4647.23,50.36999999999989,-3.410605131648481e-13,0.9999999999999994
29376,-74.00838470458984,40.74531555175781,-73.99586486816406,40.74896240234375,339.35,3954,3954,-1.0,-1.0,-1,-1,0.0
29377,-74.00875091552734,40.73265075683594,-73.98177337646483,40.75064086914063,856.4,3954,3954,4060.26,4916.66,106.26000000000022,-3.410605131648481e-13,0.9999999999999996
29378,-73.98101806640625,40.74287414550781,-73.9892578125,40.73668670654297,278.87,3954,3954,4201.46,4480.33,247.46000000000004,-1.1368683772161603e-13,0.9999999999999996
29379,-73.97705078125,40.77991104125977,-73.9826431274414,40.772239685058594,185.82,3954,3954,3969.85,4155.67,15.849999999999909,1.7053025658242404e-13,1.0000000000000009
29380,-73.99808502197266,40.72444534301758,-74.00965118408203,40.712623596191406,450.65,3955,3955,4225.95,4676.6,270.9499999999998,5.684341886080801e-13,1.0000000000000013
29381,-73.9944839477539,40.750675201416016,-73.98433685302734,40.7481803894043,461.57,3955,3955,4022.21,4483.78,67.21000000000004,-2.8421709430404007e-13,0.9999999999999993
29382,-73.99835205078125,40.71994400024415,-73.9510726928711,40.785511016845696,1490.81,3955,3955,4053.42,5544.229999999999,98.42000000000007,-1.3642420526593924e-12,0.9999999999999991
29383,-73.96009826660156,40.78131103515625,-74.00130462646483,40.73938751220703,1341.22,3955,3955,4066.79,5408.01,111.78999999999996,2.2737367544323206e-13,1.0000000000000002
29384,-73.99221038818358,40.740150451660156,-73.98690032958984,40.76588821411133,857.61,3956,3956,-1.0,-1.0,-1,-1,0.0
29385,-74.01396179199219,40.71296691894531,-74.0035858154297,40.72631072998047,415.83,3956,3956,3960.81,4456.9400000000005,4.809999999999945,80.30000000000058,1.1931077603828502
29386,-73.9656982421875,40.7713737487793,-73.9529571533203,40.7667121887207,342.22,3956,3956,4010.9,4353.12,54.90000000000009,-2.2737367544323206e-13,0.9999999999999993
29387,-73.95220184326173,40.76887512207031,-73.96517944335938,40.790882110595696,735.01,3956,3956,4010.49,4745.5,54.48999999999978,2.2737367544323206e-13,1.0000000000000002
29388,-73.97281646728516,40.75278091430664,-73.955810546875,40.77638626098633,509.78,3956,3956,-1.0,-1.0,-1,-1,0.0
29389,-73.9866485595703,40.751441955566406,-73.96377563476562,40.7656135559082,740.08,3957,3957,-1.0,-1.0,-1,-1,0.0
29390,-73.99946594238281,40.74393081665039,-74.0022735595703,40.73972702026367,233.66,3957,3957,-1.0,-1.0,-1,-1,0.0
29391,-73.9739990234375,40.7605857849121,-73.98717498779298,40.77093505859375,559.04,3957,3957,3992.78,4551.820000000001,35.7800000000002,4.547473508864641e-13,1.0000000000000009
29392,-73.9879379272461,40.74403762817383,-74.00639343261719,40.73579788208008,507.41,3957,3957,-1.0,-1.0,-1,-1,0.0
29393,-73.98462677001955,40.76941680908203,-73.97891998291014,40.78244018554688,301.28,3957,3957,-1.0,-1.0,-1,-1,0.0
29394,-73.97611999511719,40.74456024169922,-74.0066909790039,40.73506164550781,837.7,3957,3957,3987.13,4892.09,30.13000000000011,67.25999999999999,1.0802912737256773
29395,-73.97994232177734,40.78605270385742,-73.97293090820312,40.786785125732415,199.79,3958,3958,3994.63,4194.42,36.63000000000011,-2.842170943040401e-14,0.9999999999999999
29396,-73.98290252685547,40.76916122436523,-73.99150085449219,40.760009765625,350.85,3958,3958,-1.0,-1.0,-1,-1,0.0
29397,-73.96929931640625,40.74954605102539,-73.96206665039062,40.75942993164063,352.07,3958,3958,4127.95,4480.0199999999995,169.94999999999982,-2.8421709430404007e-13,0.9999999999999992
29398,-73.99656677246094,40.72528076171875,-73.98114776611328,40.720951080322266,426.99,3958,3958,4010.98,4484.89,52.98000000000002,46.9200000000003,1.1098854774116498
29399,-73.97023010253906,40.75981903076172,-73.99172973632812,40.75992202758789,830.26,3958,3958,3996.1,4826.36,38.09999999999991,-2.2737367544323206e-13,0.9999999999999998
29400,-73.94659423828125,40.77672958374024,-73.97191619873048,40.78219223022461,586.53,3959,3959,3960.0,4574.48,1.0,27.94999999999959,1.0476531464716206
29401,-74.00755310058594,40.74324035644531,-73.97977447509766,40.77287292480469,724.04,3959,3959,-1.0,-1.0,-1,-1,0.0
29402,-73.9746551513672,40.75576400756836,-74.00918579101562,40.70671844482422,1182.95,3959,3959,-1.0,-1.0,-1,-1,0.0
29403,-73.97254180908203,40.76513671875,-73.97904968261719,40.78683090209961,751.58,3960,3960,3967.55,4785.82,7.550000000000182,66.68999999999949,1.0887330690013033
29404,-74.005126953125,40.718128204345696,-73.99999237060547,40.73870086669922,401.41,3960,3960,-1.0,-1.0,-1,-1,0.0
29405,-73.963134765625,40.75508117675781,-73.97083282470702,40.75520324707031,250.38,3960,3960,3991.63,4242.01,31.63000000000011,1.1368683772161603e-13,1.0000000000000004
29406,-73.99254608154298,40.751480102539055,-73.9944610595703,40.74628829956055,318.74,3960,3960,-1.0,-1.0,-1,-1,0.0
29407,-73.99392700195312,40.732688903808594,-73.99140930175781,40.75030899047852,595.75,3960,3960,-1.0,-1.0,-1,-1,0.0
29408,-73.98880767822266,40.75368118286133,-73.9905014038086,40.74052429199219,386.3,3960,3960,3983.84,4385.27,23.840000000000146,15.13000000000028,1.0391664509448622
29409,-73.98092651367188,40.7818717956543,-73.97806549072266,40.77340698242188,318.2,3960,3960,4001.25,4319.45,41.25,-1.7053025658242404e-13,0.9999999999999994
29410,-73.99818420410156,40.72503280639648,-73.97897338867188,40.750247955322266,875.45,3961,3961,-1.0,-1.0,-1,-1,0.0
29411,-73.98253631591797,40.75952911376953,-73.94866943359375,40.77798843383789,921.01,3961,3961,-1.0,-1.0,-1,-1,0.0
29412,-73.99706268310547,40.762786865234375,-73.9939956665039,40.74246215820313,590.37,3961,3961,-1.0,-1.0,-1,-1,0.0
29413,-73.9799270629883,40.72682189941406,-73.99071502685547,40.750091552734375,952.46,3961,3961,4003.22,4955.68,42.2199999999998,4.547473508864641e-13,1.0000000000000004
29414,-73.99433135986328,40.755855560302734,-73.97777557373048,40.75293731689453,520.01,3961,3961,4017.62,4537.63,56.61999999999989,2.2737367544323206e-13,1.0000000000000004
29415,-73.99935913085938,40.74393844604492,-74.00576782226562,40.74109649658203,188.14,3961,3961,-1.0,-1.0,-1,-1,0.0
29416,-73.96208953857422,40.779441833496094,-73.95394897460938,40.784610748291016,264.04,3961,3961,4142.26,4406.3,181.26000000000022,-5.684341886080802e-14,0.9999999999999998
29417,-74.01019287109375,40.71001434326172,-74.00009155273438,40.74267578125,737.86,3961,3961,-1.0,-1.0,-1,-1,0.0
29418,-74.01142120361328,40.7154426574707,-73.97513580322266,40.74143981933594,1019.25,3961,3961,-1.0,-1.0,-1,-1,0.0
29419,-73.9877700805664,40.72390365600585,-74.00367736816406,40.70610809326172,706.94,3961,3961,-1.0,-1.0,-1,-1,0.0
29420,-73.98995208740234,40.7517204284668,-74.00093841552734,40.736854553222656,322.98,3962,3962,-1.0,-1.0,-1,-1,0.0
29421,-73.99185943603516,40.74978256225585,-74.00514221191406,40.71923065185547,675.39,3962,3962,4041.62,4717.01,79.61999999999989,3.410605131648481e-13,1.0000000000000004
29422,-73.96176147460938,40.77685546875,-73.93898773193358,40.80488586425781,514.76,3962,3962,4043.0,4557.76,81.0,2.2737367544323206e-13,1.0000000000000004
29423,-74.0071563720703,40.705390930175774,-74.00163269042969,40.728660583496094,703.44,3962,3962,3990.59,4718.66,28.590000000000146,24.629999999999654,1.0350136472193785
29424,-73.97834014892578,40.753211975097656,-73.9854507446289,40.723331451416016,974.28,3962,3962,-1.0,-1.0,-1,-1,0.0
29425,-73.98683929443358,40.76124954223633,-73.9787826538086,40.77492904663085,320.84,3962,3962,4017.9300000000003,4338.77,55.93000000000029,1.7053025658242404e-13,1.0000000000000004
29426,-74.00729370117188,40.71567916870117,-73.99117279052734,40.76111221313477,974.86,3962,3962,-1.0,-1.0,-1,-1,0.0
29427,-73.98597717285155,40.75269317626953,-73.98001098632812,40.76580047607422,420.64,3962,3962,-1.0,-1.0,-1,-1,0.0
29428,-73.9542465209961,40.766502380371094,-73.95840454101562,40.78063583374024,474.76,3962,3962,4093.87,4568.63,131.8699999999999,2.2737367544323206e-13,1.0000000000000004
29429,-74.00338745117188,40.708171844482415,-74.01608276367188,40.71063232421875,384.89,3962,3962,-1.0,-1.0,-1,-1,0.0
29430,-73.97745513916014,40.76275253295898,-73.96084594726562,40.78080368041992,596.34,3962,3962,4009.42,4605.76,47.42000000000007,1.1368683772161603e-13,1.0000000000000002
29431,-73.96887969970702,40.754409790039055,-73.97564697265625,40.725093841552734,669.46,3962,3962,4000.17,4736.86,38.17000000000007,67.22999999999956,1.1004242225076921
29432,-73.97142791748048,40.766273498535156,-74.00028228759766,40.73641586303711,958.38,3963,3963,-1.0,-1.0,-1,-1,0.0
29433,-73.97683715820312,40.76403045654297,-73.9759292602539,40.78634643554688,571.54,3963,3963,-1.0,-1.0,-1,-1,0.0
29434,-73.98332214355469,40.76588821411133,-73.9826431274414,40.777198791503906,296.41,3963,3963,3993.16,4289.57,30.159999999999854,-1.7053025658242404e-13,0.9999999999999994
29435,-73.98076629638672,40.7799186706543,-73.96871185302734,40.791011810302734,275.71,3963,3963,4125.12,4400.83,162.1199999999999,5.684341886080802e-14,1.0000000000000002
29436,-73.97661590576173,40.78071212768555,-73.9737777709961,40.791900634765625,304.23,3964,3964,4016.67,4320.9,52.67000000000007,-4.547473508864641e-13,0.9999999999999986
29437,-73.966796875,40.76141357421875,-73.97826385498048,40.74850082397461,474.84,3964,3964,-1.0,-1.0,-1,-1,0.0
29438,-73.95572662353516,40.77961349487305,-73.94599151611328,40.7777214050293,259.71,3964,3964,4011.88,4271.59,47.88000000000011,5.684341886080802e-14,1.0000000000000002
29439,-73.99149322509766,40.735198974609375,-73.99456024169923,40.74052047729492,221.96,3964,3964,4047.54,4269.5,83.53999999999996,2.842170943040401e-14,1.0000000000000002
29440,-73.97281646728516,40.75917434692383,-73.94915008544923,40.77318954467773,674.95,3964,3964,-1.0,-1.0,-1,-1,0.0
29441,-73.98445892333984,40.73701858520508,-73.97720336914062,40.72610855102539,385.2,3964,3964,4019.0,4404.2,55.0,-1.7053025658242404e-13,0.9999999999999996
29442,-73.98966979980467,40.77275085449219,-73.9695587158203,40.79201889038085,505.49,3964,3964,4020.67,4526.16,56.67000000000007,-2.2737367544323206e-13,0.9999999999999996
29443,-74.00394439697266,40.725547790527344,-73.99568176269531,40.73351287841797,251.37,3964,3964,4002.43,4311.51,38.429999999999836,57.71000000000038,1.2295818912360281
29444,-74.01383972167969,40.71320724487305,-73.99961853027342,40.73851013183594,584.8,3964,3964,-1.0,-1.0,-1,-1,0.0
29445,-74.0023880004883,40.731407165527344,-73.97884368896483,40.75418472290039,804.27,3964,3964,4025.08,4829.35,61.07999999999993,4.547473508864641e-13,1.0000000000000007
29446,-73.99267578125,40.723628997802734,-74.00944519042969,40.73815536499024,574.62,3965,3965,3990.0,4564.62,25.0,-1.1368683772161603e-13,0.9999999999999998
29447,-73.98023223876955,40.76591491699219,-73.97284698486328,40.75364303588867,600.55,3965,3965,-1.0,-1.0,-1,-1,0.0
29448,-73.98896026611328,40.74221801757813,-74.0,40.73051071166992,311.9,3965,3965,-1.0,-1.0,-1,-1,0.0
29449,-73.95449829101562,40.789798736572266,-73.95578002929686,40.76813888549805,629.94,3965,3965,-1.0,-1.0,-1,-1,0.0
29450,-73.99416351318358,40.75100708007813,-74.00357055664062,40.72385025024415,868.58,3965,3965,-1.0,-1.0,-1,-1,0.0
29451,-73.95369720458984,40.7671012878418,-73.95777130126955,40.77954864501953,417.31,3965,3965,3990.0,4457.88,25.0,50.57000000000011,1.1211808966955024
29452,-73.96750640869139,40.80304336547852,-73.97821044921875,40.75706481933594,1220.52,3965,3965,4108.83,5329.349999999999,143.82999999999993,-4.547473508864641e-13,0.9999999999999997
29453,-74.01007843017578,40.72056198120117,-73.9876480102539,40.767860412597656,823.57,3965,3965,4120.05,4943.62,155.05000000000018,-3.410605131648481e-13,0.9999999999999996
29454,-73.976318359375,40.75579071044922,-73.96851348876955,40.767391204833984,318.6,3966,3966,-1.0,-1.0,-1,-1,0.0
29455,-74.00708770751955,40.70709609985352,-74.00628662109375,40.711910247802734,248.2,3966,3966,-1.0,-1.0,-1,-1,0.0
29456,-73.97421264648438,40.75652313232422,-73.99126434326173,40.74402236938477,612.68,3966,3966,-1.0,-1.0,-1,-1,0.0
29457,-73.97498321533203,40.7509651184082,-73.99446868896483,40.75959777832031,694.05,3966,3966,4040.58,4734.63,74.57999999999993,2.2737367544323206e-13,1.0000000000000002
29458,-73.9786376953125,40.73683547973633,-73.9610595703125,40.7592887878418,379.24,3967,3967,3991.44,4370.68,24.440000000000055,2.2737367544323206e-13,1.0000000000000007
29459,-73.99768829345702,40.71394348144531,-74.004638671875,40.70709228515625,208.13,3967,3967,4163.3,4371.43,196.30000000000018,1.1368683772161603e-13,1.0000000000000004
29460,-73.96211242675781,40.80044174194336,-73.97152709960938,40.78728103637695,203.32,3967,3967,4077.09,4280.41,110.09000000000015,-2.8421709430404007e-13,0.9999999999999986
29461,-73.9612045288086,40.78097534179688,-73.97470092773438,40.79170608520508,340.04,3967,3967,4070.51,4410.55,103.51000000000022,-5.684341886080802e-14,0.9999999999999998
29462,-73.97117614746094,40.75791931152344,-74.00691223144531,40.73064041137695,1029.63,3967,3967,-1.0,-1.0,-1,-1,0.0
29463,-74.01318359375,40.7050666809082,-74.00574493408203,40.745521545410156,793.4,3968,3968,-1.0,-1.0,-1,-1,0.0
29464,-73.99408721923827,40.7511100769043,-73.9720687866211,40.75703048706055,844.1,3968,3968,3996.67,4925.03,28.670000000000073,84.25999999999965,1.0998222959365
29465,-73.97825622558594,40.78350067138672,-73.9697036743164,40.78557586669922,203.51,3968,3968,-1.0,-1.0,-1,-1,0.0
29466,-73.97889709472656,40.7772331237793,-73.95021820068358,40.78406524658203,686.46,3968,3968,4026.9,4713.36,58.90000000000009,-4.547473508864641e-13,0.9999999999999993
29467,-73.99623107910156,40.75349044799805,-74.00102996826173,40.7480697631836,249.62,3968,3968,-1.0,-1.0,-1,-1,0.0
29468,-73.97611236572266,40.786109924316406,-73.96356201171875,40.803749084472656,267.25,3968,3968,4003.43,4270.68,35.429999999999836,4.547473508864641e-13,1.0000000000000018
29469,-73.97695922851562,40.75586700439453,-73.98495483398438,40.767738342285156,561.21,3968,3968,-1.0,-1.0,-1,-1,0.0
29470,-73.9576187133789,40.77453231811523,-73.97821044921875,40.76665115356445,700.73,3968,3968,4021.1,4751.0,53.09999999999991,29.170000000000073,1.0416280164970817
29471,-73.97718811035155,40.78253173828125,-73.97501373291014,40.79290008544922,249.38,3969,3969,4106.0,4355.38,137.0,1.1368683772161603e-13,1.0000000000000004
29472,-74.00141906738281,40.70723342895508,-74.01704406738281,40.7085189819336,454.77,3969,3969,-1.0,-1.0,-1,-1,0.0
29473,-73.9776382446289,40.7635612487793,-73.96954345703125,40.76042938232422,294.04,3969,3969,3994.67,4288.71,25.670000000000073,-5.684341886080802e-14,0.9999999999999998
29474,-74.00637817382812,40.73869323730469,-73.95214080810547,40.77320861816406,1364.0,3969,3969,4149.41,5513.41,180.40999999999985,0.0,1.0
29475,-73.98097229003906,40.74510955810547,-73.9896469116211,40.75798034667969,655.17,3969,3969,-1.0,-1.0,-1,-1,0.0
29476,-74.0057144165039,40.74052047729492,-73.991943359375,40.74411392211913,431.71,3969,3969,3998.04,4429.75,29.039999999999964,5.684341886080802e-14,1.0000000000000002
29477,-73.99011993408203,40.75672149658203,-73.96283721923827,40.77534866333008,781.24,3969,3969,-1.0,-1.0,-1,-1,0.0
29478,-73.98198699951173,40.75785827636719,-73.95384979248048,40.77082824707031,843.18,3969,3969,-1.0,-1.0,-1,-1,0.0
29479,-73.9731216430664,40.75523376464844,-73.98483276367188,40.74126815795898,370.71,3969,3969,-1.0,-1.0,-1,-1,0.0
29480,-73.95027160644531,40.77987289428711,-73.9439697265625,40.801170349121094,446.51,3969,3969,4140.07,4586.58,171.0699999999997,2.2737367544323206e-13,1.0000000000000004
29481,-73.97865295410156,40.75096130371094,-73.99114990234375,40.73337173461913,454.42,3969,3969,-1.0,-1.0,-1,-1,0.0
29482,-73.97389221191406,40.74311828613281,-73.96090698242188,40.77593994140625,685.39,3969,3969,4081.54,4766.93,112.53999999999996,3.410605131648481e-13,1.0000000000000004
29483,-73.97347259521484,40.76081085205078,-73.98645782470702,40.74700927734375,486.3,3970,3970,-1.0,-1.0,-1,-1,0.0
29484,-73.97954559326173,40.765640258789055,-73.98407745361328,40.76062774658203,199.09,3970,3970,-1.0,-1.0,-1,-1,0.0
29485,-74.0050048828125,40.74651718139648,-73.96574401855469,40.80056381225585,958.52,3970,3970,4004.36,4962.88,34.36000000000013,0.0,1.0
29486,-73.99148559570312,40.75011444091797,-73.9814224243164,40.78041076660156,864.43,3970,3970,-1.0,-1.0,-1,-1,0.0
29487,-73.99334716796875,40.75255966186523,-74.0027618408203,40.75621032714844,210.46,3970,3970,-1.0,-1.0,-1,-1,0.0
29488,-73.95841217041014,40.781471252441406,-73.96111297607422,40.76974868774415,398.69,3971,3971,4078.21,4476.9,107.21000000000004,-3.979039320256561e-13,0.999999999999999
29489,-73.96744537353516,40.76022338867188,-73.94681549072266,40.76608276367188,605.03,3971,3971,4005.78,4620.07,34.7800000000002,9.259999999999536,1.0153050261970473
29490,-73.9861831665039,40.772560119628906,-73.93325805664062,40.794921875,1183.48,3971,3971,3996.2299999999996,5233.73,25.229999999999563,54.01999999999998,1.0456450468110994
29491,-73.99171447753906,40.74467086791992,-73.98153686523438,40.73286056518555,563.9,3971,3971,-1.0,-1.0,-1,-1,0.0
29492,-73.97273254394531,40.7935905456543,-73.9882583618164,40.758487701416016,899.49,3971,3971,-1.0,-1.0,-1,-1,0.0
29493,-74.00563049316406,40.751140594482415,-73.98584747314453,40.7269401550293,938.83,3971,3971,4002.58,4997.71,31.579999999999927,56.30000000000007,1.059968258364134
29494,-73.94132232666014,40.81362915039063,-73.97168731689453,40.79499053955078,771.43,3971,3971,4382.38,5153.81,411.3800000000001,3.410605131648481e-13,1.0000000000000004
29495,-74.00262451171875,40.73953628540039,-73.99520111083984,40.74995040893555,234.13,3972,3972,4023.67,4257.8,51.67000000000007,1.1368683772161603e-13,1.0000000000000004
29496,-73.9651870727539,40.769248962402344,-73.98040771484375,40.783348083496094,613.48,3972,3972,4198.84,4812.32,226.84000000000015,-4.547473508864641e-13,0.9999999999999992
29497,-73.99496459960938,40.76030349731445,-73.9784164428711,40.752605438232415,643.71,3972,3972,4049.29,4693.0,77.28999999999996,0.0,1.0
29498,-73.99189758300781,40.74421691894531,-73.9837188720703,40.77536010742188,785.65,3972,3972,3997.5,4832.28,25.5,49.12999999999977,1.062534207344237
29499,-74.0050048828125,40.74177169799805,-73.99921417236328,40.76118087768555,488.45,3972,3972,4124.67,4613.12,152.67000000000007,-1.7053025658242404e-13,0.9999999999999997
29500,-73.9579086303711,40.76957321166992,-73.9674072265625,40.75635147094727,396.22,3972,3972,3990.0,4386.22,18.0,2.2737367544323206e-13,1.0000000000000007
29501,-73.98017120361328,40.7515983581543,-73.94886779785155,40.76987838745117,835.16,3972,3972,-1.0,-1.0,-1,-1,0.0
29502,-73.9755859375,40.75946044921875,-73.98497772216798,40.75881958007813,319.74,3972,3972,-1.0,-1.0,-1,-1,0.0
29503,-73.967529296875,40.766212463378906,-73.979736328125,40.765438079833984,451.33,3972,3972,-1.0,-1.0,-1,-1,0.0
29504,-73.9877395629883,40.7499885559082,-73.9720001220703,40.7568588256836,620.97,3973,3973,-1.0,-1.0,-1,-1,0.0
29505,-73.94391632080078,40.81013870239258,-73.984130859375,40.7251205444336,1831.89,3973,3973,4283.12,6115.009999999999,310.1199999999999,-6.821210263296962e-13,0.9999999999999997
29506,-73.97350311279298,40.76342391967773,-73.95571899414062,40.76865768432617,525.89,3973,3973,4008.83,4534.72,35.82999999999993,3.410605131648481e-13,1.0000000000000007
29507,-73.9794692993164,40.76076126098633,-73.9502410888672,40.775726318359375,827.85,3973,3973,-1.0,-1.0,-1,-1,0.0
29508,-73.99323272705078,40.74213409423828,-73.97808837890625,40.72942352294922,578.26,3973,3973,-1.0,-1.0,-1,-1,0.0
29509,-73.99141693115234,40.73918151855469,-73.99813079833984,40.73543167114258,184.38,3973,3973,-1.0,-1.0,-1,-1,0.0
29510,-73.98442840576173,40.74589538574219,-73.99978637695312,40.74116134643555,464.67,3973,3973,-1.0,-1.0,-1,-1,0.0
29511,-73.98114013671875,40.76924133300781,-73.9516372680664,40.79118728637695,733.07,3973,3973,4157.17,4890.24,184.17000000000007,-3.410605131648481e-13,0.9999999999999996
29512,-73.97164154052734,40.750587463378906,-73.97842407226562,40.74504852294922,213.13,3974,3974,-1.0,-1.0,-1,-1,0.0
29513,-73.96240997314453,40.77898788452149,-73.98767852783203,40.75053405761719,944.76,3974,3974,-1.0,-1.0,-1,-1,0.0
29514,-73.98772430419923,40.751380920410156,-73.98626708984375,40.73979187011719,376.46,3974,3974,-1.0,-1.0,-1,-1,0.0
29515,-73.97213745117188,40.75793075561523,-73.98188781738281,40.77370071411133,712.08,3975,3975,-1.0,-1.0,-1,-1,0.0
29516,-73.98313903808595,40.756511688232415,-73.9659194946289,40.76031875610352,647.67,3975,3975,4024.3,4671.97,49.30000000000018,1.1368683772161603e-13,1.0000000000000002
29517,-73.97707366943358,40.743350982666016,-73.9830093383789,40.73707962036133,186.5,3975,3975,3990.0,4176.5,15.0,0.0,1.0
29518,-73.97821044921875,40.752307891845696,-73.97618103027344,40.78894424438477,995.89,3975,3975,3997.37,5082.25,22.36999999999989,88.99000000000012,1.0893572583317437
29519,-73.98238372802734,40.73052978515625,-73.9832763671875,40.718711853027344,390.61,3975,3975,-1.0,-1.0,-1,-1,0.0
29520,-73.98833465576173,40.74110794067383,-73.97868347167969,40.73694610595703,261.11,3976,3976,3993.75,4254.86,17.75,-3.410605131648481e-13,0.9999999999999987
29521,-73.9558334350586,40.77208709716797,-73.9611587524414,40.767486572265625,227.8,3976,3976,4005.83,4233.63,29.829999999999927,1.7053025658242404e-13,1.0000000000000007
29522,-73.96636962890625,40.8048210144043,-73.93526458740234,40.79617309570313,856.25,3976,3976,4024.8900000000003,4947.36,48.89000000000033,66.21999999999935,1.0773372262773715
29523,-73.98947143554686,40.73675155639648,-74.00720977783203,40.741458892822266,496.64,3976,3976,-1.0,-1.0,-1,-1,0.0
29524,-73.98873138427734,40.75899887084961,-73.95281982421875,40.79996109008789,1033.88,3976,3976,4005.38,5039.26,29.38000000000011,0.0,1.0
29525,-73.96465301513672,40.76448822021485,-73.97593688964845,40.76562881469727,431.09,3976,3976,4191.46,4622.55,215.46000000000004,1.7053025658242404e-13,1.0000000000000004
29526,-73.9926528930664,40.748619079589844,-73.98796844482422,40.76382446289063,602.49,3977,3977,-1.0,-1.0,-1,-1,0.0
29527,-73.96990203857422,40.79975128173828,-73.9776840209961,40.7890853881836,204.69,3977,3977,4343.6,4548.29,366.60000000000036,-3.979039320256561e-13,0.999999999999998
29528,-73.98693084716798,40.75362014770508,-73.99910736083984,40.723228454589844,873.14,3977,3977,-1.0,-1.0,-1,-1,0.0
29529,-73.9752426147461,40.75930404663085,-73.9482879638672,40.804046630859375,909.12,3977,3977,-1.0,-1.0,-1,-1,0.0
29530,-73.99240112304686,40.7380485534668,-74.00482940673827,40.72292709350585,527.28,3977,3977,-1.0,-1.0,-1,-1,0.0
29531,-73.97565460205078,40.78197860717773,-74.0042495727539,40.74241638183594,963.74,3977,3977,-1.0,-1.0,-1,-1,0.0
29532,-73.97503662109375,40.792476654052734,-73.9627456665039,40.769691467285156,765.38,3978,3978,4031.85,4824.2699999999995,53.84999999999991,27.039999999999623,1.0353288562544092
29533,-73.96748352050781,40.76324844360352,-73.9832534790039,40.77088928222656,533.29,3978,3978,-1.0,-1.0,-1,-1,0.0
29534,-74.00313568115234,40.73507308959961,-73.98899841308595,40.75815963745117,699.23,3978,3978,3990.0,4689.23,12.0,-4.547473508864641e-13,0.9999999999999993
29535,-73.98748779296875,40.71970748901367,-73.9500732421875,40.784080505371094,1219.3,3978,3978,4146.71,5366.01,168.71000000000004,2.2737367544323206e-13,1.0000000000000002
29536,-73.98069763183594,40.74816131591797,-74.00273132324219,40.70875930786133,1011.41,3978,3978,-1.0,-1.0,-1,-1,0.0
29537,-73.9954833984375,40.73982620239258,-73.98755645751955,40.75038146972656,280.12,3979,3979,4002.35,4282.47,23.34999999999991,3.410605131648481e-13,1.000000000000001
29538,-73.9602813720703,40.77605819702149,-73.96356201171875,40.81024932861328,884.46,3979,3979,4150.3,5034.76,171.30000000000018,0.0,1.0
29539,-73.9896469116211,40.7471923828125,-73.97808074951173,40.75572204589844,415.17,3979,3979,-1.0,-1.0,-1,-1,0.0
29540,-74.01447296142578,40.71455764770508,-74.0074462890625,40.708595275878906,460.46,3979,3979,4054.74,4515.2,75.73999999999978,5.684341886080802e-14,1.0000000000000002
29541,-73.96410369873048,40.767662048339844,-73.97107696533203,40.78796005249024,638.38,3979,3979,4011.83,4670.0,32.82999999999993,19.790000000000077,1.0310003446223255
29542,-73.99234771728516,40.74378204345703,-73.97891998291014,40.746036529541016,434.4,3979,3979,4018.7799999999997,4453.18,39.779999999999745,5.684341886080801e-13,1.0000000000000013
29543,-74.00010681152342,40.74273681640625,-73.99781799316406,40.75639724731445,319.15,3979,3979,4015.54,4334.69,36.539999999999964,-3.410605131648481e-13,0.9999999999999989
29544,-73.99646759033203,40.74280166625977,-74.00808715820312,40.73908615112305,344.99,3979,3979,-1.0,-1.0,-1,-1,0.0
29545,-74.00202178955078,40.75053024291992,-73.97618103027344,40.78828811645508,721.2,3979,3979,4007.89,4810.99,28.889999999999873,81.89999999999986,1.1135607321131447
29546,-73.97138214111328,40.76091003417969,-74.00829315185547,40.71664810180664,1331.83,3980,3980,4021.62,5427.33,41.61999999999989,73.88000000000011,1.05547254529482
29547,-73.96788787841797,40.75628662109375,-73.97516632080078,40.75217056274415,258.17,3980,3980,4016.6,4274.77,36.59999999999991,5.115907697472721e-13,1.000000000000002
29548,-73.96830749511719,40.76537704467773,-73.99738311767578,40.76043319702149,831.3,3980,3980,-1.0,-1.0,-1,-1,0.0
29549,-73.9677734375,40.76581573486328,-73.99537658691406,40.764930725097656,768.46,3980,3980,4013.01,4781.47,33.01000000000022,0.0,1.0
29550,-74.00935363769531,40.70370101928711,-74.00222778320312,40.7370491027832,900.73,3980,3980,4037.15,4975.26,57.15000000000009,37.38000000000011,1.0414996724878711
29551,-73.9527816772461,40.78628540039063,-73.9573516845703,40.76838684082031,495.99,3980,3980,4464.09,4960.08,484.09000000000015,-2.2737367544323206e-13,0.9999999999999996
29552,-73.97710418701173,40.7849235534668,-73.93714141845702,40.85445785522461,973.55,3980,3980,4032.14,5026.150000000001,52.13999999999987,20.46000000000072,1.0210158697550211
29553,-73.9826889038086,40.76919174194336,-74.001708984375,40.7277946472168,1213.29,3980,3980,4011.09,5251.75,31.090000000000146,27.36999999999989,1.022558497968334
29554,-73.9879150390625,40.779460906982415,-73.98226928710938,40.77252578735352,235.36,3980,3980,4050.74,4286.1,70.73999999999978,5.684341886080801e-13,1.0000000000000024
29555,-73.97832489013672,40.75249862670898,-73.9835433959961,40.74673843383789,303.94,3981,3981,4005.45,4351.63,24.449999999999818,42.24000000000029,1.1389747976574334
29556,-73.98638916015625,40.75271987915039,-73.96485900878906,40.75598907470703,602.44,3981,3981,4020.41,4622.85,39.409999999999854,4.547473508864641e-13,1.0000000000000007
29557,-73.99665832519531,40.74771118164063,-73.96578979492188,40.76552963256836,1018.46,3981,3981,-1.0,-1.0,-1,-1,0.0
29558,-73.98304748535155,40.76298904418945,-73.95272064208984,40.77994155883789,922.65,3981,3981,4012.9700000000003,4935.62,31.970000000000255,-3.410605131648481e-13,0.9999999999999997
29559,-73.98046875,40.78316879272461,-73.94631958007811,40.83829879760742,691.66,3981,3981,-1.0,-1.0,-1,-1,0.0
29560,-74.00699615478516,40.70555114746094,-73.96437835693358,40.757148742675774,834.1,3981,3981,-1.0,-1.0,-1,-1,0.0
29561,-73.97674560546875,40.78822708129883,-73.98820495605469,40.774600982666016,317.7,3981,3981,4040.62,4358.32,59.61999999999989,-1.7053025658242404e-13,0.9999999999999994
29562,-73.96501922607422,40.80668258666992,-73.97360229492188,40.79472732543945,236.86,3981,3981,4682.1,4918.96,701.1000000000004,-3.410605131648481e-13,0.9999999999999986
29563,-73.97509765625,40.760345458984375,-73.97647857666014,40.77903747558594,642.66,3981,3981,-1.0,-1.0,-1,-1,0.0
29564,-74.0047607421875,40.7071418762207,-73.99301147460938,40.722740173339844,436.8,3981,3981,-1.0,-1.0,-1,-1,0.0
29565,-74.00249481201173,40.74728012084961,-73.99417114257811,40.76653289794922,510.13,3981,3981,4258.05,4768.18,277.0500000000002,1.1368683772161603e-13,1.0000000000000002
29566,-73.98576354980467,40.76303482055664,-73.97919464111328,40.7873649597168,616.32,3982,3982,4107.77,4724.09,125.77000000000044,-3.410605131648481e-13,0.9999999999999994
29567,-73.97370910644531,40.77941131591797,-73.99179077148438,40.74958038330078,920.06,3982,3982,-1.0,-1.0,-1,-1,0.0
29568,-73.95974731445312,40.771839141845696,-73.9654769897461,40.76023864746094,429.01,3982,3982,4091.75,4520.76,109.75,2.2737367544323206e-13,1.0000000000000004
29569,-73.96136474609375,40.76593017578125,-73.97635650634766,40.76404190063477,574.59,3982,3982,4048.75,4623.34,66.75,1.1368683772161603e-13,1.0000000000000002
29570,-73.97508239746094,40.75578308105469,-74.0078125,40.704872131347656,1072.21,3982,3982,-1.0,-1.0,-1,-1,0.0
29571,-73.98146057128906,40.7739486694336,-73.95533752441406,40.78546142578125,675.34,3983,3983,4009.92,4685.26,26.920000000000073,1.1368683772161603e-13,1.0000000000000002
29572,-73.97799682617188,40.75747299194336,-73.98796844482422,40.74372863769531,320.81,3983,3983,4022.15,4342.96,39.15000000000009,-5.684341886080802e-14,0.9999999999999998
29573,-73.99114227294923,40.72776412963867,-74.00398254394531,40.74807357788085,757.31,3983,3983,4119.16,4876.469999999999,136.15999999999985,-4.547473508864641e-13,0.9999999999999994
29574,-74.01719665527344,40.70531845092773,-74.00846862792969,40.715187072753906,357.4,3983,3983,-1.0,-1.0,-1,-1,0.0
29575,-73.98567962646483,40.76773071289063,-74.00266265869139,40.76068878173828,441.51,3983,3983,4015.16,4471.5,32.159999999999854,14.830000000000155,1.0335892731761458
29576,-73.95314788818358,40.76762771606445,-73.94486236572266,40.82642364501953,1143.44,3983,3983,4070.29,5213.73,87.28999999999996,-4.547473508864641e-13,0.9999999999999996
29577,-73.98318481445312,40.747722625732415,-73.9771957397461,40.75178146362305,191.58,3984,3984,-1.0,-1.0,-1,-1,0.0
29578,-73.98016357421875,40.77560043334961,-73.99283599853516,40.76750183105469,352.96,3984,3984,-1.0,-1.0,-1,-1,0.0
29579,-73.96619415283203,40.768028259277344,-73.9777603149414,40.77720642089844,459.51,3984,3984,-1.0,-1.0,-1,-1,0.0
29580,-73.98406982421875,40.72938919067383,-73.99375915527344,40.71844100952149,447.73,3984,3984,-1.0,-1.0,-1,-1,0.0
29581,-73.9815673828125,40.78093338012695,-73.978515625,40.78776931762695,204.71,3984,3984,3996.0299999999997,4250.49,12.029999999999745,49.75000000000003,1.2430267207268821
29582,-73.9752426147461,40.7611083984375,-73.95671081542969,40.76692962646485,576.86,3984,3984,-1.0,-1.0,-1,-1,0.0
29583,-73.95754241943358,40.761497497558594,-74.00228881835938,40.72549819946289,1121.69,3985,3985,4082.83,5204.52,97.82999999999993,4.547473508864641e-13,1.0000000000000004
29584,-73.9783706665039,40.77828598022461,-73.96501922607422,40.81001663208008,673.1,3985,3985,4026.63,4737.97,41.63000000000011,38.24000000000012,1.0568117664537218
29585,-73.96965026855469,40.79008102416992,-73.95230102539062,40.78636932373047,467.2,3985,3985,4164.08,4631.28,179.07999999999993,-1.7053025658242404e-13,0.9999999999999997
29586,-73.98485565185547,40.76746368408203,-73.98114013671875,40.77595138549805,274.3,3985,3985,4067.41,4341.71,82.40999999999985,1.7053025658242404e-13,1.0000000000000007
29587,-73.98882293701173,40.73645782470703,-73.98466491699219,40.71897888183594,732.95,3985,3985,4021.19,4809.81,36.190000000000055,55.6700000000003,1.0759533392455152
29588,-73.97528839111328,40.75477600097656,-73.95919036865234,40.777320861816406,599.19,3985,3985,-1.0,-1.0,-1,-1,0.0
29589,-73.97080993652342,40.76442337036133,-73.95358276367188,40.77920150756836,468.49,3985,3985,-1.0,-1.0,-1,-1,0.0
29590,-73.99408721923827,40.75153350830078,-73.9847640991211,40.74240493774415,630.99,3985,3985,-1.0,-1.0,-1,-1,0.0
29591,-73.94564819335938,40.773887634277344,-73.97801208496094,40.788761138916016,772.12,3985,3985,-1.0,-1.0,-1,-1,0.0
29592,-73.9521484375,40.784217834472656,-73.98831176757811,40.77418518066406,846.51,3986,3986,4017.65,4928.96,31.65000000000009,64.79999999999995,1.0765495977602155
29593,-73.9722900390625,40.75962829589844,-74.00261688232422,40.76071166992188,972.39,3986,3986,4018.16,5016.469999999999,32.159999999999854,25.919999999999504,1.0266559713695118
29594,-73.99239349365234,40.75381851196289,-73.95874786376955,40.80007934570313,1050.9,3986,3986,4042.27,5093.17,56.26999999999998,0.0,1.0
29595,-73.95576477050781,40.77973556518555,-73.96049499511719,40.766029357910156,402.45,3986,3986,3999.58,4402.03,13.579999999999927,-1.7053025658242404e-13,0.9999999999999996
29596,-73.9880599975586,40.763038635253906,-73.970703125,40.7559814453125,707.83,3986,3986,-1.0,-1.0,-1,-1,0.0
29597,-73.99387359619139,40.75921249389648,-73.98458862304686,40.75162124633789,466.74,3986,3986,-1.0,-1.0,-1,-1,0.0
29598,-73.97942352294923,40.7672119140625,-73.96781158447266,40.76847839355469,358.84,3986,3986,-1.0,-1.0,-1,-1,0.0
29599,-73.9823226928711,40.75166320800781,-73.96479034423827,40.76079559326172,675.08,3987,3987,-1.0,-1.0,-1,-1,0.0
29600,-73.97411346435547,40.76325988769531,-74.0076904296875,40.73284912109375,1036.12,3987,3987,4033.33,5129.35,46.32999999999993,59.900000000000546,1.057811836466819
29601,-73.97159576416014,40.760215759277344,-74.00785064697266,40.752418518066406,1061.21,3987,3987,-1.0,-1.0,-1,-1,0.0
29602,-74.00774383544923,40.71141815185547,-74.01644897460938,40.715187072753906,304.75,3987,3987,-1.0,-1.0,-1,-1,0.0
29603,-73.98787689208984,40.72406005859375,-73.97840881347656,40.737129211425774,244.58,3987,3987,4010.91,4255.62,23.909999999999854,0.13000000000002387,1.0005315234279173
29604,-74.00054931640625,40.727142333984375,-73.9880599975586,40.7288475036621,366.7,3987,3987,4024.05,4463.36,37.05000000000018,72.6099999999995,1.198009271884373
29605,-73.97246551513672,40.74528503417969,-73.95606231689453,40.776084899902344,601.26,3987,3987,-1.0,-1.0,-1,-1,0.0
29606,-74.0150833129883,40.71506118774415,-73.99407196044923,40.7248649597168,700.34,3987,3987,-1.0,-1.0,-1,-1,0.0
29607,-73.9738998413086,40.76365280151367,-73.97926330566406,40.78439712524415,692.06,3987,3987,4008.55,4700.61,21.550000000000182,-4.547473508864641e-13,0.9999999999999993
29608,-73.95751190185547,40.77967071533203,-73.98226928710938,40.774818420410156,598.28,3987,3987,4109.66,4707.94,122.65999999999985,-2.2737367544323206e-13,0.9999999999999997
29609,-73.98889923095702,40.73728942871094,-74.00031280517578,40.737937927246094,307.79,3987,3987,3991.39,4299.18,4.389999999999873,3.979039320256561e-13,1.0000000000000013
29610,-73.98397064208984,40.76513671875,-73.98145294189453,40.77984619140625,396.51,3988,3988,4037.65,4438.05,49.65000000000009,3.8900000000001,1.0098105974628637
29611,-73.99232482910156,40.7476921081543,-74.00370025634766,40.725433349609375,470.54,3988,3988,4000.77,4471.31,12.769999999999982,3.979039320256561e-13,1.0000000000000009
29612,-73.97760772705078,40.779121398925774,-73.98290252685547,40.77195358276367,180.44,3988,3988,4016.0,4196.44,28.0,-3.979039320256561e-13,0.9999999999999978
29613,-73.96234130859375,40.77883529663085,-73.98796844482422,40.749813079833984,927.22,3988,3988,-1.0,-1.0,-1,-1,0.0
29614,-73.97652435302734,40.78819274902344,-73.95796203613281,40.768714904785156,744.46,3988,3988,4028.88,4792.52,40.88000000000011,19.18000000000029,1.0257636407597457
29615,-74.00591278076173,40.71208953857422,-74.0029067993164,40.718238830566406,362.63,3989,3989,-1.0,-1.0,-1,-1,0.0
29616,-73.98291015625,40.76044464111328,-73.96626281738281,40.75871276855469,670.1,3989,3989,4055.71,4725.81,66.71000000000004,3.410605131648481e-13,1.0000000000000004
29617,-73.99248504638672,40.75331115722656,-73.97850799560547,40.75249862670898,435.18,3989,3989,4013.36,4530.48,24.360000000000127,81.93999999999943,1.1882899030286305
29618,-73.976806640625,40.77755355834961,-73.97582244873048,40.73024368286133,1251.12,3989,3989,4022.1800000000003,5273.3,33.18000000000029,0.0,1.0
29619,-73.97249603271484,40.75943374633789,-73.98410034179686,40.72148895263672,1014.43,3989,3989,-1.0,-1.0,-1,-1,0.0
29620,-73.98796844482422,40.7498893737793,-73.98975372314453,40.74246597290039,223.89,3989,3989,-1.0,-1.0,-1,-1,0.0
29621,-73.98294830322266,40.76688003540039,-73.99031829833984,40.775089263916016,316.97,3990,3990,4184.12,4501.09,194.1199999999999,2.2737367544323206e-13,1.0000000000000007
29622,-73.99075317382812,40.74570846557617,-74.00288391113281,40.75144577026367,365.09,3990,3990,4015.87,4466.29,25.86999999999989,85.3300000000001,1.2337231915418119
29623,-73.98593139648438,40.75001907348633,-73.9903564453125,40.77505874633789,785.48,3990,3990,4041.26,4874.7,51.26000000000022,47.95999999999958,1.0610582064470127
29624,-73.97862243652342,40.748138427734375,-73.9786605834961,40.766807556152344,754.14,3990,3990,4016.4700000000003,4830.47,26.470000000000255,59.860000000000014,1.079375182326889
29625,-74.00283813476562,40.728118896484375,-73.9941177368164,40.72460174560547,242.43,3990,3990,4047.26,4289.69,57.26000000000022,-6.252776074688882e-13,0.9999999999999974
29626,-73.99889373779298,40.73238754272461,-73.982666015625,40.74245071411133,583.86,3990,3990,4097.12,4680.98,107.11999999999989,-3.410605131648481e-13,0.9999999999999994
29627,-73.97821807861328,40.72955322265625,-73.98307037353516,40.7390022277832,306.74,3990,3990,-1.0,-1.0,-1,-1,0.0
29628,-73.99073028564453,40.75080871582031,-73.91802215576173,40.87290573120117,1635.0,3990,3990,-1.0,-1.0,-1,-1,0.0
29629,-73.99365997314453,40.7519416809082,-73.98893737792969,40.75886917114258,210.05,3990,3990,4031.34,4241.39,41.340000000000146,1.7053025658242404e-13,1.0000000000000009
29630,-73.97607421875,40.75921630859375,-73.9491195678711,40.77743148803711,819.12,3990,3990,-1.0,-1.0,-1,-1,0.0
29631,-73.99050903320312,40.75555419921875,-73.97460174560547,40.75394821166992,619.91,3990,3990,-1.0,-1.0,-1,-1,0.0
29632,-73.98505401611328,40.7349853515625,-73.99475860595702,40.71885681152344,585.16,3991,3991,-1.0,-1.0,-1,-1,0.0
29633,-73.99043273925781,40.73088073730469,-73.98506927490234,40.753700256347656,705.63,3991,3991,-1.0,-1.0,-1,-1,0.0
29634,-73.99712371826173,40.72219848632813,-73.98761749267578,40.73271942138672,293.47,3991,3991,4046.03,4379.41,55.0300000000002,39.90999999999963,1.13599345759362
29635,-73.99368286132812,40.721107482910156,-73.97335052490234,40.73813247680664,679.5,3991,3991,4020.0,4699.5,29.0,0.0,1.0
29636,-73.98103332519531,40.75344848632813,-74.00540924072266,40.74014663696289,669.31,3992,3992,-1.0,-1.0,-1,-1,0.0
29637,-73.99090576171875,40.73403930664063,-73.98365020751955,40.76030731201172,872.21,3992,3992,-1.0,-1.0,-1,-1,0.0
29638,-74.00627136230467,40.712120056152344,-73.99391174316406,40.7341194152832,645.74,3992,3992,-1.0,-1.0,-1,-1,0.0
29639,-73.97349548339844,40.75530624389648,-73.99640655517578,40.74053192138672,644.54,3992,3992,4023.29,4744.5,31.289999999999964,76.67000000000007,1.1189530517888728
29640,-73.96646881103516,40.7624626159668,-73.97991943359375,40.76575088500977,511.33,3992,3992,-1.0,-1.0,-1,-1,0.0
29641,-73.98456573486328,40.76012802124024,-73.95965576171875,40.76741027832031,847.46,3992,3992,-1.0,-1.0,-1,-1,0.0
29642,-73.99922943115234,40.734779357910156,-73.9867935180664,40.76679229736328,892.1,3993,3993,4025.74,4959.76,32.73999999999978,41.920000000000414,1.0469902477300757
29643,-73.9652328491211,40.77209854125977,-73.98341369628906,40.71501922607422,1114.08,3993,3993,4022.36,5136.4400000000005,29.360000000000127,4.547473508864641e-13,1.0000000000000004
29644,-74.00546264648438,40.70650100708008,-73.98880767822266,40.77165985107422,1375.02,3993,3993,-1.0,-1.0,-1,-1,0.0
29645,-73.9832305908203,40.750164031982415,-73.99761962890625,40.72584533691406,627.55,3993,3993,-1.0,-1.0,-1,-1,0.0
29646,-74.01517486572266,40.70994186401367,-74.01409149169923,40.70113754272461,304.54,3993,3993,-1.0,-1.0,-1,-1,0.0
29647,-73.99696350097656,40.74728775024415,-73.94963073730467,40.78030776977539,1341.79,3994,3994,-1.0,-1.0,-1,-1,0.0
29648,-73.9561004638672,40.76776123046875,-73.9524688720703,40.7838020324707,338.87,3994,3994,4140.38,4479.25,146.3800000000001,-1.1368683772161603e-13,0.9999999999999997
29649,-73.9698486328125,40.75999069213867,-73.9599609375,40.76773071289063,315.78,3994,3994,-1.0,-1.0,-1,-1,0.0
29650,-73.9730453491211,40.75527572631836,-74.00955963134766,40.71636581420898,1193.72,3994,3994,4066.92,5260.64,72.92000000000007,2.2737367544323206e-13,1.0000000000000002
29651,-73.9920654296875,40.73822021484375,-74.00508117675781,40.72575378417969,436.74,3994,3994,4092.54,4529.28,98.53999999999996,-2.2737367544323206e-13,0.9999999999999994
29652,-73.98300170898438,40.77684020996094,-73.95462036132812,40.823429107666016,748.02,3994,3994,4037.99,4786.01,43.98999999999978,4.547473508864641e-13,1.0000000000000007
29653,-73.99588775634766,40.73611831665039,-74.00831604003906,40.73686981201172,336.29,3994,3994,-1.0,-1.0,-1,-1,0.0
29654,-73.9491195678711,40.77336883544922,-73.9589614868164,40.77001953125,330.71,3995,3995,4065.96,4396.67,70.96000000000004,5.684341886080802e-14,1.0000000000000002
29655,-74.00364685058594,40.722522735595696,-74.01090240478516,40.71345520019531,376.84,3995,3995,4205.91,4582.75,210.90999999999985,1.7053025658242404e-13,1.0000000000000004
29656,-73.98215484619139,40.760589599609375,-73.98362731933594,40.74383163452149,675.45,3995,3995,4084.75,4760.2,89.75,-2.2737367544323206e-13,0.9999999999999997
29657,-74.00021362304686,40.74846649169922,-73.99785614013672,40.73604965209961,387.46,3995,3995,-1.0,-1.0,-1,-1,0.0
29658,-74.00528717041014,40.71847534179688,-73.99082946777342,40.72807693481445,553.89,3995,3995,4156.29,4710.18,161.28999999999996,3.410605131648481e-13,1.0000000000000007
29659,-73.9759521484375,40.760501861572266,-73.98191833496094,40.776939392089844,583.78,3995,3995,-1.0,-1.0,-1,-1,0.0
29660,-74.000732421875,40.73171997070313,-73.99980926513672,40.71781921386719,600.59,3995,3995,4045.81,4646.4,50.809999999999945,-3.410605131648481e-13,0.9999999999999994
29661,-73.98703002929686,40.75447082519531,-73.98393249511719,40.72559356689453,925.19,3995,3995,-1.0,-1.0,-1,-1,0.0
29662,-73.98694610595702,40.75564575195313,-73.97821044921875,40.72947692871094,905.75,3995,3995,4035.46,4941.21,40.460000000000036,0.0,1.0
29663,-73.95516204833984,40.77983474731445,-73.95197296142578,40.76955032348633,377.41,3995,3995,4082.57,4459.98,87.57000000000016,-6.252776074688882e-13,0.9999999999999983
29664,-73.97237396240234,40.786659240722656,-73.9732437133789,40.79619598388672,246.28,3995,3995,4051.29,4317.69,56.289999999999964,20.119999999999635,1.0816956309891166
29665,-73.9720230102539,40.79461288452149,-73.93079376220702,40.86846160888672,803.62,3995,3995,4219.58,5023.2,224.57999999999993,-1.1368683772161603e-13,0.9999999999999999
29666,-73.97579193115234,40.78929138183594,-73.99289703369139,40.73392105102539,1396.55,3996,3996,-1.0,-1.0,-1,-1,0.0
29667,-73.96842193603516,40.75905227661133,-73.94646453857422,40.77740859985352,526.78,3996,3996,4082.71,4609.49,86.71000000000004,-2.2737367544323206e-13,0.9999999999999996
29668,-73.98477935791014,40.7482795715332,-73.99249267578125,40.74328994750977,221.92,3996,3996,-1.0,-1.0,-1,-1,0.0
29669,-73.97457885742188,40.76232528686523,-73.96202087402342,40.75950622558594,399.55,3997,3997,-1.0,-1.0,-1,-1,0.0
29670,-73.99777984619139,40.735931396484375,-73.9835433959961,40.72758865356445,513.51,3997,3997,-1.0,-1.0,-1,-1,0.0
29671,-74.01506042480467,40.714221954345696,-73.96861267089844,40.75500869750977,1051.54,3997,3997,-1.0,-1.0,-1,-1,0.0
29672,-73.97355651855469,40.75003433227539,-73.98705291748048,40.74955368041992,518.03,3997,3997,4050.5,4568.53,53.5,-2.2737367544323206e-13,0.9999999999999996
29673,-73.9773178100586,40.76121520996094,-73.99360656738281,40.74005126953125,602.14,3997,3997,4048.679999999999,4650.819999999999,51.67999999999893,-1.1368683772161603e-13,0.9999999999999998
29674,-73.9791259765625,40.72991943359375,-73.96310424804686,40.77688598632813,1045.9,3997,3997,4155.5,5201.4,158.5,-4.547473508864641e-13,0.9999999999999996
29675,-73.99081420898438,40.7508201599121,-73.9809036254883,40.74190139770508,552.4,3997,3997,-1.0,-1.0,-1,-1,0.0
29676,-74.00103759765625,40.73680877685547,-74.0056381225586,40.74111557006836,205.54,3997,3997,-1.0,-1.0,-1,-1,0.0
29677,-73.97306060791014,40.75787734985352,-73.99431610107422,40.740318298339844,705.84,3998,3998,-1.0,-1.0,-1,-1,0.0
29678,-73.95516967773438,40.78889465332031,-73.95283508300781,40.77336883544922,482.41,3998,3998,4796.72,5279.13,798.7200000000003,-1.7053025658242404e-13,0.9999999999999997
29679,-73.9750747680664,40.76398086547852,-73.96775817871094,40.766517639160156,247.3,3998,3998,-1.0,-1.0,-1,-1,0.0
29680,-73.99109649658203,40.74505233764648,-73.97433471679686,40.748939514160156,545.49,3998,3998,4056.81,4654.9,58.809999999999945,52.59999999999968,1.0964270655740704
29681,-74.00347900390625,40.732582092285156,-74.00418853759766,40.72255325317383,246.63,3998,3998,4021.01,4267.64,23.01000000000022,1.1368683772161603e-13,1.0000000000000004
29682,-73.97806549072266,40.75116729736328,-73.95754241943358,40.761451721191406,596.26,3998,3998,4080.2,4676.46,82.19999999999982,2.2737367544323206e-13,1.0000000000000004
29683,-74.01533508300781,40.714542388916016,-73.99118041992188,40.73984146118164,800.78,3998,3998,-1.0,-1.0,-1,-1,0.0
29684,-73.97930145263672,40.77347946166992,-73.97148132324219,40.781829833984375,192.68,3998,3998,4054.68,4247.36,56.679999999999836,-1.7053025658242404e-13,0.9999999999999991
29685,-73.97661590576173,40.75122833251953,-73.94805908203125,40.77127075195313,735.64,3998,3998,-1.0,-1.0,-1,-1,0.0
29686,-73.97113037109375,40.757976531982415,-73.98011779785155,40.745918273925774,312.14,3999,3999,4055.32,4367.46,56.320000000000164,-1.1368683772161603e-13,0.9999999999999997
29687,-73.95576477050781,40.76342391967773,-73.97306823730467,40.7558708190918,504.58,3999,3999,4100.16,4604.74,101.15999999999985,-5.684341886080802e-14,0.9999999999999999
29688,-73.98519134521484,40.74197769165039,-73.95701599121094,40.7662353515625,699.16,3999,3999,4131.59,4830.75,132.59000000000015,-1.1368683772161603e-13,0.9999999999999999
29689,-73.97705841064453,40.74922180175781,-74.000732421875,40.74738693237305,664.62,3999,3999,4057.97,4774.94,58.9699999999998,52.349999999999795,1.078766814119346
29690,-74.00495147705078,40.74068069458008,-73.99340057373048,40.743080139160156,356.92,3999,3999,4042.04,4398.96,43.039999999999964,5.684341886080802e-14,1.0000000000000002
29691,-73.97664642333984,40.75935745239258,-74.00675964355469,40.72018432617188,1019.54,3999,3999,-1.0,-1.0,-1,-1,0.0
29692,-73.96107482910156,40.76932144165039,-73.98193359375,40.77393341064453,566.29,3999,3999,4084.79,4651.08,85.78999999999996,0.0,1.0
29693,-73.9787368774414,40.757083892822266,-74.00717163085938,40.74169158935547,807.52,3999,3999,-1.0,-1.0,-1,-1,0.0
29694,-73.96080017089844,40.77555847167969,-73.96917724609375,40.768421173095696,289.12,3999,3999,4020.0,4309.12,21.0,-1.1368683772161603e-13,0.9999999999999996
29695,-73.98860931396483,40.75011825561523,-73.98463439941406,40.76414108276367,463.03,4000,4000,4021.03,4507.55,21.0300000000002,23.49000000000001,1.05073105414336
29696,-74.00132751464844,40.7312889099121,-73.99867248535155,40.739036560058594,213.75,4000,4000,4162.17,4375.92,162.17000000000007,0.0,1.0
29697,-74.00929260253906,40.71531677246094,-74.00418853759766,40.70798110961913,414.88,4000,4000,-1.0,-1.0,-1,-1,0.0
29698,-73.99161529541014,40.759761810302734,-73.99342346191406,40.7520751953125,283.46,4000,4000,-1.0,-1.0,-1,-1,0.0
29699,-73.9661407470703,40.77389144897461,-73.96833038330078,40.76256942749024,419.29,4000,4000,4022.96,4487.56,22.960000000000036,45.31000000000034,1.1080636313768522
29700,-73.96977233886719,40.76298904418945,-73.968017578125,40.75545120239258,312.09,4000,4000,-1.0,-1.0,-1,-1,0.0
29701,-73.99095153808595,40.734031677246094,-73.98519897460938,40.72750473022461,269.79,4000,4000,4033.67,4303.46,33.67000000000007,-5.684341886080802e-14,0.9999999999999998
29702,-73.99668884277344,40.753028869628906,-74.00418853759766,40.74264144897461,211.14,4000,4000,-1.0,-1.0,-1,-1,0.0
29703,-74.00482177734375,40.70707321166992,-73.96783447265625,40.75540542602539,888.66,4000,4000,4138.38,5027.04,138.3800000000001,-1.1368683772161603e-13,0.9999999999999999
29704,-73.9988021850586,40.75007629394531,-73.9937744140625,40.72441482543945,862.39,4000,4000,4050.91,4913.3,50.909999999999854,3.410605131648481e-13,1.0000000000000004
29705,-73.97765350341797,40.75464630126953,-73.9725112915039,40.76055145263672,255.76,4001,4001,-1.0,-1.0,-1,-1,0.0
29706,-73.9777603149414,40.75558090209961,-74.00418090820312,40.74779891967773,790.26,4001,4001,-1.0,-1.0,-1,-1,0.0
29707,-73.96327209472656,40.77521133422852,-73.97994995117188,40.781074523925774,417.67,4001,4001,-1.0,-1.0,-1,-1,0.0
29708,-73.99578857421875,40.73442077636719,-74.0104217529297,40.72013854980469,547.03,4001,4001,-1.0,-1.0,-1,-1,0.0
29709,-73.97911071777342,40.767051696777344,-73.97189331054686,40.78219604492188,355.21,4001,4001,-1.0,-1.0,-1,-1,0.0
29710,-73.98040771484375,40.76626205444336,-73.99532318115234,40.76037216186523,509.19,4002,4002,-1.0,-1.0,-1,-1,0.0
29711,-73.99009704589844,40.7193489074707,-73.98979949951173,40.737510681152344,649.36,4002,4002,4073.41,4722.77,71.40999999999985,5.684341886080801e-13,1.0000000000000009
29712,-73.97825622558594,40.778099060058594,-73.9564437866211,40.76979064941406,689.31,4002,4002,4096.0,4785.31,94.0,4.547473508864641e-13,1.0000000000000007
29713,-73.98293304443358,40.76359176635742,-74.00343322753906,40.743518829345696,742.41,4002,4002,-1.0,-1.0,-1,-1,0.0
29714,-73.98745727539062,40.74879837036133,-73.99456024169923,40.7170295715332,1030.09,4002,4002,-1.0,-1.0,-1,-1,0.0
29715,-73.99082946777342,40.73303604125977,-73.98249053955078,40.728679656982415,346.41,4002,4002,4055.79,4422.0,53.789999999999964,19.80000000000001,1.0571577032995583
29716,-74.00176239013672,40.73559188842773,-74.00810241699219,40.73699188232422,278.95,4002,4002,-1.0,-1.0,-1,-1,0.0
29717,-73.99916076660156,40.732521057128906,-73.9845962524414,40.75728988647461,767.13,4003,4003,-1.0,-1.0,-1,-1,0.0
29718,-73.98077392578125,40.774810791015625,-73.98400115966798,40.723876953125,1494.2,4003,4003,4081.29,5575.49,78.28999999999996,-2.2737367544323206e-13,0.9999999999999999
29719,-73.9916763305664,40.73144912719727,-73.98497009277344,40.71908950805664,618.73,4003,4003,4041.67,4688.28,38.67000000000007,27.879999999999654,1.0450600423448024
29720,-73.9681396484375,40.76216125488281,-73.98085021972656,40.75875854492188,520.46,4003,4003,-1.0,-1.0,-1,-1,0.0
29721,-73.9803466796875,40.764808654785156,-73.98554229736328,40.7595329284668,223.83,4003,4003,-1.0,-1.0,-1,-1,0.0
29722,-73.96513366699219,40.76913833618164,-73.95680236816406,40.8023681640625,786.32,4003,4003,-1.0,-1.0,-1,-1,0.0
29723,-73.98613739013672,40.752159118652344,-74.00930023193358,40.710952758789055,1152.94,4003,4003,4027.9500000000003,5248.0599999999995,24.950000000000273,67.16999999999916,1.058259753326278
29724,-73.98797607421875,40.75484848022461,-73.99935913085938,40.750503540039055,305.24,4003,4003,-1.0,-1.0,-1,-1,0.0
29725,-73.98711395263672,40.73935317993164,-73.994140625,40.751628875732415,527.5,4004,4004,-1.0,-1.0,-1,-1,0.0
29726,-73.9810791015625,40.759727478027344,-73.99063873291014,40.756683349609375,339.49,4004,4004,-1.0,-1.0,-1,-1,0.0
29727,-73.9637222290039,40.77442169189453,-73.97159576416014,40.758262634277344,565.46,4004,4004,-1.0,-1.0,-1,-1,0.0
29728,-73.96101379394531,40.76995086669922,-73.99172973632812,40.72990036010742,1180.93,4005,4005,4041.23,5228.1,36.23000000000002,5.940000000000282,1.0050299340350404
29729,-73.99456024169923,40.74569320678711,-73.99807739257811,40.7377815246582,198.83,4005,4005,-1.0,-1.0,-1,-1,0.0
29730,-73.95985412597656,40.76678085327149,-73.9767074584961,40.74738693237305,656.22,4005,4005,4172.88,4829.1,167.8800000000001,2.2737367544323206e-13,1.0000000000000004
29731,-74.0154037475586,40.714447021484375,-73.99464416503906,40.75041198730469,754.16,4005,4005,-1.0,-1.0,-1,-1,0.0
29732,-74.00637054443358,40.7330436706543,-73.99462127685547,40.75017547607422,366.84,4005,4005,4055.58,4422.42,50.57999999999993,1.7053025658242404e-13,1.0000000000000004
29733,-73.97288513183594,40.75564575195313,-73.99075317382812,40.75602722167969,662.02,4005,4005,4037.470000000001,4721.120000000001,32.470000000001164,21.629999999999654,1.032672728920576
29734,-73.96721649169923,40.78826141357422,-73.96952056884766,40.80194091796875,360.01,4005,4005,4034.54,4394.55,29.539999999999964,2.2737367544323206e-13,1.0000000000000007
29735,-73.9971923828125,40.723499298095696,-73.98517608642578,40.76948165893555,1276.08,4006,4006,-1.0,-1.0,-1,-1,0.0
29736,-73.97049713134766,40.75241470336913,-74.0037612915039,40.722450256347656,991.16,4006,4006,-1.0,-1.0,-1,-1,0.0
29737,-73.97694396972656,40.75794982910156,-74.0045166015625,40.733829498291016,816.5,4006,4006,-1.0,-1.0,-1,-1,0.0
29738,-73.989013671875,40.753456115722656,-73.9844207763672,40.7432746887207,440.5,4006,4006,-1.0,-1.0,-1,-1,0.0
29739,-73.99416351318358,40.7286376953125,-74.0007553100586,40.73604202270508,339.4,4006,4006,4089.04,4428.44,83.03999999999996,-3.410605131648481e-13,0.999999999999999
29740,-73.97697448730467,40.74761581420898,-73.95558166503906,40.77690124511719,668.43,4006,4006,-1.0,-1.0,-1,-1,0.0
29741,-73.99302673339844,40.745323181152344,-73.96310424804686,40.77791213989258,1160.77,4007,4007,-1.0,-1.0,-1,-1,0.0
29742,-73.96916198730467,40.75498580932617,-73.97744750976562,40.754486083984375,337.16,4007,4007,4044.31,4463.02,37.309999999999945,81.55000000000047,1.2418732945782431
29743,-74.00888061523438,40.70438003540039,-74.01555633544923,40.711509704589844,316.6,4007,4007,4045.53,4362.13,38.5300000000002,-1.1368683772161603e-13,0.9999999999999997
29744,-73.9786376953125,40.75422286987305,-73.96836853027344,40.76626586914063,379.26,4007,4007,-1.0,-1.0,-1,-1,0.0
29745,-73.9709701538086,40.75590133666992,-73.9552001953125,40.783470153808594,651.06,4008,4008,-1.0,-1.0,-1,-1,0.0
29746,-73.96786499023438,40.76548767089844,-73.96166229248048,40.77700805664063,292.75,4008,4008,-1.0,-1.0,-1,-1,0.0
29747,-73.95374298095702,40.77494430541992,-73.94978332519531,40.784427642822266,221.02,4008,4008,4034.98,4256.0,26.980000000000018,-2.842170943040401e-14,0.9999999999999999
29748,-73.98059844970702,40.76591873168945,-73.9918441772461,40.7450065612793,697.86,4008,4008,4063.45,4761.31,55.44999999999982,5.684341886080801e-13,1.0000000000000009
29749,-73.98921203613281,40.741249084472656,-73.96746063232422,40.75356674194336,566.03,4009,4009,4026.83,4592.86,17.829999999999927,-2.2737367544323206e-13,0.9999999999999996
29750,-73.96798706054686,40.75971603393555,-73.96197509765625,40.76416778564453,189.12,4009,4009,-1.0,-1.0,-1,-1,0.0
29751,-73.957275390625,40.770225524902344,-73.98869323730467,40.75603866577149,1046.45,4009,4009,4055.5,5141.27,46.5,39.32000000000039,1.0375746571742561
29752,-73.98483276367188,40.75170135498047,-74.00877380371094,40.7137565612793,1001.09,4009,4009,-1.0,-1.0,-1,-1,0.0
29753,-73.97254943847656,40.75641250610352,-73.99150085449219,40.75006103515625,663.99,4009,4009,-1.0,-1.0,-1,-1,0.0
29754,-73.99806213378906,40.764015197753906,-73.97254180908203,40.75825119018555,868.93,4009,4009,4034.88,4903.81,25.88000000000011,3.410605131648481e-13,1.0000000000000004
29755,-74.00984191894531,40.71489334106445,-73.98908233642578,40.7586326599121,1028.56,4009,4009,4033.47,5085.41,24.4699999999998,23.38000000000011,1.0227308081200903
29756,-73.97775268554686,40.745601654052734,-73.97254180908203,40.740501403808594,256.62,4009,4009,4365.0,4621.62,356.0,-1.1368683772161603e-13,0.9999999999999996
29757,-74.00812530517578,40.73820495605469,-74.00143432617188,40.73091125488281,408.46,4010,4010,4147.12,4555.58,137.1199999999999,5.684341886080802e-14,1.0000000000000002
29758,-74.00399017333984,40.73352813720703,-73.99025726318358,40.72332763671875,579.72,4010,4010,-1.0,-1.0,-1,-1,0.0
29759,-73.98654174804686,40.74308776855469,-74.00272369384766,40.76057434082031,835.23,4010,4010,-1.0,-1.0,-1,-1,0.0
29760,-73.98668670654298,40.758243560791016,-73.99345397949219,40.762351989746094,302.68,4010,4010,-1.0,-1.0,-1,-1,0.0
29761,-73.96904754638672,40.76420974731445,-73.99176025390625,40.74980926513672,845.75,4010,4010,4041.75,4965.0,31.75,77.5,1.0916346438072717
29762,-73.98033905029298,40.76443862915039,-73.966796875,40.75737380981445,529.0,4010,4010,-1.0,-1.0,-1,-1,0.0
29763,-73.98857116699219,40.736576080322266,-74.0006103515625,40.74158096313477,364.59,4011,4011,-1.0,-1.0,-1,-1,0.0
29764,-73.9964370727539,40.723670959472656,-74.0029296875,40.71799087524415,275.17,4011,4011,-1.0,-1.0,-1,-1,0.0
29765,-73.98208618164062,40.75665664672852,-73.98530578613281,40.7480354309082,326.05,4011,4011,-1.0,-1.0,-1,-1,0.0
29766,-73.99352264404298,40.74721145629883,-73.97515869140625,40.741432189941406,585.21,4011,4011,-1.0,-1.0,-1,-1,0.0
29767,-73.99752044677734,40.72572708129883,-73.95442962646483,40.76616668701172,1107.72,4011,4011,-1.0,-1.0,-1,-1,0.0
29768,-73.9715576171875,40.78738784790039,-73.9802474975586,40.770606994628906,401.14,4011,4011,4082.03,4483.17,71.0300000000002,-1.1368683772161603e-13,0.9999999999999997
29769,-73.9822006225586,40.76666641235352,-73.91963958740234,40.87184143066406,1272.37,4012,4012,-1.0,-1.0,-1,-1,0.0
29770,-74.01311492919923,40.714027404785156,-73.97396850585938,40.76547622680664,1384.79,4012,4012,-1.0,-1.0,-1,-1,0.0
29771,-73.99938201904298,40.734718322753906,-73.99301147460938,40.743518829345696,237.66,4012,4012,-1.0,-1.0,-1,-1,0.0
29772,-73.97064208984375,40.7593002319336,-74.00691223144531,40.73498916625977,1124.05,4012,4012,-1.0,-1.0,-1,-1,0.0
29773,-73.97537994384766,40.74934005737305,-73.98136901855469,40.737388610839844,295.34,4012,4012,-1.0,-1.0,-1,-1,0.0
29774,-74.01284790039062,40.70800018310547,-73.98774719238281,40.7193489074707,780.33,4012,4012,-1.0,-1.0,-1,-1,0.0
29775,-73.98996734619139,40.76712036132813,-73.94883728027344,40.7874412536621,919.3,4012,4012,4069.55,4988.849999999999,57.55000000000018,-6.821210263296962e-13,0.9999999999999992
29776,-73.97267913818358,40.75986862182617,-73.98088073730467,40.7541618347168,353.38,4012,4012,-1.0,-1.0,-1,-1,0.0
29777,-73.98880004882812,40.75358581542969,-73.96782684326173,40.75384521484375,664.96,4012,4012,-1.0,-1.0,-1,-1,0.0
29778,-73.99757385253906,40.72090530395508,-73.97972106933594,40.73295211791992,493.77,4012,4012,4210.2,4703.97,198.19999999999982,4.547473508864641e-13,1.0000000000000009
29779,-73.98596954345702,40.753093719482415,-73.96124267578125,40.771350860595696,779.14,4013,4013,-1.0,-1.0,-1,-1,0.0
29780,-73.98135375976562,40.77385711669922,-73.97799682617188,40.75181579589844,879.35,4013,4013,4177.54,5056.89,164.53999999999996,3.410605131648481e-13,1.0000000000000004
29781,-73.98902893066406,40.74229049682617,-74.01010131835938,40.70523071289063,960.31,4013,4013,-1.0,-1.0,-1,-1,0.0
29782,-73.97006225585938,40.75373458862305,-73.96627044677734,40.76169204711913,293.84,4013,4013,-1.0,-1.0,-1,-1,0.0
29783,-74.00554656982422,40.73331069946289,-73.98410797119139,40.72866821289063,670.5,4014,4014,4183.75,4854.25,169.75,0.0,1.0
29784,-74.002685546875,40.70866775512695,-73.97684478759766,40.75190734863281,994.17,4014,4014,4073.77,5086.68,59.76999999999998,18.74000000000035,1.0188498948871927
29785,-73.98149108886719,40.758689880371094,-73.99954223632812,40.72838973999024,880.38,4014,4014,-1.0,-1.0,-1,-1,0.0
29786,-73.99411010742188,40.751220703125,-73.9791030883789,40.76580810546875,518.18,4014,4014,4039.84,4558.02,25.840000000000146,3.410605131648481e-13,1.0000000000000007
29787,-73.98033905029298,40.74916458129883,-73.98521423339844,40.74721908569336,192.87,4014,4014,-1.0,-1.0,-1,-1,0.0
29788,-73.97586822509766,40.76110076904297,-73.96465301513672,40.775550842285156,470.89,4014,4014,4042.61,4583.18,28.610000000000127,69.68000000000018,1.1479751109600973
29789,-73.98274993896483,40.777099609375,-73.94986724853516,40.77624130249024,786.46,4014,4014,4030.59,4876.09,16.590000000000146,59.039999999999964,1.0750705693868727
29790,-73.96572875976562,40.76208877563477,-73.99260711669923,40.73762130737305,881.92,4015,4015,-1.0,-1.0,-1,-1,0.0
29791,-73.99124145507811,40.770355224609375,-73.953125,40.77171325683594,937.47,4015,4015,4082.21,5019.68,67.21000000000004,2.2737367544323206e-13,1.0000000000000002
29792,-73.96440887451173,40.75644302368164,-73.98016357421875,40.77058029174805,738.72,4015,4015,4157.91,4896.63,142.90999999999985,2.2737367544323206e-13,1.0000000000000002
29793,-73.9785614013672,40.76312255859375,-73.9906997680664,40.75075912475585,525.7,4016,4016,-1.0,-1.0,-1,-1,0.0
29794,-73.9840316772461,40.7806053161621,-73.95317840576173,40.791053771972656,771.83,4016,4016,4073.91,4891.86,57.909999999999854,46.11999999999978,1.0597540909267582
29795,-73.99283599853516,40.75781631469727,-73.97854614257811,40.79096984863281,808.03,4016,4016,-1.0,-1.0,-1,-1,0.0
29796,-73.98259735107422,40.777210235595696,-73.96697235107422,40.76956558227539,493.15,4016,4016,4042.41,4535.56,26.409999999999854,5.684341886080801e-13,1.000000000000001
29797,-73.99366760253906,40.75701522827149,-73.98145294189453,40.75034713745117,436.8,4016,4016,4064.55,4501.35,48.55000000000018,1.7053025658242404e-13,1.0000000000000004
29798,-74.00711822509766,40.71189498901367,-74.00828552246094,40.737117767333984,563.93,4016,4016,-1.0,-1.0,-1,-1,0.0
29799,-73.97845458984375,40.7619514465332,-73.9525146484375,40.778228759765625,767.44,4017,4017,-1.0,-1.0,-1,-1,0.0
29800,-74.01322174072266,40.71617889404297,-73.99386596679686,40.724647521972656,637.68,4017,4017,4052.79,4764.55,35.789999999999964,74.08000000000027,1.1161711203111282
29801,-73.9991683959961,40.7299690246582,-73.9911117553711,40.75012969970703,601.87,4017,4017,4099.37,4701.24,82.36999999999989,-1.1368683772161603e-13,0.9999999999999998
29802,-73.99243927001955,40.76364135742188,-73.96318817138672,40.79618835449219,717.11,4017,4017,4246.34,4963.45,229.34000000000015,-3.410605131648481e-13,0.9999999999999996
29803,-73.99459838867188,40.76602554321289,-73.99043273925781,40.73030853271485,1065.48,4017,4017,4024.3199999999997,5197.22,7.319999999999709,107.42000000000053,1.1008184104816614
29804,-74.00055694580078,40.72352600097656,-73.98529815673827,40.75775146484375,976.46,4018,4018,4116.74,5093.2,98.73999999999978,0.0,1.0
29805,-73.97769165039062,40.7547721862793,-73.98508453369139,40.74790573120117,270.46,4018,4018,-1.0,-1.0,-1,-1,0.0
29806,-73.98960876464844,40.75874710083008,-73.97312927246094,40.75346755981445,616.39,4018,4018,4053.39,4669.78,35.38999999999987,-1.1368683772161603e-13,0.9999999999999998
29807,-74.00283813476562,40.76047134399415,-73.9944076538086,40.75069046020508,436.58,4018,4018,4020.0,4456.58,2.0,-5.684341886080802e-14,0.9999999999999999
29808,-73.98161315917969,40.747291564941406,-73.99935913085938,40.73841094970703,498.72,4018,4018,4070.42,4628.73,52.42000000000007,59.58999999999946,1.1194858838626873
29809,-73.98788452148438,40.728424072265625,-74.00585174560547,40.714698791503906,673.18,4018,4018,4050.1,4753.78,32.09999999999991,30.499999999999886,1.045307347217683
29810,-73.9586410522461,40.77238845825195,-73.9560317993164,40.78451919555664,311.07,4019,4019,4030.65,4354.1,11.650000000000091,12.38000000000028,1.039798116179639
29811,-73.98381042480467,40.77547073364258,-73.96047973632812,40.79758834838867,530.66,4019,4019,4020.0,4623.75,1.0,73.09000000000003,1.1377341423887235
29812,-73.99420166015625,40.74100112915039,-73.97618103027344,40.76552200317383,672.93,4019,4019,4064.04,4736.97,45.039999999999964,3.410605131648481e-13,1.0000000000000004
29813,-73.99176788330078,40.72599411010742,-73.95661926269531,40.77584457397461,1085.43,4019,4019,4022.83,5186.05,3.8299999999999272,77.79000000000019,1.0716674497664522
29814,-73.98174285888672,40.770450592041016,-73.95705413818358,40.78636169433594,761.58,4019,4019,4032.44,4825.93,13.440000000000055,31.910000000000196,1.0418997347619425
29815,-73.98186492919923,40.746337890625,-74.00254821777344,40.74873733520508,639.79,4019,4019,4121.04,4760.83,102.03999999999996,0.0,1.0
29816,-73.96675872802734,40.804298400878906,-73.96356964111328,40.798641204833984,212.55,4019,4019,4038.9300000000003,4251.4800000000005,19.93000000000029,1.7053025658242404e-13,1.0000000000000009
29817,-73.9773712158203,40.76428985595703,-73.96827697753906,40.76795959472656,282.25,4020,4020,4052.08,4334.33,32.07999999999993,0.0,1.0
29818,-74.00457000732422,40.74192810058594,-73.98462677001955,40.77974319458008,866.92,4020,4020,4038.38,4967.29,18.38000000000011,61.989999999999895,1.0715060213168457
29819,-73.98248291015625,40.76273727416992,-74.00472259521484,40.746280670166016,735.13,4020,4020,4047.09,4820.55,27.090000000000146,38.33000000000004,1.0521404377457049
29820,-73.98594665527344,40.76318359375,-73.99279022216798,40.725975036621094,1296.81,4020,4020,-1.0,-1.0,-1,-1,0.0
29821,-74.0116958618164,40.70362091064453,-73.97673797607422,40.7516975402832,833.0,4020,4020,4203.08,5036.08,183.07999999999993,0.0,1.0
29822,-73.95429229736328,40.778968811035156,-73.99015045166014,40.77159118652344,842.23,4021,4021,4108.96,4965.42,87.96000000000004,14.230000000000018,1.0168956223359416
29823,-73.98848724365234,40.753944396972656,-73.97093963623048,40.7606201171875,601.89,4021,4021,-1.0,-1.0,-1,-1,0.0
29824,-74.00405883789062,40.74273681640625,-73.99810028076173,40.73550415039063,375.13,4021,4021,-1.0,-1.0,-1,-1,0.0
29825,-73.96833801269531,40.78672790527344,-73.9846420288086,40.76746368408203,469.41,4021,4021,4136.08,4605.49,115.07999999999993,-1.7053025658242404e-13,0.9999999999999997
29826,-73.97612762451173,40.79149627685547,-73.98318481445312,40.777587890625,329.75,4021,4021,4176.0,4505.75,155.0,0.0,1.0
29827,-74.00692749023438,40.72935104370117,-73.9656524658203,40.80134582519531,1282.67,4021,4021,-1.0,-1.0,-1,-1,0.0
29828,-73.9527587890625,40.78338623046875,-73.97023010253906,40.785728454589844,364.81,4021,4021,4064.15,4457.55,43.15000000000009,28.59000000000009,1.0783695622378775
29829,-74.00202941894531,40.72815704345703,-74.00822448730467,40.71682739257813,298.04,4021,4021,4050.35,4348.39,29.34999999999991,3.979039320256561e-13,1.0000000000000013
29830,-73.99353790283203,40.76234817504883,-73.96988677978516,40.76454162597656,633.48,4022,4022,4068.0,4747.56,46.0,46.08000000000038,1.0727410494411826
29831,-73.989013671875,40.72158432006836,-74.00255584716798,40.72886276245117,426.14,4022,4022,4193.3,4619.44,171.30000000000018,-5.684341886080801e-13,0.9999999999999987
29832,-73.9681625366211,40.76229476928711,-73.97948455810547,40.74710464477539,398.76,4022,4022,4061.07,4459.83,39.070000000000164,-2.2737367544323206e-13,0.9999999999999994
29833,-73.99417877197266,40.751609802246094,-73.99099731445312,40.73326110839844,730.5,4022,4022,4056.21,4860.25,34.210000000000036,73.53999999999996,1.1006707734428474
29834,-74.00387573242188,40.7258186340332,-73.97856903076173,40.77267074584961,1178.54,4022,4022,-1.0,-1.0,-1,-1,0.0
29835,-73.98054504394531,40.76523971557617,-73.98456573486328,40.75954055786133,192.58,4022,4022,4068.04,4260.62,46.039999999999964,-8.526512829121202e-14,0.9999999999999996
29836,-73.97587585449219,40.757774353027344,-73.979248046875,40.76660537719727,386.96,4022,4022,-1.0,-1.0,-1,-1,0.0
29837,-73.97840118408203,40.7510986328125,-73.95292663574219,40.7825584411621,871.42,4023,4023,-1.0,-1.0,-1,-1,0.0
29838,-73.97471618652342,40.7557029724121,-73.94654846191406,40.77267074584961,746.1,4023,4023,-1.0,-1.0,-1,-1,0.0
29839,-73.9734649658203,40.7900619506836,-73.95751190185547,40.77265930175781,671.63,4023,4023,4495.33,5166.96,472.3299999999999,1.1368683772161603e-13,1.0000000000000002
29840,-73.9871597290039,40.76152038574219,-73.98001098632812,40.73234939575195,1076.25,4023,4023,4061.57,5198.9,38.570000000000164,61.07999999999947,1.0567526132404177
29841,-73.9736099243164,40.76388931274415,-73.9632110595703,40.7750358581543,320.48,4023,4023,-1.0,-1.0,-1,-1,0.0
29842,-74.00453186035155,40.74180603027344,-74.00250244140625,40.73040771484375,378.06,4023,4023,-1.0,-1.0,-1,-1,0.0
29843,-74.00285339355469,40.76044464111328,-73.98335266113281,40.76476669311523,536.78,4023,4023,4067.87,4604.65,44.86999999999989,-2.2737367544323206e-13,0.9999999999999996
29844,-73.9808120727539,40.75915908813477,-73.98388671875,40.76459884643555,261.28,4024,4024,-1.0,-1.0,-1,-1,0.0
29845,-73.96748352050781,40.76049041748047,-73.94953155517578,40.7965202331543,778.63,4024,4024,-1.0,-1.0,-1,-1,0.0
29846,-73.99932861328125,40.7338752746582,-73.98876953125,40.733795166015625,316.86,4024,4024,-1.0,-1.0,-1,-1,0.0
29847,-73.97618865966798,40.7558822631836,-74.00145721435547,40.7374382019043,768.34,4024,4024,-1.0,-1.0,-1,-1,0.0
29848,-73.97434234619139,40.76346206665039,-73.95687103271484,40.77800369262695,546.73,4024,4024,-1.0,-1.0,-1,-1,0.0
29849,-73.9805679321289,40.74689102172852,-73.99079132080078,40.751068115234375,301.87,4024,4024,4060.92,4362.79,36.92000000000007,-1.1368683772161603e-13,0.9999999999999997
29850,-73.98155975341797,40.75830841064453,-73.98728942871094,40.74082946777344,537.6,4024,4024,-1.0,-1.0,-1,-1,0.0
29851,-73.9892578125,40.74111557006836,-73.97671508789062,40.73506164550781,377.36,4025,4025,-1.0,-1.0,-1,-1,0.0
29852,-73.9949493408203,40.74513626098633,-74.00259399414062,40.73389053344727,225.24,4025,4025,4050.97,4276.21,25.9699999999998,2.2737367544323206e-13,1.000000000000001
29853,-73.96192169189453,40.76401138305664,-73.95397186279298,40.77497863769531,325.39,4025,4025,-1.0,-1.0,-1,-1,0.0
29854,-73.97084045410156,40.751766204833984,-73.98873138427734,40.72993087768555,469.28,4025,4025,4224.87,4694.15,199.8699999999999,-2.2737367544323206e-13,0.9999999999999996
29855,-73.9530029296875,40.778480529785156,-73.98101043701173,40.771217346191406,747.29,4025,4025,4108.96,4856.25,83.96000000000004,0.0,1.0
29856,-73.99465179443358,40.72480773925781,-73.98088836669923,40.729507446289055,419.9,4025,4025,4155.08,4574.98,130.07999999999993,-3.410605131648481e-13,0.9999999999999992
29857,-74.01172637939453,40.702800750732415,-73.98091125488281,40.725502014160156,632.01,4025,4025,-1.0,-1.0,-1,-1,0.0
29858,-74.00112915039062,40.73662185668945,-73.9969711303711,40.72510147094727,415.88,4025,4025,-1.0,-1.0,-1,-1,0.0
29859,-73.94387054443358,40.77613067626953,-73.96199035644531,40.76787185668945,539.92,4025,4025,-1.0,-1.0,-1,-1,0.0
29860,-73.9553451538086,40.78867721557617,-73.95215606689453,40.77731704711913,365.9,4025,4025,4159.72,4525.62,134.72000000000025,-3.410605131648481e-13,0.9999999999999991
29861,-73.96871948242188,40.76150131225585,-73.99073791503906,40.75088119506836,755.17,4026,4026,4054.95,4810.12,28.949999999999818,1.1368683772161603e-13,1.0000000000000002
29862,-74.00799560546875,40.71472549438477,-73.99244689941406,40.724403381347656,547.88,4026,4026,4061.57,4692.16,35.570000000000164,82.7099999999997,1.1509637146820466
29863,-74.00093841552734,40.7368278503418,-73.98993682861328,40.76735305786133,728.53,4026,4026,-1.0,-1.0,-1,-1,0.0
29864,-73.97197723388672,40.76050567626953,-73.9522933959961,40.78469848632813,645.52,4026,4026,4145.96,4791.48,119.96000000000004,-4.547473508864641e-13,0.9999999999999993
29865,-74.00816345214845,40.71452331542969,-74.00285339355469,40.74940872192383,663.02,4026,4026,-1.0,-1.0,-1,-1,0.0
29866,-73.98521423339844,40.72772979736328,-73.9769973754883,40.73884201049805,209.35,4026,4026,4078.24,4287.59,52.23999999999978,3.694822225952521e-13,1.0000000000000018
29867,-73.96829986572266,40.754730224609375,-73.96414947509766,40.76383972167969,304.96,4026,4026,-1.0,-1.0,-1,-1,0.0
29868,-73.99795532226562,40.73590469360352,-73.99701690673827,40.74716567993164,325.79,4026,4026,4050.15,4375.94,24.15000000000009,-5.115907697472721e-13,0.9999999999999984
29869,-73.97229766845702,40.7569580078125,-73.93648529052734,40.81230926513672,1098.26,4026,4026,-1.0,-1.0,-1,-1,0.0
29870,-73.96533966064453,40.75952911376953,-73.98197937011719,40.77058029174805,668.12,4026,4026,4075.64,4743.76,49.63999999999987,3.410605131648481e-13,1.0000000000000004
29871,-73.96265411376955,40.76972198486328,-73.97744750976562,40.74939727783203,577.97,4026,4026,-1.0,-1.0,-1,-1,0.0
29872,-73.9504165649414,40.8266716003418,-73.98049926757811,40.78339767456055,782.54,4027,4027,4183.16,4965.7,156.15999999999985,0.0,1.0
29873,-73.96329498291014,40.77471160888672,-73.96943664550781,40.78544235229492,278.33,4027,4027,-1.0,-1.0,-1,-1,0.0
29874,-73.98885345458984,40.76361846923828,-73.99459075927734,40.75030899047852,468.52,4027,4027,-1.0,-1.0,-1,-1,0.0
29875,-73.9749755859375,40.761566162109375,-73.97807312011719,40.75391387939453,271.0,4027,4027,4082.75,4353.75,55.75,0.0,1.0
29876,-73.99951171875,40.72235870361328,-73.98224639892578,40.75677490234375,911.41,4027,4027,-1.0,-1.0,-1,-1,0.0
29877,-73.96305847167969,40.76991271972656,-73.97522735595702,40.79254913330078,765.03,4027,4027,-1.0,-1.0,-1,-1,0.0
29878,-74.00157928466798,40.74098587036133,-74.0066146850586,40.74436950683594,181.66,4028,4028,4050.28,4231.94,22.2800000000002,-5.968558980384842e-13,0.9999999999999967
29879,-73.99823760986328,40.735252380371094,-74.000244140625,40.74138641357422,211.87,4028,4028,-1.0,-1.0,-1,-1,0.0
29880,-73.97373962402342,40.75759887695313,-73.96177673339844,40.77181243896485,461.28,4028,4028,-1.0,-1.0,-1,-1,0.0
29881,-74.00385284423827,40.728511810302734,-73.98262023925781,40.731178283691406,622.22,4028,4028,4055.76,4767.26,27.76000000000022,89.27999999999997,1.143486226736524
29882,-74.01461791992188,40.71390914916992,-74.00617218017578,40.733829498291016,405.77,4028,4028,4066.16,4471.93,38.159999999999854,4.547473508864641e-13,1.000000000000001
29883,-73.99660491943358,40.752967834472656,-73.98407745361328,40.7668571472168,524.49,4028,4028,-1.0,-1.0,-1,-1,0.0
29884,-73.99114227294923,40.72774124145508,-74.00045013427734,40.72721862792969,322.85,4028,4028,-1.0,-1.0,-1,-1,0.0
29885,-73.99528503417969,40.754878997802734,-73.98801422119139,40.72555160522461,989.29,4029,4029,4133.63,5123.51,104.63000000000011,0.5900000000001455,1.0005963873080697
29886,-74.0003890991211,40.739723205566406,-73.96762084960938,40.801841735839844,1265.93,4029,4029,4192.24,5458.17,163.23999999999978,2.2737367544323206e-13,1.0000000000000002
29887,-73.97523498535155,40.76510620117188,-73.97540283203125,40.7611198425293,196.24,4030,4030,-1.0,-1.0,-1,-1,0.0
29888,-73.98887634277344,40.74842834472656,-73.98641204833984,40.76211166381836,459.65,4030,4030,-1.0,-1.0,-1,-1,0.0
29889,-73.97709655761719,40.747108459472656,-73.95057678222656,40.77131652832031,690.27,4030,4030,-1.0,-1.0,-1,-1,0.0
29890,-73.98143005371094,40.75886917114258,-73.96248626708984,40.77866744995117,732.06,4030,4030,-1.0,-1.0,-1,-1,0.0
29891,-73.9667739868164,40.75748062133789,-73.9813232421875,40.721992492675774,767.35,4030,4030,-1.0,-1.0,-1,-1,0.0
29892,-73.9542007446289,40.784523010253906,-73.96734619140625,40.76617431640625,479.13,4031,4031,4075.16,4554.29,44.159999999999854,1.1368683772161603e-13,1.0000000000000002
29893,-73.97920989990234,40.76290893554688,-74.00437927246094,40.72712326049805,1063.55,4031,4031,-1.0,-1.0,-1,-1,0.0
29894,-73.98994445800781,40.7339096069336,-73.98268127441406,40.74509811401367,335.61,4031,4031,4067.54,4433.98,36.539999999999964,30.829999999999586,1.091862578588241
29895,-73.987548828125,40.73006820678711,-73.97489929199219,40.741661071777344,323.26,4031,4031,-1.0,-1.0,-1,-1,0.0
29896,-73.9910888671875,40.7500114440918,-73.9805679321289,40.7732048034668,754.08,4031,4031,-1.0,-1.0,-1,-1,0.0
29897,-73.98504638671875,40.75856018066406,-73.97454071044923,40.75904083251953,389.75,4031,4031,-1.0,-1.0,-1,-1,0.0
29898,-73.98119354248048,40.758731842041016,-73.975830078125,40.765708923339844,201.01,4031,4031,4082.92,4283.93,51.92000000000007,2.2737367544323206e-13,1.000000000000001
29899,-73.94686889648438,40.78027725219727,-73.96562957763672,40.80905151367188,965.79,4031,4031,4168.33,5134.12,137.32999999999993,0.0,1.0
29900,-73.97818756103516,40.76000595092773,-73.94898986816406,40.785171508789055,759.02,4031,4031,-1.0,-1.0,-1,-1,0.0
29901,-73.9837417602539,40.753456115722656,-73.98249053955078,40.76186752319336,271.84,4032,4032,-1.0,-1.0,-1,-1,0.0
29902,-73.98278045654298,40.76824188232422,-73.97723388671875,40.78966522216797,581.86,4032,4032,4067.16,4649.0199999999995,35.159999999999854,-3.410605131648481e-13,0.9999999999999994
29903,-73.9968490600586,40.737060546875,-73.98579406738281,40.775611877441406,938.07,4032,4032,-1.0,-1.0,-1,-1,0.0
29904,-73.96758270263672,40.76264953613281,-73.96743774414062,40.75226974487305,429.97,4032,4032,4082.25,4535.22,50.25,23.000000000000227,1.0534921041002865
29905,-73.95096588134766,40.770652770996094,-73.96417999267578,40.80266571044922,911.9,4032,4032,4050.0,4961.9,18.0,-3.410605131648481e-13,0.9999999999999997
29906,-73.97413635253906,40.78736114501953,-73.9552230834961,40.78559875488281,424.41,4033,4033,4079.09,4503.5,46.090000000000146,-1.7053025658242404e-13,0.9999999999999996
29907,-73.96713256835938,40.76355743408203,-73.96521759033203,40.75843811035156,209.8,4033,4033,-1.0,-1.0,-1,-1,0.0
29908,-73.97796630859375,40.75373840332031,-73.98114776611328,40.78794479370117,1053.56,4033,4033,-1.0,-1.0,-1,-1,0.0
29909,-73.95779418945312,40.779460906982415,-73.96707153320312,40.79536819458008,566.07,4033,4033,4068.73,4655.07,35.73000000000002,20.26999999999964,1.035808292260674
29910,-73.97769165039062,40.7534065246582,-73.97049713134766,40.75619888305664,359.1,4033,4033,-1.0,-1.0,-1,-1,0.0
29911,-73.97782135009766,40.763431549072266,-73.99523162841797,40.73379898071289,781.72,4033,4033,-1.0,-1.0,-1,-1,0.0
29912,-73.97860717773438,40.7410888671875,-73.98897552490234,40.71707153320313,699.11,4033,4033,4060.4700000000003,4818.28,27.470000000000255,58.69999999999948,1.0839638969546987
29913,-73.99877166748048,40.72563171386719,-73.96949005126955,40.757488250732415,948.95,4033,4033,-1.0,-1.0,-1,-1,0.0
29914,-73.98231506347656,40.76832580566406,-73.98515319824219,40.76857376098633,215.6,4033,4033,4086.75,4302.35,53.75,3.694822225952521e-13,1.0000000000000018
29915,-73.9432601928711,40.83642959594727,-73.95397186279298,40.82178115844727,241.76,4033,4033,4394.58,4636.34,361.5799999999999,2.2737367544323206e-13,1.0000000000000009
29916,-73.94072723388672,40.803016662597656,-73.95101928710938,40.76999282836913,707.57,4033,4033,4337.66,5045.2300000000005,304.65999999999985,5.684341886080801e-13,1.0000000000000009
29917,-73.99285888671875,40.75230026245117,-73.97531890869139,40.75647735595703,619.76,4033,4033,4056.46,4760.4800000000005,23.460000000000036,84.26000000000045,1.1359558538789216
29918,-73.96499633789062,40.76947021484375,-73.9547119140625,40.78643035888672,371.92,4034,4034,4073.83,4508.69,39.82999999999993,62.93999999999966,1.1692299419229932
29919,-73.98497009277344,40.7462158203125,-73.97864532470702,40.752742767333984,193.59,4034,4034,-1.0,-1.0,-1,-1,0.0
29920,-73.98979949951173,40.72949600219727,-73.96011352539062,40.762451171875,714.11,4034,4034,4084.56,4861.8099999999995,50.559999999999945,63.13999999999953,1.088417750766688
29921,-73.94519805908203,40.77934646606445,-73.96278381347656,40.76809310913085,504.55,4034,4034,-1.0,-1.0,-1,-1,0.0
29922,-73.97902679443358,40.7475471496582,-73.99600982666014,40.74260330200195,509.58,4034,4034,4051.87,4561.9,17.86999999999989,0.44999999999976126,1.00088308018368
29923,-74.00602722167969,40.74853897094727,-74.00531005859375,40.71746063232422,683.16,4034,4034,4056.56,4797.01,22.559999999999945,57.290000000000305,1.083860296270274
29924,-73.95602416992188,40.77972030639648,-73.98765563964845,40.74679183959961,1184.33,4034,4034,4091.76,5311.59,57.76000000000022,35.5,1.0299747536581865
29925,-73.98591613769531,40.72690200805664,-73.9716796875,40.76534652709961,983.94,4034,4034,4068.1099999999997,5052.179999999999,34.10999999999967,0.1299999999996544,1.0001321218773498
29926,-73.98812103271484,40.723854064941406,-74.00292205810547,40.73630905151367,649.46,4034,4034,4253.35,4902.81,219.35000000000036,0.0,1.0
29927,-73.9926528930664,40.73564910888672,-73.96157836914062,40.76824188232422,1083.46,4034,4034,-1.0,-1.0,-1,-1,0.0
29928,-73.99356842041014,40.747234344482415,-73.97603607177734,40.74162292480469,585.21,4034,4034,4085.03,4670.36,51.0300000000002,0.11999999999943611,1.0002050545957852
29929,-73.97335052490234,40.75777053833008,-74.00125122070312,40.725284576416016,1015.59,4034,4034,-1.0,-1.0,-1,-1,0.0
29930,-73.98223114013672,40.73618698120117,-74.00084686279298,40.743106842041016,525.37,4035,4035,4115.58,4640.95,80.57999999999993,-1.1368683772161603e-13,0.9999999999999998
29931,-73.99554443359375,40.732925415039055,-73.9905776977539,40.72359848022461,443.04,4035,4035,-1.0,-1.0,-1,-1,0.0
29932,-73.98818969726562,40.7511100769043,-73.97928619384766,40.76274108886719,335.72,4035,4035,-1.0,-1.0,-1,-1,0.0
29933,-73.97314453125,40.76407241821289,-73.97007751464845,40.79485321044922,782.94,4035,4035,-1.0,-1.0,-1,-1,0.0
29934,-73.9840316772461,40.74911880493164,-73.99163055419923,40.72642135620117,627.89,4035,4035,4071.38,4774.79,36.38000000000011,75.51999999999987,1.1202758444950547
29935,-74.0100326538086,40.73392105102539,-73.93802642822266,40.8554916381836,1542.52,4035,4035,4077.81,5620.33,42.809999999999945,0.0,1.0
29936,-73.96446228027344,40.757957458496094,-73.97318267822266,40.75146484375,415.22,4035,4035,-1.0,-1.0,-1,-1,0.0
29937,-73.99935150146483,40.73376083374024,-73.98497009277344,40.75331115722656,498.91,4035,4035,-1.0,-1.0,-1,-1,0.0
29938,-73.96324157714845,40.75817108154297,-73.9454116821289,40.775203704833984,390.9,4036,4036,4060.27,4480.75,24.269999999999982,29.58000000000004,1.0756715272448198
29939,-73.95020294189453,40.77537536621094,-73.9569320678711,40.76322555541992,346.32,4036,4036,4141.75,4488.07,105.75,-2.8421709430404007e-13,0.9999999999999992
29940,-73.96664428710938,40.75758361816406,-73.97489166259766,40.752159118652344,290.55,4036,4036,-1.0,-1.0,-1,-1,0.0
29941,-73.96333312988281,40.7569465637207,-73.97514343261719,40.74881362915039,398.17,4036,4036,4379.89,4778.0599999999995,343.8900000000003,-8.526512829121202e-13,0.9999999999999979
29942,-73.982666015625,40.73960494995117,-73.97045135498048,40.756256103515625,430.99,4036,4036,4090.72,4521.71,54.7199999999998,2.2737367544323206e-13,1.0000000000000004
29943,-73.97356414794923,40.75028610229492,-73.97674560546875,40.7642822265625,689.14,4037,4037,-1.0,-1.0,-1,-1,0.0
29944,-74.01236724853516,40.70145797729492,-73.97649383544923,40.75175094604492,800.38,4037,4037,-1.0,-1.0,-1,-1,0.0
29945,-73.9781494140625,40.757339477539055,-73.97700500488281,40.7826042175293,841.25,4037,4037,-1.0,-1.0,-1,-1,0.0
29946,-73.9529800415039,40.78609848022461,-73.96485900878906,40.75334930419922,954.59,4037,4037,-1.0,-1.0,-1,-1,0.0
29947,-73.96399688720702,40.75711059570313,-73.97537994384766,40.75217819213867,393.09,4038,4038,4096.06,4489.15,58.0600000000004,-7.389644451905042e-13,0.9999999999999981
29948,-73.96849822998048,40.76387405395508,-73.97117614746094,40.74815368652344,572.33,4038,4038,-1.0,-1.0,-1,-1,0.0
29949,-73.95066833496094,40.77055740356445,-73.9615478515625,40.76007461547852,444.52,4038,4038,4066.17,4510.69,28.170000000000073,-4.547473508864641e-13,0.999999999999999
29950,-73.9972915649414,40.74171829223633,-73.99494171142578,40.731746673583984,318.83,4038,4038,4089.34,4408.17,51.340000000000146,-5.684341886080802e-14,0.9999999999999998
29951,-73.9591293334961,40.776798248291016,-73.99437713623048,40.73728942871094,1135.35,4038,4038,-1.0,-1.0,-1,-1,0.0
29952,-73.98825073242188,40.76025390625,-74.01010131835938,40.71992874145508,1028.43,4039,4039,-1.0,-1.0,-1,-1,0.0
29953,-73.99357604980467,40.76724243164063,-73.97401428222656,40.7523193359375,959.68,4039,4039,4062.75,5055.37,23.75,32.93999999999994,1.0343239413137713
29954,-73.98950958251955,40.75672149658203,-73.98932647705078,40.767799377441406,311.43,4039,4039,4065.7200000000003,4391.35,26.720000000000255,14.200000000000102,1.0455961211187108
29955,-74.01731872558595,40.70961380004883,-73.95288848876955,40.78325653076172,1486.52,4039,4039,-1.0,-1.0,-1,-1,0.0
29956,-73.98281860351562,40.78213882446289,-73.95986938476562,40.80836868286133,533.38,4039,4039,4166.74,4700.12,127.73999999999978,1.1368683772161603e-13,1.0000000000000002
29957,-74.00944519042969,40.70625686645508,-74.00806427001955,40.74247360229492,976.55,4039,4039,-1.0,-1.0,-1,-1,0.0
29958,-73.98319244384766,40.7635612487793,-73.98082733154298,40.75239181518555,488.13,4039,4039,4074.2400000000002,4562.37,35.24000000000024,-3.410605131648481e-13,0.9999999999999993
29959,-73.9758529663086,40.75999069213867,-73.97789764404298,40.74728775024415,481.72,4039,4039,4051.1,4532.82,12.099999999999909,-2.2737367544323206e-13,0.9999999999999996
29960,-73.9922332763672,40.725196838378906,-73.987060546875,40.7298698425293,203.12,4040,4040,4062.54,4337.2,22.539999999999964,71.53999999999985,1.3522055927530516
29961,-73.98650360107422,40.76705551147461,-74.00788879394531,40.752052307128906,587.21,4040,4040,4213.29,4800.5,173.28999999999996,0.0,1.0
29962,-73.98311614990234,40.75637435913085,-74.00912475585938,40.7262077331543,986.85,4040,4040,-1.0,-1.0,-1,-1,0.0
29963,-73.98558807373048,40.75833129882813,-73.98287200927734,40.73099136352539,949.34,4040,4040,-1.0,-1.0,-1,-1,0.0
29964,-73.99153900146483,40.729759216308594,-73.96723937988281,40.7576904296875,761.21,4040,4040,-1.0,-1.0,-1,-1,0.0
29965,-73.98523712158203,40.76348876953125,-73.97154998779298,40.79474258422852,669.58,4040,4040,4074.43,4779.99,34.429999999999836,35.979999999999905,1.0537351772753067
29966,-74.00568389892578,40.73784637451172,-74.01669311523438,40.704833984375,686.42,4040,4040,-1.0,-1.0,-1,-1,0.0
29967,-73.98167419433594,40.76089477539063,-74.00261688232422,40.76067352294922,591.55,4040,4040,4097.96,4749.41,57.960000000000036,59.899999999999864,1.1012594032626148
29968,-73.97853088378906,40.75262069702149,-74.0081329345703,40.737709045410156,926.89,4040,4040,4109.21,5046.61,69.21000000000004,10.50999999999965,1.0113389938396138
29969,-73.9947967529297,40.75548553466797,-74.00776672363281,40.75153732299805,347.86,4040,4040,-1.0,-1.0,-1,-1,0.0
29970,-73.9704818725586,40.756248474121094,-73.95809936523438,40.76869583129883,358.37,4041,4041,-1.0,-1.0,-1,-1,0.0
29971,-73.9861831665039,40.7598762512207,-73.95549011230467,40.7725715637207,945.47,4041,4041,-1.0,-1.0,-1,-1,0.0
29972,-73.96369171142578,40.77526092529297,-73.99507141113281,40.7251205444336,1437.08,4041,4041,-1.0,-1.0,-1,-1,0.0
29973,-73.98640441894531,40.744407653808594,-73.96766662597656,40.75622177124024,633.68,4041,4041,-1.0,-1.0,-1,-1,0.0
29974,-73.9642105102539,40.75657653808594,-74.0008316040039,40.73079681396485,1065.77,4041,4041,4072.1,5209.13,31.09999999999991,71.26000000000022,1.0668624562522873
29975,-73.97654724121094,40.78844833374024,-73.97210693359375,40.783119201660156,216.88,4041,4041,4095.13,4312.01,54.13000000000011,1.1368683772161603e-13,1.0000000000000004
29976,-73.98956298828125,40.740631103515625,-73.98046112060547,40.73691177368164,260.5,4041,4041,-1.0,-1.0,-1,-1,0.0
29977,-73.9892578125,40.7417106628418,-73.99272155761719,40.76267623901367,664.25,4041,4041,-1.0,-1.0,-1,-1,0.0
29978,-73.9729995727539,40.763389587402344,-73.94579315185547,40.838584899902344,1246.83,4042,4042,-1.0,-1.0,-1,-1,0.0
29979,-73.98895263671875,40.73659133911133,-73.95988464355469,40.76268768310547,748.89,4042,4042,-1.0,-1.0,-1,-1,0.0
29980,-73.9993438720703,40.7440299987793,-73.98506927490234,40.738868713378906,394.83,4042,4042,-1.0,-1.0,-1,-1,0.0
29981,-73.95095825195312,40.77846908569336,-73.96581268310547,40.7741813659668,399.39,4042,4042,4325.69,4725.08,283.6899999999996,3.410605131648481e-13,1.0000000000000009
29982,-73.95865631103516,40.77238845825195,-73.93998718261719,40.79779052734375,365.4,4042,4042,4130.17,4495.57,88.17000000000007,-3.410605131648481e-13,0.9999999999999991
29983,-73.95384979248048,40.78702163696289,-73.99031066894531,40.72903823852539,1498.72,4042,4042,4070.89,5643.16,28.889999999999873,73.54999999999995,1.049075210846589
29984,-74.00898742675781,40.717063903808594,-73.98575592041014,40.739112854003906,837.87,4043,4043,4153.79,4991.66,110.78999999999996,-1.1368683772161603e-13,0.9999999999999999
29985,-73.9874267578125,40.750389099121094,-74.00505065917969,40.74158477783203,505.64,4043,4043,-1.0,-1.0,-1,-1,0.0
29986,-74.00775146484375,40.70491790771485,-73.98475646972656,40.764961242675774,1406.1,4043,4043,4066.8799999999997,5547.099999999999,23.879999999999654,74.11999999999989,1.0527131782945736
29987,-73.96622467041014,40.75779724121094,-73.97427368164062,40.75339126586913,300.79,4043,4043,4092.09,4392.88,49.090000000000146,-5.684341886080802e-14,0.9999999999999998
29988,-74.0053176879883,40.74597549438477,-73.99784088134766,40.75650024414063,183.91,4043,4043,4079.3599999999997,4263.2699999999995,36.35999999999967,-1.4210854715202004e-13,0.9999999999999992
29989,-73.98475646972656,40.768421173095696,-73.98944854736328,40.71789169311523,1669.32,4043,4043,4089.93,5793.63,46.929999999999836,34.38000000000034,1.0205952124218247
29990,-73.97822570800781,40.75445175170898,-73.98215484619139,40.77734375,778.2,4043,4043,4051.83,4894.32,8.829999999999927,64.28999999999974,1.0826137239784113
29991,-73.97285461425781,40.756511688232415,-73.97711944580078,40.76335906982422,502.67,4043,4043,-1.0,-1.0,-1,-1,0.0
29992,-73.97319793701173,40.76426315307617,-73.97984313964845,40.73651885986328,861.79,4043,4043,-1.0,-1.0,-1,-1,0.0
29993,-73.95677947998048,40.77847290039063,-73.9683609008789,40.7680892944336,395.88,4043,4043,-1.0,-1.0,-1,-1,0.0
29994,-74.00740814208984,40.74337768554688,-73.99494171142578,40.73650741577149,423.47,4043,4043,-1.0,-1.0,-1,-1,0.0
29995,-73.97994232177734,40.75494766235352,-73.95563507080078,40.77264404296875,748.09,4043,4043,-1.0,-1.0,-1,-1,0.0
29996,-74.00248718261719,40.745079040527344,-74.01113891601562,40.71559143066406,677.99,4044,4044,4055.9500000000003,4805.76,11.950000000000273,71.81999999999994,1.1059307659405004
29997,-73.99275207519531,40.74309158325195,-73.9926528930664,40.74784851074219,204.12,4044,4044,4079.86,4283.98,35.86000000000013,-5.684341886080801e-13,0.9999999999999972
29998,-73.95207977294923,40.77312850952149,-73.99011993408203,40.773738861083984,988.13,4044,4044,4091.13,5090.55,47.13000000000011,11.290000000000077,1.0114256221347395
29999,-73.99118041992188,40.714054107666016,-73.99876403808595,40.715721130371094,444.5,4044,4044,-1.0,-1.0,-1,-1,0.0
30000,-73.94629669189453,40.776649475097656,-73.95587921142578,40.76423645019531,266.28,4044,4044,4084.16,4350.44,40.159999999999854,-2.2737367544323206e-13,0.9999999999999991
30001,-73.9892578125,40.74763870239258,-73.99722290039062,40.72229385375977,861.88,4044,4044,4157.46,5019.34,113.46000000000004,1.1368683772161603e-13,1.0000000000000002
30002,-73.975341796875,40.76428985595703,-73.98693084716798,40.75584030151367,523.25,4045,4045,-1.0,-1.0,-1,-1,0.0
30003,-73.98452758789062,40.76007080078125,-73.99067687988281,40.76605224609375,343.72,4045,4045,4142.75,4486.47,97.75,2.2737367544323206e-13,1.0000000000000007
30004,-73.97914123535155,40.761173248291016,-73.96834564208984,40.7672119140625,361.5,4045,4045,-1.0,-1.0,-1,-1,0.0
30005,-73.9708251953125,40.75579452514648,-73.9808349609375,40.7735595703125,712.12,4046,4046,-1.0,-1.0,-1,-1,0.0
30006,-73.9482421875,40.78264999389648,-73.9677505493164,40.75585174560547,689.18,4046,4046,4118.29,4807.47,72.28999999999996,3.410605131648481e-13,1.0000000000000004
30007,-73.99070739746094,40.75607681274415,-73.98363494873048,40.77550888061523,480.67,4046,4046,4055.91,4631.26,9.909999999999854,94.68000000000035,1.196975055651487
30008,-73.98141479492188,40.72920608520508,-73.98703002929686,40.71535110473633,505.85,4046,4046,4050.0,4555.85,4.0,3.410605131648481e-13,1.0000000000000007
30009,-73.98186492919923,40.74638366699219,-73.99663543701173,40.72047424316406,854.89,4046,4046,-1.0,-1.0,-1,-1,0.0
30010,-73.95684814453125,40.78082275390625,-73.95090484619139,40.77768325805664,181.87,4046,4046,4095.47,4277.34,49.4699999999998,3.410605131648481e-13,1.0000000000000018
30011,-73.9793701171875,40.76176834106445,-73.98206329345702,40.77072143554688,298.29,4046,4046,-1.0,-1.0,-1,-1,0.0
30012,-73.98784637451173,40.74135208129883,-73.98909759521484,40.747955322265625,281.25,4046,4046,-1.0,-1.0,-1,-1,0.0
30013,-74.00099945068358,40.751670837402344,-73.98121643066406,40.75072860717773,573.67,4047,4047,-1.0,-1.0,-1,-1,0.0
30014,-73.98999786376955,40.741790771484375,-73.98551177978516,40.72330093383789,643.09,4047,4047,4099.7,4784.63,52.69999999999982,41.84000000000026,1.0650608779486546
30015,-73.96929168701173,40.76125717163085,-73.99311065673827,40.76848983764648,718.21,4047,4047,4085.25,4803.46,38.25,0.0,1.0
30016,-73.98374938964845,40.73788070678711,-73.97138977050781,40.754638671875,408.69,4047,4047,4052.73,4461.42,5.730000000000018,5.684341886080802e-14,1.0000000000000002
30017,-73.9778060913086,40.7667121887207,-73.98703765869139,40.75812911987305,316.79,4047,4047,-1.0,-1.0,-1,-1,0.0
30018,-74.00936126708984,40.70630645751953,-73.99198150634766,40.74419403076172,937.03,4047,4047,-1.0,-1.0,-1,-1,0.0
30019,-74.01278686523438,40.702537536621094,-73.98088836669923,40.72548294067383,654.38,4048,4048,-1.0,-1.0,-1,-1,0.0
30020,-73.97804260253906,40.75965881347656,-73.99455261230467,40.76014709472656,597.3,4048,4048,4065.99,4715.68,17.98999999999978,52.390000000000555,1.087711367821866
30021,-74.00517272949219,40.72886657714844,-73.9910888671875,40.75471878051758,639.63,4048,4048,-1.0,-1.0,-1,-1,0.0
30022,-73.98091125488281,40.76520538330078,-73.99197387695312,40.7255859375,1228.19,4048,4048,-1.0,-1.0,-1,-1,0.0
30023,-73.9609146118164,40.77532577514648,-73.97013854980467,40.799461364746094,688.81,4048,4048,-1.0,-1.0,-1,-1,0.0
30024,-74.00529479980467,40.720130920410156,-73.99877166748048,40.73469161987305,258.46,4048,4048,4187.16,4445.62,139.15999999999985,5.684341886080802e-14,1.0000000000000002
30025,-73.97380828857422,40.76330184936523,-73.96460723876955,40.775550842285156,393.52,4048,4048,-1.0,-1.0,-1,-1,0.0
30026,-73.99492645263672,40.718692779541016,-74.01387786865234,40.71489715576172,658.99,4049,4049,-1.0,-1.0,-1,-1,0.0
30027,-73.9840316772461,40.76824188232422,-73.98040771484375,40.74351119995117,1010.78,4049,4049,4085.16,5166.27,36.159999999999854,70.33000000000061,1.0695799283721488
30028,-73.99686431884766,40.73345947265625,-74.0072021484375,40.71830749511719,489.96,4049,4049,-1.0,-1.0,-1,-1,0.0
30029,-73.97886657714845,40.75061798095703,-73.99481964111328,40.74540710449219,578.89,4049,4049,-1.0,-1.0,-1,-1,0.0
30030,-73.99465942382812,40.75053024291992,-73.9531021118164,40.78343963623047,1252.17,4049,4049,4071.81,5407.94,22.809999999999945,83.95999999999958,1.0670515984251336
30031,-73.9675521850586,40.75588989257813,-73.98108673095702,40.75941848754883,558.12,4050,4050,-1.0,-1.0,-1,-1,0.0
30032,-74.00787353515625,40.75144958496094,-74.00724029541014,40.72856140136719,637.73,4050,4050,4176.21,4813.9400000000005,126.21000000000004,4.547473508864641e-13,1.0000000000000007
30033,-73.9993667602539,40.73014831542969,-74.00198364257811,40.75178146362305,624.11,4050,4050,4124.33,4748.4400000000005,74.32999999999993,5.684341886080801e-13,1.0000000000000009
30034,-74.00511169433594,40.737266540527344,-73.9929962158203,40.75469207763672,448.59,4050,4050,-1.0,-1.0,-1,-1,0.0
30035,-73.99044036865234,40.737213134765625,-73.99723052978516,40.72999954223633,340.91,4050,4050,-1.0,-1.0,-1,-1,0.0
30036,-73.97650909423827,40.7631721496582,-74.00939178466798,40.7066535949707,1494.59,4050,4050,-1.0,-1.0,-1,-1,0.0
30037,-73.9763946533203,40.75135803222656,-74.0028076171875,40.76055908203125,802.96,4050,4050,4054.56,4857.52,4.559999999999945,4.547473508864641e-13,1.0000000000000007
30038,-73.9803237915039,40.75305557250977,-73.98652648925781,40.72809600830078,652.16,4050,4050,4050.91,4739.27,0.9099999999998545,36.200000000000614,1.055507850834152
30039,-73.9740219116211,40.75437927246094,-73.99162292480467,40.72631072998047,730.89,4051,4051,-1.0,-1.0,-1,-1,0.0
30040,-74.00554656982422,40.70653533935547,-73.97283172607422,40.754261016845696,888.2,4051,4051,-1.0,-1.0,-1,-1,0.0
30041,-74.0054702758789,40.75079345703125,-73.97544860839844,40.792240142822266,795.18,4051,4051,-1.0,-1.0,-1,-1,0.0
30042,-73.9742202758789,40.74421310424805,-73.98257446289062,40.73556518554688,251.17,4051,4051,-1.0,-1.0,-1,-1,0.0
30043,-73.99867248535155,40.72380828857422,-73.99481964111328,40.753501892089844,892.88,4051,4051,4145.5,5038.38,94.5,1.1368683772161603e-13,1.0000000000000002
30044,-73.96070861816406,40.77249145507813,-73.95349884033203,40.77699279785156,256.07,4051,4051,-1.0,-1.0,-1,-1,0.0
30045,-73.95804595947266,40.7649040222168,-73.97021484375,40.78404998779297,597.46,4052,4052,4140.12,4737.58,88.11999999999989,0.0,1.0
30046,-73.96888732910156,40.76110076904297,-73.98400115966798,40.75968933105469,584.38,4052,4052,4107.12,4691.5,55.11999999999989,1.1368683772161603e-13,1.0000000000000002
30047,-74.00179290771484,40.74066925048828,-73.94863891601562,40.82915878295898,1474.61,4052,4052,-1.0,-1.0,-1,-1,0.0
30048,-74.00911712646483,40.7109603881836,-73.96492767333984,40.76405334472656,1290.72,4052,4052,-1.0,-1.0,-1,-1,0.0
30049,-73.98837280273438,40.73789596557617,-74.00167083740234,40.75210189819336,599.53,4052,4052,-1.0,-1.0,-1,-1,0.0
30050,-74.0081558227539,40.72182846069336,-74.00334930419923,40.72772216796875,212.78,4052,4052,-1.0,-1.0,-1,-1,0.0
30051,-73.97649383544923,40.75132751464844,-74.0082778930664,40.71348571777344,1101.73,4053,4053,4178.88,5280.610000000001,125.88000000000011,4.547473508864641e-13,1.0000000000000004
30052,-73.98314666748048,40.761268615722656,-74.00299835205078,40.75051498413085,671.61,4053,4053,-1.0,-1.0,-1,-1,0.0
30053,-73.96845245361328,40.762073516845696,-73.95697784423827,40.77471160888672,327.43,4053,4053,-1.0,-1.0,-1,-1,0.0
30054,-73.96900939941406,40.79825210571289,-73.93798065185547,40.85549545288085,924.49,4053,4053,-1.0,-1.0,-1,-1,0.0
30055,-74.00299835205078,40.72819900512695,-73.98219299316406,40.73994827270508,673.7,4053,4053,4226.99,4900.69,173.98999999999978,-2.2737367544323206e-13,0.9999999999999997
30056,-74.00006103515625,40.743011474609375,-74.00579071044923,40.74034118652344,213.88,4053,4053,-1.0,-1.0,-1,-1,0.0
30057,-74.01007843017578,40.72097778320313,-73.98902893066406,40.74335861206055,801.8,4053,4053,-1.0,-1.0,-1,-1,0.0
30058,-73.99842071533203,40.76180648803711,-73.96026611328125,40.762855529785156,1081.77,4053,4053,4092.42,5174.19,39.42000000000007,-4.547473508864641e-13,0.9999999999999996
30059,-73.98583984375,40.743518829345696,-73.95864868164062,40.7747917175293,889.29,4053,4053,-1.0,-1.0,-1,-1,0.0
30060,-73.9881362915039,40.76464080810547,-73.99523162841797,40.75480270385742,306.02,4053,4053,4092.7400000000002,4398.76,39.74000000000024,0.0,1.0
30061,-73.9713363647461,40.76607894897461,-73.95742797851562,40.782920837402344,392.06,4053,4053,-1.0,-1.0,-1,-1,0.0
30062,-73.99393463134766,40.736515045166016,-73.98799896240234,40.71877670288085,741.66,4054,4054,4102.75,4844.41,48.75,-1.1368683772161603e-13,0.9999999999999999
30063,-73.96443939208984,40.80744552612305,-73.9579086303711,40.76193237304688,1322.08,4054,4054,4251.68,5573.759999999999,197.6800000000003,-9.094947017729282e-13,0.9999999999999993
30064,-73.98481750488281,40.74525833129883,-73.99288177490234,40.76924133300781,849.09,4054,4054,-1.0,-1.0,-1,-1,0.0
30065,-73.9744415283203,40.75376510620117,-74.00970458984375,40.72014617919922,1158.47,4054,4054,-1.0,-1.0,-1,-1,0.0
30066,-74.001708984375,40.71967697143555,-73.98635101318358,40.744728088378906,771.21,4054,4054,-1.0,-1.0,-1,-1,0.0
30067,-73.98158264160156,40.78112030029297,-73.98027038574219,40.78982925415039,268.92,4054,4054,4140.12,4409.04,86.11999999999989,5.684341886080802e-14,1.0000000000000002
30068,-73.9953384399414,40.723976135253906,-73.9929428100586,40.7425537109375,524.13,4054,4054,4257.29,4781.42,203.28999999999996,1.1368683772161603e-13,1.0000000000000002
30069,-73.97901916503906,40.74850845336913,-73.99122619628906,40.75046157836913,432.4,4054,4054,4084.35,4516.75,30.34999999999991,1.1368683772161603e-13,1.0000000000000002
30070,-73.95921325683594,40.767444610595696,-73.97672271728516,40.74360275268555,614.56,4054,4054,4103.7,4718.26,49.69999999999982,4.547473508864641e-13,1.0000000000000007
30071,-73.97235107421875,40.756290435791016,-73.98368835449219,40.757171630859375,450.21,4054,4054,-1.0,-1.0,-1,-1,0.0
30072,-73.99391174316406,40.75123977661133,-73.94967651367188,40.778751373291016,1255.47,4055,4055,-1.0,-1.0,-1,-1,0.0
30073,-74.00756072998048,40.72610855102539,-73.98927307128906,40.762977600097656,870.68,4055,4055,-1.0,-1.0,-1,-1,0.0
30074,-73.96485900878906,40.76036834716797,-73.97782897949219,40.74217987060547,396.25,4055,4055,4087.18,4483.43,32.179999999999836,4.547473508864641e-13,1.000000000000001
30075,-73.96965789794923,40.76280975341797,-73.9615707397461,40.76678085327149,231.54,4055,4055,-1.0,-1.0,-1,-1,0.0
30076,-73.95868682861328,40.78083038330078,-74.0154571533203,40.70843124389648,1484.06,4055,4055,4095.14,5637.969999999999,40.13999999999987,58.76999999999953,1.039600824764497
30077,-74.01133728027342,40.71649932861328,-73.99211120605469,40.77053833007813,969.14,4055,4055,4208.25,5177.389999999999,153.25,-5.684341886080801e-13,0.9999999999999994
30078,-73.99803924560547,40.76110076904297,-73.99772644042969,40.73596572875977,679.03,4056,4056,-1.0,-1.0,-1,-1,0.0
30079,-73.9822006225586,40.751628875732415,-74.00587463378906,40.72625732421875,690.16,4056,4056,-1.0,-1.0,-1,-1,0.0
30080,-73.97967529296875,40.78622055053711,-73.96116638183594,40.77185821533203,648.75,4056,4056,4194.28,4843.03,138.27999999999975,0.0,1.0
30081,-74.00279235839844,40.76045608520508,-73.95752716064453,40.76168823242188,1223.3,4056,4056,4162.38,5385.68,106.38000000000011,2.2737367544323206e-13,1.0000000000000002
30082,-73.98531341552734,40.74761199951172,-74.00160217285155,40.7393684387207,467.33,4056,4056,-1.0,-1.0,-1,-1,0.0
30083,-73.98164367675781,40.78087997436523,-73.97183990478516,40.78461837768555,260.97,4056,4056,-1.0,-1.0,-1,-1,0.0
30084,-73.96260070800781,40.772926330566406,-73.97245025634766,40.78579330444336,401.32,4056,4056,4143.46,4544.78,87.46000000000004,-2.8421709430404007e-13,0.9999999999999993
30085,-73.99562072753906,40.76449966430664,-73.97631072998048,40.75672149658203,658.16,4057,4057,4108.96,4767.12,51.960000000000036,-1.1368683772161603e-13,0.9999999999999998
30086,-73.99198913574219,40.749473571777344,-73.9893798828125,40.72631072998047,718.17,4057,4057,-1.0,-1.0,-1,-1,0.0
30087,-74.01335144042969,40.71467971801758,-73.99992370605469,40.761394500732415,740.64,4057,4057,-1.0,-1.0,-1,-1,0.0
30088,-73.9876251220703,40.75917053222656,-73.98323822021484,40.72643661499024,1133.42,4057,4057,4133.8,5273.21,76.80000000000018,5.989999999999782,1.0052848899790015
30089,-73.96572875976562,40.76560974121094,-73.97933197021484,40.766788482666016,466.71,4057,4057,4105.58,4576.16,48.57999999999993,3.8699999999999477,1.0082920871633347
30090,-73.96887969970702,40.785865783691406,-73.95923614501955,40.777748107910156,282.83,4057,4057,-1.0,-1.0,-1,-1,0.0
30091,-74.00910186767578,40.716121673583984,-74.00930023193358,40.7400779724121,503.85,4058,4058,4087.71,4591.56,29.710000000000036,3.410605131648481e-13,1.0000000000000007
30092,-73.9875717163086,40.73302841186523,-73.94606018066406,40.7774543762207,973.89,4058,4058,4091.7,5145.92,33.69999999999982,80.33000000000027,1.0824836480506015
30093,-73.99128723144531,40.750343322753906,-73.98185729980467,40.763835906982415,639.81,4058,4058,-1.0,-1.0,-1,-1,0.0
30094,-73.96710205078125,40.793556213378906,-73.97955322265625,40.780269622802734,314.93,4058,4058,4117.15,4432.08,59.149999999999636,2.8421709430404007e-13,1.0000000000000009
30095,-73.99873352050781,40.7542724609375,-73.97977447509766,40.74482727050781,757.25,4058,4058,-1.0,-1.0,-1,-1,0.0
30096,-73.97298431396483,40.764251708984375,-73.98780822753906,40.779441833496094,617.7,4058,4058,-1.0,-1.0,-1,-1,0.0
30097,-73.94921875,40.781211853027344,-73.96047973632812,40.76312255859375,504.31,4058,4058,4287.36,4791.67,229.35999999999967,3.979039320256561e-13,1.0000000000000009
30098,-74.0078582763672,40.7408332824707,-74.00857543945312,40.70429611206055,844.95,4058,4058,-1.0,-1.0,-1,-1,0.0
30099,-73.97587585449219,40.76037979125977,-74.001220703125,40.73706817626953,771.76,4058,4058,-1.0,-1.0,-1,-1,0.0
30100,-73.98455810546875,40.75688934326172,-74.00491333007811,40.75035095214844,517.91,4059,4059,4080.09,4598.0,21.090000000000146,-1.1368683772161603e-13,0.9999999999999998
30101,-73.9740676879883,40.78393173217773,-73.98045349121094,40.76493835449219,520.91,4059,4059,-1.0,-1.0,-1,-1,0.0
30102,-74.00763702392578,40.74305725097656,-73.99461364746094,40.760906219482415,358.2,4059,4059,-1.0,-1.0,-1,-1,0.0
30103,-73.95354461669923,40.77099609375,-73.96678924560547,40.75413131713867,515.15,4059,4059,4187.79,4702.94,128.78999999999996,-3.410605131648481e-13,0.9999999999999993
30104,-73.96627044677734,40.76485061645508,-73.97496032714845,40.75323867797852,333.64,4059,4059,4103.12,4436.76,44.11999999999989,3.410605131648481e-13,1.000000000000001
30105,-73.98136901855469,40.78084182739258,-73.97605895996094,40.782318115234375,196.01,4059,4059,-1.0,-1.0,-1,-1,0.0
30106,-73.98126983642578,40.77099990844727,-73.98680114746094,40.72138977050781,1495.55,4059,4059,4236.7,5732.249999999999,177.69999999999982,-6.821210263296962e-13,0.9999999999999996
30107,-73.9664077758789,40.76736068725585,-73.9563980102539,40.78108978271485,305.74,4059,4059,-1.0,-1.0,-1,-1,0.0
30108,-73.98692321777342,40.77606964111328,-73.97926330566406,40.78464126586913,241.08,4059,4059,4163.42,4404.5,104.42000000000007,-8.526512829121202e-14,0.9999999999999997
30109,-73.98098754882812,40.76535415649415,-73.97188568115234,40.78188705444336,522.99,4059,4059,-1.0,-1.0,-1,-1,0.0
30110,-73.990966796875,40.74524307250977,-73.98406219482422,40.72387313842773,790.38,4060,4060,-1.0,-1.0,-1,-1,0.0
30111,-73.9917984008789,40.749824523925774,-74.00005340576173,40.72868347167969,499.9,4060,4060,4114.23,4614.13,54.22999999999956,5.684341886080801e-13,1.000000000000001
30112,-73.97566986083984,40.75511932373047,-73.94588470458984,40.79203796386719,893.14,4060,4060,-1.0,-1.0,-1,-1,0.0
30113,-73.9747085571289,40.74202346801758,-73.9919662475586,40.74907302856445,674.34,4060,4060,4201.35,4875.69,141.35000000000036,-7.958078640513122e-13,0.9999999999999988
30114,-73.95091247558595,40.785808563232415,-73.94243621826173,40.78644180297852,229.71,4060,4060,4115.7699999999995,4345.48,55.76999999999953,2.842170943040401e-14,1.0000000000000002
30115,-73.98298645019531,40.73497772216797,-73.98654174804686,40.72661209106445,206.86,4060,4060,4115.86,4322.72,55.85999999999967,5.684341886080801e-13,1.0000000000000027
30116,-73.96847534179686,40.76495742797852,-73.98326873779298,40.74460983276367,666.37,4060,4060,4100.54,4801.87,40.539999999999964,34.95999999999992,1.052463346189054
30117,-73.9558334350586,40.77706909179688,-73.98236083984375,40.771968841552734,698.41,4060,4060,-1.0,-1.0,-1,-1,0.0
30118,-73.94683074951173,40.78039932250977,-73.95755004882812,40.774620056152344,296.37,4060,4060,-1.0,-1.0,-1,-1,0.0
30119,-73.98139953613281,40.76371383666992,-73.9993438720703,40.73259735107422,864.89,4060,4060,-1.0,-1.0,-1,-1,0.0
30120,-73.99446868896483,40.73482131958008,-73.98175811767578,40.7292366027832,471.89,4060,4060,4193.33,4665.22,133.32999999999993,3.410605131648481e-13,1.0000000000000007
30121,-73.99945068359375,40.722415924072266,-74.01602935791014,40.71530532836913,557.59,4060,4060,4095.9,4726.73,35.90000000000009,73.23999999999944,1.1313509926648602
30122,-74.01589965820312,40.71480178833008,-73.97506713867188,40.791179656982415,1326.39,4060,4060,-1.0,-1.0,-1,-1,0.0
30123,-73.96489715576173,40.79167938232422,-73.95545196533203,40.77703857421875,506.56,4061,4061,-1.0,-1.0,-1,-1,0.0
30124,-73.99199676513672,40.74399948120117,-73.9784164428711,40.75262069702149,438.25,4061,4061,-1.0,-1.0,-1,-1,0.0
30125,-73.98433685302734,40.74330139160156,-74.00419616699219,40.71150588989258,1063.24,4061,4061,-1.0,-1.0,-1,-1,0.0
30126,-73.97064971923827,40.75954818725585,-73.98004913330078,40.74631881713867,334.51,4061,4061,4107.41,4441.92,46.409999999999854,2.2737367544323206e-13,1.0000000000000007
30127,-74.00450897216798,40.75208282470703,-73.9311294555664,40.86871719360352,1445.35,4061,4061,-1.0,-1.0,-1,-1,0.0
30128,-73.98873138427734,40.74605178833008,-73.99796295166014,40.71677017211913,934.59,4061,4061,-1.0,-1.0,-1,-1,0.0
30129,-73.96324157714845,40.76218032836913,-73.98230743408203,40.76776123046875,630.63,4061,4061,-1.0,-1.0,-1,-1,0.0
30130,-73.98313140869139,40.76469039916992,-73.96914672851562,40.761131286621094,482.9,4061,4061,4103.69,4586.59,42.6899999999996,5.684341886080801e-13,1.000000000000001
30131,-74.00595092773438,40.71179962158203,-73.97875213623048,40.73950958251953,987.46,4062,4062,-1.0,-1.0,-1,-1,0.0
30132,-73.97221374511719,40.75400924682617,-73.9920425415039,40.72146987915039,794.52,4062,4062,-1.0,-1.0,-1,-1,0.0
30133,-73.95408630371094,40.7755012512207,-73.9894027709961,40.77470779418945,881.46,4062,4062,-1.0,-1.0,-1,-1,0.0
30134,-73.98077392578125,40.75436782836913,-73.99080657958984,40.75098419189453,311.88,4062,4062,-1.0,-1.0,-1,-1,0.0
30135,-73.9713592529297,40.75807189941406,-73.96322631835938,40.76594543457031,271.7,4062,4062,-1.0,-1.0,-1,-1,0.0
30136,-74.00025177001955,40.742897033691406,-73.9881362915039,40.76426696777344,627.11,4062,4062,4101.71,4734.12,39.710000000000036,5.299999999999841,1.0084514678445564
30137,-73.95561981201173,40.78777694702149,-73.95891571044923,40.77484893798828,339.75,4062,4062,-1.0,-1.0,-1,-1,0.0
30138,-73.97316741943358,40.76224899291992,-73.98422241210938,40.76746368408203,354.83,4063,4063,-1.0,-1.0,-1,-1,0.0
30139,-73.95578002929686,40.77656173706055,-73.95287322998048,40.7865104675293,236.4,4063,4063,4111.43,4351.78,48.43000000000029,3.9499999999994486,1.0167089678510974
30140,-73.99073791503906,40.7454833984375,-74.00477600097656,40.72278594970703,609.91,4063,4063,-1.0,-1.0,-1,-1,0.0
30141,-73.94963836669923,40.78453063964844,-73.95674133300781,40.77654647827149,213.96,4063,4063,-1.0,-1.0,-1,-1,0.0
30142,-74.00796508789062,40.74016189575195,-73.97442626953125,40.79405975341797,1022.57,4063,4063,4153.17,5175.74,90.17000000000007,-3.410605131648481e-13,0.9999999999999997
30143,-73.97598266601562,40.74468994140625,-74.00416564941406,40.74266815185547,765.7,4063,4063,4080.14,4862.13,17.139999999999873,16.29000000000019,1.0212746506464676
30144,-73.97525024414062,40.76126098632813,-74.00369262695312,40.72248840332031,1102.35,4064,4064,-1.0,-1.0,-1,-1,0.0
30145,-73.9945068359375,40.75070190429688,-74.00953674316406,40.71507263183594,911.16,4064,4064,-1.0,-1.0,-1,-1,0.0
30146,-73.97872924804686,40.73870849609375,-73.98341369628906,40.76192855834961,932.2,4064,4064,-1.0,-1.0,-1,-1,0.0
30147,-73.9623794555664,40.77322387695313,-73.97000885009766,40.79706954956055,671.68,4064,4064,-1.0,-1.0,-1,-1,0.0
30148,-73.95999908447266,40.782142639160156,-73.98564910888672,40.77854537963867,560.36,4064,4064,4178.33,4738.69,114.32999999999993,-3.410605131648481e-13,0.9999999999999994
30149,-74.00863647460938,40.73161315917969,-73.99923706054686,40.732669830322266,414.82,4064,4064,4231.63,4646.45,167.6300000000001,-2.8421709430404007e-13,0.9999999999999993
30150,-73.99144744873048,40.770729064941406,-73.99507904052734,40.7498893737793,558.59,4064,4064,5021.2,5579.79,957.1999999999998,1.1368683772161603e-13,1.0000000000000002
30151,-73.97852325439453,40.76691818237305,-73.96505737304686,40.76386260986328,499.62,4064,4064,-1.0,-1.0,-1,-1,0.0
30152,-73.97794342041014,40.77869415283203,-73.98616790771484,40.74052047729492,1180.7,4065,4065,4114.89,5330.91,49.89000000000033,35.31999999999948,1.0299144575251964
30153,-73.95817565917969,40.78464889526367,-73.97697448730467,40.77669143676758,431.71,4065,4065,-1.0,-1.0,-1,-1,0.0
30154,-73.99114990234375,40.734806060791016,-73.98200225830078,40.73589324951172,285.04,4065,4065,4090.26,4375.3,25.26000000000022,-5.684341886080802e-14,0.9999999999999998
30155,-73.95999145507811,40.766902923583984,-73.96693420410156,40.76028060913085,319.17,4065,4065,4097.63,4416.8,32.63000000000011,5.684341886080802e-14,1.0000000000000002
30156,-73.97250366210938,40.75101089477539,-73.98361206054686,40.75843048095703,653.41,4065,4065,-1.0,-1.0,-1,-1,0.0
30157,-73.9832534790039,40.75555038452149,-73.98116302490234,40.77354049682617,557.87,4065,4065,4114.59,4703.12,49.590000000000146,30.65999999999974,1.054959040636707
30158,-73.9684066772461,40.78670883178711,-73.96288299560547,40.80414962768555,350.3,4066,4066,4104.29,4454.59,38.289999999999964,1.7053025658242404e-13,1.0000000000000004
30159,-74.0009536743164,40.723289489746094,-73.9747543334961,40.72970581054688,755.31,4066,4066,-1.0,-1.0,-1,-1,0.0
30160,-73.98375701904298,40.75606155395508,-74.00759887695312,40.74087905883789,854.82,4066,4066,4113.29,4968.11,47.289999999999964,-3.410605131648481e-13,0.9999999999999996
30161,-73.98433685302734,40.75640106201172,-73.9879379272461,40.734947204589844,630.3,4066,4066,4118.33,4748.63,52.32999999999993,2.2737367544323206e-13,1.0000000000000004
30162,-73.95973205566406,40.79856872558594,-73.96623992919923,40.76790237426758,775.88,4066,4066,4332.21,5108.09,266.21000000000004,1.1368683772161603e-13,1.0000000000000002
30163,-73.98003387451173,40.75165557861328,-73.95954895019531,40.77774429321289,661.23,4066,4066,4105.58,4827.14,39.57999999999993,60.33000000000038,1.0912390544893613
30164,-74.00524139404298,40.74570083618164,-73.97576141357422,40.73261642456055,828.75,4066,4066,-1.0,-1.0,-1,-1,0.0
30165,-73.99436950683594,40.7508659362793,-73.98255157470702,40.74236679077149,687.04,4066,4066,-1.0,-1.0,-1,-1,0.0
30166,-73.950927734375,40.782878875732415,-73.95548248291014,40.77764129638672,207.03,4067,4067,4094.02,4301.05,27.019999999999982,1.9895196601282805e-13,1.0000000000000009
30167,-73.9876708984375,40.72454452514648,-73.99559020996094,40.74089050292969,576.37,4067,4067,4153.42,4729.79,86.42000000000007,-1.1368683772161603e-13,0.9999999999999998
30168,-73.98482513427734,40.74547958374024,-74.0081558227539,40.74641036987305,731.63,4067,4067,-1.0,-1.0,-1,-1,0.0
30169,-73.99008178710938,40.74098205566406,-73.99227905273438,40.74910354614258,378.79,4067,4067,4097.13,4513.34,30.13000000000011,37.420000000000016,1.098788246785818
30170,-73.95098876953125,40.779121398925774,-73.97689056396483,40.78942108154297,608.52,4067,4067,4113.4800000000005,4722.0,46.48000000000047,-4.547473508864641e-13,0.9999999999999992
30171,-73.96886444091797,40.791053771972656,-73.9810562133789,40.77440643310547,313.75,4067,4067,-1.0,-1.0,-1,-1,0.0
30172,-73.95455169677734,40.768909454345696,-73.9745864868164,40.75391006469727,730.29,4067,4067,4103.2,4889.0,36.19999999999982,55.51000000000022,1.07601089977954
30173,-74.00189208984375,40.7506103515625,-73.99263000488281,40.74277877807617,323.47,4067,4067,-1.0,-1.0,-1,-1,0.0
30174,-73.96871185302734,40.75430679321289,-73.9859619140625,40.73123550415039,443.78,4068,4068,4213.71,4657.49,145.71000000000004,-2.2737367544323206e-13,0.9999999999999994
30175,-73.9631118774414,40.75682830810547,-73.99385833740234,40.734622955322266,854.41,4068,4068,4084.22,5009.89,16.2199999999998,71.26000000000056,1.0834025818986208
30176,-73.97412872314453,40.76409530639648,-74.00370788574219,40.73350143432617,987.04,4068,4068,-1.0,-1.0,-1,-1,0.0
30177,-73.98043823242188,40.75439834594727,-74.00656127929686,40.7198486328125,882.08,4068,4068,-1.0,-1.0,-1,-1,0.0
30178,-73.96726989746094,40.772499084472656,-73.99140167236328,40.75006103515625,918.01,4068,4068,4099.4800000000005,5017.49,31.480000000000473,-6.821210263296962e-13,0.9999999999999992
30179,-74.00224304199219,40.724159240722656,-73.98951721191406,40.75754928588867,935.76,4068,4068,-1.0,-1.0,-1,-1,0.0
30180,-73.99424743652342,40.75503921508789,-74.00588989257811,40.745201110839844,280.22,4068,4068,-1.0,-1.0,-1,-1,0.0
30181,-73.98251342773438,40.77193069458008,-73.98011779785155,40.789939880371094,455.88,4068,4068,4124.599999999999,4580.48,56.599999999999454,1.1368683772161603e-13,1.0000000000000002
30182,-73.98571014404298,40.755943298339844,-73.98796844482422,40.728736877441406,823.28,4068,4068,4117.19,4976.25,49.1899999999996,35.78000000000043,1.04346030512098
30183,-73.9832534790039,40.74333953857422,-73.97469329833984,40.751121520996094,314.9,4068,4068,-1.0,-1.0,-1,-1,0.0
30184,-73.9922866821289,40.74908065795898,-73.99137878417969,40.73981094360352,273.99,4068,4068,4122.32,4396.31,54.31999999999971,6.821210263296962e-13,1.0000000000000024
30185,-73.9957046508789,40.73872375488281,-73.98982238769531,40.75637817382813,573.92,4068,4068,-1.0,-1.0,-1,-1,0.0
30186,-73.97989654541014,40.7600212097168,-73.9789810180664,40.7446403503418,682.75,4069,4069,-1.0,-1.0,-1,-1,0.0
30187,-74.00556945800781,40.72709274291992,-73.98353576660156,40.72697067260742,643.04,4069,4069,4245.41,4888.45,176.40999999999985,0.0,1.0
30188,-73.96770477294923,40.75920867919922,-73.96401977539062,40.75374221801758,283.14,4069,4069,4115.29,4398.43,46.289999999999964,3.410605131648481e-13,1.000000000000001
30189,-73.97502136230467,40.7554931640625,-73.9793243408203,40.73694610595703,573.78,4069,4069,-1.0,-1.0,-1,-1,0.0
30190,-73.93830108642578,40.79637908935547,-73.96048736572266,40.773868560791016,515.66,4069,4069,4180.63,4696.29,111.63000000000011,-1.1368683772161603e-13,0.9999999999999998
30191,-73.97373962402342,40.75078582763672,-74.0052719116211,40.724285125732415,992.54,4070,4070,-1.0,-1.0,-1,-1,0.0
30192,-73.98220825195312,40.76866912841797,-73.94869232177734,40.796607971191406,910.92,4070,4070,4121.92,5032.84,51.92000000000007,1.1368683772161603e-13,1.0000000000000002
30193,-73.97942352294923,40.75256729125977,-73.97846984863281,40.7246208190918,788.76,4070,4070,4155.05,4949.99,85.05000000000018,6.179999999999609,1.0078350829149547
30194,-73.97879028320312,40.7619514465332,-73.99173736572266,40.73689270019531,716.85,4070,4070,-1.0,-1.0,-1,-1,0.0
30195,-73.97560119628906,40.74534606933594,-74.0026092529297,40.72861862182617,721.26,4070,4070,-1.0,-1.0,-1,-1,0.0
30196,-73.96395874023438,40.79774856567383,-73.97720336914062,40.77962112426758,301.43,4070,4070,4115.47,4416.9,45.470000000000255,-6.252776074688882e-13,0.9999999999999979
30197,-73.9820785522461,40.77459716796875,-73.9766082763672,40.78803634643555,298.8,4070,4070,-1.0,-1.0,-1,-1,0.0
30198,-73.97273254394531,40.752601623535156,-73.98428344726562,40.75709915161133,440.03,4071,4071,-1.0,-1.0,-1,-1,0.0
30199,-73.98473358154298,40.72428894042969,-73.97088623046875,40.75577926635742,725.38,4071,4071,4166.04,4891.42,95.03999999999996,1.1368683772161603e-13,1.0000000000000002
30200,-73.97532653808595,40.78730010986328,-73.9657211303711,40.80041122436523,206.87,4071,4071,4130.08,4336.95,59.07999999999993,-1.1368683772161603e-13,0.9999999999999994
30201,-73.99827575683594,40.73300552368164,-73.95168304443358,40.77096939086913,1146.32,4071,4071,4085.5499999999997,5231.87,14.549999999999727,2.2737367544323206e-13,1.0000000000000002
30202,-73.95415496826173,40.78553009033203,-73.97254180908203,40.75641250610352,781.16,4071,4071,-1.0,-1.0,-1,-1,0.0
30203,-74.00424194335938,40.75265502929688,-74.00062561035155,40.742393493652344,342.84,4071,4071,-1.0,-1.0,-1,-1,0.0
30204,-73.9517822265625,40.77204895019531,-73.97274780273438,40.793128967285156,731.66,4071,4071,4082.5299999999997,4840.99,11.529999999999745,26.800000000000068,1.0366290353442857
30205,-73.96659088134766,40.7651481628418,-73.95319366455078,40.78329849243164,469.88,4072,4072,4100.08,4569.96,28.079999999999927,1.1368683772161603e-13,1.0000000000000002
30206,-73.98810577392578,40.73469543457031,-73.99659729003906,40.7373275756836,249.63,4072,4072,4160.41,4410.04,88.40999999999985,1.1368683772161603e-13,1.0000000000000004
30207,-73.97394561767578,40.751373291015625,-73.95978546142578,40.76606369018555,447.42,4072,4072,-1.0,-1.0,-1,-1,0.0
30208,-73.97388458251955,40.75752258300781,-73.95390319824219,40.784461975097656,658.69,4072,4072,-1.0,-1.0,-1,-1,0.0
30209,-74.0038070678711,40.74277877807617,-73.98948669433594,40.72111511230469,1097.45,4072,4072,4081.68,5261.95,9.679999999999836,82.81999999999994,1.0754658526584353
30210,-74.00843811035155,40.704349517822266,-73.98552703857422,40.72711181640625,522.06,4072,4072,-1.0,-1.0,-1,-1,0.0
30211,-73.95613861083984,40.7845458984375,-73.94542694091797,40.77441787719727,460.86,4072,4072,-1.0,-1.0,-1,-1,0.0
30212,-73.95421600341797,40.76632690429688,-73.96531677246094,40.77070999145508,405.67,4072,4072,4189.67,4595.34,117.67000000000007,5.684341886080802e-14,1.0000000000000002
30213,-73.9791030883789,40.75836563110352,-73.98388671875,40.74068832397461,490.54,4073,4073,4114.18,4604.72,41.18000000000029,-5.684341886080802e-14,0.9999999999999999
30214,-73.98168182373048,40.77595901489258,-73.95891571044923,40.80978012084961,584.8,4073,4073,-1.0,-1.0,-1,-1,0.0
30215,-74.0091323852539,40.7110481262207,-73.9758071899414,40.75138854980469,1073.74,4073,4073,4117.67,5191.41,44.67000000000007,-2.2737367544323206e-13,0.9999999999999998
30216,-73.95189666748048,40.773826599121094,-73.97517395019531,40.76148223876953,778.68,4073,4073,4132.82,4911.5,59.81999999999971,3.410605131648481e-13,1.0000000000000004
30217,-73.97322845458984,40.75885391235352,-73.98754119873048,40.74441528320313,524.52,4073,4073,4101.49,4694.02,28.48999999999978,68.01000000000067,1.1296614047128817
30218,-74.00643920898438,40.73912048339844,-73.9449234008789,40.7749137878418,1588.62,4073,4073,4092.58,5733.4400000000005,19.579999999999927,52.24000000000069,1.0328838866437542
30219,-73.98986053466798,40.73537826538085,-73.98355865478516,40.74753189086913,387.25,4073,4073,4092.5,4479.75,19.5,0.0,1.0
30220,-73.99683380126955,40.74885177612305,-73.98717498779298,40.75047302246094,307.95,4073,4073,-1.0,-1.0,-1,-1,0.0
30221,-73.96814727783203,40.76528930664063,-73.96340942382812,40.756019592285156,423.45,4073,4073,4128.39,4596.38,55.39000000000033,44.53999999999979,1.1051836108159163
30222,-73.97904968261719,40.78210067749024,-73.95699310302734,40.80601119995117,568.71,4073,4073,-1.0,-1.0,-1,-1,0.0
30223,-73.9594497680664,40.774208068847656,-73.98310852050781,40.780139923095696,671.84,4073,4073,-1.0,-1.0,-1,-1,0.0
30224,-73.9894027709961,40.74189758300781,-73.99003601074219,40.71996307373047,707.38,4073,4073,4094.07,4831.56,21.070000000000164,30.11000000000024,1.0425655234810147
30225,-73.98777770996094,40.73844909667969,-73.98091888427734,40.747779846191406,285.87,4073,4073,4213.03,4498.9,140.02999999999975,-1.1368683772161603e-13,0.9999999999999996
30226,-73.99992370605469,40.73299026489258,-74.00901794433594,40.716209411621094,437.52,4074,4074,4181.41,4618.93,107.40999999999985,4.547473508864641e-13,1.000000000000001
30227,-73.97340393066406,40.76380157470703,-73.99083709716798,40.75062561035156,641.54,4074,4074,-1.0,-1.0,-1,-1,0.0
30228,-73.99195098876955,40.7441291809082,-73.98384857177734,40.725749969482415,703.55,4074,4074,4127.27,4875.47,53.27000000000044,44.649999999999864,1.0634638618435077
30229,-74.00067901611328,40.7242317199707,-73.99288940429686,40.725410461425774,295.42,4074,4074,-1.0,-1.0,-1,-1,0.0
30230,-73.96685028076173,40.77253723144531,-73.98079681396483,40.75939178466797,551.93,4074,4074,-1.0,-1.0,-1,-1,0.0
30231,-73.97313690185547,40.75784301757813,-73.95935821533203,40.77151489257813,438.19,4074,4074,-1.0,-1.0,-1,-1,0.0
30232,-73.9955825805664,40.723388671875,-74.00550079345702,40.72557067871094,358.51,4074,4074,4168.38,4526.89,94.38000000000011,2.2737367544323206e-13,1.0000000000000007
30233,-73.97046661376955,40.76451873779297,-73.9740982055664,40.78310775756836,473.5,4074,4074,-1.0,-1.0,-1,-1,0.0
30234,-73.98863220214844,40.76897048950195,-73.9533462524414,40.767478942871094,919.22,4074,4074,-1.0,-1.0,-1,-1,0.0
30235,-73.96896362304686,40.76142883300781,-73.98929595947266,40.76294708251953,685.5,4074,4074,-1.0,-1.0,-1,-1,0.0
30236,-73.97823333740234,40.75140380859375,-73.95405578613281,40.77883529663085,756.23,4074,4074,4090.56,4892.73,16.559999999999945,45.9399999999996,1.0607487140155767
30237,-74.00420379638672,40.70741653442383,-73.99666595458984,40.7235107421875,546.92,4074,4074,4530.05,5076.97,456.0500000000002,1.1368683772161603e-13,1.0000000000000002
30238,-74.00187683105469,40.72812271118164,-74.0025634765625,40.71532440185547,496.2,4074,4074,4085.55,4685.38,11.550000000000182,103.62999999999994,1.2088472390165255
30239,-74.01563262939453,40.714710235595696,-74.00586700439453,40.737659454345696,482.56,4074,4074,-1.0,-1.0,-1,-1,0.0
30240,-73.97052764892578,40.75590133666992,-73.9522476196289,40.78116989135742,511.13,4075,4075,-1.0,-1.0,-1,-1,0.0
30241,-73.98635864257811,40.75408172607422,-73.98243713378906,40.76582717895508,472.97,4075,4075,-1.0,-1.0,-1,-1,0.0
30242,-74.0099868774414,40.70331954956055,-73.99633026123048,40.76250457763672,1176.14,4075,4075,4091.76,5343.48,16.76000000000022,75.57999999999925,1.0642610573571167
30243,-73.9553985595703,40.78271484375,-73.9580535888672,40.77374267578125,296.04,4075,4075,-1.0,-1.0,-1,-1,0.0
30244,-73.97611999511719,40.74814224243164,-73.98531341552734,40.7566032409668,566.65,4075,4075,4088.74,4759.1,13.739999999999782,103.7100000000006,1.1830230300891214
30245,-73.9942398071289,40.73210144042969,-73.99244689941406,40.7487907409668,584.5,4075,4075,-1.0,-1.0,-1,-1,0.0
30246,-73.99404907226562,40.751258850097656,-73.9904556274414,40.76138305664063,380.93,4076,4076,-1.0,-1.0,-1,-1,0.0
30247,-73.99453735351562,40.75024032592773,-74.00309753417969,40.74728012084961,282.93,4076,4076,-1.0,-1.0,-1,-1,0.0
30248,-73.98674774169923,40.756023406982415,-74.00298309326173,40.73557662963867,545.4,4076,4076,4119.96,4665.36,43.960000000000036,-3.410605131648481e-13,0.9999999999999993
30249,-73.9840087890625,40.74419403076172,-73.97956848144531,40.75165939331055,257.77,4076,4076,-1.0,-1.0,-1,-1,0.0
30250,-73.97122955322266,40.76055145263672,-73.97537994384766,40.75537109375,246.58,4076,4076,4133.87,4380.45,57.86999999999989,-8.526512829121202e-14,0.9999999999999997
30251,-73.99087524414062,40.7454833984375,-73.97900390625,40.752605438232415,389.92,4076,4076,-1.0,-1.0,-1,-1,0.0
30252,-73.99044036865234,40.75556564331055,-73.9818801879883,40.7652473449707,295.01,4076,4076,4094.64,4411.4,18.639999999999873,21.749999999999773,1.0737263143622242
30253,-73.9636993408203,40.75706100463867,-73.9781723022461,40.74488067626953,476.34,4076,4076,-1.0,-1.0,-1,-1,0.0
30254,-73.9697036743164,40.76620101928711,-73.99227905273438,40.74971008300781,841.21,4076,4076,4123.79,4965.0,47.789999999999964,0.0,1.0
30255,-73.99449920654298,40.74588394165039,-73.9993438720703,40.73349380493164,280.41,4077,4077,-1.0,-1.0,-1,-1,0.0
30256,-73.99994659423827,40.72714614868164,-73.99817657470702,40.74041366577149,352.97,4077,4077,-1.0,-1.0,-1,-1,0.0
30257,-74.0126953125,40.702720642089844,-73.99904632568358,40.72794723510742,796.48,4077,4077,-1.0,-1.0,-1,-1,0.0
30258,-74.00483703613281,40.7418212890625,-73.97826385498048,40.7294921875,788.04,4077,4077,4121.69,4974.65,44.6899999999996,64.92000000000007,1.0823816049946704
30259,-73.97478485107422,40.75043869018555,-73.98572540283203,40.743370056152344,398.62,4077,4077,4210.74,4609.36,133.73999999999978,-1.1368683772161603e-13,0.9999999999999997
30260,-73.96024322509766,40.77341079711913,-73.96827697753906,40.75313949584961,650.09,4077,4077,4120.44,4770.53,43.4399999999996,1.1368683772161603e-13,1.0000000000000002
30261,-73.98719024658203,40.74470901489258,-73.9541015625,40.781639099121094,1086.5,4077,4077,-1.0,-1.0,-1,-1,0.0
30262,-73.96855163574219,40.75770950317383,-73.95471954345702,40.80506896972656,1037.73,4077,4077,-1.0,-1.0,-1,-1,0.0
30263,-73.97791290283203,40.75485610961913,-73.98153686523438,40.756431579589844,208.62,4078,4078,-1.0,-1.0,-1,-1,0.0
30264,-74.00360870361328,40.74982833862305,-74.00616455078125,40.73689270019531,378.95,4078,4078,-1.0,-1.0,-1,-1,0.0
30265,-74.00296783447266,40.728248596191406,-73.98474884033203,40.72803115844727,567.18,4078,4078,-1.0,-1.0,-1,-1,0.0
30266,-73.99103546142578,40.745418548583984,-73.94972229003906,40.7837142944336,1217.7,4078,4078,4095.99,5394.24,17.98999999999978,80.54999999999995,1.066149297856615
30267,-73.9725112915039,40.7608528137207,-73.98313903808595,40.730674743652344,885.12,4078,4078,-1.0,-1.0,-1,-1,0.0
30268,-73.97900390625,40.777549743652344,-73.97454833984375,40.76197814941406,571.48,4078,4078,4156.34,4727.82,78.34000000000015,-4.547473508864641e-13,0.9999999999999992
30269,-73.99465942382812,40.72612762451172,-73.98268127441406,40.74272537231445,517.67,4078,4078,4116.2,4692.48,38.19999999999982,58.609999999999786,1.1132188459829617
30270,-73.98689270019531,40.7454490661621,-73.97283935546875,40.74330139160156,501.91,4078,4078,-1.0,-1.0,-1,-1,0.0
30271,-73.96969604492188,40.763275146484375,-73.9951171875,40.727272033691406,959.18,4079,4079,-1.0,-1.0,-1,-1,0.0
30272,-73.9888687133789,40.72195053100585,-73.98827362060547,40.741065979003906,606.06,4079,4079,4225.46,4831.52,146.46000000000004,4.547473508864641e-13,1.0000000000000007
30273,-74.00505828857422,40.7228889465332,-73.97765350341797,40.77368927001953,1226.65,4079,4079,4102.54,5351.87,23.539999999999964,22.679999999999836,1.018489381649207
30274,-73.98168182373048,40.76628875732422,-73.96611785888672,40.7933006286621,639.04,4079,4079,-1.0,-1.0,-1,-1,0.0
30275,-73.97703552246094,40.73905944824219,-73.98461151123048,40.77985382080078,1270.33,4079,4079,4125.59,5395.92,46.590000000000146,0.0,1.0
30276,-73.992919921875,40.74766540527344,-73.94741821289062,40.82683181762695,1504.69,4079,4079,-1.0,-1.0,-1,-1,0.0
30277,-73.97936248779298,40.756690979003906,-73.95420837402342,40.770103454589844,751.24,4080,4080,-1.0,-1.0,-1,-1,0.0
30278,-74.00269317626955,40.76016616821289,-74.01603698730467,40.711326599121094,844.81,4080,4080,4162.58,5007.39,82.57999999999993,4.547473508864641e-13,1.0000000000000004
30279,-73.98907470703125,40.7553825378418,-73.99295806884766,40.73164367675781,688.27,4080,4080,4086.67,4791.03,6.670000000000073,16.08999999999969,1.0233774536155864
30280,-74.0125732421875,40.70225143432617,-73.99183654785155,40.76651382446289,1142.79,4080,4080,4502.49,5645.28,422.4899999999998,0.0,1.0
30281,-73.99250030517578,40.74874877929688,-73.97821807861328,40.7523193359375,475.75,4080,4080,-1.0,-1.0,-1,-1,0.0
30282,-73.98159790039062,40.76375961303711,-73.97695922851562,40.77468872070313,414.84,4080,4080,4122.12,4536.96,42.11999999999989,1.7053025658242404e-13,1.0000000000000004
30283,-74.00777435302734,40.72475051879883,-74.00182342529298,40.73154067993164,209.24,4080,4080,-1.0,-1.0,-1,-1,0.0
30284,-73.98158264160156,40.75328826904297,-73.993408203125,40.74000930786133,356.34,4080,4080,4095.19,4451.53,15.190000000000055,-2.8421709430404007e-13,0.9999999999999992
30285,-73.99004364013672,40.75163650512695,-73.95286560058595,40.76663589477539,1115.84,4081,4081,-1.0,-1.0,-1,-1,0.0
30286,-73.9664764404297,40.76497650146485,-73.98624420166014,40.77766799926758,674.21,4081,4081,-1.0,-1.0,-1,-1,0.0
30287,-73.97371673583984,40.76063919067383,-73.97880554199219,40.73622131347656,758.92,4081,4081,4173.17,4932.09,92.17000000000007,1.1368683772161603e-13,1.0000000000000002
30288,-73.95591735839844,40.76435089111328,-73.9715347290039,40.7442626953125,303.37,4081,4081,-1.0,-1.0,-1,-1,0.0
30289,-73.97293853759766,40.75518035888672,-73.98756408691406,40.738426208496094,438.7,4081,4081,-1.0,-1.0,-1,-1,0.0
30290,-74.00377655029298,40.75069808959961,-73.98237609863281,40.75679397583008,675.14,4081,4081,-1.0,-1.0,-1,-1,0.0
30291,-74.0041732788086,40.742347717285156,-73.97451782226562,40.75079727172852,881.88,4081,4081,-1.0,-1.0,-1,-1,0.0
30292,-73.98101043701173,40.77941131591797,-73.971435546875,40.78747177124024,226.51,4081,4081,4112.61,4339.12,31.609999999999673,2.2737367544323206e-13,1.000000000000001
30293,-74.0017852783203,40.75101852416992,-73.99476623535155,40.750389099121094,203.34,4081,4081,-1.0,-1.0,-1,-1,0.0
30294,-73.97216796875,40.75671005249024,-73.94715118408203,40.77265548706055,656.44,4082,4082,-1.0,-1.0,-1,-1,0.0
30295,-74.0047836303711,40.70830154418945,-74.01334381103516,40.71448516845703,362.99,4082,4082,-1.0,-1.0,-1,-1,0.0
30296,-74.00865173339844,40.7125244140625,-74.0056381225586,40.74099731445313,704.98,4082,4082,4126.25,4831.23,44.25,-4.547473508864641e-13,0.9999999999999993
30297,-73.97679138183594,40.73363876342773,-73.97534942626955,40.71902084350585,263.58,4082,4082,4174.17,4437.75,92.17000000000007,-5.684341886080802e-14,0.9999999999999998
30298,-73.98255920410156,40.77725601196289,-73.97119140625,40.79283905029297,278.33,4082,4082,4277.67,4556.0,195.67000000000007,-5.684341886080802e-14,0.9999999999999998
30299,-73.98609161376955,40.76218032836913,-74.00740814208984,40.74103927612305,810.59,4082,4082,-1.0,-1.0,-1,-1,0.0
30300,-73.9991683959961,40.728065490722656,-73.97191619873048,40.75141906738281,884.99,4082,4082,4188.87,5073.86,106.86999999999989,-2.2737367544323206e-13,0.9999999999999998
30301,-73.9957046508789,40.75950622558594,-73.98456573486328,40.77456665039063,265.38,4082,4082,4111.15,4376.53,29.149999999999636,1.1368683772161603e-13,1.0000000000000004
30302,-73.99041748046875,40.74058151245117,-73.9832763671875,40.7264518737793,514.88,4083,4083,4125.07,4640.7,42.06999999999971,0.7500000000001137,1.0014566500932258
30303,-73.99372100830078,40.75157165527344,-73.99620819091797,40.74045181274415,500.12,4083,4083,-1.0,-1.0,-1,-1,0.0
30304,-73.99094390869139,40.734130859375,-74.00080108642578,40.72711181640625,295.13,4083,4083,-1.0,-1.0,-1,-1,0.0
30305,-73.99163055419923,40.7502326965332,-73.98576354980467,40.75271606445313,276.5,4083,4083,-1.0,-1.0,-1,-1,0.0
30306,-73.95634460449219,40.76316833496094,-73.99085235595702,40.75079345703125,937.83,4083,4083,-1.0,-1.0,-1,-1,0.0
30307,-73.99503326416014,40.739906311035156,-74.00536346435547,40.74016571044922,324.24,4083,4083,-1.0,-1.0,-1,-1,0.0
30308,-73.96430969238281,40.77359008789063,-73.97234344482422,40.791519165039055,471.07,4083,4083,4132.59,4603.66,49.590000000000146,-2.8421709430404007e-13,0.9999999999999994
30309,-73.96800994873048,40.76238632202149,-73.9813003540039,40.74414825439453,463.71,4084,4084,4127.69,4591.4,43.6899999999996,5.684341886080802e-14,1.0000000000000002
30310,-73.96881103515625,40.76448440551758,-73.98428344726562,40.74847412109375,612.76,4084,4084,-1.0,-1.0,-1,-1,0.0
30311,-73.96331787109375,40.774280548095696,-73.94332122802734,40.777259826660156,508.18,4084,4084,-1.0,-1.0,-1,-1,0.0
30312,-73.9272232055664,40.8656120300293,-73.98020935058595,40.76746368408203,1193.23,4084,4084,4341.17,5534.4,257.1700000000001,-4.547473508864641e-13,0.9999999999999997
30313,-73.97106170654298,40.7512092590332,-73.989990234375,40.77587890625,1130.3,4084,4084,4140.46,5305.77,56.460000000000036,35.010000000000446,1.0309740776784928
30314,-73.9719467163086,40.756980895996094,-73.9801025390625,40.74599075317383,275.01,4084,4084,-1.0,-1.0,-1,-1,0.0
30315,-73.99190521240234,40.73815536499024,-73.97988891601562,40.763919830322266,837.47,4084,4084,-1.0,-1.0,-1,-1,0.0
30316,-73.9811019897461,40.765003204345696,-73.976806640625,40.75665664672852,441.0,4084,4084,-1.0,-1.0,-1,-1,0.0
30317,-73.96923828125,40.79841995239258,-73.9813003540039,40.78166198730469,356.86,4084,4084,4288.0,4644.86,204.0,-3.410605131648481e-13,0.999999999999999
30318,-73.96443939208984,40.77002334594727,-73.99226379394531,40.72499084472656,1241.52,4084,4084,-1.0,-1.0,-1,-1,0.0
30319,-73.98279571533203,40.75761413574219,-73.97123718261719,40.75286865234375,456.51,4085,4085,-1.0,-1.0,-1,-1,0.0
30320,-73.98587799072266,40.752456665039055,-73.99575805664062,40.72507858276367,735.26,4085,4085,4110.13,4845.389999999999,25.13000000000011,-6.821210263296962e-13,0.9999999999999991
30321,-73.96199798583984,40.76379013061523,-73.9805908203125,40.73040008544922,702.36,4085,4085,-1.0,-1.0,-1,-1,0.0
30322,-73.98809051513672,40.74324035644531,-73.98486328125,40.72890090942383,486.02,4085,4085,4123.01,4609.03,38.01000000000022,-4.547473508864641e-13,0.9999999999999991
30323,-73.99861145019531,40.745132446289055,-73.97843933105469,40.75293350219727,592.69,4085,4085,4207.75,4800.44,122.75,-4.547473508864641e-13,0.9999999999999992
30324,-73.99005126953125,40.77568817138672,-73.9842758178711,40.7612190246582,524.0,4085,4085,4121.92,4645.92,36.92000000000007,0.0,1.0
30325,-73.98208618164062,40.74034881591797,-73.99238586425781,40.74941635131836,548.46,4086,4086,-1.0,-1.0,-1,-1,0.0
30326,-73.96827697753906,40.7651481628418,-73.95747375488281,40.78454971313477,473.51,4086,4086,4134.49,4608.0,48.48999999999978,2.2737367544323206e-13,1.0000000000000004
30327,-73.94418334960938,40.77928161621094,-73.95294189453125,40.76916122436523,211.23,4086,4086,4271.1,4482.33,185.10000000000036,-4.263256414560601e-13,0.999999999999998
30328,-73.97164154052734,40.76055145263672,-73.9786605834961,40.751319885253906,338.83,4086,4086,-1.0,-1.0,-1,-1,0.0
30329,-74.01319122314453,40.707908630371094,-73.9925537109375,40.71413040161133,596.71,4086,4086,-1.0,-1.0,-1,-1,0.0
30330,-73.97529602050781,40.7493553161621,-73.9862289428711,40.75591278076172,478.41,4087,4087,4171.25,4649.66,84.25,-1.7053025658242404e-13,0.9999999999999997
30331,-73.9805145263672,40.73053359985352,-73.9913558959961,40.745018005371094,594.76,4087,4087,4166.91,4761.67,79.90999999999985,2.2737367544323206e-13,1.0000000000000004
30332,-73.98829650878906,40.75445938110352,-73.99978637695312,40.75069046020508,336.7,4087,4087,4209.12,4545.82,122.11999999999989,-1.7053025658242404e-13,0.9999999999999994
30333,-73.95460510253906,40.76524353027344,-73.98039245605469,40.755683898925774,864.02,4088,4088,4146.37,5010.389999999999,58.36999999999989,-4.547473508864641e-13,0.9999999999999994
30334,-73.99394989013672,40.76728057861328,-73.9892349243164,40.728492736816406,1208.01,4088,4088,-1.0,-1.0,-1,-1,0.0
30335,-74.01553344726562,40.7147331237793,-74.00638580322266,40.72578048706055,358.54,4088,4088,-1.0,-1.0,-1,-1,0.0
30336,-73.94576263427734,40.77347183227539,-73.95574951171875,40.779781341552734,301.84,4088,4088,4182.04,4483.88,94.03999999999996,1.7053025658242404e-13,1.0000000000000007
30337,-73.9641342163086,40.77366638183594,-73.9681167602539,40.787353515625,346.63,4089,4089,-1.0,-1.0,-1,-1,0.0
30338,-73.96800231933594,40.76232147216797,-74.0010757446289,40.75156021118164,1053.24,4089,4089,-1.0,-1.0,-1,-1,0.0
30339,-73.97795867919923,40.74873352050781,-73.9911117553711,40.733985900878906,382.04,4089,4089,-1.0,-1.0,-1,-1,0.0
30340,-73.9903335571289,40.7190818786621,-74.00614929199219,40.73963165283203,845.82,4089,4089,4279.96,5125.78,190.96000000000004,-3.410605131648481e-13,0.9999999999999996
30341,-73.97618103027344,40.748329162597656,-73.95693969726562,40.76828002929688,528.09,4089,4089,4122.68,4650.7699999999995,33.68000000000029,-7.958078640513122e-13,0.9999999999999984
30342,-73.96891021728516,40.76084899902344,-73.97810363769531,40.7612190246582,453.51,4089,4089,-1.0,-1.0,-1,-1,0.0
30343,-73.99408721923827,40.751243591308594,-74.0044937133789,40.7478904724121,282.8,4090,4090,-1.0,-1.0,-1,-1,0.0
30344,-73.97437286376955,40.74711608886719,-74.00526428222656,40.74065399169922,770.92,4090,4090,-1.0,-1.0,-1,-1,0.0
30345,-73.97711944580078,40.75870132446289,-74.01609802246094,40.70878982543945,1348.75,4090,4090,4110.19,5474.93,20.1899999999996,15.990000000000691,1.0118554216867475
30346,-73.9554214477539,40.77973556518555,-73.95313262939453,40.78590774536133,185.5,4090,4090,4240.91,4426.41,150.90999999999985,0.0,1.0
30347,-73.9695587158203,40.75353240966797,-73.97957611083984,40.73289108276367,506.16,4090,4090,-1.0,-1.0,-1,-1,0.0
30348,-73.98939514160156,40.74147415161133,-73.97752380371094,40.749427795410156,416.74,4090,4090,-1.0,-1.0,-1,-1,0.0
30349,-74.01300048828125,40.71597671508789,-74.0179672241211,40.709434509277344,204.88,4090,4090,-1.0,-1.0,-1,-1,0.0
30350,-73.9874267578125,40.77928924560547,-73.97124481201173,40.78358840942383,402.34,4091,4091,4127.77,4559.53,36.77000000000044,29.419999999999334,1.073122234925683
30351,-73.9920196533203,40.754219055175774,-73.96481323242188,40.764961242675774,889.2,4091,4091,4136.66,5045.41,45.659999999999854,19.549999999999955,1.0219860548807917
30352,-74.00877380371094,40.71615982055664,-73.99079132080078,40.75594711303711,885.13,4091,4091,4225.96,5111.09,134.96000000000004,1.1368683772161603e-13,1.0000000000000002
30353,-73.99308013916014,40.75524520874024,-73.98101043701173,40.78094482421875,578.6,4091,4091,-1.0,-1.0,-1,-1,0.0
30354,-73.98892211914062,40.75891876220703,-74.00470733642578,40.74185562133789,562.61,4091,4091,4170.21,4732.82,79.21000000000004,-3.410605131648481e-13,0.9999999999999994
30355,-73.98738098144531,40.73310852050781,-73.9906997680664,40.72438049316406,287.78,4091,4091,4142.45,4430.2300000000005,51.44999999999982,6.821210263296962e-13,1.0000000000000024
30356,-73.9949951171875,40.75022888183594,-73.99105834960938,40.76563262939453,444.17,4091,4091,-1.0,-1.0,-1,-1,0.0
30357,-74.00619506835938,40.734390258789055,-73.98910522460938,40.74309921264648,503.75,4092,4092,4286.91,4790.66,194.90999999999985,0.0,1.0
30358,-73.98828887939453,40.73397445678711,-73.97564697265625,40.7331657409668,371.27,4092,4092,4363.42,4734.69,271.4200000000001,-4.547473508864641e-13,0.9999999999999988
30359,-74.01634216308595,40.710350036621094,-73.99484252929686,40.756019592285156,831.93,4092,4092,-1.0,-1.0,-1,-1,0.0
30360,-73.96846008300781,40.76211929321289,-74.00108337402342,40.725685119628906,1058.3,4092,4092,-1.0,-1.0,-1,-1,0.0
30361,-74.00169372558595,40.73545455932617,-73.99190521240234,40.7401123046875,364.12,4092,4092,-1.0,-1.0,-1,-1,0.0
30362,-73.97637939453125,40.76596450805664,-73.98015594482422,40.7762565612793,366.27,4092,4092,-1.0,-1.0,-1,-1,0.0
30363,-73.9525833129883,40.77658081054688,-73.95457458496094,40.782539367675774,290.93,4093,4093,4138.0,4428.93,45.0,2.8421709430404007e-13,1.0000000000000009
30364,-73.99756622314453,40.73587036132813,-73.97830963134766,40.7294921875,552.24,4093,4093,4134.32,4735.2,41.31999999999971,48.6400000000001,1.0880776473996814
30365,-73.97128295898438,40.7561149597168,-73.9944839477539,40.72209930419922,887.16,4093,4093,-1.0,-1.0,-1,-1,0.0
30366,-74.00756072998048,40.74097442626953,-73.9869384765625,40.751670837402344,682.59,4093,4093,-1.0,-1.0,-1,-1,0.0
30367,-73.99010467529298,40.76202774047852,-73.98104858398438,40.76531219482422,308.82,4093,4093,-1.0,-1.0,-1,-1,0.0
30368,-73.97137451171875,40.76017761230469,-73.98439025878906,40.7830924987793,855.4,4093,4093,4124.94,4984.47,31.9399999999996,4.130000000000678,1.0048281505728323
30369,-73.96996307373048,40.75228118896485,-73.97341918945312,40.74359893798828,260.49,4093,4093,-1.0,-1.0,-1,-1,0.0
30370,-73.98306274414062,40.76799011230469,-73.97856903076173,40.78282928466797,383.44,4093,4093,4250.78,4634.22,157.77999999999975,5.115907697472721e-13,1.0000000000000013
30371,-73.95587158203125,40.779075622558594,-73.96307373046875,40.76926803588867,235.49,4093,4093,-1.0,-1.0,-1,-1,0.0
30372,-74.00886535644531,40.70416641235352,-74.01371765136719,40.714542388916016,366.55,4093,4093,4147.12,4513.67,54.11999999999989,1.7053025658242404e-13,1.0000000000000004
30373,-73.98097991943358,40.77981948852539,-73.9504165649414,40.775390625,707.34,4094,4094,4114.9400000000005,4822.280000000001,20.94000000000051,1.1368683772161603e-13,1.0000000000000002
30374,-73.98257446289062,40.761924743652344,-73.99665832519531,40.728382110595696,1001.56,4094,4094,-1.0,-1.0,-1,-1,0.0
30375,-73.99790954589844,40.729251861572266,-73.96505737304686,40.75932693481445,1034.84,4094,4094,-1.0,-1.0,-1,-1,0.0
30376,-73.99109649658203,40.74129867553711,-73.98635864257811,40.767337799072266,882.14,4094,4094,-1.0,-1.0,-1,-1,0.0
30377,-73.9622344970703,40.805042266845696,-73.95561218261719,40.79952621459961,275.34,4094,4094,4335.2,4610.54,241.19999999999982,1.7053025658242404e-13,1.0000000000000007
30378,-73.9542236328125,40.76422882080078,-73.94830322265625,40.7764778137207,322.87,4094,4094,-1.0,-1.0,-1,-1,0.0
30379,-73.98502349853516,40.75879287719727,-74.0077133178711,40.705177307128906,1355.1,4094,4094,4124.04,5530.24,30.039999999999964,51.09999999999991,1.0377093941406537
30380,-73.9793243408203,40.764625549316406,-73.95231628417969,40.78095626831055,794.85,4095,4095,4138.96,4933.81,43.960000000000036,3.410605131648481e-13,1.0000000000000004
30381,-73.96505737304686,40.759765625,-73.98126983642578,40.737510681152344,469.38,4095,4095,-1.0,-1.0,-1,-1,0.0
30382,-73.97518157958984,40.761882781982415,-73.98263549804686,40.75647735595703,316.09,4095,4095,4146.2,4462.29,51.19999999999982,1.7053025658242404e-13,1.0000000000000004
30383,-73.97334289550781,40.792781829833984,-73.9771957397461,40.78455352783203,244.59,4095,4095,4216.96,4461.55,121.96000000000004,1.4210854715202004e-13,1.0000000000000007
30384,-73.9955062866211,40.72681427001953,-73.98390960693358,40.74380874633789,529.95,4096,4096,4470.09,5000.04,374.09000000000015,-2.2737367544323206e-13,0.9999999999999996
30385,-73.9998550415039,40.71820831298828,-73.99148559570312,40.724605560302734,426.12,4096,4096,4189.37,4615.49,93.36999999999989,-1.1368683772161603e-13,0.9999999999999998
30386,-73.97125244140625,40.75111770629883,-73.98389434814453,40.733619689941406,311.79,4096,4096,4127.27,4439.06,31.270000000000437,-5.684341886080802e-14,0.9999999999999998
30387,-73.98138427734375,40.781005859375,-73.9895782470703,40.76264953613281,430.46,4096,4096,4124.23,4554.69,28.229999999999563,5.684341886080802e-14,1.0000000000000002
30388,-73.96761322021484,40.79304122924805,-73.9425277709961,40.81220245361328,674.62,4096,4096,4589.51,5264.13,493.5100000000002,-1.1368683772161603e-13,0.9999999999999998
30389,-73.98076629638672,40.782569885253906,-73.96993255615234,40.79814529418945,308.25,4096,4096,4327.93,4636.18,231.9300000000003,0.0,1.0
30390,-73.98011779785155,40.7486457824707,-73.97396087646483,40.76137924194336,357.81,4097,4097,-1.0,-1.0,-1,-1,0.0
30391,-73.97843933105469,40.752742767333984,-73.97417449951173,40.75947570800781,225.09,4097,4097,4149.91,4375.0,52.909999999999854,1.4210854715202004e-13,1.0000000000000007
30392,-73.99156951904298,40.74996948242188,-73.97953033447266,40.765098571777344,677.97,4097,4097,-1.0,-1.0,-1,-1,0.0
30393,-74.00738525390625,40.72621154785156,-73.99317169189453,40.73246765136719,421.08,4097,4097,-1.0,-1.0,-1,-1,0.0
30394,-74.00225067138672,40.75196075439453,-74.00687408447266,40.71107864379883,1050.84,4097,4097,-1.0,-1.0,-1,-1,0.0
30395,-73.98851776123048,40.754066467285156,-73.98582458496094,40.74662780761719,285.8,4097,4097,4153.62,4439.42,56.61999999999989,1.7053025658242404e-13,1.0000000000000007
30396,-73.97286987304686,40.75562286376953,-73.98441314697266,40.73694610595703,438.33,4097,4097,4124.83,4563.16,27.829999999999927,-5.684341886080802e-14,0.9999999999999999
30397,-73.97560882568358,40.75228118896485,-73.99822235107422,40.73297882080078,744.7,4097,4097,4131.61,4897.27,34.60999999999967,20.96000000000072,1.0281455619712645
30398,-73.95435333251955,40.76424026489258,-73.96295166015625,40.76810836791992,355.65,4097,4097,-1.0,-1.0,-1,-1,0.0
30399,-73.96611785888672,40.79497528076172,-73.97203826904298,40.7995491027832,281.12,4098,4098,4529.42,4810.54,431.4200000000001,-1.1368683772161603e-13,0.9999999999999996
30400,-73.98171997070312,40.76055908203125,-73.97783660888672,40.75849151611328,193.17,4098,4098,-1.0,-1.0,-1,-1,0.0
30401,-73.96772766113281,40.76369857788085,-73.9937515258789,40.72929382324219,899.89,4098,4098,-1.0,-1.0,-1,-1,0.0
30402,-73.99333190917969,40.74313354492188,-74.00296020507811,40.74939727783203,316.25,4098,4098,-1.0,-1.0,-1,-1,0.0
30403,-73.98931884765625,40.75128173828125,-73.94975280761719,40.78454971313477,1273.28,4098,4098,-1.0,-1.0,-1,-1,0.0
30404,-73.98475646972656,40.74504089355469,-73.98345947265625,40.754558563232415,353.89,4098,4098,-1.0,-1.0,-1,-1,0.0
30405,-73.98167419433594,40.75786209106445,-73.98807525634766,40.77743148803711,684.71,4099,4099,4131.79,4848.22,32.789999999999964,31.720000000000255,1.0463261818872227
30406,-73.9687271118164,40.765789031982415,-73.96015930175781,40.78197860717773,408.84,4099,4099,4149.88,4558.72,50.88000000000011,1.7053025658242404e-13,1.0000000000000004
30407,-73.98094940185547,40.7745246887207,-73.98279571533203,40.76791763305664,193.42,4099,4099,4129.15,4351.13,30.149999999999636,28.560000000000485,1.1476579464378063
30408,-73.98047637939453,40.74256134033203,-73.97001647949219,40.75632858276367,362.23,4099,4099,4137.67,4499.9,38.67000000000007,-4.547473508864641e-13,0.9999999999999988
30409,-73.96273040771484,40.767356872558594,-74.00918579101562,40.70930480957031,1290.69,4099,4099,4136.17,5426.86,37.17000000000007,-4.547473508864641e-13,0.9999999999999997
30410,-73.98710632324219,40.74224472045898,-73.9555435180664,40.76593399047852,846.04,4099,4099,-1.0,-1.0,-1,-1,0.0
30411,-73.98851776123048,40.76396179199219,-73.9949951171875,40.74987030029297,470.89,4100,4100,-1.0,-1.0,-1,-1,0.0
30412,-73.99095153808595,40.75088119506836,-73.9872817993164,40.72919845581055,702.38,4100,4100,-1.0,-1.0,-1,-1,0.0
30413,-73.98245239257811,40.73117065429688,-73.98806762695312,40.71900939941406,478.39,4100,4100,4110.0,4588.39,10.0,3.410605131648481e-13,1.0000000000000007
30414,-73.96800994873048,40.799819946289055,-73.95732116699219,40.81000900268555,271.43,4100,4100,4149.86,4479.15,49.85999999999967,57.85999999999996,1.2131672991194782
30415,-73.9974365234375,40.74495697021485,-74.00738525390625,40.71400833129883,754.07,4100,4100,4152.42,4906.49,52.42000000000007,-3.410605131648481e-13,0.9999999999999996
30416,-73.9720458984375,40.759925842285156,-74.00741577148438,40.74010467529297,1211.64,4100,4100,-1.0,-1.0,-1,-1,0.0
30417,-73.9617691040039,40.75971984863281,-73.9494400024414,40.776710510253906,277.03,4101,4101,4141.45,4418.48,40.44999999999982,-2.2737367544323206e-13,0.9999999999999992
30418,-73.9767074584961,40.75407409667969,-73.98562622070312,40.75770568847656,368.04,4101,4101,-1.0,-1.0,-1,-1,0.0
30419,-73.99120330810547,40.75019073486328,-73.97876739501955,40.74101257324219,578.49,4101,4101,-1.0,-1.0,-1,-1,0.0
30420,-73.95466613769531,40.77488327026367,-73.94886779785155,40.785911560058594,229.81,4101,4101,4138.37,4368.18,37.36999999999989,3.979039320256561e-13,1.0000000000000018
30421,-73.9873046875,40.736026763916016,-73.98228454589844,40.753265380859375,622.16,4102,4102,-1.0,-1.0,-1,-1,0.0
30422,-73.99127960205078,40.75010681152344,-73.98926544189453,40.73170471191406,652.82,4102,4102,4124.99,4824.58,22.98999999999978,46.770000000000095,1.0716430256425968
30423,-74.0021743774414,40.75571060180664,-73.99325561523438,40.74746322631836,370.5,4102,4102,4137.99,4508.49,35.98999999999978,0.0,1.0
30424,-73.99644470214845,40.744483947753906,-73.98751831054686,40.76060485839844,506.69,4102,4102,4127.96,4634.65,25.960000000000036,-3.979039320256561e-13,0.9999999999999992
30425,-74.00164794921875,40.74618911743164,-74.0033187866211,40.73173141479492,382.57,4102,4102,4117.58,4500.15,15.579999999999927,-2.8421709430404007e-13,0.9999999999999992
30426,-73.99337005615234,40.757137298583984,-73.98741912841797,40.74092102050781,558.08,4102,4102,4225.54,4783.62,123.53999999999996,-1.1368683772161603e-13,0.9999999999999998
30427,-73.99758911132812,40.76213073730469,-74.01644897460938,40.71664810180664,795.25,4102,4102,4123.71,4918.96,21.710000000000036,0.0,1.0
30428,-73.97921752929686,40.74034118652344,-73.98316955566406,40.726505279541016,310.4,4103,4103,4152.89,4525.01,49.89000000000033,61.719999999999914,1.1988402061855667
30429,-73.9640884399414,40.761394500732415,-73.95191192626955,40.78548431396485,498.17,4103,4103,-1.0,-1.0,-1,-1,0.0
30430,-74.0076904296875,40.70534896850585,-73.96434020996094,40.76726913452149,1189.35,4103,4103,-1.0,-1.0,-1,-1,0.0
30431,-73.9820785522461,40.76047134399415,-73.95684051513672,40.778228759765625,900.15,4103,4103,-1.0,-1.0,-1,-1,0.0
30432,-73.98757934570312,40.738243103027344,-73.96421813964844,40.75632095336913,598.78,4103,4103,-1.0,-1.0,-1,-1,0.0
30433,-73.9852523803711,40.74426651000977,-73.97013854980467,40.76144027709961,524.85,4103,4103,-1.0,-1.0,-1,-1,0.0
30434,-74.00993347167969,40.70608139038085,-74.01528930664062,40.71585083007813,489.33,4103,4103,-1.0,-1.0,-1,-1,0.0
30435,-74.00900268554686,40.704383850097656,-73.98169708251955,40.753849029541016,1054.54,4103,4103,-1.0,-1.0,-1,-1,0.0
30436,-73.97821044921875,40.78334426879883,-73.97338104248048,40.79273986816406,189.1,4103,4103,4118.59,4307.6900000000005,15.590000000000146,3.694822225952521e-13,1.000000000000002
30437,-73.98291015625,40.77181243896485,-73.95328521728516,40.785404205322266,839.07,4103,4103,4128.93,5009.4800000000005,25.93000000000029,41.48000000000013,1.0494356847462072
30438,-74.00254821777344,40.719871520996094,-74.01150512695312,40.71463394165039,402.96,4104,4104,4328.59,4731.55,224.59000000000015,5.684341886080802e-14,1.0000000000000002
30439,-73.97679138183594,40.76497268676758,-73.95601654052734,40.76953125,631.39,4104,4104,4156.39,4787.78,52.39000000000033,-5.684341886080801e-13,0.9999999999999991
30440,-73.98992919921875,40.72563934326172,-74.0038070678711,40.72087097167969,502.3,4104,4104,4326.38,4828.68,222.3800000000001,1.7053025658242404e-13,1.0000000000000004
30441,-74.00691223144531,40.74876022338867,-73.9947967529297,40.75007629394531,306.26,4104,4104,-1.0,-1.0,-1,-1,0.0
30442,-73.99192047119139,40.754432678222656,-73.99057006835938,40.73135757446289,793.6,4104,4104,-1.0,-1.0,-1,-1,0.0
30443,-73.96719360351562,40.76362228393555,-73.97232818603516,40.746376037597656,554.51,4104,4104,4114.82,4731.46,10.819999999999709,62.13000000000034,1.1120448684424091
30444,-73.97351837158203,40.78961563110352,-73.96954345703125,40.80123519897461,237.81,4104,4104,4116.07,4444.62,12.069999999999709,90.74000000000018,1.3815651150077801
30445,-74.00623321533203,40.73965835571289,-73.99320983886719,40.738380432128906,418.2,4104,4104,-1.0,-1.0,-1,-1,0.0
30446,-73.97822570800781,40.74833297729492,-73.98844146728516,40.74302291870117,318.5,4104,4104,4112.63,4462.88,8.63000000000011,31.75,1.0996860282574568
30447,-73.9725570678711,40.758785247802734,-73.95340728759766,40.785194396972656,617.49,4105,4105,-1.0,-1.0,-1,-1,0.0
30448,-73.99210357666014,40.738563537597656,-73.9867935180664,40.74769592285156,390.29,4105,4105,-1.0,-1.0,-1,-1,0.0
30449,-74.00748443603516,40.74811935424805,-73.9797592163086,40.78390884399415,731.78,4105,4105,-1.0,-1.0,-1,-1,0.0
30450,-73.99578094482422,40.76441192626953,-73.98405456542969,40.76811218261719,270.33,4105,4105,4221.43,4491.76,116.43000000000029,-5.684341886080802e-14,0.9999999999999998
30451,-73.97716522216798,40.73263168334961,-73.95614624023438,40.76358413696289,619.62,4105,4105,4151.18,4770.8,46.18000000000029,-1.1368683772161603e-13,0.9999999999999998
30452,-73.99360656738281,40.74172973632813,-73.9922332763672,40.7252082824707,605.42,4105,4105,4115.03,4720.45,10.029999999999745,1.1368683772161603e-13,1.0000000000000002
30453,-73.96134185791014,40.76475524902344,-73.97602844238281,40.7447509765625,515.39,4105,4105,4126.79,4642.18,21.789999999999964,3.410605131648481e-13,1.0000000000000007
30454,-73.99937438964845,40.72488021850585,-73.99474334716798,40.73312759399415,349.79,4106,4106,4318.33,4668.12,212.32999999999993,-5.684341886080802e-14,0.9999999999999999
30455,-73.99540710449219,40.76470947265625,-73.97837829589844,40.76493835449219,509.53,4106,4106,-1.0,-1.0,-1,-1,0.0
30456,-73.96929931640625,40.75763320922852,-74.0115509033203,40.71450424194336,1310.29,4106,4106,4144.42,5506.67,38.42000000000007,51.960000000000036,1.0396553434735822
30457,-73.9894790649414,40.73039627075195,-73.99156188964845,40.7490234375,703.09,4106,4106,4316.12,5019.21,210.1199999999999,1.1368683772161603e-13,1.0000000000000002
30458,-73.98442840576173,40.76478576660156,-73.97034454345702,40.78378677368164,430.4,4106,4106,4131.72,4562.12,25.720000000000255,-3.410605131648481e-13,0.9999999999999992
30459,-73.9783935546875,40.75438690185547,-73.9709701538086,40.75598907470703,303.8,4106,4106,-1.0,-1.0,-1,-1,0.0
30460,-74.00804138183594,40.747474670410156,-73.9700927734375,40.80153274536133,842.0,4106,4106,-1.0,-1.0,-1,-1,0.0
30461,-73.9506607055664,40.77930068969727,-73.9695587158203,40.753761291503906,677.4,4106,4106,4163.75,4841.15,57.75,-3.410605131648481e-13,0.9999999999999994
30462,-74.00244903564453,40.721458435058594,-73.99210357666014,40.72134017944336,498.75,4107,4107,4123.29,4622.04,16.289999999999964,0.0,1.0
30463,-73.992431640625,40.75875473022461,-74.01025390625,40.713714599609375,979.29,4107,4107,-1.0,-1.0,-1,-1,0.0
30464,-74.01705932617188,40.70891189575195,-73.9749755859375,40.7328987121582,672.21,4107,4107,-1.0,-1.0,-1,-1,0.0
30465,-73.986572265625,40.7305908203125,-73.9991683959961,40.730064392089844,377.95,4107,4107,4149.29,4527.24,42.289999999999964,-1.7053025658242404e-13,0.9999999999999996
30466,-73.9583282470703,40.7779426574707,-73.97177124023438,40.76507568359375,462.67,4107,4107,-1.0,-1.0,-1,-1,0.0
30467,-73.986328125,40.74047470092773,-73.99222564697266,40.749412536621094,440.87,4107,4107,-1.0,-1.0,-1,-1,0.0
30468,-73.98819732666014,40.748939514160156,-73.98658752441406,40.76148986816406,426.61,4107,4107,4125.46,4552.07,18.460000000000036,-3.410605131648481e-13,0.9999999999999992
30469,-73.97479248046875,40.79074096679688,-73.96537780761719,40.774681091308594,500.22,4107,4107,4164.46,4664.68,57.460000000000036,2.2737367544323206e-13,1.0000000000000004
30470,-74.0166015625,40.71497344970703,-74.00735473632812,40.74325942993164,436.56,4107,4107,-1.0,-1.0,-1,-1,0.0
30471,-73.98351287841797,40.7606315612793,-73.95570373535155,40.776531219482415,894.92,4108,4108,-1.0,-1.0,-1,-1,0.0
30472,-74.01142120361328,40.715126037597656,-74.00638580322266,40.73512649536133,447.32,4108,4108,-1.0,-1.0,-1,-1,0.0
30473,-73.98712158203125,40.75060272216797,-73.98287963867188,40.760032653808594,320.34,4108,4108,-1.0,-1.0,-1,-1,0.0
30474,-73.97682189941406,40.76105117797852,-73.99091339111328,40.750831604003906,523.26,4108,4108,-1.0,-1.0,-1,-1,0.0
30475,-73.99524688720702,40.744644165039055,-73.98457336425781,40.72733688354492,621.39,4109,4109,4153.46,4804.96,44.460000000000036,30.110000000000014,1.0484558811696358
30476,-73.98145294189453,40.74971389770508,-73.97721099853516,40.759178161621094,309.8,4109,4109,4156.03,4465.83,47.029999999999745,1.7053025658242404e-13,1.0000000000000004
30477,-73.95352935791014,40.78238296508789,-73.99540710449219,40.7490234375,1377.25,4109,4109,4491.12,5868.37,382.1199999999999,0.0,1.0
30478,-74.0076675415039,40.751766204833984,-74.00728607177734,40.74133682250977,455.42,4109,4109,-1.0,-1.0,-1,-1,0.0
30479,-73.98150634765625,40.76468276977539,-73.98479461669923,40.759666442871094,186.54,4109,4109,-1.0,-1.0,-1,-1,0.0
30480,-73.9700469970703,40.76457595825195,-73.95887756347656,40.77482604980469,334.05,4109,4109,4157.84,4491.89,48.840000000000146,1.7053025658242404e-13,1.0000000000000004
30481,-73.96858978271484,40.76308059692383,-73.95524597167969,40.77697372436523,386.02,4109,4109,-1.0,-1.0,-1,-1,0.0
30482,-73.97940826416014,40.76191711425781,-73.98628234863281,40.74957656860352,596.47,4109,4109,-1.0,-1.0,-1,-1,0.0
30483,-73.97899627685547,40.76275253295898,-73.97177124023438,40.794654846191406,785.57,4110,4110,-1.0,-1.0,-1,-1,0.0
30484,-73.99679565429686,40.73727035522461,-73.97702026367188,40.72675323486328,632.41,4110,4110,4155.55,4787.96,45.55000000000018,-1.1368683772161603e-13,0.9999999999999998
30485,-73.98139953613281,40.7808723449707,-73.9718246459961,40.784610748291016,260.97,4110,4110,4270.12,4531.09,160.1199999999999,2.2737367544323206e-13,1.0000000000000009
30486,-73.9847183227539,40.742279052734375,-73.99224853515625,40.74930953979492,422.3,4110,4110,4181.04,4603.34,71.03999999999996,1.7053025658242404e-13,1.0000000000000004
30487,-74.00142669677734,40.74140548706055,-74.00360870361328,40.750732421875,251.82,4110,4110,4169.99,4421.81,59.98999999999978,6.252776074688882e-13,1.0000000000000024
30488,-73.95661926269531,40.77140808105469,-73.96750640869139,40.77226257324219,350.1,4110,4110,-1.0,-1.0,-1,-1,0.0
30489,-74.00768280029298,40.74067687988281,-74.01182556152342,40.715156555175774,554.54,4110,4110,-1.0,-1.0,-1,-1,0.0
30490,-74.00173950195312,40.74079132080078,-73.98139190673827,40.73410034179688,608.74,4110,4110,4165.65,4774.39,55.649999999999636,6.821210263296962e-13,1.000000000000001
30491,-73.9531021118164,40.771766662597656,-73.9597396850586,40.77116775512695,243.38,4110,4110,4168.47,4411.85,58.470000000000255,1.1368683772161603e-13,1.0000000000000004
30492,-73.95578002929686,40.78535079956055,-73.9457778930664,40.798683166503906,233.3,4110,4110,4157.5,4390.8,47.5,1.7053025658242404e-13,1.0000000000000007
30493,-73.98483276367188,40.751708984375,-74.00064849853516,40.73069381713867,589.25,4111,4111,-1.0,-1.0,-1,-1,0.0
30494,-73.99413299560547,40.746185302734375,-74.00462341308595,40.71933364868164,606.23,4111,4111,-1.0,-1.0,-1,-1,0.0
30495,-73.95452880859375,40.77885818481445,-73.97940826416014,40.78480529785156,564.75,4111,4111,4369.53,4934.280000000001,258.52999999999975,9.094947017729282e-13,1.0000000000000016
30496,-73.97354888916014,40.76367950439453,-73.97844696044923,40.75119018554688,461.21,4111,4111,-1.0,-1.0,-1,-1,0.0
30497,-74.00735473632812,40.74364471435547,-73.99766540527344,40.72478103637695,759.83,4112,4112,-1.0,-1.0,-1,-1,0.0
30498,-73.97310638427734,40.75276184082031,-73.94877624511719,40.83435821533203,1654.36,4112,4112,-1.0,-1.0,-1,-1,0.0
30499,-73.98065185546875,40.785320281982415,-73.9812774658203,40.77410125732422,317.56,4112,4112,4160.5,4478.06,48.5,3.979039320256561e-13,1.0000000000000013
30500,-73.96142578125,40.77155303955078,-73.95952606201173,40.78032302856445,275.96,4112,4112,-1.0,-1.0,-1,-1,0.0
30501,-73.99056243896483,40.77162551879883,-73.9847412109375,40.75963973999024,456.95,4112,4112,5012.21,5469.16,900.21,-1.7053025658242404e-13,0.9999999999999997
30502,-73.99142456054686,40.750431060791016,-73.98726654052734,40.736663818359375,483.52,4112,4112,-1.0,-1.0,-1,-1,0.0
30503,-74.01124572753906,40.703067779541016,-73.95208740234375,40.769081115722656,1039.83,4113,4113,4322.21,5362.04,209.21000000000004,0.0,1.0
30504,-73.98267364501955,40.77143478393555,-73.99859619140625,40.724754333496094,1384.34,4113,4113,-1.0,-1.0,-1,-1,0.0
30505,-73.9458999633789,40.7774658203125,-73.98995971679686,40.73358917236328,1067.61,4113,4113,4246.49,5314.1,133.48999999999978,6.821210263296962e-13,1.0000000000000007
30506,-73.96511840820312,40.759437561035156,-73.99198150634766,40.749122619628906,893.44,4113,4113,-1.0,-1.0,-1,-1,0.0
30507,-73.99755859375,40.73619842529297,-73.9832992553711,40.75109100341797,505.08,4113,4113,-1.0,-1.0,-1,-1,0.0
30508,-73.98187255859375,40.7681884765625,-73.98020935058595,40.783451080322266,372.02,4113,4113,4147.04,4519.0599999999995,34.039999999999964,-4.547473508864641e-13,0.9999999999999988
30509,-73.96900177001955,40.758392333984375,-73.96196746826173,40.76371765136719,223.54,4113,4113,-1.0,-1.0,-1,-1,0.0
30510,-73.98212432861328,40.76861190795898,-73.98973083496094,40.75264358520508,568.15,4113,4113,-1.0,-1.0,-1,-1,0.0
30511,-73.9820327758789,40.774600982666016,-73.98197174072266,40.76557922363281,282.4,4113,4113,-1.0,-1.0,-1,-1,0.0
30512,-73.98375701904298,40.73196029663085,-73.97761535644531,40.764514923095696,1063.53,4114,4114,4304.29,5367.820000000001,190.28999999999996,6.821210263296962e-13,1.0000000000000007
30513,-73.969970703125,40.79965591430664,-73.99163055419923,40.7743034362793,580.72,4114,4114,4161.71,4742.43,47.710000000000036,2.2737367544323206e-13,1.0000000000000004
30514,-74.0052032470703,40.72130584716797,-73.99430847167969,40.7396354675293,335.87,4114,4114,-1.0,-1.0,-1,-1,0.0
30515,-74.00393676757811,40.74267578125,-74.00712585449219,40.707115173339844,1056.08,4114,4114,-1.0,-1.0,-1,-1,0.0
30516,-73.98271179199219,40.771751403808594,-73.9491958618164,40.78815841674805,923.14,4114,4114,4168.58,5091.72,54.57999999999993,3.410605131648481e-13,1.0000000000000004
30517,-73.99427795410156,40.75090026855469,-74.00330352783203,40.7418212890625,311.77,4114,4114,-1.0,-1.0,-1,-1,0.0
30518,-73.9911880493164,40.73943328857422,-73.98973846435547,40.7471923828125,263.96,4114,4114,-1.0,-1.0,-1,-1,0.0
30519,-73.97648620605469,40.75931167602539,-73.96440887451173,40.77055358886719,482.1,4114,4114,-1.0,-1.0,-1,-1,0.0
30520,-73.99880981445312,40.73466873168945,-73.99480438232422,40.71625900268555,779.9,4114,4114,4238.0,5017.9,124.0,-3.410605131648481e-13,0.9999999999999996
30521,-73.9967269897461,40.76346969604492,-73.95927429199219,40.763519287109375,983.04,4115,4115,4293.51,5276.55,178.51000000000022,0.0,1.0
30522,-73.97933959960938,40.73564910888672,-73.97793579101562,40.71565246582031,357.41,4115,4115,-1.0,-1.0,-1,-1,0.0
30523,-73.98014831542969,40.7490234375,-73.9826431274414,40.756107330322266,338.02,4115,4115,-1.0,-1.0,-1,-1,0.0
30524,-74.00076293945312,40.7208366394043,-74.00809478759766,40.71672439575195,277.13,4115,4115,4210.46,4487.59,95.46000000000004,1.1368683772161603e-13,1.0000000000000004
30525,-73.99195861816406,40.74432373046875,-73.9768295288086,40.74741744995117,489.2,4115,4115,4152.8,4659.05,37.80000000000018,17.05000000000001,1.0348528209321342
30526,-73.9820556640625,40.75894546508789,-73.98271179199219,40.723045349121094,1124.02,4116,4116,-1.0,-1.0,-1,-1,0.0
30527,-74.00615692138672,40.70600891113281,-73.97776794433594,40.78401947021485,1553.92,4116,4116,4211.92,5765.840000000001,95.92000000000007,9.094947017729282e-13,1.0000000000000007
30528,-73.99072265625,40.740058898925774,-73.98725128173827,40.72927856445313,426.44,4116,4116,4163.55,4629.59,47.55000000000018,39.599999999999966,1.0928618328487008
30529,-73.97457122802734,40.76501846313477,-73.97205352783203,40.79687881469727,835.44,4116,4116,-1.0,-1.0,-1,-1,0.0
30530,-73.99275970458984,40.76336288452149,-73.97816467285155,40.75421524047852,627.33,4117,4117,4169.82,4859.72,52.81999999999971,62.570000000000505,1.099740168651269
30531,-73.95870971679686,40.775047302246094,-73.9655990600586,40.76523208618164,260.74,4117,4117,4151.3,4412.04,34.30000000000018,-2.2737367544323206e-13,0.9999999999999991
30532,-73.9913330078125,40.75032424926758,-73.98808288574219,40.728111267089844,700.71,4117,4117,-1.0,-1.0,-1,-1,0.0
30533,-73.99298095703125,40.75532913208008,-73.99505615234375,40.74479675292969,434.56,4117,4117,-1.0,-1.0,-1,-1,0.0
30534,-73.97651672363281,40.775333404541016,-73.95633697509766,40.77804565429688,506.22,4117,4117,-1.0,-1.0,-1,-1,0.0
30535,-73.96849060058595,40.76193237304688,-73.98692321777342,40.74495315551758,627.38,4117,4117,4146.31,4773.69,29.3100000000004,-7.958078640513122e-13,0.9999999999999988
30536,-73.99331665039062,40.72806167602539,-73.98800659179686,40.73788070678711,252.49,4117,4117,4224.75,4477.24,107.75,-2.2737367544323206e-13,0.9999999999999991
30537,-74.00685119628906,40.71845626831055,-73.97577667236328,40.75813674926758,1152.26,4117,4117,-1.0,-1.0,-1,-1,0.0
30538,-74.01719665527344,40.70512771606445,-74.00115203857422,40.76272201538085,933.88,4117,4117,-1.0,-1.0,-1,-1,0.0
30539,-73.9642105102539,40.75651931762695,-73.9786148071289,40.77745056152344,836.98,4117,4117,4145.86,5029.71,28.859999999999673,46.870000000000346,1.0559989486009227
30540,-73.9732437133789,40.76211929321289,-73.97584533691406,40.79224395751953,822.47,4118,4118,4141.92,5056.62,23.920000000000073,92.22999999999979,1.1121378287353942
30541,-73.98150634765625,40.736473083496094,-73.96773529052734,40.760501861572266,653.07,4118,4118,4195.37,4848.44,77.36999999999989,-3.410605131648481e-13,0.9999999999999994
30542,-74.0063247680664,40.73309326171875,-74.00533294677734,40.718353271484375,479.21,4118,4118,4197.66,4703.2,79.65999999999985,26.329999999999984,1.0549445963147681
30543,-73.9598159790039,40.7738151550293,-73.94485473632812,40.77896499633789,415.81,4118,4118,-1.0,-1.0,-1,-1,0.0
30544,-74.00007629394531,40.7430076599121,-73.98988342285155,40.76134490966797,585.16,4118,4118,4141.59,4728.53,23.590000000000146,1.7799999999996317,1.0030419030692455
30545,-73.99156188964845,40.744346618652344,-74.00408935546875,40.7427864074707,312.7,4118,4118,-1.0,-1.0,-1,-1,0.0
30546,-73.98705291748048,40.74704360961913,-73.99563598632812,40.75930786132813,607.57,4118,4118,4258.37,4865.9400000000005,140.3699999999999,5.684341886080801e-13,1.0000000000000009
30547,-73.96681213378906,40.76252365112305,-73.98098754882812,40.77421188354492,565.53,4119,4119,-1.0,-1.0,-1,-1,0.0
30548,-73.98307037353516,40.76029968261719,-73.9833984375,40.73452758789063,886.42,4119,4119,-1.0,-1.0,-1,-1,0.0
30549,-74.00588989257811,40.71472549438477,-73.9876480102539,40.74996948242188,778.61,4119,4119,4247.2,5025.8099999999995,128.19999999999982,-3.410605131648481e-13,0.9999999999999996
30550,-73.98699951171875,40.75088119506836,-73.97840881347656,40.76344299316406,325.02,4119,4119,-1.0,-1.0,-1,-1,0.0
30551,-73.96695709228516,40.793758392333984,-73.97306823730467,40.748779296875,1291.06,4119,4119,4412.14,5703.200000000001,293.1400000000003,4.547473508864641e-13,1.0000000000000004
30552,-73.99234008789062,40.75500869750977,-73.97853851318358,40.7539176940918,412.14,4119,4119,-1.0,-1.0,-1,-1,0.0
30553,-73.99047088623048,40.746971130371094,-73.97922515869139,40.75623321533203,408.76,4119,4119,4186.54,4595.3,67.53999999999996,2.2737367544323206e-13,1.0000000000000007
30554,-73.96868896484375,40.76266098022461,-74.00804901123048,40.7227897644043,1399.69,4119,4119,-1.0,-1.0,-1,-1,0.0
30555,-73.99662017822266,40.763431549072266,-73.99288940429686,40.73894882202149,718.94,4119,4119,-1.0,-1.0,-1,-1,0.0
30556,-73.96073150634766,40.77599334716797,-73.96817016601562,40.78741455078125,345.01,4119,4119,4178.22,4523.23,59.220000000000255,-6.821210263296962e-13,0.999999999999998
30557,-73.99689483642578,40.73714447021485,-73.98389434814453,40.71308517456055,966.48,4120,4120,4150.83,5122.58,30.829999999999927,5.269999999999982,1.0054527770879893
30558,-73.97767639160156,40.75786972045898,-73.98530578613281,40.7373161315918,579.59,4120,4120,4156.52,4736.11,36.52000000000044,-7.958078640513122e-13,0.9999999999999987
30559,-73.94440460205078,40.77949142456055,-73.97362518310547,40.73805618286133,677.48,4121,4121,4180.94,4873.63,59.9399999999996,15.210000000000491,1.0224508472574843
30560,-73.99630737304686,40.73704147338867,-74.00719451904298,40.740821838378906,323.75,4121,4121,-1.0,-1.0,-1,-1,0.0
30561,-73.98685455322266,40.739124298095696,-73.99700927734375,40.74224472045898,340.03,4121,4121,-1.0,-1.0,-1,-1,0.0
30562,-73.97833251953125,40.73697280883789,-73.98262023925781,40.7771873474121,1194.66,4121,4121,-1.0,-1.0,-1,-1,0.0
30563,-73.98303985595702,40.76689147949219,-73.97189331054686,40.78165054321289,349.78,4121,4121,4176.83,4526.61,55.82999999999993,-2.2737367544323206e-13,0.9999999999999993
30564,-73.99407958984375,40.76666641235352,-73.99514770507811,40.74958801269531,490.84,4121,4121,-1.0,-1.0,-1,-1,0.0
30565,-73.9700927734375,40.761905670166016,-73.98370361328125,40.77434921264648,554.79,4121,4121,4170.35,4725.14,49.350000000000364,0.0,1.0
30566,-73.98779296875,40.74396133422852,-73.98883056640625,40.756736755371094,522.75,4121,4121,-1.0,-1.0,-1,-1,0.0
30567,-73.96109008789062,40.764930725097656,-73.97419738769531,40.77876281738281,613.19,4122,4122,4171.64,4784.83,49.64000000000033,-4.547473508864641e-13,0.9999999999999992
30568,-74.00128173828125,40.73119354248047,-74.0037841796875,40.737213134765625,279.05,4122,4122,4184.17,4463.22,62.17000000000007,1.7053025658242404e-13,1.0000000000000007
30569,-73.97511291503906,40.75563049316406,-73.9700469970703,40.76631164550781,328.11,4122,4122,-1.0,-1.0,-1,-1,0.0
30570,-73.95124053955078,40.77777099609375,-73.9593734741211,40.774261474609375,223.13,4122,4122,4183.58,4406.71,61.57999999999993,1.1368683772161603e-13,1.0000000000000004
30571,-73.97173309326173,40.787296295166016,-73.96898651123048,40.79935836791992,251.18,4122,4122,4282.42,4533.6,160.42000000000007,2.8421709430404007e-13,1.000000000000001
30572,-73.99410247802734,40.75140380859375,-73.9703598022461,40.75641250610352,807.67,4122,4122,-1.0,-1.0,-1,-1,0.0
30573,-74.0083999633789,40.74639892578125,-73.9908218383789,40.718170166015625,1202.8,4122,4122,-1.0,-1.0,-1,-1,0.0
30574,-73.96090698242188,40.76951599121094,-73.95625305175781,40.763347625732415,261.16,4122,4122,4168.53,4429.6900000000005,46.529999999999745,7.389644451905042e-13,1.0000000000000029
30575,-73.98858642578125,40.76004028320313,-73.97869873046875,40.77233123779297,292.52,4122,4122,-1.0,-1.0,-1,-1,0.0
30576,-73.98540496826173,40.76350784301758,-73.98844146728516,40.77903747558594,441.67,4123,4123,-1.0,-1.0,-1,-1,0.0
30577,-74.00444030761719,40.71651077270508,-74.0022964477539,40.70891189575195,353.54,4123,4123,-1.0,-1.0,-1,-1,0.0
30578,-73.99408721923827,40.75128173828125,-73.9740982055664,40.7506103515625,649.74,4123,4123,-1.0,-1.0,-1,-1,0.0
30579,-73.97083282470702,40.751949310302734,-73.9816665649414,40.7368392944336,284.75,4123,4123,4269.29,4554.04,146.28999999999996,0.0,1.0
30580,-74.00865936279298,40.71939468383789,-74.00345611572266,40.733131408691406,362.12,4123,4123,4227.17,4589.29,104.17000000000007,-1.1368683772161603e-13,0.9999999999999997
30581,-73.95989227294923,40.79829788208008,-73.98823547363281,40.72796249389648,1734.69,4123,4123,4727.01,6461.700000000001,604.0100000000002,4.547473508864641e-13,1.0000000000000002
30582,-73.98020172119139,40.76324081420898,-73.98303985595702,40.77679061889648,485.12,4123,4123,-1.0,-1.0,-1,-1,0.0
30583,-73.96759796142578,40.75640106201172,-73.96405792236328,40.77553939819336,689.4,4124,4124,4143.18,4917.37,19.18000000000029,84.78999999999962,1.1229910066724682
30584,-73.97708892822266,40.76469421386719,-73.98928833007811,40.75987243652344,487.33,4124,4124,4183.07,4670.4,59.06999999999971,-5.684341886080802e-14,0.9999999999999999
30585,-73.99662017822266,40.75308227539063,-73.99879455566406,40.72328567504883,866.61,4124,4124,-1.0,-1.0,-1,-1,0.0
30586,-73.99308776855469,40.73981857299805,-73.99968719482422,40.7309799194336,318.25,4124,4124,4249.17,4567.42,125.17000000000007,0.0,1.0
30587,-73.99580383300781,40.76431655883789,-73.97356414794923,40.76019287109375,730.26,4124,4124,-1.0,-1.0,-1,-1,0.0
30588,-73.97857666015625,40.759010314941406,-73.98494720458984,40.74441146850585,425.47,4124,4124,-1.0,-1.0,-1,-1,0.0
30589,-73.99816131591797,40.729507446289055,-73.99256896972656,40.747703552246094,575.28,4125,4125,-1.0,-1.0,-1,-1,0.0
30590,-73.97774505615234,40.754478454589844,-73.9913330078125,40.75018310546875,468.45,4125,4125,-1.0,-1.0,-1,-1,0.0
30591,-73.98113250732422,40.74138259887695,-73.98473358154298,40.744453430175774,204.5,4125,4125,-1.0,-1.0,-1,-1,0.0
30592,-73.94875335693358,40.829010009765625,-73.99368286132812,40.76547622680664,888.89,4125,4125,4256.54,5145.43,131.53999999999996,3.410605131648481e-13,1.0000000000000004
30593,-73.98586273193358,40.74095916748047,-73.99351501464844,40.73419189453125,267.76,4125,4125,-1.0,-1.0,-1,-1,0.0
30594,-73.9638671875,40.76774597167969,-73.95655059814453,40.76454162597656,292.0,4125,4125,-1.0,-1.0,-1,-1,0.0
30595,-73.96319580078125,40.758636474609375,-73.94995880126955,40.76185989379883,495.28,4125,4125,4165.06,4660.34,40.0600000000004,-2.2737367544323206e-13,0.9999999999999996
30596,-74.01325988769531,40.70753860473633,-74.01596069335938,40.71538925170898,301.55,4125,4125,-1.0,-1.0,-1,-1,0.0
30597,-74.00749969482422,40.70503234863281,-74.00360870361328,40.7449951171875,886.61,4126,4126,-1.0,-1.0,-1,-1,0.0
30598,-73.97322845458984,40.78500747680664,-73.96808624267578,40.76650619506836,598.13,4126,4126,4150.88,4749.01,24.88000000000011,1.1368683772161603e-13,1.0000000000000002
30599,-73.99144744873048,40.75004577636719,-73.99234771728516,40.7249870300293,770.33,4126,4126,-1.0,-1.0,-1,-1,0.0
30600,-73.97933959960938,40.781986236572266,-73.97061157226562,40.7937889099121,196.58,4126,4126,4158.35,4354.93,32.350000000000364,-8.526512829121202e-14,0.9999999999999996
30601,-73.98513793945312,40.74205017089844,-73.97975158691406,40.789756774902344,1334.27,4126,4126,-1.0,-1.0,-1,-1,0.0
30602,-73.9635009765625,40.771331787109375,-73.95572662353516,40.77644348144531,204.03,4126,4126,4174.41,4430.07,48.409999999999854,51.62999999999985,1.2530510219085422
30603,-73.98314666748048,40.74446868896485,-73.97949981689453,40.73284912109375,436.13,4126,4126,-1.0,-1.0,-1,-1,0.0
30604,-73.97628784179686,40.77566146850585,-73.98384094238281,40.7596092224121,513.88,4126,4126,4161.92,4675.8,35.92000000000007,1.1368683772161603e-13,1.0000000000000002
30605,-73.9685821533203,40.76770782470703,-73.95265197753906,40.79150772094727,447.55,4126,4126,-1.0,-1.0,-1,-1,0.0
30606,-73.97671508789062,40.77522659301758,-73.98657989501955,40.73368453979492,1278.43,4126,4126,4181.92,5500.55,55.92000000000007,40.200000000000045,1.0314448190358487
30607,-73.9534454345703,40.77098083496094,-73.95369720458984,40.77780532836913,199.91,4126,4126,4163.46,4373.01,37.460000000000036,9.640000000000185,1.0482216997648952
30608,-73.9836196899414,40.7613410949707,-73.9851837158203,40.747459411621094,528.5,4127,4127,-1.0,-1.0,-1,-1,0.0
30609,-73.98503875732422,40.773921966552734,-73.9537582397461,40.78791809082031,718.77,4127,4127,-1.0,-1.0,-1,-1,0.0
30610,-74.00691223144531,40.7299919128418,-74.00466918945312,40.7415771484375,260.0,4127,4127,-1.0,-1.0,-1,-1,0.0
30611,-73.97588348388672,40.75970458984375,-73.99207305908203,40.74956130981445,549.66,4127,4127,4141.08,4690.74,14.079999999999927,-1.1368683772161603e-13,0.9999999999999998
30612,-74.00335693359375,40.748966217041016,-73.97987365722656,40.76030349731445,696.59,4127,4127,4174.38,4870.97,47.38000000000011,1.1368683772161603e-13,1.0000000000000002
30613,-73.99110412597656,40.73510360717773,-73.98014068603516,40.72231674194336,522.7,4127,4127,-1.0,-1.0,-1,-1,0.0
30614,-74.00065612792969,40.737281799316406,-73.9847412109375,40.72898483276367,517.0,4128,4128,4181.54,4698.54,53.539999999999964,0.0,1.0
30615,-73.98819732666014,40.74948120117188,-73.99568176269531,40.7644157409668,605.5,4128,4128,4167.94,4822.5199999999995,39.9399999999996,49.07999999999993,1.0810569777043764
30616,-73.98548889160156,40.76036071777344,-73.97810363769531,40.74851989746094,568.0,4128,4128,-1.0,-1.0,-1,-1,0.0
30617,-73.98236846923827,40.76250076293945,-73.98944091796875,40.7564697265625,323.16,4128,4128,-1.0,-1.0,-1,-1,0.0
30618,-73.95884704589844,40.78070068359375,-74.00853729248048,40.72333908081055,1617.48,4128,4128,4219.01,5836.49,91.01000000000022,-4.547473508864641e-13,0.9999999999999997
30619,-73.98707580566406,40.73611831665039,-74.00364685058594,40.738136291503906,517.01,4129,4129,-1.0,-1.0,-1,-1,0.0
30620,-73.96633148193358,40.794395446777344,-73.98688507080078,40.739761352539055,1418.12,4129,4129,4177.22,5658.88,48.220000000000255,63.539999999999964,1.0448057992271458
30621,-73.9897232055664,40.747108459472656,-73.96089172363281,40.76095962524415,840.85,4129,4129,-1.0,-1.0,-1,-1,0.0
30622,-73.99365234375,40.736000061035156,-74.00370025634766,40.74274826049805,354.21,4129,4129,4158.92,4534.43,29.920000000000073,21.30000000000024,1.0601338189209797
30623,-73.9903335571289,40.75157165527344,-73.97242736816406,40.75627517700195,733.13,4130,4130,-1.0,-1.0,-1,-1,0.0
30624,-73.98404693603516,40.72171020507813,-74.00383758544923,40.72976303100585,519.81,4130,4130,4368.73,4888.54,238.72999999999956,4.547473508864641e-13,1.0000000000000009
30625,-73.96829223632812,40.76499938964844,-73.94676971435547,40.77497863769531,558.68,4130,4130,-1.0,-1.0,-1,-1,0.0
30626,-73.98040771484375,40.74267578125,-73.98656463623048,40.726524353027344,411.15,4131,4131,-1.0,-1.0,-1,-1,0.0
30627,-73.98043060302734,40.748062133789055,-73.991943359375,40.731300354003906,464.92,4131,4131,-1.0,-1.0,-1,-1,0.0
30628,-73.9791717529297,40.76079177856445,-73.9820785522461,40.774600982666016,428.41,4131,4131,-1.0,-1.0,-1,-1,0.0
30629,-73.95494079589844,40.77342224121094,-73.96830749511719,40.755165100097656,528.77,4131,4131,4224.58,4753.35,93.57999999999993,4.547473508864641e-13,1.0000000000000009
30630,-74.01377868652342,40.71258163452149,-73.98819732666014,40.756702423095696,1095.89,4131,4131,-1.0,-1.0,-1,-1,0.0
30631,-73.9871826171875,40.76081848144531,-73.95679473876955,40.77158737182617,838.51,4132,4132,-1.0,-1.0,-1,-1,0.0
30632,-73.98753356933594,40.733341217041016,-73.98240661621094,40.724773406982415,346.36,4132,4132,4290.46,4636.82,158.46000000000004,-3.410605131648481e-13,0.999999999999999
30633,-73.98493957519531,40.74474334716797,-73.98683929443358,40.7296257019043,470.58,4132,4132,-1.0,-1.0,-1,-1,0.0
30634,-73.97425079345702,40.76267623901367,-73.99408721923827,40.75004577636719,781.66,4132,4132,4184.26,5013.2300000000005,52.26000000000022,47.31000000000029,1.0605250364608656
30635,-73.982177734375,40.778099060058594,-73.99231719970702,40.77040100097656,265.04,4132,4132,4187.03,4452.07,55.029999999999745,-5.684341886080802e-14,0.9999999999999998
30636,-73.98223876953125,40.778541564941406,-73.99127197265625,40.76367950439453,453.09,4132,4132,4260.4,4713.49,128.39999999999964,1.7053025658242404e-13,1.0000000000000004
30637,-73.97306060791014,40.75265121459961,-73.9510726928711,40.774658203125,547.32,4133,4133,-1.0,-1.0,-1,-1,0.0
30638,-73.99197387695312,40.73816680908203,-73.95056915283203,40.806053161621094,1772.68,4133,4133,4203.71,5976.389999999999,70.71000000000004,-6.821210263296962e-13,0.9999999999999997
30639,-73.97852325439453,40.753093719482415,-73.94831848144531,40.77644348144531,819.69,4133,4133,4171.76,4991.45,38.76000000000022,-4.547473508864641e-13,0.9999999999999994
30640,-73.98493957519531,40.7282829284668,-74.00759887695312,40.731800079345696,658.17,4133,4133,4179.37,4837.54,46.36999999999989,1.1368683772161603e-13,1.0000000000000002
30641,-73.96878051757811,40.76179885864258,-73.97336578369139,40.75224304199219,317.14,4133,4133,4173.57,4490.71,40.56999999999971,3.410605131648481e-13,1.000000000000001
30642,-73.99828338623048,40.7558708190918,-73.98490142822266,40.76382827758789,398.46,4133,4133,4151.25,4606.81,18.25,57.10000000000042,1.1433017115896211
30643,-73.9742431640625,40.7469482421875,-74.00514221191406,40.721763610839844,962.01,4133,4133,4142.25,5104.26,9.25,2.2737367544323206e-13,1.0000000000000002
30644,-74.01522827148438,40.714210510253906,-74.01681518554686,40.704933166503906,202.04,4133,4133,4235.42,4437.46,102.42000000000007,-2.842170943040401e-14,0.9999999999999999
30645,-73.97542572021484,40.75537872314453,-73.9884262084961,40.764026641845696,600.95,4133,4133,4182.7,4787.11,49.69999999999982,3.459999999999809,1.00575755054497
30646,-73.98167419433594,40.74961471557617,-73.96505737304686,40.763572692871094,561.83,4134,4134,-1.0,-1.0,-1,-1,0.0
30647,-73.97308349609375,40.75278854370117,-73.98921966552734,40.74310302734375,529.16,4134,4134,-1.0,-1.0,-1,-1,0.0
30648,-73.994140625,40.75109100341797,-74.00447845458984,40.70745086669922,1274.65,4134,4134,-1.0,-1.0,-1,-1,0.0
30649,-73.97254180908203,40.76480102539063,-73.98784637451173,40.7309684753418,989.47,4134,4134,-1.0,-1.0,-1,-1,0.0
30650,-73.9900894165039,40.7515983581543,-73.98043823242188,40.74327850341797,589.79,4134,4134,4166.12,4803.74,32.11999999999989,47.82999999999993,1.081096661523593
30651,-73.9757308959961,40.75164031982422,-73.98448181152342,40.76985168457031,845.12,4134,4134,-1.0,-1.0,-1,-1,0.0
30652,-73.9734649658203,40.750205993652344,-73.95580291748048,40.784969329833984,881.86,4134,4134,-1.0,-1.0,-1,-1,0.0
30653,-73.98139953613281,40.75840377807617,-73.97244262695312,40.79367065429688,910.57,4134,4134,-1.0,-1.0,-1,-1,0.0
30654,-73.98261260986328,40.73945999145508,-73.98152923583984,40.746429443359375,246.58,4135,4135,-1.0,-1.0,-1,-1,0.0
30655,-73.99416351318358,40.75136184692383,-73.97908782958984,40.76169967651367,550.73,4135,4135,4193.08,4762.36,58.07999999999993,18.549999999999727,1.0336825667750071
30656,-74.0056381225586,40.73382186889648,-73.98677062988281,40.73386001586913,573.54,4135,4135,4227.17,4800.71,92.17000000000007,0.0,1.0
30657,-73.95853424072266,40.80087661743164,-73.96424102783203,40.79480361938477,188.81,4135,4135,4577.09,4765.9,442.09000000000015,-5.115907697472721e-13,0.9999999999999973
30658,-74.00545501708984,40.70657348632813,-74.00048828125,40.71741104125977,391.17,4135,4135,4532.38,4923.55,397.3800000000001,5.684341886080802e-14,1.0000000000000002
30659,-73.99957275390625,40.73370742797852,-73.95911407470702,40.76340866088867,996.56,4135,4135,4185.77,5227.429999999999,50.77000000000044,45.099999999999,1.0452556795376085
30660,-73.98945617675781,40.73237609863281,-73.97224426269531,40.751426696777344,643.17,4135,4135,-1.0,-1.0,-1,-1,0.0
30661,-73.96134185791014,40.76031494140625,-73.9471435546875,40.77997589111328,312.78,4135,4135,4173.18,4485.96,38.18000000000029,-2.2737367544323206e-13,0.9999999999999992
30662,-73.94718170166014,40.77587127685547,-73.95928192138672,40.761924743652344,433.35,4136,4136,4140.0,4614.35,4.0,41.00000000000034,1.0946117457020892
30663,-73.98567962646483,40.73541259765625,-73.98248291015625,40.75154495239258,582.3,4136,4136,4187.5,4769.8,51.5,2.2737367544323206e-13,1.0000000000000004
30664,-74.00421905517578,40.71630096435547,-73.98729705810547,40.73616027832031,764.46,4136,4136,-1.0,-1.0,-1,-1,0.0
30665,-74.01380157470702,40.712562561035156,-73.98639678955078,40.734336853027344,929.65,4136,4136,4164.09,5183.98,28.090000000000146,90.23999999999944,1.097068789329317
30666,-73.97494506835938,40.78751754760742,-73.94902038574219,40.78844833374024,537.94,4136,4136,4161.26,4744.2,25.26000000000022,44.999999999999545,1.0836524519463129
30667,-73.99310302734375,40.75264358520508,-73.99638366699219,40.74040603637695,489.31,4137,4137,-1.0,-1.0,-1,-1,0.0
30668,-73.97705841064453,40.775062561035156,-73.98332214355469,40.77127075195313,189.09,4137,4137,-1.0,-1.0,-1,-1,0.0
30669,-73.99260711669923,40.72394943237305,-73.97830200195312,40.74565887451172,524.39,4137,4137,4190.75,4751.85,53.75,36.71000000000038,1.0700051488396047
30670,-73.99192047119139,40.73863983154297,-73.98438262939453,40.7272834777832,437.84,4137,4137,4157.44,4596.03,20.4399999999996,0.7500000000001705,1.0017129545039287
30671,-73.99295043945312,40.768333435058594,-73.99989318847656,40.73064804077149,962.38,4137,4137,4186.52,5148.9,49.52000000000044,-7.958078640513122e-13,0.9999999999999992
30672,-73.98634338378906,40.74742126464844,-74.00215148925781,40.745460510253906,425.55,4137,4137,4160.68,4586.2300000000005,23.68000000000029,1.7053025658242404e-13,1.0000000000000004
30673,-73.97711944580078,40.75495147705078,-73.9600830078125,40.76860809326172,532.54,4137,4137,-1.0,-1.0,-1,-1,0.0
30674,-73.97367858886719,40.76460266113281,-73.99864196777344,40.72985458374024,957.42,4137,4137,-1.0,-1.0,-1,-1,0.0
30675,-74.01141357421875,40.702919006347656,-74.00138092041014,40.72118377685547,722.46,4137,4137,4145.19,4922.34,8.1899999999996,54.69000000000051,1.0756996927165525
30676,-73.97077941894531,40.75621032714844,-73.95524597167969,40.76916885375977,392.94,4137,4137,-1.0,-1.0,-1,-1,0.0
30677,-73.99024963378906,40.7666015625,-73.99208068847656,40.75931167602539,312.36,4138,4138,4173.63,4485.99,35.63000000000011,-3.410605131648481e-13,0.9999999999999989
30678,-73.97650146484375,40.74397277832031,-73.98043823242188,40.72480010986328,472.81,4138,4138,4171.63,4644.44,33.63000000000011,-5.115907697472721e-13,0.9999999999999989
30679,-74.00218963623048,40.72944641113281,-74.00575256347656,40.71774673461913,406.37,4138,4138,4240.7,4647.07,102.69999999999982,-1.1368683772161603e-13,0.9999999999999997
30680,-73.97344970703125,40.764591217041016,-73.96034240722656,40.778709411621094,400.9,4138,4138,-1.0,-1.0,-1,-1,0.0
30681,-73.97999572753906,40.7805290222168,-73.99483489990234,40.76427459716797,441.14,4138,4138,4164.71,4605.85,26.710000000000036,3.410605131648481e-13,1.0000000000000007
30682,-73.99972534179686,40.73333740234375,-73.98035430908203,40.727088928222656,508.71,4138,4138,4163.52,4706.639999999999,25.520000000000437,34.409999999999,1.0676416819012777
30683,-73.97238159179686,40.76351165771485,-73.95750427246094,40.801490783691406,849.64,4138,4138,4149.04,4998.68,11.039999999999964,3.410605131648481e-13,1.0000000000000004
30684,-73.9625015258789,40.76734924316406,-73.96750640869139,40.77204132080078,268.83,4138,4138,-1.0,-1.0,-1,-1,0.0
30685,-73.95970916748048,40.77972030639648,-73.95525360107422,40.79957962036133,458.0,4138,4138,-1.0,-1.0,-1,-1,0.0
30686,-73.9920425415039,40.746559143066406,-73.99131774902342,40.71467590332031,1124.59,4138,4138,4177.31,5381.22,39.3100000000004,79.31999999999994,1.0705323717977218
30687,-73.98339080810547,40.74380874633789,-73.97463989257811,40.747520446777344,333.71,4139,4139,-1.0,-1.0,-1,-1,0.0
30688,-73.99381256103516,40.72057723999024,-73.99478912353516,40.7406005859375,595.83,4139,4139,4171.849999999999,4767.679999999999,32.849999999999454,-1.1368683772161603e-13,0.9999999999999998
30689,-73.9775390625,40.7578353881836,-73.97735595703125,40.76447677612305,259.92,4139,4139,-1.0,-1.0,-1,-1,0.0
30690,-73.9710464477539,40.755714416503906,-73.96236419677734,40.75899887084961,225.83,4139,4139,-1.0,-1.0,-1,-1,0.0
30691,-74.00700378417969,40.73049926757813,-73.99181365966798,40.759803771972656,739.2,4139,4139,-1.0,-1.0,-1,-1,0.0
30692,-73.96320343017578,40.77193069458008,-73.95516967773438,40.78308486938477,254.45,4139,4139,4179.03,4509.46,40.029999999999745,75.9800000000003,1.2986048339555918
30693,-73.974609375,40.76225662231445,-74.00606536865234,40.71955871582031,1195.49,4140,4140,-1.0,-1.0,-1,-1,0.0
30694,-73.95475006103516,40.76734924316406,-73.96356964111328,40.76163864135742,333.91,4140,4140,4265.92,4599.83,125.92000000000007,-1.7053025658242404e-13,0.9999999999999994
30695,-73.96347045898438,40.80356216430664,-73.94924163818358,40.80181121826172,432.08,4140,4140,4207.17,4639.25,67.17000000000007,-5.684341886080802e-14,0.9999999999999999
30696,-74.00476837158203,40.721473693847656,-73.99463653564453,40.72675704956055,411.35,4140,4140,4155.26,4645.68,15.260000000000218,79.07000000000005,1.1922207365990034
30697,-74.00540161132812,40.75127029418945,-73.97814178466798,40.75273895263672,781.46,4140,4140,4179.25,5027.24,39.25,66.52999999999975,1.0851355155734135
30698,-73.9739761352539,40.754207611083984,-73.99090576171875,40.75568771362305,609.6,4141,4141,-1.0,-1.0,-1,-1,0.0
30699,-73.98223114013672,40.77216720581055,-73.9525375366211,40.78635025024415,745.33,4141,4141,-1.0,-1.0,-1,-1,0.0
30700,-73.97820281982422,40.7456283569336,-73.98931121826173,40.750450134277344,390.45,4141,4141,-1.0,-1.0,-1,-1,0.0
30701,-73.97148132324219,40.76599884033203,-73.95989227294923,40.779441833496094,335.52,4141,4141,-1.0,-1.0,-1,-1,0.0
30702,-73.9778823852539,40.75481033325195,-73.9252395629883,40.86252212524415,1719.31,4142,4142,4254.58,5973.89,112.57999999999993,4.547473508864641e-13,1.0000000000000002
30703,-74.01529693603516,40.709251403808594,-73.9832534790039,40.72629928588867,805.33,4142,4142,-1.0,-1.0,-1,-1,0.0
30704,-73.98562622070312,40.73836135864258,-73.9940414428711,40.73240661621094,334.41,4142,4142,4170.0,4504.41,28.0,-1.7053025658242404e-13,0.9999999999999994
30705,-73.96145629882812,40.780128479003906,-73.95606994628906,40.76805114746094,483.4,4142,4142,-1.0,-1.0,-1,-1,0.0
30706,-73.98431396484375,40.74109268188477,-73.98908233642578,40.74152755737305,186.33,4142,4142,4199.2,4419.53,57.19999999999982,33.999999999999915,1.1824719583534584
30707,-73.97662353515625,40.73374938964844,-73.99816131591797,40.72617721557617,652.12,4142,4142,4243.71,4895.83,101.71000000000004,-1.1368683772161603e-13,0.9999999999999998
30708,-73.96251678466798,40.75919723510742,-73.9554214477539,40.77172088623047,271.23,4142,4142,4224.46,4495.69,82.46000000000004,-4.547473508864641e-13,0.9999999999999983
30709,-73.9994125366211,40.74386978149415,-73.99120330810547,40.755653381347656,318.93,4142,4142,-1.0,-1.0,-1,-1,0.0
30710,-73.9766845703125,40.76490020751953,-73.9827423095703,40.7569694519043,492.75,4142,4142,-1.0,-1.0,-1,-1,0.0
30711,-73.9814453125,40.74985122680664,-73.96044921875,40.76796340942383,661.11,4143,4143,-1.0,-1.0,-1,-1,0.0
30712,-73.99156951904298,40.75454711914063,-73.95252990722656,40.77225112915039,1054.77,4143,4143,4184.3,5239.07,41.30000000000018,-4.547473508864641e-13,0.9999999999999996
30713,-73.97433471679686,40.76148223876953,-73.99115753173827,40.75045394897461,575.92,4143,4143,-1.0,-1.0,-1,-1,0.0
30714,-73.9676742553711,40.76587677001953,-73.99372100830078,40.724525451660156,1164.91,4143,4143,-1.0,-1.0,-1,-1,0.0
30715,-73.96796417236328,40.76529312133789,-73.96646881103516,40.80657196044922,1029.63,4144,4144,-1.0,-1.0,-1,-1,0.0
30716,-73.99150848388672,40.75011825561523,-73.95467376708984,40.77825546264648,1196.83,4144,4144,-1.0,-1.0,-1,-1,0.0
30717,-73.99433135986328,40.750843048095696,-73.98801422119139,40.76996612548828,474.04,4144,4144,-1.0,-1.0,-1,-1,0.0
30718,-73.96640014648438,40.76227188110352,-73.9718017578125,40.76539993286133,246.12,4144,4144,-1.0,-1.0,-1,-1,0.0
30719,-73.97943878173827,40.75862121582031,-73.96640014648438,40.76570510864258,543.67,4144,4144,-1.0,-1.0,-1,-1,0.0
30720,-73.98685455322266,40.741226196289055,-73.96854400634766,40.7645378112793,699.21,4144,4144,4186.76,4885.97,42.76000000000022,0.0,1.0
30721,-73.97051239013672,40.7645263671875,-73.9871826171875,40.72753143310547,1011.41,4144,4144,-1.0,-1.0,-1,-1,0.0
30722,-74.00996398925781,40.70976257324219,-73.95832061767578,40.76889419555664,1236.05,4144,4144,-1.0,-1.0,-1,-1,0.0
30723,-73.96578979492188,40.754371643066406,-73.9681625366211,40.79223251342773,986.91,4144,4144,4190.37,5177.28,46.36999999999989,-1.1368683772161603e-13,0.9999999999999999
30724,-73.9527816772461,40.77235794067383,-73.96484375,40.77255630493164,361.3,4144,4144,4170.0,4531.3,26.0,1.7053025658242404e-13,1.0000000000000004
30725,-73.99139404296875,40.76005172729492,-74.00458526611328,40.742042541503906,432.14,4144,4144,-1.0,-1.0,-1,-1,0.0
30726,-73.9781265258789,40.7580680847168,-74.0026092529297,40.7607421875,732.3,4145,4145,-1.0,-1.0,-1,-1,0.0
30727,-73.98228454589844,40.76830673217773,-73.97017669677734,40.75424575805664,718.28,4145,4145,-1.0,-1.0,-1,-1,0.0
30728,-73.99250030517578,40.74860763549805,-74.00011444091797,40.74292755126953,184.91,4145,4145,-1.0,-1.0,-1,-1,0.0
30729,-73.9517822265625,40.781822204589844,-73.98046875,40.759498596191406,1044.56,4145,4145,4178.17,5281.42,33.17000000000007,58.690000000000055,1.0561863368308189
30730,-73.98809814453125,40.75495147705078,-73.98586273193358,40.74335861206055,438.77,4145,4145,-1.0,-1.0,-1,-1,0.0
30731,-74.00093841552734,40.74199295043945,-74.00804901123048,40.74771499633789,289.53,4145,4145,-1.0,-1.0,-1,-1,0.0
30732,-73.96027374267578,40.76211929321289,-73.96463775634766,40.76027297973633,215.26,4145,4145,4428.91,4644.17,283.90999999999985,2.2737367544323206e-13,1.000000000000001
30733,-74.01422119140625,40.70288848876953,-73.98233795166014,40.73523712158203,803.54,4145,4145,-1.0,-1.0,-1,-1,0.0
30734,-73.97962188720702,40.78451919555664,-73.98430633544923,40.7700309753418,323.38,4146,4146,4173.33,4496.71,27.329999999999927,1.1368683772161603e-13,1.0000000000000004
30735,-73.98662567138672,40.754638671875,-74.0082015991211,40.71677780151367,836.88,4146,4146,-1.0,-1.0,-1,-1,0.0
30736,-73.966796875,40.76174926757813,-73.9581527709961,40.77312088012695,220.27,4146,4146,4190.13,4410.4,44.13000000000011,-4.831690603168681e-13,0.9999999999999978
30737,-73.97371673583984,40.75158309936523,-73.96539306640625,40.79295349121094,1054.72,4146,4146,-1.0,-1.0,-1,-1,0.0
30738,-73.98181915283203,40.73752975463867,-73.985107421875,40.72912979125977,209.07,4146,4146,4197.93,4440.46,51.93000000000029,33.45999999999975,1.160042091165637
30739,-73.96603393554686,40.76449966430664,-73.97510528564453,40.753021240234375,351.68,4146,4146,-1.0,-1.0,-1,-1,0.0
30740,-73.97686004638672,40.74755859375,-73.98615264892578,40.75606155395508,531.36,4146,4146,-1.0,-1.0,-1,-1,0.0
30741,-73.95337677001955,40.78602981567383,-73.98011779785155,40.77067947387695,707.68,4146,4146,4570.21,5277.889999999999,424.21000000000004,-5.684341886080801e-13,0.9999999999999992
30742,-73.9601821899414,40.7705192565918,-73.95194244384766,40.7779426574707,195.73,4146,4146,4181.51,4377.24,35.51000000000022,-4.263256414560601e-13,0.9999999999999978
30743,-73.96409606933594,40.7645378112793,-73.9527816772461,40.77327728271485,296.88,4147,4147,-1.0,-1.0,-1,-1,0.0
30744,-73.97502899169923,40.75590896606445,-73.98796844482422,40.76388931274415,621.41,4147,4147,-1.0,-1.0,-1,-1,0.0
30745,-73.9803695678711,40.76502990722656,-73.97637176513672,40.75167846679688,633.55,4147,4147,-1.0,-1.0,-1,-1,0.0
30746,-73.97845458984375,40.7611198425293,-73.98601531982422,40.7574462890625,333.29,4147,4147,-1.0,-1.0,-1,-1,0.0
30747,-73.99271392822266,40.74833297729492,-73.99143981933594,40.75886154174805,493.47,4147,4147,-1.0,-1.0,-1,-1,0.0
30748,-73.97594451904298,40.75462341308594,-73.95803833007811,40.77718353271485,642.28,4147,4147,-1.0,-1.0,-1,-1,0.0
30749,-73.9646224975586,40.791900634765625,-73.9529800415039,40.78023147583008,504.48,4147,4147,4180.77,4685.25,33.77000000000044,-4.547473508864641e-13,0.9999999999999991
30750,-73.94917297363281,40.77764892578125,-73.95545959472656,40.77989959716797,187.16,4147,4147,4206.3,4393.46,59.30000000000018,-1.4210854715202004e-13,0.9999999999999992
30751,-73.99075317382812,40.74661254882813,-73.9686508178711,40.76275634765625,758.42,4147,4147,4186.54,4989.22,39.539999999999964,44.26000000000033,1.0583581656601888
30752,-73.97769927978516,40.729347229003906,-73.98986053466798,40.72958755493164,269.12,4148,4148,4246.66,4515.78,98.65999999999985,-1.1368683772161603e-13,0.9999999999999996
30753,-73.99200439453125,40.746036529541016,-73.95088958740234,40.810054779052734,1500.34,4148,4148,4191.54,5743.78,43.539999999999964,51.899999999999864,1.0345921591106015
30754,-73.96866607666014,40.76232147216797,-73.99094390869139,40.755226135253906,823.77,4148,4148,-1.0,-1.0,-1,-1,0.0
30755,-74.00556182861328,40.72555923461913,-73.99735260009766,40.7335090637207,228.12,4148,4148,-1.0,-1.0,-1,-1,0.0
30756,-74.00196838378906,40.7154655456543,-73.99102783203125,40.72794723510742,498.58,4148,4148,-1.0,-1.0,-1,-1,0.0
30757,-74.00836181640625,40.746429443359375,-74.01538848876955,40.71548080444336,583.36,4148,4148,4199.79,4815.45,51.789999999999964,32.29999999999984,1.0553688974218318
30758,-73.97683715820312,40.785240173339844,-73.9670181274414,40.805931091308594,416.64,4149,4149,4318.04,4734.68,169.03999999999996,3.410605131648481e-13,1.0000000000000009
30759,-74.00152587890625,40.746665954589844,-73.9886703491211,40.74482345581055,372.21,4149,4149,-1.0,-1.0,-1,-1,0.0
30760,-73.97193145751955,40.7577018737793,-73.98215484619139,40.74093627929688,417.38,4149,4149,-1.0,-1.0,-1,-1,0.0
30761,-73.98722076416014,40.756019592285156,-73.98101806640625,40.77925109863281,606.74,4149,4149,-1.0,-1.0,-1,-1,0.0
30762,-74.00601196289062,40.73991394042969,-73.99407958984375,40.73784637451172,398.12,4149,4149,-1.0,-1.0,-1,-1,0.0
30763,-74.01412963867188,40.70412826538085,-73.98426055908203,40.725040435791016,741.45,4149,4149,-1.0,-1.0,-1,-1,0.0
30764,-73.96456909179686,40.76713943481445,-73.9886016845703,40.72732162475585,960.78,4149,4149,4271.17,5231.95,122.17000000000007,-2.2737367544323206e-13,0.9999999999999998
30765,-73.97013854980467,40.76189422607422,-74.0059814453125,40.710845947265625,1400.72,4150,4150,-1.0,-1.0,-1,-1,0.0
30766,-73.96691131591797,40.75704956054688,-74.00277709960938,40.76054000854492,1092.46,4150,4150,4264.71,5357.17,114.71000000000004,0.0,1.0
30767,-73.96714782714845,40.7882194519043,-73.97889709472656,40.747459411621094,1176.03,4150,4150,4290.28,5466.31,140.27999999999975,6.821210263296962e-13,1.0000000000000007
30768,-73.97325134277344,40.75979614257813,-74.00385284423827,40.750953674316406,919.5,4150,4150,-1.0,-1.0,-1,-1,0.0
30769,-73.98082733154298,40.78264617919922,-73.95245361328125,40.800308227539055,698.37,4150,4150,4261.62,4959.99,111.61999999999989,-1.1368683772161603e-13,0.9999999999999999
30770,-73.98064422607422,40.73005676269531,-73.99855804443358,40.729679107666016,497.08,4150,4150,4319.08,4816.16,169.07999999999993,-5.684341886080802e-14,0.9999999999999999
30771,-74.00680541992188,40.7356071472168,-73.97236633300781,40.75413131713867,1005.51,4150,4150,4314.92,5320.429999999999,164.92000000000007,-6.821210263296962e-13,0.9999999999999993
30772,-73.98843383789062,40.71875762939453,-74.00458526611328,40.73089218139648,623.3,4150,4150,-1.0,-1.0,-1,-1,0.0
30773,-73.97306060791014,40.76158905029297,-73.96154022216798,40.77413940429688,359.35,4150,4150,-1.0,-1.0,-1,-1,0.0
30774,-73.99855041503906,40.73506164550781,-73.990966796875,40.745361328125,251.66,4151,4151,-1.0,-1.0,-1,-1,0.0
30775,-73.98413848876955,40.73189926147461,-73.95571899414062,40.770301818847656,788.65,4151,4151,4385.09,5173.74,234.09000000000015,-3.410605131648481e-13,0.9999999999999996
30776,-73.93640899658203,40.79886245727539,-73.96727752685547,40.756511688232415,889.72,4151,4151,4358.98,5248.700000000001,207.97999999999956,1.1368683772161603e-12,1.0000000000000013
30777,-73.97138977050781,40.786170959472656,-73.9883804321289,40.7692756652832,472.46,4151,4151,4194.42,4728.17,43.42000000000007,61.29000000000002,1.1297252677475342
30778,-73.98211669921875,40.77363967895508,-73.97644805908203,40.748390197753906,1000.59,4151,4151,4202.14,5205.71,51.14000000000033,2.979999999999677,1.002978242836726
30779,-74.00685119628906,40.741661071777344,-74.00303649902342,40.738731384277344,207.49,4152,4152,4245.25,4452.74,93.25,-2.2737367544323206e-13,0.9999999999999989
30780,-73.9651870727539,40.76179122924805,-74.00887298583984,40.73817443847656,1343.92,4152,4152,-1.0,-1.0,-1,-1,0.0
30781,-73.99122619628906,40.75005340576172,-73.97134399414062,40.76115036010742,765.17,4152,4152,-1.0,-1.0,-1,-1,0.0
30782,-73.97743225097656,40.75233459472656,-73.98461151123048,40.76076126098633,477.45,4152,4152,-1.0,-1.0,-1,-1,0.0
30783,-73.9678955078125,40.7628288269043,-73.96585083007811,40.75442886352539,352.55,4152,4152,-1.0,-1.0,-1,-1,0.0
30784,-74.00418090820312,40.70698547363281,-73.94620513916014,40.77257537841797,1299.1,4152,4152,-1.0,-1.0,-1,-1,0.0
30785,-73.97872161865234,40.771705627441406,-73.95521545410156,40.78582000732422,585.96,4152,4152,4187.79,4773.75,35.789999999999964,0.0,1.0
30786,-74.00502014160156,40.72966003417969,-73.99876403808595,40.73452377319336,188.88,4152,4152,4178.45,4367.33,26.449999999999818,1.1368683772161603e-13,1.0000000000000007
30787,-74.00233459472656,40.72919464111328,-73.98433685302734,40.7796287536621,1169.44,4152,4152,4202.83,5372.27,50.82999999999993,4.547473508864641e-13,1.0000000000000004
30788,-73.96144104003906,40.771350860595696,-73.96803283691406,40.762371063232415,265.25,4153,4153,4184.63,4449.88,31.63000000000011,0.0,1.0
30789,-74.00787353515625,40.751670837402344,-73.99227142333984,40.763938903808594,427.58,4153,4153,-1.0,-1.0,-1,-1,0.0
30790,-73.99234771728516,40.71392059326172,-73.93824768066406,40.845298767089844,2285.52,4153,4153,4259.58,6545.100000000001,106.57999999999993,1.3642420526593924e-12,1.0000000000000007
30791,-73.99314880371094,40.73701477050781,-74.00255584716798,40.74374771118164,349.36,4153,4153,-1.0,-1.0,-1,-1,0.0
30792,-73.9793701171875,40.76107025146485,-73.98594665527344,40.75802993774415,308.83,4153,4153,-1.0,-1.0,-1,-1,0.0
30793,-73.95882415771484,40.76891708374024,-73.97743225097656,40.78610229492188,670.83,4153,4153,4495.21,5166.04,342.21000000000004,-1.1368683772161603e-13,0.9999999999999998
30794,-74.00189208984375,40.7404899597168,-73.99239349365234,40.74678421020508,266.37,4153,4153,-1.0,-1.0,-1,-1,0.0
30795,-73.9833755493164,40.75575256347656,-73.9695816040039,40.75509262084961,555.97,4154,4154,-1.0,-1.0,-1,-1,0.0
30796,-73.9834976196289,40.74662780761719,-73.9949722290039,40.75533676147461,478.62,4154,4154,-1.0,-1.0,-1,-1,0.0
30797,-73.94972229003906,40.780521392822266,-73.95570373535155,40.76824951171875,335.63,4154,4154,4249.88,4585.51,95.88000000000011,1.1368683772161603e-13,1.0000000000000004
30798,-73.95439147949219,40.77413940429688,-73.95448303222656,40.78254318237305,301.88,4154,4154,4205.18,4561.58,51.18000000000029,54.51999999999964,1.1806015635351783
30799,-73.97316741943358,40.755088806152344,-73.9850082397461,40.75622177124024,476.8,4154,4154,-1.0,-1.0,-1,-1,0.0
30800,-73.96183013916014,40.75979995727539,-73.94026947021484,40.81391143798828,892.51,4154,4154,4213.97,5106.4800000000005,59.970000000000255,2.2737367544323206e-13,1.0000000000000002
30801,-73.95514678955078,40.7640037536621,-73.97586822509766,40.78550338745117,849.21,4154,4154,4381.32,5230.53,227.3199999999997,0.0,1.0
30802,-73.96424865722656,40.768062591552734,-73.96519470214845,40.79936599731445,815.57,4154,4154,-1.0,-1.0,-1,-1,0.0
30803,-73.98579406738281,40.746543884277344,-73.9991226196289,40.739173889160156,335.13,4155,4155,4208.96,4544.09,53.960000000000036,1.1368683772161603e-13,1.0000000000000004
30804,-74.0089111328125,40.712562561035156,-73.99231719970702,40.7387924194336,629.03,4155,4155,4359.17,4988.2,204.17000000000007,-2.2737367544323206e-13,0.9999999999999997
30805,-73.98163604736328,40.74955749511719,-73.96649932861328,40.77031707763672,505.77,4155,4155,-1.0,-1.0,-1,-1,0.0
30806,-73.9815902709961,40.74959182739258,-73.96926879882812,40.75374221801758,394.04,4155,4155,-1.0,-1.0,-1,-1,0.0
30807,-73.97945404052734,40.78689193725585,-73.99697875976562,40.762062072753906,474.04,4156,4156,4191.2,4734.64,35.19999999999982,69.40000000000049,1.1464011475824836
30808,-73.99105072021484,40.73379135131836,-74.0047836303711,40.70667266845703,889.49,4156,4156,4198.81,5092.38,42.8100000000004,4.0799999999997,1.0045868981101527
30809,-73.99416351318358,40.73871994018555,-73.97624206542969,40.74441146850585,616.9,4156,4156,-1.0,-1.0,-1,-1,0.0
30810,-74.01160430908203,40.709617614746094,-73.99677276611328,40.72331237792969,666.42,4156,4156,-1.0,-1.0,-1,-1,0.0
30811,-73.9728012084961,40.75949096679688,-73.96234130859375,40.75638961791992,401.29,4156,4156,-1.0,-1.0,-1,-1,0.0
30812,-73.99417114257811,40.73226165771485,-74.00631713867188,40.74045944213867,441.55,4156,4156,-1.0,-1.0,-1,-1,0.0
30813,-73.99706268310547,40.72558975219727,-73.98828887939453,40.72412109375,271.33,4156,4156,4215.52,4486.85,59.52000000000044,-5.684341886080802e-14,0.9999999999999998
30814,-73.9944839477539,40.751136779785156,-73.99528503417969,40.73418045043945,639.45,4156,4156,-1.0,-1.0,-1,-1,0.0
30815,-73.97765350341797,40.75703048706055,-73.98812103271484,40.74322891235352,320.81,4156,4156,4176.31,4497.12,20.3100000000004,-5.115907697472721e-13,0.9999999999999984
30816,-73.96405029296875,40.76519012451172,-73.97371673583984,40.789493560791016,696.44,4157,4157,-1.0,-1.0,-1,-1,0.0
30817,-73.98236846923827,40.77493667602539,-73.96338653564453,40.75941467285156,810.22,4157,4157,-1.0,-1.0,-1,-1,0.0
30818,-73.98767852783203,40.721588134765625,-73.98748016357422,40.73302841186523,399.66,4157,4157,4309.8,4709.46,152.80000000000018,-1.7053025658242404e-13,0.9999999999999996
30819,-74.00553131103516,40.73675537109375,-73.9981689453125,40.73270034790039,275.5,4157,4157,4369.54,4645.04,212.53999999999996,0.0,1.0
30820,-74.0018081665039,40.74108123779297,-73.98887634277344,40.73221969604492,527.41,4157,4157,-1.0,-1.0,-1,-1,0.0
30821,-73.9656524658203,40.762611389160156,-73.95584106445312,40.77228164672852,280.61,4157,4157,-1.0,-1.0,-1,-1,0.0
30822,-73.95976257324219,40.77099990844727,-73.9706802368164,40.75981903076172,444.12,4157,4157,-1.0,-1.0,-1,-1,0.0
30823,-73.99029541015625,40.736980438232415,-73.99183654785155,40.72400283813477,518.75,4157,4157,-1.0,-1.0,-1,-1,0.0
30824,-73.96368408203125,40.77420425415039,-73.97673034667969,40.78015899658203,335.25,4157,4157,-1.0,-1.0,-1,-1,0.0
30825,-73.98902893066406,40.74020385742188,-73.9912567138672,40.764549255371094,808.14,4158,4158,-1.0,-1.0,-1,-1,0.0
30826,-73.9669418334961,40.766998291015625,-73.9729232788086,40.758460998535156,344.49,4158,4158,-1.0,-1.0,-1,-1,0.0
30827,-73.97521209716798,40.76369094848633,-73.97940063476562,40.73718643188477,855.62,4158,4158,-1.0,-1.0,-1,-1,0.0
30828,-73.9823989868164,40.75706100463867,-73.97773742675781,40.78390884399415,725.62,4158,4158,4173.64,4932.52,15.640000000000327,33.260000000000105,1.0458366638185277
30829,-73.98998260498048,40.7569580078125,-74.0051498413086,40.751731872558594,384.12,4158,4158,4201.3,4585.42,43.30000000000018,-1.1368683772161603e-13,0.9999999999999997
30830,-73.990966796875,40.72796630859375,-73.982666015625,40.735496520996094,289.54,4158,4158,-1.0,-1.0,-1,-1,0.0
30831,-73.99659729003906,40.721004486083984,-73.96874237060547,40.80156707763672,1639.2,4158,4158,4322.0,5961.2,164.0,-2.2737367544323206e-13,0.9999999999999999
30832,-73.98885345458984,40.74464797973633,-73.98998260498048,40.756103515625,489.37,4158,4158,-1.0,-1.0,-1,-1,0.0
30833,-73.9708251953125,40.7549934387207,-73.95076751708984,40.77407455444336,490.28,4158,4158,-1.0,-1.0,-1,-1,0.0
30834,-73.98784637451173,40.748233795166016,-73.98307037353516,40.74131393432617,336.72,4158,4158,-1.0,-1.0,-1,-1,0.0
30835,-73.95458221435547,40.784088134765625,-73.96308135986328,40.767372131347656,498.73,4159,4159,4281.83,4780.56,122.82999999999993,4.547473508864641e-13,1.0000000000000009
30836,-73.97419738769531,40.75056076049805,-73.95462036132812,40.78093719482422,703.48,4159,4159,-1.0,-1.0,-1,-1,0.0
30837,-73.99433898925781,40.7503318786621,-73.99041748046875,40.766510009765625,454.63,4159,4159,-1.0,-1.0,-1,-1,0.0
30838,-73.98648071289062,40.76029968261719,-73.99118041992188,40.77038955688477,338.8,4160,4160,4261.47,4600.27,101.47000000000025,1.7053025658242404e-13,1.0000000000000004
30839,-73.9949493408203,40.723308563232415,-73.98786163330078,40.770118713378906,1188.65,4160,4160,-1.0,-1.0,-1,-1,0.0
30840,-73.97023010253906,40.75632095336913,-73.97811126708984,40.74850845336913,318.56,4160,4160,-1.0,-1.0,-1,-1,0.0
30841,-73.96702575683594,40.80417251586913,-73.9461212158203,40.81378173828125,595.4,4160,4160,4385.49,4980.889999999999,225.48999999999978,-3.410605131648481e-13,0.9999999999999994
30842,-73.99687957763672,40.74379348754883,-74.00296783447266,40.7325439453125,196.87,4160,4160,-1.0,-1.0,-1,-1,0.0
30843,-73.97756195068358,40.76253128051758,-73.9977035522461,40.76126098632813,591.55,4160,4160,-1.0,-1.0,-1,-1,0.0
30844,-74.00782775878906,40.74042892456055,-73.97772216796875,40.72361373901367,1030.77,4160,4160,-1.0,-1.0,-1,-1,0.0
30845,-73.9752426147461,40.75241088867188,-73.98137664794923,40.78038024902344,1044.21,4160,4160,-1.0,-1.0,-1,-1,0.0
30846,-73.9842529296875,40.729225158691406,-73.9737319946289,40.74345016479492,255.47,4161,4161,4184.53,4440.0,23.529999999999745,2.5579538487363607e-13,1.000000000000001
30847,-73.99115753173827,40.770320892333984,-73.95867919921875,40.76885986328125,821.55,4161,4161,4170.0,4991.55,9.0,2.2737367544323206e-13,1.0000000000000002
30848,-73.96974945068358,40.760929107666016,-73.97824859619139,40.76665878295898,410.42,4161,4161,-1.0,-1.0,-1,-1,0.0
30849,-73.99331665039062,40.7421989440918,-74.0014419555664,40.7264404296875,546.62,4161,4161,4202.13,4771.33,41.13000000000011,22.579999999999814,1.041308404375983
30850,-74.00636291503906,40.74938583374024,-73.99172210693358,40.74507522583008,385.8,4162,4162,4218.86,4604.66,56.85999999999967,1.7053025658242404e-13,1.0000000000000004
30851,-73.99465179443358,40.747859954833984,-73.98040771484375,40.77819061279297,757.61,4162,4162,4218.41,4998.89,56.409999999999854,22.87000000000046,1.030187035545994
30852,-74.0154037475586,40.70899200439453,-73.9939727783203,40.735538482666016,793.51,4162,4162,-1.0,-1.0,-1,-1,0.0
30853,-73.97393035888672,40.77919006347656,-73.97564697265625,40.755348205566406,875.89,4162,4162,4250.08,5125.97,88.07999999999993,3.410605131648481e-13,1.0000000000000004
30854,-74.01725006103516,40.7051887512207,-74.01402282714845,40.71746826171875,269.45,4162,4162,-1.0,-1.0,-1,-1,0.0
30855,-73.979248046875,40.749794006347656,-73.98592376708984,40.76639175415039,741.28,4162,4162,-1.0,-1.0,-1,-1,0.0
30856,-73.99500274658203,40.73979187011719,-73.95597839355469,40.81352996826172,1379.86,4162,4162,4249.17,5629.030000000001,87.17000000000007,6.821210263296962e-13,1.0000000000000004
30857,-73.9665756225586,40.76423263549805,-73.94380187988281,40.77600479125977,562.69,4162,4162,-1.0,-1.0,-1,-1,0.0
30858,-73.95716857910156,40.786075592041016,-74.00272369384766,40.72481155395508,1627.82,4163,4163,4790.33,6418.15,627.3299999999999,-2.2737367544323206e-13,0.9999999999999999
30859,-73.970458984375,40.75585174560547,-74.00827026367188,40.73491668701172,1149.24,4163,4163,-1.0,-1.0,-1,-1,0.0
30860,-73.98726654052734,40.7334098815918,-74.00455474853516,40.75034713745117,759.95,4163,4163,-1.0,-1.0,-1,-1,0.0
30861,-73.9722671508789,40.76513671875,-73.96598815917969,40.753814697265625,518.05,4163,4163,4217.51,4735.5599999999995,54.51000000000022,-6.821210263296962e-13,0.9999999999999987
30862,-74.01554107666014,40.714439392089844,-73.97086334228516,40.79423141479492,1305.77,4163,4163,4246.5,5552.27,83.5,4.547473508864641e-13,1.0000000000000004
30863,-74.00557708740234,40.748329162597656,-73.9848098754883,40.768550872802734,553.86,4163,4163,4301.2300000000005,4855.09,138.23000000000047,-3.410605131648481e-13,0.9999999999999993
30864,-73.96077728271484,40.76115036010742,-73.96790313720702,40.761478424072266,340.66,4163,4163,-1.0,-1.0,-1,-1,0.0
30865,-73.97799682617188,40.7524528503418,-74.00485229492188,40.72292709350585,948.75,4163,4163,4203.12,5159.71,40.11999999999989,7.8400000000001455,1.0082635046113309
30866,-73.95957946777344,40.77935028076172,-73.99751281738281,40.72243881225585,1673.51,4163,4163,-1.0,-1.0,-1,-1,0.0
30867,-73.96670532226562,40.76716995239258,-74.00871276855469,40.72319412231445,1498.41,4163,4163,4185.32,5683.73,22.31999999999971,-2.2737367544323206e-13,0.9999999999999999
30868,-73.98456573486328,40.77995300292969,-73.98896789550781,40.76435470581055,395.58,4163,4163,4279.87,4675.45,116.86999999999989,-5.684341886080802e-14,0.9999999999999999
30869,-73.99150848388672,40.75139617919922,-73.99459075927734,40.72048568725585,989.46,4164,4164,4212.72,5202.18,48.720000000000255,0.0,1.0
30870,-73.98236846923827,40.777740478515625,-73.9985122680664,40.76070022583008,458.3,4164,4164,4173.24,4631.54,9.239999999999782,1.7053025658242404e-13,1.0000000000000004
30871,-73.99417877197266,40.756256103515625,-73.97854614257811,40.75252151489258,497.51,4164,4164,-1.0,-1.0,-1,-1,0.0
30872,-73.98802947998048,40.74414825439453,-74.00505065917969,40.74170684814453,443.03,4164,4164,4217.02,4675.45,53.02000000000044,15.399999999999409,1.0347606256912611
30873,-73.95877075195312,40.76385116577149,-73.9824676513672,40.73135757446289,758.63,4164,4164,-1.0,-1.0,-1,-1,0.0
30874,-74.00728607177734,40.70998764038085,-73.98487091064453,40.75212860107422,1047.48,4164,4164,-1.0,-1.0,-1,-1,0.0
30875,-73.97349548339844,40.74444961547852,-73.98294067382812,40.7614631652832,788.41,4164,4164,4211.72,5000.13,47.720000000000255,-1.1368683772161603e-13,0.9999999999999999
30876,-73.9888916015625,40.73080825805664,-73.97627258300781,40.74802780151367,410.35,4164,4164,-1.0,-1.0,-1,-1,0.0
30877,-74.0029067993164,40.760459899902344,-73.98149871826173,40.753700256347656,672.92,4164,4164,-1.0,-1.0,-1,-1,0.0
30878,-73.97203063964845,40.79407119750977,-73.93704223632812,40.8105697631836,784.09,4165,4165,4315.12,5099.21,150.1199999999999,1.1368683772161603e-13,1.0000000000000002
30879,-73.9969024658203,40.72531509399415,-74.00995635986328,40.704925537109375,778.4,4165,4165,4210.58,4988.9800000000005,45.57999999999993,5.684341886080801e-13,1.0000000000000007
30880,-73.9848098754883,40.76004409790039,-74.00209045410156,40.72960662841797,793.34,4165,4165,-1.0,-1.0,-1,-1,0.0
30881,-73.9910430908203,40.73416137695313,-73.97189331054686,40.75125122070313,717.5,4165,4165,-1.0,-1.0,-1,-1,0.0
30882,-73.99187469482422,40.7548942565918,-73.99474334716798,40.73151397705078,684.93,4165,4165,4184.42,4875.98,19.420000000000073,6.629999999999541,1.0096798212956062
30883,-73.99343872070312,40.75712966918945,-73.97895812988281,40.751197814941406,512.84,4165,4165,-1.0,-1.0,-1,-1,0.0
30884,-73.9515609741211,40.773887634277344,-73.95570373535155,40.787933349609375,410.91,4165,4165,4170.76,4587.58,5.760000000000218,5.909999999999684,1.014382711542673
30885,-73.97500610351562,40.74559020996094,-73.98304748535155,40.75675582885742,637.91,4165,4165,4180.47,4845.8,15.470000000000255,27.41999999999996,1.0429841200169303
30886,-74.00507354736328,40.7513427734375,-73.98976135253906,40.72067642211913,1110.73,4165,4165,4191.95,5302.68,26.949999999999818,4.547473508864641e-13,1.0000000000000004
30887,-74.00116729736328,40.72942352294922,-73.96988677978516,40.757511138916016,1055.02,4165,4165,4174.74,5266.47,9.739999999999782,36.71000000000049,1.0347955488995475
30888,-73.9696273803711,40.76356887817383,-73.98561096191406,40.74320983886719,700.22,4166,4166,-1.0,-1.0,-1,-1,0.0
30889,-73.98897552490234,40.74791717529297,-73.96402740478516,40.754783630371094,752.45,4166,4166,4196.37,4948.82,30.36999999999989,-2.2737367544323206e-13,0.9999999999999997
30890,-73.9821014404297,40.77412414550781,-73.97956848144531,40.78454971313477,299.32,4166,4166,-1.0,-1.0,-1,-1,0.0
30891,-74.00398254394531,40.72658920288085,-73.9919662475586,40.72579956054688,357.13,4166,4166,4201.86,4558.99,35.85999999999967,1.1368683772161603e-13,1.0000000000000002
30892,-73.9837875366211,40.766273498535156,-73.97233581542969,40.78750228881836,506.24,4166,4166,-1.0,-1.0,-1,-1,0.0
30893,-73.993408203125,40.75714111328125,-74.00245666503906,40.76071166992188,321.75,4167,4167,-1.0,-1.0,-1,-1,0.0
30894,-73.96981048583984,40.763328552246094,-73.96663665771484,40.79352951049805,773.06,4167,4167,-1.0,-1.0,-1,-1,0.0
30895,-73.971435546875,40.78152465820313,-73.95587158203125,40.773643493652344,402.42,4167,4167,4171.41,4573.83,4.4099999999998545,5.684341886080802e-14,1.0000000000000002
30896,-73.99118041992188,40.76042556762695,-73.99807739257811,40.76333618164063,273.71,4167,4167,4192.08,4465.79,25.079999999999927,5.684341886080802e-14,1.0000000000000002
30897,-73.9737319946289,40.750633239746094,-73.99227905273438,40.74934768676758,609.27,4167,4167,4207.49,4875.65,40.48999999999978,58.88999999999987,1.0966566546851149
30898,-74.00418853759766,40.7476806640625,-74.00598907470702,40.7393913269043,276.15,4167,4167,-1.0,-1.0,-1,-1,0.0
30899,-73.95928955078125,40.780311584472656,-73.960693359375,40.79748153686523,405.29,4167,4167,4607.8,5013.09,440.8000000000002,-5.684341886080802e-14,0.9999999999999999
30900,-73.96339416503906,40.774864196777344,-73.97370147705078,40.76470184326172,414.11,4167,4167,4170.0,4584.11,3.0,-3.410605131648481e-13,0.9999999999999992
30901,-73.99148559570312,40.75029373168945,-73.9628677368164,40.79412841796875,1150.52,4167,4167,-1.0,-1.0,-1,-1,0.0
30902,-73.99905395507811,40.72282791137695,-74.00501251220702,40.71592330932617,233.47,4167,4167,-1.0,-1.0,-1,-1,0.0
30903,-73.98746490478516,40.73302459716797,-73.97867584228516,40.72421646118164,368.29,4167,4167,4215.74,4655.2,48.73999999999978,71.17000000000002,1.1932444540986722
30904,-74.00303649902342,40.73017883300781,-73.99874877929686,40.71987533569336,499.77,4167,4167,-1.0,-1.0,-1,-1,0.0
30905,-73.9651870727539,40.80113220214844,-73.95293426513672,40.82417297363281,486.96,4167,4167,4186.63,4673.59,19.63000000000011,5.684341886080802e-14,1.0000000000000002
30906,-73.99141693115234,40.73921203613281,-74.01734161376955,40.71117401123047,900.2,4168,4168,-1.0,-1.0,-1,-1,0.0
30907,-73.9918670654297,40.74972152709961,-73.97786712646483,40.74565887451172,536.34,4168,4168,-1.0,-1.0,-1,-1,0.0
30908,-73.99778747558594,40.722469329833984,-74.00589752197266,40.73945999145508,634.6,4168,4168,-1.0,-1.0,-1,-1,0.0
30909,-73.98938751220702,40.7416877746582,-73.99806976318358,40.74584197998047,241.41,4168,4168,4207.08,4508.53,39.07999999999993,60.03999999999982,1.2487055217265226
30910,-73.99481964111328,40.75028991699219,-73.98805236816406,40.77532958984375,672.62,4168,4168,-1.0,-1.0,-1,-1,0.0
30911,-74.00447082519531,40.72014999389648,-73.97885131835938,40.74943923950195,973.23,4168,4168,-1.0,-1.0,-1,-1,0.0
30912,-73.96939849853516,40.76380157470703,-73.99282836914062,40.71400833129883,1301.8,4169,4169,-1.0,-1.0,-1,-1,0.0
30913,-73.9761962890625,40.73989486694336,-73.9919662475586,40.74886322021485,672.96,4169,4169,4170.0,4842.96,1.0,0.0,1.0
30914,-73.9908447265625,40.73062515258789,-73.95281982421875,40.780097961425774,1142.8,4169,4169,4223.58,5366.38,54.57999999999993,2.2737367544323206e-13,1.0000000000000002
30915,-73.99559783935547,40.759681701660156,-73.98087310791014,40.73554992675781,1029.88,4169,4169,-1.0,-1.0,-1,-1,0.0
30916,-73.9942626953125,40.75127029418945,-73.94679260253906,40.77492904663085,1312.78,4169,4169,4207.76,5582.84,38.76000000000022,62.299999999999955,1.0474565426042444
30917,-73.9620590209961,40.77040100097656,-73.95357513427734,40.7671127319336,230.71,4170,4170,4193.31,4424.0199999999995,23.3100000000004,-8.810729923425242e-13,0.9999999999999962
30918,-73.9747085571289,40.75938034057617,-73.96795654296875,40.76140975952149,218.83,4170,4170,-1.0,-1.0,-1,-1,0.0
30919,-73.97413635253906,40.75688934326172,-73.98745727539062,40.72879409790039,725.99,4170,4170,-1.0,-1.0,-1,-1,0.0
30920,-73.9788360595703,40.750343322753906,-73.953125,40.77842330932617,777.77,4170,4170,-1.0,-1.0,-1,-1,0.0
30921,-73.9942398071289,40.75104904174805,-73.97899627685547,40.76430130004883,587.56,4170,4170,4193.08,4840.15,23.079999999999927,59.50999999999976,1.1012832731976305
30922,-73.9847183227539,40.75368118286133,-73.9877700805664,40.7622184753418,309.94,4170,4170,4206.38,4560.25,36.38000000000011,43.92999999999989,1.1417371104084657
30923,-73.9942398071289,40.751380920410156,-73.98577117919923,40.7561912536621,358.21,4171,4171,-1.0,-1.0,-1,-1,0.0
30924,-73.98306274414062,40.74726867675781,-73.97314453125,40.788719177246094,1065.52,4171,4171,-1.0,-1.0,-1,-1,0.0
30925,-73.98574829101562,40.72309112548828,-73.96580505371094,40.754390716552734,585.07,4171,4171,4278.84,4863.91,107.84000000000015,-3.410605131648481e-13,0.9999999999999994
30926,-73.97072601318358,40.75879287719727,-73.96320343017578,40.75777053833008,219.54,4171,4171,-1.0,-1.0,-1,-1,0.0
30927,-73.99783325195312,40.72068405151367,-73.98778533935547,40.72856140136719,326.6,4171,4171,-1.0,-1.0,-1,-1,0.0
30928,-73.99115753173827,40.75569915771485,-73.9480972290039,40.82947158813477,1258.26,4171,4171,4211.95,5487.83,40.94999999999982,17.62000000000012,1.0140034651026022
30929,-73.99373626708984,40.75697708129883,-73.98757934570312,40.77043151855469,353.41,4171,4171,-1.0,-1.0,-1,-1,0.0
30930,-74.00289916992188,40.74970626831055,-73.96363067626955,40.77420425415039,990.5,4171,4171,4211.49,5201.99,40.48999999999978,0.0,1.0
30931,-73.97087860107422,40.76424026489258,-73.98509979248048,40.77642059326172,487.25,4171,4171,-1.0,-1.0,-1,-1,0.0
30932,-74.00758361816406,40.725921630859375,-73.99899291992188,40.73432540893555,259.83,4172,4172,4274.08,4533.91,102.07999999999993,-5.684341886080802e-14,0.9999999999999998
30933,-73.9749526977539,40.79058837890625,-73.9569091796875,40.78342819213867,479.33,4172,4172,4259.25,4738.58,87.25,-5.684341886080802e-14,0.9999999999999999
30934,-73.9840087890625,40.743465423583984,-73.9600601196289,40.770652770996094,785.86,4172,4172,4223.89,5009.75,51.89000000000033,-3.410605131648481e-13,0.9999999999999996
30935,-73.95581817626955,40.77978897094727,-73.94999694824219,40.79209899902344,286.75,4172,4172,-1.0,-1.0,-1,-1,0.0
30936,-73.999267578125,40.72509002685547,-73.98963165283203,40.717620849609375,568.38,4172,4172,4210.07,4778.45,38.06999999999971,1.1368683772161603e-13,1.0000000000000002
30937,-73.96124267578125,40.775066375732415,-73.98406982421875,40.740547180175774,917.1,4172,4172,-1.0,-1.0,-1,-1,0.0
30938,-74.00637054443358,40.73932266235352,-73.99375915527344,40.73122024536133,528.28,4172,4172,4200.0,4728.28,28.0,-2.2737367544323206e-13,0.9999999999999996
30939,-73.9817886352539,40.75859832763672,-74.00558471679686,40.718353271484375,1119.0,4173,4173,-1.0,-1.0,-1,-1,0.0
30940,-73.99439239501955,40.74115753173828,-74.00738525390625,40.74440002441406,355.95,4173,4173,-1.0,-1.0,-1,-1,0.0
30941,-73.99342346191406,40.74983596801758,-73.96182250976562,40.77688217163085,1021.79,4173,4173,-1.0,-1.0,-1,-1,0.0
30942,-73.98778533935547,40.760566711425774,-73.9978256225586,40.75090408325195,383.19,4173,4173,-1.0,-1.0,-1,-1,0.0
30943,-73.98139190673827,40.76839065551758,-73.98925018310547,40.76280975341797,293.6,4173,4173,-1.0,-1.0,-1,-1,0.0
30944,-73.96779632568358,40.80212020874024,-73.96025848388672,40.815731048583984,290.04,4173,4173,4260.17,4550.21,87.17000000000007,-5.684341886080802e-14,0.9999999999999998
30945,-73.98974609375,40.73408126831055,-73.98263549804686,40.72314834594727,483.06,4173,4173,4213.58,4696.64,40.57999999999993,3.979039320256561e-13,1.0000000000000009
30946,-73.9584732055664,40.781639099121094,-73.96829223632812,40.77072143554688,313.73,4174,4174,4201.24,4567.98,27.23999999999978,53.00999999999976,1.168966946100149
30947,-74.01109313964845,40.7042236328125,-74.0062255859375,40.71176528930664,360.82,4174,4174,-1.0,-1.0,-1,-1,0.0
30948,-73.99816131591797,40.740737915039055,-73.99801635742188,40.72527694702149,465.34,4174,4174,4221.5199999999995,4686.86,47.51999999999953,1.7053025658242404e-13,1.0000000000000004
30949,-74.00550842285155,40.74078750610352,-73.9976806640625,40.72254180908203,710.96,4174,4174,4224.7,4935.66,50.69999999999982,0.0,1.0
30950,-73.99481201171875,40.76548767089844,-73.99053192138672,40.775047302246094,197.26,4174,4174,-1.0,-1.0,-1,-1,0.0
30951,-73.97579956054686,40.740570068359375,-73.9685287475586,40.75410842895508,281.12,4174,4174,4279.55,4560.67,105.55000000000018,-1.1368683772161603e-13,0.9999999999999996
30952,-73.99461364746094,40.74527359008789,-73.99781799316406,40.725772857666016,555.54,4174,4174,4222.0,4815.0199999999995,48.0,37.47999999999956,1.0674658890448925
30953,-73.98316955566406,40.73884963989258,-73.9798583984375,40.74625015258789,217.2,4174,4174,4212.89,4430.09,38.89000000000033,-1.7053025658242404e-13,0.9999999999999992
30954,-73.98656463623048,40.739421844482415,-73.99002838134766,40.718040466308594,786.19,4174,4174,4225.5199999999995,5070.48,51.51999999999953,58.76999999999998,1.0747529223215762
30955,-73.98552703857422,40.764625549316406,-73.98543548583984,40.75225067138672,561.5,4174,4174,4242.29,4803.79,68.28999999999996,0.0,1.0
30956,-74.00494384765625,40.74150466918945,-73.99310302734375,40.71527862548828,1057.41,4174,4174,-1.0,-1.0,-1,-1,0.0
30957,-73.96715545654298,40.80332946777344,-73.94329071044923,40.82336044311523,692.36,4175,4175,4314.2,5006.56,139.19999999999982,5.684341886080801e-13,1.0000000000000009
30958,-73.97110748291014,40.76134490966797,-73.95490264892578,40.7833251953125,535.66,4175,4175,-1.0,-1.0,-1,-1,0.0
30959,-73.98348999023438,40.75014877319336,-73.9906005859375,40.740211486816406,198.96,4175,4175,4209.76,4408.72,34.76000000000022,2.842170943040401e-14,1.0000000000000002
30960,-73.95263671875,40.78647232055664,-73.95465087890625,40.76729202270508,577.74,4175,4175,4644.400000000001,5222.14,469.40000000000055,-2.2737367544323206e-13,0.9999999999999996
30961,-73.97164916992188,40.76017379760742,-73.96029663085938,40.7702751159668,342.57,4176,4176,-1.0,-1.0,-1,-1,0.0
30962,-73.97098541259766,40.75354766845703,-73.98919677734375,40.76277542114258,743.2,4176,4176,4246.76,4989.96,70.76000000000022,-2.2737367544323206e-13,0.9999999999999997
30963,-73.97132873535155,40.79293823242188,-73.93234252929686,40.79644393920898,900.23,4176,4176,4228.24,5144.37,52.23999999999978,15.900000000000091,1.0176621530053431
30964,-73.99415588378906,40.751258850097656,-73.98452758789062,40.74605178833008,566.33,4176,4176,-1.0,-1.0,-1,-1,0.0
30965,-73.9498519897461,40.78536987304688,-73.96276092529298,40.76733016967773,538.52,4176,4176,4247.41,4785.93,71.40999999999985,4.547473508864641e-13,1.0000000000000009
30966,-73.96717834472656,40.803749084472656,-73.97522735595702,40.76517868041992,961.11,4177,4177,4479.4,5440.51,302.39999999999964,5.684341886080801e-13,1.0000000000000007
30967,-73.97428131103516,40.751747131347656,-73.9789810180664,40.74715042114258,180.71,4177,4177,4222.65,4403.36,45.649999999999636,2.842170943040401e-14,1.0000000000000002
30968,-73.98467254638672,40.732330322265625,-74.00177764892578,40.73950958251953,438.01,4177,4177,-1.0,-1.0,-1,-1,0.0
30969,-73.96076202392578,40.765769958496094,-73.99710845947266,40.72546005249024,1101.89,4177,4177,-1.0,-1.0,-1,-1,0.0
30970,-73.96573638916014,40.80561447143555,-73.96053314208984,40.81583786010742,230.04,4177,4177,4229.46,4473.08,52.460000000000036,13.579999999999899,1.059033211615371
30971,-73.99544525146483,40.749473571777344,-74.00397491455078,40.751808166503906,314.05,4178,4178,-1.0,-1.0,-1,-1,0.0
30972,-73.98538208007811,40.758655548095696,-73.97725677490234,40.72904968261719,998.79,4178,4178,-1.0,-1.0,-1,-1,0.0
30973,-74.0033950805664,40.71742630004883,-73.99113464355469,40.73505783081055,607.11,4178,4178,-1.0,-1.0,-1,-1,0.0
30974,-73.99017333984375,40.76234436035156,-73.96797943115234,40.75558471679688,853.86,4178,4178,4289.87,5143.73,111.86999999999989,-3.410605131648481e-13,0.9999999999999996
30975,-73.979736328125,40.76029968261719,-73.96734619140625,40.77238845825195,419.26,4178,4178,-1.0,-1.0,-1,-1,0.0
30976,-73.96920776367188,40.75396347045898,-73.99198150634766,40.72563171386719,663.36,4178,4178,4213.88,4877.24,35.88000000000011,-3.410605131648481e-13,0.9999999999999994
30977,-73.99285888671875,40.75862884521485,-74.0018539428711,40.735450744628906,573.16,4178,4178,4221.39,4825.62,43.39000000000033,31.069999999999595,1.0542082490055127
30978,-73.95584869384766,40.76404190063477,-73.97503662109375,40.7616081237793,685.34,4178,4178,-1.0,-1.0,-1,-1,0.0
30979,-73.98918914794923,40.747871398925774,-73.97319030761719,40.78716659545898,1059.55,4178,4178,-1.0,-1.0,-1,-1,0.0
30980,-73.99689483642578,40.72047424316406,-73.98240661621094,40.72335433959961,508.58,4178,4178,4257.5,4766.08,79.5,-5.684341886080802e-14,0.9999999999999999
30981,-74.00575256347656,40.71743774414063,-73.99667358398438,40.73557662963867,326.53,4179,4179,4235.13,4561.66,56.13000000000011,-2.2737367544323206e-13,0.9999999999999993
30982,-73.9806900024414,40.75924301147461,-73.98523712158203,40.73872375488281,687.26,4179,4179,-1.0,-1.0,-1,-1,0.0
30983,-73.9553985595703,40.773601531982415,-73.96539306640625,40.75606155395508,564.27,4179,4179,4211.55,4775.82,32.55000000000018,-4.547473508864641e-13,0.9999999999999992
30984,-73.95360565185547,40.76722717285156,-73.9906005859375,40.75103378295898,1032.02,4179,4179,4238.67,5270.6900000000005,59.67000000000007,4.547473508864641e-13,1.0000000000000004
30985,-74.0052032470703,40.7203483581543,-73.99208068847656,40.75894165039063,946.65,4179,4179,4232.21,5178.86,53.210000000000036,-3.410605131648481e-13,0.9999999999999997
30986,-73.95237731933594,40.778018951416016,-73.95307159423827,40.76976013183594,257.92,4179,4179,4314.37,4572.29,135.3699999999999,5.684341886080802e-14,1.0000000000000002
30987,-74.00615692138672,40.717079162597656,-74.00021362304686,40.723838806152344,274.66,4179,4179,-1.0,-1.0,-1,-1,0.0
30988,-73.99252319335938,40.748008728027344,-73.98651123046875,40.71067810058594,1169.77,4179,4179,4236.05,5405.820000000001,57.05000000000018,4.547473508864641e-13,1.0000000000000004
30989,-73.9898681640625,40.75665283203125,-73.9754867553711,40.75265502929688,636.83,4179,4179,-1.0,-1.0,-1,-1,0.0
30990,-73.9492645263672,40.78199768066406,-73.98855590820312,40.735023498535156,1178.61,4180,4180,4277.58,5456.1900000000005,97.57999999999993,6.821210263296962e-13,1.0000000000000007
30991,-73.99706268310547,40.7221908569336,-73.99095916748048,40.72774124145508,220.8,4180,4180,4200.0,4420.8,20.0,1.7053025658242404e-13,1.0000000000000007
30992,-73.9820785522461,40.77895736694336,-73.96466827392578,40.77587127685547,448.62,4180,4180,4387.95,4836.57,207.94999999999982,-1.1368683772161603e-13,0.9999999999999998
30993,-74.00312042236328,40.74417114257813,-74.01409149169923,40.70204162597656,944.4,4180,4180,-1.0,-1.0,-1,-1,0.0
30994,-73.98808288574219,40.73766708374024,-73.97820281982422,40.7510871887207,396.91,4180,4180,4224.36,4621.27,44.35999999999967,7.389644451905042e-13,1.0000000000000018
30995,-73.9867935180664,40.7296142578125,-74.00081634521484,40.74624633789063,729.46,4181,4181,4351.2,5080.66,170.19999999999982,0.0,1.0
30996,-73.97210693359375,40.75955200195313,-73.94586944580078,40.77871322631836,660.57,4181,4181,-1.0,-1.0,-1,-1,0.0
30997,-73.99407958984375,40.73545837402344,-74.01048278808594,40.7098503112793,837.99,4181,4181,4205.09,5043.08,24.090000000000146,-2.2737367544323206e-13,0.9999999999999998
30998,-73.95987701416014,40.77368927001953,-73.97193908691406,40.76604843139648,405.39,4181,4181,-1.0,-1.0,-1,-1,0.0
30999,-74.0118179321289,40.72034072875977,-73.95052337646483,40.78347778320313,1625.39,4181,4181,4327.08,5952.469999999999,146.07999999999993,-6.821210263296962e-13,0.9999999999999996
31000,-73.97286987304686,40.76115798950195,-73.98143005371094,40.74700164794922,539.12,4181,4181,-1.0,-1.0,-1,-1,0.0
31001,-73.98722076416014,40.77103042602539,-73.97724914550781,40.779609680175774,252.86,4181,4181,4208.81,4461.67,27.8100000000004,-3.410605131648481e-13,0.9999999999999987
31002,-73.9973373413086,40.74492263793945,-73.99356842041014,40.73428726196289,407.12,4181,4181,-1.0,-1.0,-1,-1,0.0
31003,-73.98537445068358,40.74304580688477,-73.99118041992188,40.75583267211913,521.81,4182,4182,-1.0,-1.0,-1,-1,0.0
31004,-73.952392578125,40.7865104675293,-73.9701614379883,40.768310546875,511.99,4182,4182,4234.07,4746.0599999999995,52.06999999999971,-2.2737367544323206e-13,0.9999999999999996
31005,-73.95291137695312,40.78673934936523,-73.98179626464844,40.74686813354492,1130.5,4182,4182,-1.0,-1.0,-1,-1,0.0
31006,-73.95389556884766,40.7872314453125,-73.95116424560547,40.77436828613281,460.33,4182,4182,-1.0,-1.0,-1,-1,0.0
31007,-74.00071716308595,40.7319221496582,-74.00238037109375,40.76049041748047,791.8,4182,4182,4205.67,5005.26,23.670000000000073,7.790000000000191,1.0098383430159132
31008,-74.0162582397461,40.71002960205078,-73.97512817382812,40.751060485839844,903.59,4182,4182,-1.0,-1.0,-1,-1,0.0
31009,-74.0025863647461,40.72863006591797,-74.0017318725586,40.74604034423828,502.71,4182,4182,4216.66,4754.37,34.659999999999854,35.00000000000006,1.0696226452626765
31010,-73.98896789550781,40.74372863769531,-73.96945953369139,40.76105880737305,713.9,4182,4182,-1.0,-1.0,-1,-1,0.0
31011,-74.00914764404298,40.7175407409668,-74.00531005859375,40.74101638793945,486.58,4183,4183,-1.0,-1.0,-1,-1,0.0
31012,-73.99381256103516,40.75152206420898,-73.98270416259766,40.73939514160156,684.74,4183,4183,-1.0,-1.0,-1,-1,0.0
31013,-73.98467254638672,40.76919174194336,-73.99466705322266,40.75033950805664,607.6,4183,4183,-1.0,-1.0,-1,-1,0.0
31014,-73.98432159423827,40.742958068847656,-73.97844696044923,40.74256896972656,235.3,4183,4183,4219.1,4513.59,36.100000000000364,59.18999999999977,1.2515512112197185
31015,-73.9799575805664,40.77798080444336,-73.94673919677734,40.792396545410156,776.75,4183,4183,4246.0,5060.63,63.0,37.88000000000011,1.048767299645961
31016,-73.96515655517578,40.77241134643555,-73.97515869140625,40.7612190246582,418.09,4184,4184,-1.0,-1.0,-1,-1,0.0
31017,-73.9655990600586,40.768653869628906,-73.9599609375,40.75881576538085,509.06,4184,4184,-1.0,-1.0,-1,-1,0.0
31018,-73.97461700439453,40.76197814941406,-73.97802734375,40.748329162597656,487.51,4184,4184,4225.1,4724.07,41.100000000000364,11.459999999999354,1.0235072101085092
31019,-74.00408935546875,40.73807907104492,-74.00630187988281,40.74866485595703,348.9,4184,4184,4220.22,4622.26,36.220000000000255,53.139999999999986,1.1523072513614216
31020,-73.99217224121094,40.75904083251953,-73.9920883178711,40.768909454345696,289.17,4184,4184,4338.92,4628.09,154.92000000000007,5.684341886080802e-14,1.0000000000000002
31021,-73.98116302490234,40.73837661743164,-73.98423767089844,40.75466918945313,698.33,4184,4184,-1.0,-1.0,-1,-1,0.0
31022,-73.95081329345702,40.7860107421875,-73.97984313964845,40.775474548339844,648.01,4184,4184,-1.0,-1.0,-1,-1,0.0
31023,-74.0060806274414,40.73460006713867,-73.9906234741211,40.75619888305664,538.09,4185,4185,4277.3,4815.39,92.30000000000018,1.1368683772161603e-13,1.0000000000000002
31024,-73.95796203613281,40.765045166015625,-73.97523498535155,40.75214385986328,662.54,4185,4185,-1.0,-1.0,-1,-1,0.0
31025,-73.99276733398438,40.72355270385742,-74.0031509399414,40.73479843139648,500.6,4185,4185,4278.92,4779.52,93.92000000000007,3.410605131648481e-13,1.0000000000000007
31026,-73.97748565673827,40.763538360595696,-73.94680786132812,40.77414321899415,878.14,4185,4185,-1.0,-1.0,-1,-1,0.0
31027,-73.97795104980467,40.75371170043945,-73.96297454833984,40.7583122253418,509.59,4185,4185,-1.0,-1.0,-1,-1,0.0
31028,-73.96231079101562,40.76356887817383,-73.98190307617188,40.76841354370117,650.75,4185,4185,4200.0,4850.75,15.0,0.0,1.0
31029,-73.99423217773438,40.7512092590332,-73.98066711425781,40.76604843139648,507.68,4185,4185,-1.0,-1.0,-1,-1,0.0
31030,-73.9803237915039,40.78567123413085,-73.98836517333984,40.77941513061523,407.57,4185,4185,4209.99,4695.11,24.98999999999978,77.5499999999999,1.1902740633510807
31031,-73.98171997070312,40.75926208496094,-74.00428009033203,40.74861145019531,736.83,4185,4185,4200.0,4947.58,15.0,10.749999999999886,1.0145895253993458
31032,-73.98204803466798,40.77857208251953,-73.97007751464845,40.78565216064453,311.34,4185,4185,4242.88,4554.22,57.88000000000011,1.7053025658242404e-13,1.0000000000000004
31033,-73.9756317138672,40.76092147827149,-74.00525665283203,40.740631103515625,872.36,4185,4185,-1.0,-1.0,-1,-1,0.0
31034,-73.97066497802734,40.751895904541016,-73.989990234375,40.750648498535156,646.99,4186,4186,4212.93,4887.75,26.93000000000029,27.8299999999997,1.043014575186633
31035,-73.9710922241211,40.79576873779297,-73.96134185791014,40.811561584472656,289.68,4186,4186,4318.7,4608.38,132.69999999999982,2.8421709430404007e-13,1.0000000000000009
31036,-73.98678588867188,40.73953247070313,-73.95648193359375,40.78390502929688,1071.73,4186,4186,4227.28,5305.49,41.279999999999745,6.480000000000018,1.006046298974555
31037,-73.99430084228516,40.746109008789055,-73.98513793945312,40.7359733581543,434.49,4186,4186,4220.900000000001,4683.05,34.900000000000546,27.659999999999627,1.0636608437478414
31038,-73.99099731445312,40.745418548583984,-74.00458526611328,40.7376365661621,443.75,4186,4186,-1.0,-1.0,-1,-1,0.0
31039,-73.99324798583984,40.74740982055664,-73.98873901367188,40.73225021362305,567.99,4186,4186,-1.0,-1.0,-1,-1,0.0
31040,-73.9944839477539,40.75022888183594,-73.96289825439453,40.75833129882813,980.74,4186,4186,-1.0,-1.0,-1,-1,0.0
31041,-73.9764633178711,40.75117874145508,-73.98273468017578,40.72984313964844,515.18,4186,4186,-1.0,-1.0,-1,-1,0.0
31042,-73.9910888671875,40.75569915771485,-73.9870834350586,40.74718856811523,535.19,4187,4187,-1.0,-1.0,-1,-1,0.0
31043,-73.9769515991211,40.75532913208008,-73.95465850830078,40.77048110961913,666.36,4187,4187,4224.13,4890.49,37.13000000000011,-3.410605131648481e-13,0.9999999999999994
31044,-73.95474243164062,40.77824783325195,-73.96700286865234,40.77074432373047,413.73,4187,4187,4294.11,4707.84,107.10999999999967,4.547473508864641e-13,1.000000000000001
31045,-73.98688507080078,40.74245071411133,-73.99031066894531,40.72505187988281,538.44,4187,4187,-1.0,-1.0,-1,-1,0.0
31046,-73.9923324584961,40.758655548095696,-74.0057373046875,40.750789642333984,318.49,4187,4187,-1.0,-1.0,-1,-1,0.0
31047,-73.94692993164062,40.8193244934082,-74.0002670288086,40.73134994506836,1926.02,4187,4187,4400.57,6326.59,213.5699999999997,4.547473508864641e-13,1.0000000000000002
31048,-73.97997283935547,40.78401184082031,-74.00997924804686,40.718109130859375,1244.38,4187,4187,4242.36,5486.74,55.35999999999967,0.0,1.0
31049,-73.96862030029298,40.75806427001953,-73.98421478271484,40.761131286621094,651.65,4187,4187,-1.0,-1.0,-1,-1,0.0
31050,-73.97083282470702,40.75870895385742,-73.9920196533203,40.72576904296875,857.29,4187,4187,-1.0,-1.0,-1,-1,0.0
31051,-73.9862289428711,40.73033142089844,-73.9906005859375,40.74589920043945,593.38,4187,4187,4602.62,5196.0,415.6199999999999,1.1368683772161603e-13,1.0000000000000002
31052,-73.95990753173827,40.76671600341797,-73.9808120727539,40.73540878295898,780.58,4188,4188,4204.89,4994.6900000000005,16.890000000000327,9.220000000000141,1.0118117297394247
31053,-73.97389221191406,40.74761962890625,-73.95018768310547,40.77228927612305,584.89,4188,4188,4207.35,4851.5199999999995,19.350000000000364,59.27999999999918,1.101352391047888
31054,-73.99759674072266,40.74102783203125,-73.97312927246094,40.764408111572266,879.31,4188,4188,4212.97,5092.28,24.970000000000255,-4.547473508864641e-13,0.9999999999999994
31055,-73.98284912109375,40.74198913574219,-73.9925537109375,40.724422454833984,503.9,4188,4188,4232.8,4736.7,44.80000000000018,-3.410605131648481e-13,0.9999999999999993
31056,-73.99430084228516,40.75108337402344,-73.95850372314453,40.7640495300293,1043.81,4188,4188,-1.0,-1.0,-1,-1,0.0
31057,-73.98604583740234,40.74745559692383,-73.99160766601562,40.73553085327149,277.13,4188,4188,4228.8,4505.93,40.80000000000018,1.1368683772161603e-13,1.0000000000000004
31058,-73.98462677001955,40.73687744140625,-73.99263763427734,40.74310302734375,348.77,4188,4188,4215.79,4564.56,27.789999999999964,4.547473508864641e-13,1.0000000000000013
31059,-73.99021911621094,40.75176239013672,-73.97584533691406,40.75843048095703,589.34,4189,4189,4219.06,4898.18,30.0600000000004,89.77999999999986,1.1523399056571755
31060,-73.96852111816406,40.76168823242188,-73.95361328125,40.7849006652832,599.12,4189,4189,-1.0,-1.0,-1,-1,0.0
31061,-73.99465179443358,40.74047088623047,-74.00443267822266,40.74787902832031,310.07,4189,4189,4201.09,4511.16,12.090000000000146,-2.8421709430404007e-13,0.9999999999999991
31062,-73.9754867553711,40.78678894042969,-73.95677947998048,40.80086135864258,391.29,4189,4189,4280.87,4672.16,91.86999999999989,-5.684341886080802e-14,0.9999999999999999
31063,-73.96726989746094,40.78824234008789,-73.94718170166014,40.81432342529297,599.18,4189,4189,4304.71,4903.89,115.71000000000004,3.410605131648481e-13,1.0000000000000007
31064,-73.95555114746094,40.77948760986328,-73.95659637451173,40.8028678894043,607.47,4189,4189,4244.12,4901.71,55.11999999999989,50.12000000000012,1.0825061319900573
31065,-73.95510864257811,40.77397918701172,-73.97826385498048,40.78333282470703,560.04,4190,4190,-1.0,-1.0,-1,-1,0.0
31066,-73.97176361083984,40.75469207763672,-73.9552230834961,40.76850128173828,403.64,4190,4190,4245.0,4694.77,55.0,46.13000000000045,1.1142850064413845
31067,-74.01396942138672,40.712890625,-73.98636627197266,40.754188537597656,1076.51,4190,4190,4236.1,5312.61,46.100000000000364,-6.821210263296962e-13,0.9999999999999993
31068,-73.98211669921875,40.768798828125,-73.96112823486328,40.77742004394531,608.36,4190,4190,4290.25,4898.610000000001,100.25,5.684341886080801e-13,1.0000000000000009
31069,-73.99891662597656,40.74441528320313,-73.93502807617188,40.854656219482415,1539.61,4190,4190,-1.0,-1.0,-1,-1,0.0
31070,-73.97317504882812,40.74854278564453,-73.99079895019531,40.7335090637207,462.58,4191,4191,-1.0,-1.0,-1,-1,0.0
31071,-73.98896789550781,40.74393081665039,-73.98686981201173,40.75564956665039,462.93,4191,4191,-1.0,-1.0,-1,-1,0.0
31072,-73.99092864990234,40.72433853149415,-73.98413848876955,40.72929000854492,222.62,4191,4191,4440.83,4663.45,249.82999999999993,-1.1368683772161603e-13,0.9999999999999994
31073,-74.00082397460938,40.74700546264648,-73.99411010742188,40.75916290283203,376.71,4191,4191,-1.0,-1.0,-1,-1,0.0
31074,-73.97528076171875,40.75216674804688,-73.9847183227539,40.73958206176758,255.83,4191,4191,4228.17,4484.0,37.17000000000007,-8.526512829121202e-14,0.9999999999999997
31075,-73.96895599365234,40.75804138183594,-73.96076202392578,40.76946640014648,251.16,4192,4192,-1.0,-1.0,-1,-1,0.0
31076,-73.9864730834961,40.75177001953125,-73.97618865966798,40.76538848876953,387.77,4192,4192,-1.0,-1.0,-1,-1,0.0
31077,-73.97650146484375,40.785545349121094,-73.95391845703125,40.78749084472656,478.12,4192,4192,4372.0,4850.12,180.0,-1.1368683772161603e-13,0.9999999999999998
31078,-73.97381591796875,40.76591873168945,-73.96499633789062,40.80595397949219,977.72,4192,4192,-1.0,-1.0,-1,-1,0.0
31079,-73.97012329101562,40.76559066772461,-73.97412872314453,40.78302001953125,457.54,4192,4192,4239.76,4697.3,47.76000000000022,-5.684341886080802e-14,0.9999999999999999
31080,-73.96286010742188,40.76976013183594,-73.9690933227539,40.76118087768555,268.67,4192,4192,4200.64,4469.31,8.640000000000327,5.684341886080802e-14,1.0000000000000002
31081,-73.97293853759766,40.7826042175293,-73.99473571777342,40.75045776367188,971.13,4192,4192,4370.42,5341.55,178.42000000000007,1.1368683772161603e-13,1.0000000000000002
31082,-73.96905517578125,40.7540168762207,-73.97681427001955,40.75214385986328,286.46,4192,4192,4227.42,4513.88,35.42000000000007,5.684341886080802e-14,1.0000000000000002
31083,-73.9926528930664,40.75928115844727,-74.00820922851562,40.73794174194336,586.81,4193,4193,-1.0,-1.0,-1,-1,0.0
31084,-73.98333740234375,40.76716613769531,-73.94486236572266,40.829078674316406,1077.87,4193,4193,4247.01,5324.88,54.01000000000022,0.0,1.0
31085,-73.99501037597656,40.74488067626953,-74.00908660888672,40.730560302734375,400.46,4193,4193,-1.0,-1.0,-1,-1,0.0
31086,-73.9937973022461,40.73553085327149,-74.00691223144531,40.73015975952149,332.37,4193,4193,-1.0,-1.0,-1,-1,0.0
31087,-73.99209594726562,40.75901794433594,-73.99222564697266,40.769081115722656,289.17,4193,4193,-1.0,-1.0,-1,-1,0.0
31088,-73.96669006347656,40.76416397094727,-73.99341583251955,40.729339599609375,907.43,4193,4193,-1.0,-1.0,-1,-1,0.0
31089,-73.98899841308595,40.74836349487305,-73.97386932373048,40.75521087646485,562.82,4193,4193,4251.97,4860.41,58.970000000000255,45.61999999999955,1.0810561103016942
31090,-73.98605346679686,40.726478576660156,-73.977783203125,40.74214172363281,395.29,4193,4193,4301.58,4696.87,108.57999999999993,-5.684341886080802e-14,0.9999999999999999
31091,-73.98396301269531,40.76097106933594,-73.98883056640625,40.74916076660156,577.6,4193,4193,-1.0,-1.0,-1,-1,0.0
31092,-73.98281860351562,40.76325607299805,-73.98368072509766,40.76982879638672,318.93,4194,4194,4220.05,4538.9800000000005,26.050000000000182,2.8421709430404007e-13,1.0000000000000009
31093,-74.00025177001955,40.72866439819336,-73.97724151611328,40.74201965332031,736.29,4195,4195,4269.34,5005.63,74.34000000000015,0.0,1.0
31094,-73.98017883300781,40.76070022583008,-73.9779739379883,40.7417221069336,777.08,4195,4195,-1.0,-1.0,-1,-1,0.0
31095,-73.99149322509766,40.75015258789063,-73.98905181884766,40.73156356811523,631.2,4195,4195,-1.0,-1.0,-1,-1,0.0
31096,-73.99582672119139,40.73880386352539,-73.97624969482422,40.75725173950195,675.64,4195,4195,4236.33,4911.97,41.32999999999993,3.410605131648481e-13,1.0000000000000004
31097,-73.97007751464845,40.7895393371582,-73.97754669189453,40.78879165649415,193.03,4195,4195,4225.91,4418.9400000000005,30.909999999999854,6.536993168992922e-13,1.0000000000000033
31098,-74.00829315185547,40.734657287597656,-74.00175476074219,40.721168518066406,535.75,4195,4195,4274.33,4810.08,79.32999999999993,0.0,1.0
31099,-73.98753356933594,40.76032257080078,-73.98139190673827,40.78038024902344,503.74,4195,4195,4222.11,4800.17,27.109999999999673,74.32000000000039,1.1475364275221351
31100,-73.97972106933594,40.73952102661133,-73.9910430908203,40.72809982299805,309.56,4195,4195,-1.0,-1.0,-1,-1,0.0
31101,-73.9662551879883,40.77080535888672,-73.95706176757811,40.80516815185547,755.65,4195,4195,-1.0,-1.0,-1,-1,0.0
31102,-73.99703216552734,40.720569610595696,-73.96155548095702,40.76015853881836,979.1,4195,4195,-1.0,-1.0,-1,-1,0.0
31103,-73.97715759277344,40.75434112548828,-73.9914779663086,40.75019073486328,497.34,4195,4195,-1.0,-1.0,-1,-1,0.0
31104,-73.99387359619139,40.74132537841797,-73.95523071289062,40.80464553833008,1510.94,4196,4196,-1.0,-1.0,-1,-1,0.0
31105,-73.96829223632812,40.76218032836913,-73.96131896972656,40.757469177246094,290.53,4196,4196,-1.0,-1.0,-1,-1,0.0
31106,-74.00465393066406,40.7126579284668,-73.99034881591797,40.750354766845696,953.7,4196,4196,-1.0,-1.0,-1,-1,0.0
31107,-74.00257873535155,40.73950958251953,-73.9882583618164,40.72024917602539,899.2,4196,4196,4241.54,5140.740000000001,45.539999999999964,6.821210263296962e-13,1.0000000000000007
31108,-73.97505950927734,40.74163818359375,-73.9808120727539,40.75349044799805,500.57,4196,4196,-1.0,-1.0,-1,-1,0.0
31109,-73.97398376464845,40.737979888916016,-73.98191833496094,40.75790023803711,751.04,4196,4196,-1.0,-1.0,-1,-1,0.0
31110,-73.95381164550781,40.77983856201172,-73.96296691894531,40.77518081665039,323.35,4197,4197,4426.49,4749.84,229.48999999999978,3.410605131648481e-13,1.000000000000001
31111,-73.9810562133789,40.765098571777344,-73.98943328857422,40.759578704833984,354.45,4197,4197,4228.96,4583.41,31.960000000000036,-1.7053025658242404e-13,0.9999999999999996
31112,-73.98689270019531,40.7582893371582,-73.99169158935547,40.73872375488281,561.64,4197,4197,4216.68,4778.32,19.68000000000029,-5.684341886080801e-13,0.999999999999999
31113,-73.98172760009766,40.740867614746094,-73.99124908447266,40.750450134277344,567.66,4197,4197,-1.0,-1.0,-1,-1,0.0
31114,-74.00152587890625,40.72941589355469,-73.95030975341797,40.761627197265625,1512.08,4198,4198,4382.5,5894.58,184.5,0.0,1.0
31115,-73.98242950439453,40.75141143798828,-74.00228881835938,40.73970031738281,517.47,4198,4198,4229.84,4747.31,31.840000000000146,2.2737367544323206e-13,1.0000000000000004
31116,-74.00758361816406,40.72592544555664,-73.99029541015625,40.73139190673828,509.37,4198,4198,4244.08,4753.45,46.07999999999993,-1.1368683772161603e-13,0.9999999999999998
31117,-73.97072601318358,40.783592224121094,-73.97771453857422,40.79208755493164,347.28,4198,4198,4228.86,4576.14,30.859999999999673,6.821210263296962e-13,1.000000000000002
31118,-73.9592056274414,40.77167892456055,-73.97589874267578,40.7593994140625,643.52,4198,4198,-1.0,-1.0,-1,-1,0.0
31119,-73.99080657958984,40.74581909179688,-73.97161102294923,40.79880142211913,1169.87,4198,4198,-1.0,-1.0,-1,-1,0.0
31120,-74.00780487060547,40.75166320800781,-74.01116943359375,40.71582412719727,656.34,4199,4199,-1.0,-1.0,-1,-1,0.0
31121,-73.9745101928711,40.75384140014648,-73.99482727050781,40.745018005371094,626.59,4199,4199,-1.0,-1.0,-1,-1,0.0
31122,-73.94917297363281,40.80281066894531,-73.96710968017578,40.793643951416016,427.31,4199,4199,4327.67,4754.9800000000005,128.67000000000007,3.979039320256561e-13,1.0000000000000009
31123,-73.97826385498048,40.75078201293945,-73.97596740722656,40.74488067626953,257.58,4199,4199,4331.84,4589.42,132.84000000000015,-5.684341886080802e-14,0.9999999999999998
31124,-74.00287628173827,40.760398864746094,-74.00800323486328,40.7398796081543,580.89,4199,4199,-1.0,-1.0,-1,-1,0.0
31125,-73.98194885253906,40.77851104736328,-73.97737884521484,40.7454833984375,1207.45,4199,4199,-1.0,-1.0,-1,-1,0.0
31126,-73.98841857910156,40.75437927246094,-73.9983901977539,40.715797424316406,1072.71,4199,4199,-1.0,-1.0,-1,-1,0.0
31127,-73.98200225830078,40.76813507080078,-73.97743225097656,40.78456497192383,367.36,4199,4199,-1.0,-1.0,-1,-1,0.0
31128,-73.98725891113281,40.74454879760742,-74.00385284423827,40.7475700378418,422.29,4199,4199,4300.51,4722.8,101.51000000000022,-5.684341886080802e-14,0.9999999999999999
31129,-73.97895812988281,40.740638732910156,-73.98548126220702,40.7461051940918,378.01,4199,4199,4312.13,4690.14,113.13000000000011,2.2737367544323206e-13,1.0000000000000007
31130,-74.00289154052734,40.74929809570313,-73.97434234619139,40.78368377685547,738.35,4200,4200,4240.96,4979.31,40.960000000000036,3.410605131648481e-13,1.0000000000000004
31131,-73.97052001953125,40.76457977294922,-73.98522186279298,40.76945114135742,470.66,4200,4200,-1.0,-1.0,-1,-1,0.0
31132,-74.00322723388672,40.71312713623047,-73.99463653564453,40.71964645385742,368.44,4200,4200,-1.0,-1.0,-1,-1,0.0
31133,-74.00762176513672,40.74084854125977,-74.00444793701173,40.7227668762207,582.16,4200,4200,4203.18,4797.47,3.180000000000291,12.129999999999995,1.0208361962347121
31134,-73.99126434326173,40.73259735107422,-73.99208068847656,40.74380874633789,361.87,4200,4200,-1.0,-1.0,-1,-1,0.0
31135,-73.94685363769531,40.78031921386719,-73.9441680908203,40.80803298950195,609.44,4200,4200,4268.62,4878.06,68.61999999999989,4.547473508864641e-13,1.0000000000000007
31136,-73.9720687866211,40.76037216186523,-73.9676742553711,40.80252075195313,1063.3,4200,4200,-1.0,-1.0,-1,-1,0.0
31137,-73.99933624267578,40.71875381469727,-74.0080337524414,40.71754837036133,358.59,4201,4201,-1.0,-1.0,-1,-1,0.0
31138,-73.98893737792969,40.75836944580078,-73.9849624633789,40.77401351928711,394.94,4201,4201,-1.0,-1.0,-1,-1,0.0
31139,-74.01714324951173,40.70509719848633,-73.98681640625,40.7224998474121,735.11,4201,4201,-1.0,-1.0,-1,-1,0.0
31140,-73.96546936035155,40.76266479492188,-73.96118927001955,40.765296936035156,183.12,4201,4201,-1.0,-1.0,-1,-1,0.0
31141,-73.98599243164062,40.757190704345696,-74.00936889648438,40.715309143066406,898.31,4201,4201,-1.0,-1.0,-1,-1,0.0
31142,-73.98290252685547,40.771881103515625,-73.99465179443358,40.75035095214844,667.55,4201,4201,-1.0,-1.0,-1,-1,0.0
31143,-73.98951721191406,40.75244140625,-73.9955520629883,40.749378204345696,229.61,4201,4201,-1.0,-1.0,-1,-1,0.0
31144,-73.98210906982422,40.7712287902832,-73.96029663085938,40.76298141479492,681.13,4201,4201,-1.0,-1.0,-1,-1,0.0
31145,-73.9803466796875,40.77230072021485,-73.95867156982422,40.768909454345696,536.42,4201,4201,4237.73,4774.15,36.72999999999956,1.1368683772161603e-13,1.0000000000000002
31146,-74.00045013427734,40.72766876220703,-73.98820495605469,40.72565841674805,407.34,4202,4202,4257.5,4664.84,55.5,1.7053025658242404e-13,1.0000000000000004
31147,-73.99908447265625,40.72141647338867,-73.99181365966798,40.74328231811523,582.85,4202,4202,4318.54,4901.39,116.53999999999996,3.410605131648481e-13,1.0000000000000007
31148,-73.98629760742188,40.76179122924805,-73.94593048095702,40.78218078613281,1047.43,4202,4202,-1.0,-1.0,-1,-1,0.0
31149,-73.94335174560547,40.799259185791016,-73.95084381103516,40.78604507446289,301.08,4202,4202,4322.63,4623.71,120.63000000000011,-5.684341886080802e-14,0.9999999999999998
31150,-73.9719467163086,40.75425338745117,-73.95869445800781,40.7723045349121,415.28,4202,4202,4345.71,4760.99,143.71000000000004,-2.2737367544323206e-13,0.9999999999999994
31151,-73.97550201416014,40.77670669555664,-73.95561218261719,40.78240203857422,490.06,4202,4202,-1.0,-1.0,-1,-1,0.0
31152,-73.95928192138672,40.7675666809082,-73.97919464111328,40.766700744628906,687.18,4202,4202,4362.21,5049.39,160.21000000000004,3.410605131648481e-13,1.0000000000000004
31153,-73.98589324951173,40.73480224609375,-73.99201202392578,40.725685119628906,287.7,4203,4203,-1.0,-1.0,-1,-1,0.0
31154,-73.97431182861328,40.7508544921875,-74.00847625732422,40.73280715942383,1016.73,4203,4203,-1.0,-1.0,-1,-1,0.0
31155,-73.96403503417969,40.764610290527344,-73.99044799804686,40.75141143798828,1026.95,4203,4203,-1.0,-1.0,-1,-1,0.0
31156,-73.97624969482422,40.74872970581055,-73.95578765869139,40.772369384765625,657.65,4203,4203,4260.77,4931.12,57.77000000000044,12.699999999999477,1.0193111837603581
31157,-73.96720886230467,40.77224731445313,-73.97215270996094,40.76176071166992,329.64,4203,4203,-1.0,-1.0,-1,-1,0.0
31158,-73.9891357421875,40.778133392333984,-73.97513580322266,40.79037857055664,383.3,4203,4203,-1.0,-1.0,-1,-1,0.0
31159,-73.99925231933594,40.733978271484375,-73.9944076538086,40.760906219482415,691.35,4203,4203,4232.5,4923.85,29.5,3.410605131648481e-13,1.0000000000000004
31160,-73.99710083007811,40.72505569458008,-74.00469207763672,40.716392517089844,304.72,4203,4203,4245.47,4550.19,42.470000000000255,-6.821210263296962e-13,0.9999999999999978
31161,-73.98607635498048,40.74337768554688,-73.97159576416014,40.75788116455078,563.0,4203,4203,-1.0,-1.0,-1,-1,0.0
31162,-73.95330810546875,40.77151489257813,-73.96580505371094,40.77202987670898,381.55,4203,4203,4307.59,4689.14,104.59000000000015,1.7053025658242404e-13,1.0000000000000004
31163,-73.96569061279298,40.7579460144043,-74.0057373046875,40.72692108154297,1098.31,4203,4203,-1.0,-1.0,-1,-1,0.0
31164,-74.01403045654298,40.71382141113281,-73.99736785888672,40.742469787597656,680.21,4203,4203,-1.0,-1.0,-1,-1,0.0
31165,-73.9913101196289,40.75190353393555,-73.9920654296875,40.72229385375977,932.74,4203,4203,-1.0,-1.0,-1,-1,0.0
31166,-73.9828567504883,40.76569366455078,-73.98922729492188,40.71872329711913,1580.16,4203,4203,-1.0,-1.0,-1,-1,0.0
31167,-73.95292663574219,40.783180236816406,-73.96060943603516,40.76982879638672,337.68,4204,4204,4311.26,4648.94,107.26000000000022,-6.252776074688882e-13,0.9999999999999981
31168,-73.99365234375,40.74186706542969,-73.99119567871094,40.74915313720703,271.96,4204,4204,4237.11,4509.07,33.10999999999967,5.684341886080802e-14,1.0000000000000002
31169,-73.98342895507811,40.76500701904297,-73.97494506835938,40.753242492675774,674.42,4204,4204,-1.0,-1.0,-1,-1,0.0
31170,-73.98798370361328,40.73237609863281,-73.99417114257811,40.74627685546875,585.05,4204,4204,4326.04,4911.09,122.03999999999996,2.2737367544323206e-13,1.0000000000000004
31171,-73.98110961914062,40.7652702331543,-73.96340942382812,40.775150299072266,533.8,4204,4204,4258.96,4843.8,54.960000000000036,51.04000000000019,1.0956163357062574
31172,-73.99366760253906,40.72718811035156,-73.99832153320312,40.764156341552734,1042.84,4205,4205,4351.75,5394.59,146.75,2.2737367544323206e-13,1.0000000000000002
31173,-73.9649658203125,40.79168319702149,-73.97567749023438,40.788551330566406,227.48,4205,4205,4366.8,4594.28,161.80000000000018,-4.263256414560601e-13,0.9999999999999981
31174,-73.99127960205078,40.75035095214844,-73.95905303955078,40.76335906982422,1013.96,4205,4205,-1.0,-1.0,-1,-1,0.0
31175,-73.98677062988281,40.76131057739258,-73.9776840209961,40.753665924072266,463.71,4205,4205,4288.34,4752.05,83.34000000000015,5.684341886080802e-14,1.0000000000000002
31176,-73.97394561767578,40.7795524597168,-73.9510040283203,40.77755355834961,526.87,4205,4205,4378.29,4905.16,173.28999999999996,-1.1368683772161603e-13,0.9999999999999998
31177,-73.98400115966798,40.72930145263672,-73.99172210693358,40.74906921386719,788.97,4206,4206,4243.62,5032.59,37.61999999999989,2.2737367544323206e-13,1.0000000000000002
31178,-73.98487091064453,40.768379211425774,-73.9726333618164,40.797630310058594,542.88,4206,4206,4264.54,4807.42,58.539999999999964,1.1368683772161603e-13,1.0000000000000002
31179,-73.9944076538086,40.76630401611328,-73.98512268066406,40.763671875,285.29,4206,4206,4263.96,4549.25,57.960000000000036,-5.684341886080802e-14,0.9999999999999998
31180,-73.98539733886719,40.73883438110352,-73.95511627197266,40.77596664428711,962.26,4206,4206,-1.0,-1.0,-1,-1,0.0
31181,-73.9843521118164,40.76997756958008,-73.97989654541014,40.75003051757813,825.99,4206,4206,4240.35,5077.12,34.350000000000364,10.779999999999518,1.0130510054601138
31182,-73.97702026367188,40.75063705444336,-73.98937225341797,40.73981475830078,410.28,4206,4206,-1.0,-1.0,-1,-1,0.0
31183,-73.99105072021484,40.75022888183594,-73.98174285888672,40.740821838378906,493.15,4206,4206,4256.26,4749.41,50.26000000000022,-3.410605131648481e-13,0.9999999999999993
31184,-73.96385192871094,40.76380157470703,-73.9764175415039,40.76419067382813,450.79,4206,4206,4239.17,4689.96,33.17000000000007,-5.684341886080802e-14,0.9999999999999999
31185,-73.96907806396483,40.76681137084961,-73.95890045166014,40.76893997192383,302.72,4206,4206,4324.21,4626.93,118.21000000000004,2.2737367544323206e-13,1.0000000000000007
31186,-73.9811019897461,40.78450012207031,-73.98497009277344,40.76035690307617,695.49,4206,4206,4249.03,4947.1900000000005,43.029999999999745,2.670000000000755,1.003839019971532
31187,-73.97872161865234,40.75383758544922,-73.98658752441406,40.72811508178711,728.41,4206,4206,-1.0,-1.0,-1,-1,0.0
31188,-73.97611999511719,40.78112030029297,-73.9832305908203,40.75915908813477,655.11,4206,4206,4257.17,4912.28,51.17000000000007,-3.410605131648481e-13,0.9999999999999994
31189,-73.9756317138672,40.75731658935547,-73.96138763427734,40.766845703125,444.47,4206,4206,-1.0,-1.0,-1,-1,0.0
31190,-73.98801422119139,40.74097442626953,-73.98040771484375,40.74675369262695,288.91,4207,4207,-1.0,-1.0,-1,-1,0.0
31191,-73.98258972167969,40.75143814086913,-73.98403930664062,40.74057388305664,312.99,4207,4207,-1.0,-1.0,-1,-1,0.0
31192,-74.00310516357422,40.74923324584961,-74.01719665527344,40.70535278320313,809.92,4207,4207,-1.0,-1.0,-1,-1,0.0
31193,-73.9747085571289,40.74195098876953,-73.9900665283203,40.750789642333984,605.1,4207,4207,-1.0,-1.0,-1,-1,0.0
31194,-73.97454071044923,40.750755310058594,-73.9813232421875,40.776084899902344,926.92,4207,4207,4233.08,5248.66,26.079999999999927,88.65999999999997,1.095650110041859
31195,-73.953857421875,40.77885055541992,-73.93997192382812,40.788738250732415,283.11,4208,4208,4262.86,4549.35,54.85999999999967,3.3800000000006776,1.0119388223658672
31196,-73.96642303466798,40.757755279541016,-73.98164367675781,40.73219680786133,598.46,4208,4208,4233.12,4831.58,25.11999999999989,0.0,1.0
31197,-73.9872055053711,40.74485778808594,-73.9729995727539,40.74414825439453,464.16,4208,4208,-1.0,-1.0,-1,-1,0.0
31198,-74.01428985595702,40.7098045349121,-73.98928070068358,40.75711059570313,975.97,4208,4208,-1.0,-1.0,-1,-1,0.0
31199,-73.9799575805664,40.73482131958008,-73.98091888427734,40.74181365966797,249.64,4208,4208,4361.62,4611.26,153.6199999999999,3.410605131648481e-13,1.0000000000000013
31200,-73.97663879394531,40.76503372192383,-73.98990631103516,40.75079345703125,620.79,4208,4208,-1.0,-1.0,-1,-1,0.0
31201,-73.96531677246094,40.75922393798828,-73.98292541503906,40.734954833984375,492.54,4208,4208,-1.0,-1.0,-1,-1,0.0
31202,-73.99976348876955,40.72185516357422,-74.00201416015625,40.72998428344727,252.03,4208,4208,-1.0,-1.0,-1,-1,0.0
31203,-74.00283813476562,40.76054000854492,-73.98954010009766,40.74726104736328,633.62,4209,4209,-1.0,-1.0,-1,-1,0.0
31204,-74.00267791748048,40.749908447265625,-73.97966003417969,40.77608108520508,611.56,4209,4209,4250.71,4862.27,41.710000000000036,4.547473508864641e-13,1.0000000000000007
31205,-73.9672622680664,40.76660537719727,-73.9579849243164,40.77913665771485,283.46,4209,4209,-1.0,-1.0,-1,-1,0.0
31206,-73.99153900146483,40.749732971191406,-73.95195770263672,40.8091926574707,1471.92,4210,4210,-1.0,-1.0,-1,-1,0.0
31207,-73.98753356933594,40.73874282836913,-73.94558715820312,40.816062927246094,1638.08,4210,4210,-1.0,-1.0,-1,-1,0.0
31208,-73.97899627685547,40.76130676269531,-73.98265075683594,40.76715469360352,267.29,4210,4210,4238.0,4505.29,28.0,-5.684341886080802e-14,0.9999999999999998
31209,-73.99422454833984,40.75092697143555,-73.98526000976562,40.76360321044922,354.98,4210,4210,-1.0,-1.0,-1,-1,0.0
31210,-74.0061264038086,40.73986434936523,-73.97796630859375,40.763519287109375,973.43,4210,4210,4236.48,5209.91,26.479999999999563,3.410605131648481e-13,1.0000000000000004
31211,-73.99333953857422,40.749759674072266,-73.98692321777342,40.76631164550781,646.35,4210,4210,-1.0,-1.0,-1,-1,0.0
31212,-73.977783203125,40.75474548339844,-73.99651336669923,40.73311233520508,567.92,4210,4210,-1.0,-1.0,-1,-1,0.0
31213,-73.99875640869139,40.71726989746094,-73.97577667236328,40.74964904785156,897.76,4210,4210,4725.72,5623.48,515.7200000000003,-6.821210263296962e-13,0.9999999999999992
31214,-73.95646667480467,40.771400451660156,-73.9803009033203,40.73855972290039,803.56,4210,4210,-1.0,-1.0,-1,-1,0.0
31215,-73.98027038574219,40.78586196899415,-73.97062683105469,40.799140930175774,292.77,4210,4210,4266.0,4558.77,56.0,4.547473508864641e-13,1.0000000000000016
31216,-73.93171691894531,40.85894393920898,-73.93550872802734,40.81597137451172,641.43,4211,4211,4488.26,5129.69,277.2600000000002,-5.684341886080801e-13,0.9999999999999991
31217,-74.00547790527344,40.74599075317383,-73.9986801147461,40.729530334472656,594.44,4211,4211,-1.0,-1.0,-1,-1,0.0
31218,-73.97019958496094,40.796852111816406,-73.97602844238281,40.78130340576172,363.67,4211,4211,4311.91,4675.58,100.90999999999985,5.684341886080802e-14,1.0000000000000002
31219,-73.94670867919923,40.7724609375,-73.96906280517578,40.757659912109375,618.38,4211,4211,-1.0,-1.0,-1,-1,0.0
31220,-73.96652221679686,40.76480102539063,-73.96796417236328,40.75581359863281,326.59,4211,4211,-1.0,-1.0,-1,-1,0.0
31221,-74.01314544677734,40.71531295776367,-73.99220275878906,40.77069854736328,938.22,4211,4211,-1.0,-1.0,-1,-1,0.0
31222,-73.97898864746094,40.77207565307617,-73.97428131103516,40.78317642211913,275.05,4211,4211,4291.57,4566.62,80.56999999999971,1.7053025658242404e-13,1.0000000000000007
31223,-73.976318359375,40.763973236083984,-73.97703552246094,40.77456665039063,317.86,4211,4211,4245.26,4563.12,34.26000000000022,-3.410605131648481e-13,0.9999999999999989
31224,-73.99993896484375,40.74322128295898,-74.00398254394531,40.7481689453125,183.43,4212,4212,-1.0,-1.0,-1,-1,0.0
31225,-73.98220825195312,40.751609802246094,-74.00344085693358,40.759090423583984,641.04,4212,4212,-1.0,-1.0,-1,-1,0.0
31226,-73.98362731933594,40.76079177856445,-73.98997497558594,40.75631713867188,257.45,4212,4212,4260.75,4518.2,48.75,-1.7053025658242404e-13,0.9999999999999993
31227,-73.9540023803711,40.78140640258789,-73.97621154785155,40.78556442260742,482.82,4212,4212,-1.0,-1.0,-1,-1,0.0
31228,-73.94361877441406,40.77778625488281,-73.95809936523438,40.77288818359375,417.96,4212,4212,-1.0,-1.0,-1,-1,0.0
31229,-74.01123809814453,40.70364761352539,-74.00560760498048,40.725547790527344,673.26,4213,4213,4342.74,5016.0,129.73999999999978,2.2737367544323206e-13,1.0000000000000004
31230,-73.9812240600586,40.75934219360352,-73.98615264892578,40.76147079467773,191.2,4213,4213,-1.0,-1.0,-1,-1,0.0
31231,-73.95863342285155,40.78093338012695,-73.97252655029298,40.78599548339844,246.66,4213,4213,4231.34,4478.0,18.340000000000146,-1.4210854715202004e-13,0.9999999999999994
31232,-73.97381591796875,40.76318740844727,-73.97830200195312,40.72489929199219,1047.05,4213,4213,-1.0,-1.0,-1,-1,0.0
31233,-74.00755310058594,40.74298095703125,-73.99494171142578,40.76018905639648,344.74,4213,4213,-1.0,-1.0,-1,-1,0.0
31234,-74.01274871826173,40.70217514038085,-73.99300384521484,40.74383163452149,993.26,4213,4213,4308.58,5301.84,95.57999999999993,2.2737367544323206e-13,1.0000000000000002
31235,-73.98196411132812,40.76826858520508,-73.97798919677734,40.75387191772461,633.44,4213,4213,4324.63,4958.07,111.63000000000011,-4.547473508864641e-13,0.9999999999999993
31236,-73.99622344970702,40.73310852050781,-74.00328063964845,40.7317771911621,239.09,4214,4214,-1.0,-1.0,-1,-1,0.0
31237,-73.9869613647461,40.75580978393555,-73.98983001708984,40.735538482666016,631.6,4214,4214,4233.6,4891.49,19.600000000000364,26.289999999999395,1.041624445851804
31238,-73.9607696533203,40.7696418762207,-73.99093627929686,40.750823974609375,1068.21,4214,4214,4270.59,5338.8,56.590000000000146,0.0,1.0
31239,-73.97840881347656,40.75722122192383,-73.99081420898438,40.75070190429688,405.38,4214,4214,-1.0,-1.0,-1,-1,0.0
31240,-73.99237060546875,40.73955154418945,-73.97835540771484,40.7207260131836,725.49,4214,4214,-1.0,-1.0,-1,-1,0.0
31241,-73.9783935546875,40.75257873535156,-74.00891876220702,40.72637176513672,1015.41,4214,4214,-1.0,-1.0,-1,-1,0.0
31242,-73.97170257568358,40.75429153442383,-73.9623794555664,40.76736831665039,305.12,4214,4214,4363.54,4668.66,149.53999999999996,-1.1368683772161603e-13,0.9999999999999997
31243,-73.98117828369139,40.7478904724121,-73.97875213623048,40.77661895751953,920.39,4214,4214,-1.0,-1.0,-1,-1,0.0
31244,-73.96279907226562,40.794342041015625,-73.9666519165039,40.800796508789055,196.41,4214,4214,-1.0,-1.0,-1,-1,0.0
31245,-73.98381042480467,40.74665069580078,-73.98534393310547,40.76579284667969,666.99,4215,4215,-1.0,-1.0,-1,-1,0.0
31246,-73.97111511230467,40.76129531860352,-73.95824432373048,40.770408630371094,403.95,4215,4215,4239.75,4643.7,24.75,-1.7053025658242404e-13,0.9999999999999996
31247,-73.9941177368164,40.7590217590332,-73.99497985839844,40.745079040527344,461.45,4215,4215,-1.0,-1.0,-1,-1,0.0
31248,-73.99651336669923,40.76327133178711,-73.99505615234375,40.74982070922852,431.96,4215,4215,-1.0,-1.0,-1,-1,0.0
31249,-73.97631072998048,40.75168991088867,-73.96304321289062,40.76258850097656,466.18,4215,4215,-1.0,-1.0,-1,-1,0.0
31250,-73.98313903808595,40.74771118164063,-73.98565673828125,40.77864837646485,946.83,4215,4215,-1.0,-1.0,-1,-1,0.0
31251,-73.97445678710938,40.75669479370117,-73.97381591796875,40.74387741088867,512.78,4215,4215,-1.0,-1.0,-1,-1,0.0
31252,-73.99236297607422,40.735496520996094,-73.9808349609375,40.78450012207031,1237.61,4215,4215,4262.41,5517.6900000000005,47.409999999999854,17.670000000000755,1.0142775187660094
31253,-73.99214935302734,40.749210357666016,-73.98767852783203,40.759780883789055,428.39,4215,4215,-1.0,-1.0,-1,-1,0.0
31254,-74.00768280029298,40.7515983581543,-73.9856719970703,40.72782897949219,975.8,4216,4216,-1.0,-1.0,-1,-1,0.0
31255,-73.96775817871094,40.76295471191406,-73.95804595947266,40.77212905883789,304.23,4216,4216,-1.0,-1.0,-1,-1,0.0
31256,-73.97216033935547,40.75732803344727,-73.9951171875,40.72317123413085,924.39,4216,4216,4230.72,5218.72,14.720000000000255,63.610000000000014,1.0688129469163448
31257,-74.00794982910156,40.73276901245117,-73.9910888671875,40.77477645874024,916.37,4216,4216,4308.67,5225.04,92.67000000000007,-1.1368683772161603e-13,0.9999999999999999
31258,-73.98760986328125,40.728599548339844,-74.01184844970702,40.707820892333984,911.73,4216,4216,4249.43,5180.57,33.43000000000029,19.4099999999994,1.0212891974597735
31259,-73.95113372802734,40.78277206420898,-73.9615707397461,40.77793884277344,311.23,4216,4216,4230.34,4596.87,14.340000000000146,55.29999999999973,1.1776821000546212
31260,-73.9815673828125,40.74935150146485,-73.97221374511719,40.750991821289055,357.15,4216,4216,-1.0,-1.0,-1,-1,0.0
31261,-73.98237609863281,40.76249313354492,-73.95816802978516,40.77287673950195,764.37,4216,4216,-1.0,-1.0,-1,-1,0.0
31262,-73.99365997314453,40.74983978271485,-74.01791381835938,40.70605850219727,1092.29,4216,4216,-1.0,-1.0,-1,-1,0.0
31263,-74.00196838378906,40.71927261352539,-73.97510528564453,40.76523208618164,1191.68,4216,4216,-1.0,-1.0,-1,-1,0.0
31264,-73.97459411621094,40.75342178344727,-73.98273468017578,40.76429748535156,676.38,4216,4216,-1.0,-1.0,-1,-1,0.0
31265,-73.97332000732422,40.75205993652344,-73.95865631103516,40.75984573364258,414.88,4216,4216,-1.0,-1.0,-1,-1,0.0
31266,-73.99192810058595,40.74939727783203,-73.9372787475586,40.810073852539055,1598.56,4217,4217,4230.0,5888.89,13.0,60.33000000000038,1.0377402161945755
31267,-73.9619598388672,40.776329040527344,-73.94754791259766,40.776161193847656,380.49,4217,4217,4357.91,4738.4,140.90999999999985,-2.2737367544323206e-13,0.9999999999999994
31268,-73.9550552368164,40.78341293334961,-74.0070571899414,40.747337341308594,1361.64,4217,4217,-1.0,-1.0,-1,-1,0.0
31269,-73.99417114257811,40.75101852416992,-73.9743881225586,40.78850173950195,812.53,4217,4217,-1.0,-1.0,-1,-1,0.0
31270,-73.98594665527344,40.743568420410156,-73.9747314453125,40.77828979492188,995.42,4217,4217,-1.0,-1.0,-1,-1,0.0
31271,-73.96099853515625,40.796791076660156,-73.956787109375,40.7683982849121,864.79,4217,4217,4462.32,5327.11,245.3199999999997,0.0,1.0
31272,-73.9901351928711,40.74644088745117,-73.9704818725586,40.75297164916992,693.41,4217,4217,-1.0,-1.0,-1,-1,0.0
31273,-73.98123931884766,40.78110885620117,-73.96199035644531,40.80543899536133,450.21,4217,4217,4231.57,4720.12,14.569999999999709,38.3400000000002,1.0851602585460123
31274,-73.97374725341797,40.76346206665039,-73.98196411132812,40.76480102539063,300.83,4218,4218,-1.0,-1.0,-1,-1,0.0
31275,-73.94519805908203,40.775123596191406,-73.95125579833984,40.7735595703125,193.63,4218,4218,4230.0,4423.63,12.0,1.1368683772161603e-13,1.0000000000000007
31276,-73.97429656982422,40.79071044921875,-73.95675659179686,40.78419876098633,492.36,4218,4218,4276.04,4768.4,58.039999999999964,-3.410605131648481e-13,0.9999999999999993
31277,-73.98568725585938,40.727142333984375,-73.98216247558594,40.77484893798828,1303.8,4218,4218,4248.389999999999,5552.19,30.389999999999418,2.2737367544323206e-13,1.0000000000000002
31278,-73.97825622558594,40.752342224121094,-74.00968933105469,40.72596740722656,973.95,4218,4218,-1.0,-1.0,-1,-1,0.0
31279,-74.0065155029297,40.75121307373047,-73.9788589477539,40.752647399902344,751.26,4219,4219,-1.0,-1.0,-1,-1,0.0
31280,-73.99337005615234,40.7498893737793,-73.98956298828125,40.73255920410156,785.75,4219,4219,-1.0,-1.0,-1,-1,0.0
31281,-73.98695373535155,40.771308898925774,-73.97663879394531,40.78249740600585,294.45,4219,4219,4244.07,4608.27,25.06999999999971,69.75000000000074,1.2368823229750407
31282,-73.98592376708984,40.76741409301758,-73.98727416992188,40.759464263916016,264.78,4219,4219,-1.0,-1.0,-1,-1,0.0
31283,-73.97245788574219,40.756778717041016,-73.9771957397461,40.74535369873047,321.05,4219,4219,-1.0,-1.0,-1,-1,0.0
31284,-73.96934509277344,40.760120391845696,-73.95676422119139,40.77073669433594,394.2,4219,4219,-1.0,-1.0,-1,-1,0.0
31285,-73.98321533203125,40.744911193847656,-73.99289703369139,40.73002243041992,339.77,4219,4219,4260.75,4632.23,41.75,31.70999999999958,1.0933278394207835
31286,-73.98410797119139,40.72636032104492,-73.98648834228516,40.75213241577149,891.21,4219,4219,4336.71,5227.92,117.71000000000004,0.0,1.0
31287,-73.96724700927734,40.77235794067383,-73.99292755126955,40.7369384765625,908.07,4219,4219,4274.85,5182.92,55.850000000000364,-3.410605131648481e-13,0.9999999999999997
31288,-73.9569091796875,40.777679443359375,-73.96773529052734,40.76524353027344,394.28,4220,4220,-1.0,-1.0,-1,-1,0.0
31289,-73.97464752197266,40.75574111938477,-73.98299407958984,40.75877380371094,370.54,4220,4220,-1.0,-1.0,-1,-1,0.0
31290,-73.9840316772461,40.74994659423828,-73.99378967285155,40.7204475402832,865.19,4220,4220,-1.0,-1.0,-1,-1,0.0
31291,-73.98394775390625,40.74411010742188,-73.98387908935547,40.76562881469727,773.64,4221,4221,-1.0,-1.0,-1,-1,0.0
31292,-73.9791717529297,40.757678985595696,-73.9856719970703,40.747108459472656,252.51,4221,4221,4234.7,4487.21,13.699999999999818,2.2737367544323206e-13,1.0000000000000009
31293,-73.96834564208984,40.75753784179688,-73.95088958740234,40.76909637451172,470.19,4221,4221,-1.0,-1.0,-1,-1,0.0
31294,-74.01363372802734,40.7082405090332,-73.9884262084961,40.71837997436523,741.41,4221,4221,4318.21,5059.62,97.21000000000004,-1.1368683772161603e-13,0.9999999999999999
31295,-73.99694061279298,40.737281799316406,-73.98480224609375,40.75727844238281,642.35,4221,4221,4337.08,4979.43,116.07999999999993,3.410605131648481e-13,1.0000000000000004
31296,-73.9798812866211,40.73492431640625,-73.97830200195312,40.71355056762695,364.28,4221,4221,4255.05,4645.3,34.05000000000018,25.970000000000027,1.071291314373559
31297,-73.99193572998048,40.74010848999024,-74.00371551513672,40.73845291137695,364.75,4222,4222,4276.16,4702.38,54.159999999999854,61.470000000000255,1.1685263879369439
31298,-73.97515869140625,40.729190826416016,-73.9878921508789,40.743690490722656,667.2,4222,4222,4474.28,5141.48,252.27999999999975,-2.2737367544323206e-13,0.9999999999999997
31299,-73.96244812011719,40.77640914916992,-73.95329284667969,40.76671981811523,416.79,4222,4222,-1.0,-1.0,-1,-1,0.0
31300,-73.97937774658203,40.771484375,-73.9921875,40.755836486816406,661.72,4222,4222,-1.0,-1.0,-1,-1,0.0
31301,-74.00704193115234,40.74184036254883,-73.99680328369139,40.74675750732422,325.05,4222,4222,4245.25,4642.03,23.25,71.72999999999973,1.220673742501153
31302,-74.00301361083984,40.73412704467773,-73.98548126220702,40.723388671875,658.32,4222,4222,-1.0,-1.0,-1,-1,0.0
31303,-73.96919250488281,40.75017929077149,-73.96629333496094,40.76197814941406,376.44,4222,4222,-1.0,-1.0,-1,-1,0.0
31304,-73.9794921875,40.74949645996094,-73.95259857177734,40.76651382446289,723.97,4222,4222,4263.59,5028.73,41.590000000000146,41.16999999999939,1.0568669972512665
31305,-73.98338317871094,40.72119522094727,-73.98224639892578,40.768985748291016,1530.49,4222,4222,4291.5,5821.99,69.5,-2.2737367544323206e-13,0.9999999999999999
31306,-73.9746551513672,40.74214553833008,-73.97527313232422,40.75167465209961,310.91,4223,4223,-1.0,-1.0,-1,-1,0.0
31307,-73.99002075195312,40.73791885375977,-73.95529174804686,40.78274536132813,1221.93,4223,4223,-1.0,-1.0,-1,-1,0.0
31308,-73.99639129638672,40.73250961303711,-73.96095275878906,40.7747917175293,1294.65,4223,4223,4237.46,5629.07,14.460000000000036,96.95999999999958,1.0748928281774994
31309,-73.94575500488281,40.77361297607422,-73.92671966552734,40.86456680297852,1153.05,4223,4223,-1.0,-1.0,-1,-1,0.0
31310,-73.98734283447266,40.758060455322266,-73.98137664794923,40.75335311889648,280.0,4223,4223,4258.01,4538.01,35.01000000000022,0.0,1.0
31311,-74.0048599243164,40.741554260253906,-74.00786590576173,40.72609329223633,473.56,4223,4223,4233.62,4787.13,10.61999999999989,79.95000000000022,1.1688276036827439
31312,-73.99851989746094,40.73492050170898,-73.96350860595702,40.76175308227539,1080.42,4223,4223,4237.49,5317.91,14.489999999999782,0.0,1.0
31313,-73.9740676879883,40.77893447875977,-73.97461700439453,40.74418640136719,1164.66,4223,4223,4252.44,5417.1,29.4399999999996,6.821210263296962e-13,1.0000000000000007
31314,-73.99369049072266,40.75702667236328,-74.00858306884766,40.73293685913085,607.28,4223,4223,4230.03,4837.31,7.029999999999745,6.821210263296962e-13,1.000000000000001
31315,-73.99810791015625,40.76118850708008,-73.98492431640625,40.71073913574219,1468.59,4223,4223,-1.0,-1.0,-1,-1,0.0
31316,-73.98312377929686,40.76126098632813,-73.98391723632812,40.737701416015625,813.17,4223,4223,-1.0,-1.0,-1,-1,0.0
31317,-73.98416137695312,40.74908828735352,-73.96022033691406,40.76195907592773,739.89,4223,4223,-1.0,-1.0,-1,-1,0.0
31318,-73.99940490722656,40.72171020507813,-74.004638671875,40.744667053222656,649.19,4224,4224,-1.0,-1.0,-1,-1,0.0
31319,-73.9815444946289,40.750091552734375,-73.9535598754883,40.76704406738281,753.22,4224,4224,-1.0,-1.0,-1,-1,0.0
31320,-73.96646881103516,40.76749038696289,-73.98247528076173,40.78506851196289,706.9,4224,4224,-1.0,-1.0,-1,-1,0.0
31321,-73.9717788696289,40.75726318359375,-73.99454498291014,40.76601028442383,819.01,4224,4224,-1.0,-1.0,-1,-1,0.0
31322,-73.98078155517578,40.75437927246094,-73.96104431152342,40.76665115356445,689.97,4224,4224,-1.0,-1.0,-1,-1,0.0
31323,-73.96604919433594,40.76704788208008,-73.95462036132812,40.783592224121094,367.78,4224,4224,-1.0,-1.0,-1,-1,0.0
31324,-73.98623657226562,40.756103515625,-73.98369598388672,40.74934768676758,257.96,4224,4224,4281.25,4569.72,57.25,30.510000000000275,1.1182741510311687
31325,-73.98899078369139,40.736640930175774,-73.96366119384766,40.75767135620117,660.11,4224,4224,-1.0,-1.0,-1,-1,0.0
31326,-73.97711944580078,40.747154235839844,-73.95093536376955,40.81176376342773,1461.15,4224,4224,4250.59,5711.74,26.590000000000146,-4.547473508864641e-13,0.9999999999999997
31327,-73.96614837646483,40.75824737548828,-73.9810562133789,40.739505767822266,392.38,4224,4224,4255.34,4647.72,31.340000000000146,1.1368683772161603e-13,1.0000000000000002
31328,-73.96826171875,40.76233673095703,-73.98081970214844,40.744667053222656,451.21,4225,4225,4244.63,4695.84,19.63000000000011,5.684341886080802e-14,1.0000000000000002
31329,-73.9760208129883,40.7603759765625,-73.98535919189453,40.74742126464844,349.47,4225,4225,4270.09,4619.56,45.090000000000146,2.2737367544323206e-13,1.0000000000000007
31330,-73.97450256347656,40.741859436035156,-73.98101043701173,40.74784851074219,338.27,4225,4225,-1.0,-1.0,-1,-1,0.0
31331,-73.9500274658203,40.77120971679688,-73.96388244628906,40.77370834350585,391.84,4225,4225,4230.0,4621.84,5.0,1.7053025658242404e-13,1.0000000000000004
31332,-73.99137878417969,40.73183822631836,-73.98233795166014,40.72781753540039,288.12,4225,4225,-1.0,-1.0,-1,-1,0.0
31333,-73.97490692138672,40.75448226928711,-73.98619079589844,40.768157958984375,666.17,4225,4225,-1.0,-1.0,-1,-1,0.0
31334,-74.0042495727539,40.72102355957031,-73.99292755126955,40.71387100219727,535.03,4225,4225,-1.0,-1.0,-1,-1,0.0
31335,-73.9842071533203,40.77984619140625,-73.95760345458984,40.77022171020508,803.22,4226,4226,4250.42,5082.47,24.420000000000073,28.830000000000155,1.0358930305520282
31336,-73.98000335693358,40.76086044311523,-73.97712707519531,40.7766990661621,459.7,4226,4226,4255.43,4715.13,29.43000000000029,-1.7053025658242404e-13,0.9999999999999997
31337,-73.9926223754883,40.75849533081055,-74.00455474853516,40.74200439453125,368.27,4226,4226,-1.0,-1.0,-1,-1,0.0
31338,-73.9881820678711,40.75932693481445,-73.96222686767578,40.762073516845696,898.19,4226,4226,4256.77,5230.42,30.770000000000437,75.45999999999958,1.0840134047361911
31339,-73.98931121826173,40.73981857299805,-73.99107360839844,40.714656829833984,978.75,4226,4226,-1.0,-1.0,-1,-1,0.0
31340,-74.00684356689453,40.71182632446289,-74.00251770019531,40.72134017944336,363.53,4226,4226,-1.0,-1.0,-1,-1,0.0
31341,-73.97911071777342,40.78437042236328,-73.97191619873048,40.782051086425774,189.17,4226,4226,4255.84,4445.01,29.840000000000146,8.526512829121202e-14,1.0000000000000004
31342,-73.9952163696289,40.760154724121094,-73.97462463378906,40.78763198852539,494.62,4226,4226,4256.59,4751.21,30.590000000000146,-1.1368683772161603e-13,0.9999999999999998
31343,-73.99505615234375,40.750205993652344,-73.98334503173827,40.775238037109375,603.08,4226,4226,-1.0,-1.0,-1,-1,0.0
31344,-73.98829650878906,40.757240295410156,-73.96533203125,40.760101318359375,813.67,4226,4226,4241.97,5091.02,15.970000000000255,35.38000000000022,1.0434820013027397
31345,-73.96446228027344,40.773040771484375,-73.94859313964844,40.78485107421875,374.31,4226,4226,4248.45,4622.76,22.449999999999818,3.979039320256561e-13,1.000000000000001
31346,-73.98863983154298,40.74858856201172,-73.98587799072266,40.76745986938477,631.48,4226,4226,-1.0,-1.0,-1,-1,0.0
31347,-73.9803466796875,40.75428009033203,-73.97772979736328,40.7778205871582,762.58,4226,4226,-1.0,-1.0,-1,-1,0.0
31348,-73.99657440185547,40.74275588989258,-74.00720977783203,40.730377197265625,281.25,4227,4227,-1.0,-1.0,-1,-1,0.0
31349,-73.9983139038086,40.7226791381836,-73.98101043701173,40.73774337768555,544.12,4227,4227,-1.0,-1.0,-1,-1,0.0
31350,-73.98410034179686,40.7152214050293,-73.98781585693358,40.72985076904297,548.89,4227,4227,4377.83,4926.72,150.82999999999993,3.410605131648481e-13,1.0000000000000007
31351,-74.0081787109375,40.71232604980469,-74.00640106201173,40.73863983154297,609.43,4227,4227,-1.0,-1.0,-1,-1,0.0
31352,-73.97315979003906,40.786956787109375,-73.9478530883789,40.833683013916016,792.21,4227,4227,4280.7300000000005,5088.16,53.73000000000047,15.219999999999345,1.0192120776056846
31353,-73.97264862060547,40.75896835327149,-73.99085235595702,40.717918395996094,1183.08,4227,4227,4243.82,5454.09,16.81999999999971,27.19000000000051,1.022982384961288
31354,-73.98292541503906,40.77186965942383,-73.98265838623048,40.74242401123047,1042.27,4227,4227,4259.55,5333.650000000001,32.55000000000018,31.830000000000382,1.0305391117464768
31355,-73.96044921875,40.76964569091797,-73.98240661621094,40.7647705078125,760.59,4227,4227,4274.5,5035.09,47.5,1.1368683772161603e-13,1.0000000000000002
31356,-73.98795318603516,40.74977111816406,-74.00266265869139,40.76066589355469,553.67,4227,4227,4250.66,4804.33,23.659999999999854,1.1368683772161603e-13,1.0000000000000002
31357,-73.97863006591797,40.7601318359375,-74.00267028808594,40.7606315612793,681.76,4227,4227,-1.0,-1.0,-1,-1,0.0
31358,-74.00798034667969,40.74021911621094,-74.00385284423827,40.75321960449219,420.25,4227,4227,4283.12,4703.37,56.11999999999989,0.0,1.0
31359,-74.00630950927734,40.73953247070313,-74.00694274902342,40.743858337402344,185.46,4228,4228,4323.08,4508.54,95.07999999999993,2.842170943040401e-14,1.0000000000000002
31360,-74.01525115966798,40.7143440246582,-73.9996795654297,40.7153205871582,626.95,4228,4228,-1.0,-1.0,-1,-1,0.0
31361,-73.98717498779298,40.75058364868164,-73.98726654052734,40.72049331665039,998.97,4228,4228,-1.0,-1.0,-1,-1,0.0
31362,-73.9871368408203,40.75590515136719,-73.97929382324219,40.73731231689453,735.3,4228,4228,4272.2,5049.27,44.19999999999982,41.770000000000664,1.0568067455460366
31363,-73.97118377685547,40.762657165527344,-73.97336578369139,40.75569915771485,307.14,4228,4228,-1.0,-1.0,-1,-1,0.0
31364,-73.972412109375,40.76536178588867,-73.98155975341797,40.74700164794922,602.88,4228,4228,4267.17,4872.63,39.17000000000007,2.580000000000041,1.0042794585987262
31365,-73.97370147705078,40.75761413574219,-73.95484161376955,40.76582717895508,595.23,4228,4228,-1.0,-1.0,-1,-1,0.0
31366,-74.00044250488281,40.71875762939453,-73.98431396484375,40.72491836547852,591.86,4228,4228,4239.47,4853.25,11.470000000000255,21.91999999999973,1.0370357854898113
31367,-74.00276947021484,40.728191375732415,-73.98422241210938,40.74914169311523,636.19,4229,4229,4272.57,4908.759999999999,43.56999999999971,-4.547473508864641e-13,0.9999999999999993
31368,-73.9810562133789,40.78192138671875,-73.96910858154298,40.79185104370117,308.16,4229,4229,4293.7,4601.86,64.69999999999982,-1.7053025658242404e-13,0.9999999999999994
31369,-73.98876190185547,40.74842834472656,-73.98204803466798,40.777610778808594,811.85,4229,4229,-1.0,-1.0,-1,-1,0.0
31370,-73.98668670654298,40.7400016784668,-73.97838592529298,40.751502990722656,325.03,4229,4229,4237.06,4592.88,8.0600000000004,30.789999999999736,1.0947297172568677
31371,-73.9908447265625,40.7303581237793,-73.98451232910156,40.74742889404297,559.38,4229,4229,-1.0,-1.0,-1,-1,0.0
31372,-73.978271484375,40.7456283569336,-73.99056243896483,40.75622940063477,614.91,4229,4229,4233.81,4848.72,4.8100000000004,-1.1368683772161603e-13,0.9999999999999998
31373,-73.95638275146483,40.77886199951172,-73.9498748779297,40.77613067626953,218.84,4229,4229,4236.63,4455.47,7.630000000000109,1.4210854715202004e-13,1.0000000000000007
31374,-73.99582672119139,40.74414825439453,-74.0077896118164,40.741943359375,355.54,4229,4229,-1.0,-1.0,-1,-1,0.0
31375,-73.95651245117188,40.780948638916016,-73.96476745605469,40.76979064941406,279.88,4230,4230,-1.0,-1.0,-1,-1,0.0
31376,-73.99024200439453,40.75691604614258,-73.94961547851562,40.80724334716797,1221.44,4230,4230,4232.05,5529.27,2.050000000000182,75.7800000000002,1.0620415247576633
31377,-73.97417449951173,40.762672424316406,-74.00489044189453,40.74081039428711,937.27,4230,4230,4254.84,5276.93,24.840000000000146,84.82000000000016,1.0904968685650882
31378,-73.99403381347656,40.74115753173828,-73.99269104003906,40.753013610839844,402.32,4230,4230,4284.67,4686.99,54.67000000000007,-2.8421709430404007e-13,0.9999999999999993
31379,-73.96238708496094,40.77317810058594,-73.9642105102539,40.80559539794922,786.04,4230,4230,4268.12,5054.16,38.11999999999989,0.0,1.0
31380,-74.00861358642578,40.72003555297852,-73.98859405517578,40.73115921020508,662.28,4230,4230,-1.0,-1.0,-1,-1,0.0
31381,-73.9666976928711,40.757339477539055,-73.97514343261719,40.75210571289063,290.55,4230,4230,4245.92,4573.93,15.920000000000073,37.46000000000021,1.128927895370849
31382,-73.98548126220702,40.762001037597656,-73.97789001464844,40.753868103027344,519.12,4230,4230,4344.29,4863.41,114.28999999999996,-1.1368683772161603e-13,0.9999999999999998
31383,-73.968994140625,40.76690673828125,-73.95905303955078,40.78097915649415,273.68,4231,4231,-1.0,-1.0,-1,-1,0.0
31384,-73.97488403320312,40.76178741455078,-73.98408508300781,40.77543640136719,548.11,4231,4231,-1.0,-1.0,-1,-1,0.0
31385,-73.997802734375,40.74490737915039,-73.96053314208984,40.76169967651367,930.68,4231,4231,-1.0,-1.0,-1,-1,0.0
31386,-73.9748764038086,40.7562370300293,-73.9859390258789,40.76162338256836,507.2,4231,4231,-1.0,-1.0,-1,-1,0.0
31387,-73.98293304443358,40.74763107299805,-73.97219848632812,40.75498962402344,385.24,4231,4231,-1.0,-1.0,-1,-1,0.0
31388,-73.98229217529298,40.76236343383789,-74.0076675415039,40.74090194702149,891.1,4231,4231,-1.0,-1.0,-1,-1,0.0
31389,-73.97333526611328,40.755367279052734,-73.96389770507811,40.757190704345696,271.07,4231,4231,-1.0,-1.0,-1,-1,0.0
31390,-73.99411010742188,40.75111389160156,-73.98509979248048,40.75719833374024,356.09,4231,4231,-1.0,-1.0,-1,-1,0.0
31391,-74.00255584716798,40.734241485595696,-73.9827651977539,40.723445892333984,670.9,4232,4232,-1.0,-1.0,-1,-1,0.0
31392,-73.97728729248048,40.77676010131836,-73.96768951416014,40.79275894165039,367.45,4232,4232,-1.0,-1.0,-1,-1,0.0
31393,-74.00308227539062,40.74943161010742,-74.01737976074219,40.70676040649415,848.12,4232,4232,-1.0,-1.0,-1,-1,0.0
31394,-73.97242736816406,40.75622177124024,-73.99256134033203,40.75505065917969,722.61,4232,4232,-1.0,-1.0,-1,-1,0.0
31395,-74.00819396972656,40.71202087402344,-74.00154876708984,40.72929000854492,405.41,4232,4232,-1.0,-1.0,-1,-1,0.0
31396,-73.97611999511719,40.727851867675774,-73.98973846435547,40.734371185302734,296.21,4232,4232,4353.7,4649.91,121.69999999999982,5.684341886080802e-14,1.0000000000000002
31397,-73.98563385009766,40.74739456176758,-73.96674346923827,40.763954162597656,689.72,4232,4232,-1.0,-1.0,-1,-1,0.0
31398,-73.95652770996094,40.76712036132813,-73.9607162475586,40.774986267089844,312.25,4232,4232,-1.0,-1.0,-1,-1,0.0
31399,-73.97408294677734,40.750770568847656,-73.9927978515625,40.737701416015625,562.62,4232,4232,-1.0,-1.0,-1,-1,0.0
31400,-73.9708251953125,40.75874710083008,-73.98680114746094,40.71963882446289,1042.18,4233,4233,4267.65,5338.71,34.649999999999636,28.880000000000337,1.0277111439482627
31401,-73.95205688476562,40.792930603027344,-73.9788360595703,40.77348709106445,619.19,4233,4233,4339.51,4958.7,106.51000000000022,-4.547473508864641e-13,0.9999999999999992
31402,-73.98538970947266,40.75838088989258,-74.00890350341797,40.74103164672852,800.73,4233,4233,-1.0,-1.0,-1,-1,0.0
31403,-74.01244354248048,40.719890594482415,-74.01192474365234,40.70378875732422,498.53,4233,4233,4512.04,5010.57,279.03999999999996,-2.2737367544323206e-13,0.9999999999999996
31404,-74.01011657714845,40.70988845825195,-74.00409698486328,40.72201919555664,360.24,4233,4233,4316.21,4676.45,83.21000000000004,-2.2737367544323206e-13,0.9999999999999993
31405,-73.96633911132812,40.758056640625,-73.97523498535155,40.7524642944336,318.83,4233,4233,4304.5,4623.33,71.5,-5.684341886080802e-14,0.9999999999999998
31406,-73.9912567138672,40.750282287597656,-73.98722839355469,40.72243881225585,963.62,4233,4233,-1.0,-1.0,-1,-1,0.0
31407,-73.97022247314453,40.74909973144531,-73.96092987060547,40.77077865600585,539.8,4233,4233,-1.0,-1.0,-1,-1,0.0
31408,-73.99405670166014,40.750953674316406,-73.95599365234375,40.783016204833984,1144.08,4233,4233,-1.0,-1.0,-1,-1,0.0
31409,-73.99363708496094,40.747215270996094,-74.00747680664062,40.74119186401367,419.95,4234,4234,-1.0,-1.0,-1,-1,0.0
31410,-73.99124145507811,40.7501220703125,-73.97197723388672,40.74964141845703,698.81,4234,4234,-1.0,-1.0,-1,-1,0.0
31411,-73.97811126708984,40.7484130859375,-73.98905944824219,40.76115798950195,727.9,4234,4234,-1.0,-1.0,-1,-1,0.0
31412,-73.99102020263672,40.75066375732422,-73.98457336425781,40.74306869506836,425.04,4234,4234,-1.0,-1.0,-1,-1,0.0
31413,-73.998779296875,40.723011016845696,-73.98686218261719,40.71797180175781,568.95,4234,4234,4280.81,4849.76,46.8100000000004,-2.2737367544323206e-13,0.9999999999999996
31414,-73.97664642333984,40.75557327270508,-73.99728393554686,40.71934509277344,1114.56,4234,4234,-1.0,-1.0,-1,-1,0.0
31415,-73.9793472290039,40.74983978271485,-73.99063873291014,40.73154067993164,519.04,4235,4235,-1.0,-1.0,-1,-1,0.0
31416,-73.99823760986328,40.76451873779297,-73.99472045898438,40.750354766845696,556.89,4235,4235,-1.0,-1.0,-1,-1,0.0
31417,-73.98310852050781,40.7624397277832,-73.97116088867188,40.75794982910156,545.0,4235,4235,-1.0,-1.0,-1,-1,0.0
31418,-73.95418548583984,40.76414489746094,-73.98665618896483,40.77711868286133,900.37,4235,4235,-1.0,-1.0,-1,-1,0.0
31419,-73.94780731201173,40.80881881713867,-73.97876739501955,40.72166061401367,1761.84,4235,4235,4402.92,6164.76,167.92000000000007,2.2737367544323206e-13,1.0000000000000002
31420,-73.97919464111328,40.76171112060547,-74.00907135009766,40.71939468383789,1205.68,4235,4235,-1.0,-1.0,-1,-1,0.0
31421,-74.00758361816406,40.742958068847656,-73.99411010742188,40.76163101196289,370.58,4235,4235,-1.0,-1.0,-1,-1,0.0
31422,-73.99382019042969,40.751480102539055,-73.9778823852539,40.74916076660156,529.13,4235,4235,-1.0,-1.0,-1,-1,0.0
31423,-73.95697784423827,40.775001525878906,-73.98043060302734,40.78821182250977,655.82,4235,4235,4264.96,4920.78,29.960000000000036,-3.410605131648481e-13,0.9999999999999994
31424,-73.98107147216798,40.74443817138672,-73.98846435546875,40.73150634765625,344.99,4235,4235,4265.9800000000005,4660.27,30.980000000000473,49.299999999999955,1.1429026928316761
31425,-73.97400665283203,40.762977600097656,-73.96626281738281,40.75798416137695,321.21,4236,4236,4278.8,4600.01,42.80000000000018,5.684341886080802e-14,1.0000000000000002
31426,-73.9932632446289,40.72783660888672,-73.96559143066406,40.76275253295898,910.94,4236,4236,-1.0,-1.0,-1,-1,0.0
31427,-73.97589111328125,40.75159454345703,-73.9889144897461,40.74779510498047,474.62,4236,4236,-1.0,-1.0,-1,-1,0.0
31428,-73.97464752197266,40.75667190551758,-73.96415710449219,40.773536682128906,450.9,4236,4236,-1.0,-1.0,-1,-1,0.0
31429,-74.00007629394531,40.74286651611328,-73.99419403076173,40.750823974609375,206.01,4236,4236,4281.25,4487.26,45.25,2.2737367544323206e-13,1.000000000000001
31430,-73.9795913696289,40.75615692138672,-73.98777770996094,40.72407150268555,901.23,4236,4236,4275.58,5212.5,39.57999999999993,35.690000000000055,1.0396014335963073
31431,-73.9588851928711,40.810001373291016,-73.94451904296875,40.82951354980469,442.02,4236,4236,4852.24,5294.26,616.2399999999998,4.547473508864641e-13,1.000000000000001
31432,-73.98265075683594,40.761695861816406,-73.99199676513672,40.745025634765625,567.4,4237,4237,4263.19,4830.59,26.1899999999996,5.684341886080801e-13,1.000000000000001
31433,-73.94711303710938,40.78007125854492,-73.95545196533203,40.77871322631836,225.33,4237,4237,4307.58,4532.91,70.57999999999993,-8.526512829121202e-14,0.9999999999999997
31434,-73.95207977294923,40.78150939941406,-73.95712280273438,40.77473068237305,272.2,4237,4237,4274.87,4547.07,37.86999999999989,-1.7053025658242404e-13,0.9999999999999993
31435,-73.99427795410156,40.75608444213867,-73.98690795898438,40.72826385498047,891.72,4237,4237,4286.3,5231.0,49.30000000000018,52.97999999999979,1.0594132687390658
31436,-73.97454833984375,40.746742248535156,-73.98538208007811,40.73510360717773,281.37,4237,4237,-1.0,-1.0,-1,-1,0.0
31437,-74.00554656982422,40.7508201599121,-73.98946380615234,40.72312927246094,1017.78,4237,4237,-1.0,-1.0,-1,-1,0.0
31438,-73.99737548828125,40.751968383789055,-73.99263000488281,40.7427864074707,301.59,4238,4238,-1.0,-1.0,-1,-1,0.0
31439,-73.97394561767578,40.78730010986328,-73.98128509521484,40.771308898925774,486.6,4238,4238,4265.43,4797.03,27.43000000000029,44.99999999999943,1.0924784217016017
31440,-73.97789764404298,40.76266860961913,-73.98833465576173,40.75666427612305,361.53,4238,4238,4297.33,4658.86,59.32999999999993,-2.2737367544323206e-13,0.9999999999999993
31441,-73.97340393066406,40.763919830322266,-74.00048065185547,40.74145126342773,854.51,4238,4238,-1.0,-1.0,-1,-1,0.0
31442,-73.9806900024414,40.742088317871094,-73.98914337158203,40.736194610595696,293.54,4239,4239,-1.0,-1.0,-1,-1,0.0
31443,-73.99114227294923,40.7502326965332,-73.9933853149414,40.728271484375,676.95,4239,4239,4271.13,4948.08,32.13000000000011,-2.2737367544323206e-13,0.9999999999999997
31444,-73.97758483886719,40.73397445678711,-73.97916412353516,40.72420883178711,238.12,4239,4239,4266.0,4504.120000000001,27.0,7.958078640513122e-13,1.0000000000000033
31445,-73.98663330078125,40.76139831542969,-73.99787139892578,40.75089645385742,412.32,4239,4239,-1.0,-1.0,-1,-1,0.0
31446,-73.98047637939453,40.74830627441406,-74.00814819335938,40.75086212158203,741.22,4239,4239,-1.0,-1.0,-1,-1,0.0
31447,-73.99364471435547,40.74998092651367,-73.9828872680664,40.71940612792969,1234.64,4239,4239,-1.0,-1.0,-1,-1,0.0
31448,-73.9709701538086,40.75173568725585,-73.99575805664062,40.72786331176758,684.33,4239,4239,4282.139999999999,4966.47,43.13999999999942,7.958078640513122e-13,1.000000000000001
31449,-73.95558929443358,40.76433181762695,-73.9750747680664,40.75273132324219,607.28,4239,4239,-1.0,-1.0,-1,-1,0.0
31450,-73.97271728515625,40.76448822021485,-73.948486328125,40.82167053222656,1324.95,4239,4239,-1.0,-1.0,-1,-1,0.0
31451,-73.97335815429686,40.748329162597656,-73.98560333251955,40.731483459472656,298.03,4240,4240,-1.0,-1.0,-1,-1,0.0
31452,-73.94756317138672,40.79038619995117,-73.9543685913086,40.778846740722656,267.66,4240,4240,4331.88,4599.54,91.88000000000011,-1.7053025658242404e-13,0.9999999999999993
31453,-73.94479370117188,40.77922821044922,-73.9571762084961,40.76841735839844,365.67,4240,4240,4330.29,4720.42,90.28999999999996,24.460000000000093,1.0668909125714445
31454,-73.99268341064453,40.752601623535156,-73.9610824584961,40.75915908813477,913.62,4240,4240,-1.0,-1.0,-1,-1,0.0
31455,-73.98509979248048,40.74206924438477,-73.99188232421875,40.74879837036133,422.3,4240,4240,4291.42,4771.31,51.42000000000007,57.590000000000316,1.1363722472176185
31456,-73.97957611083984,40.74344253540039,-73.95532989501955,40.77250671386719,759.29,4240,4240,4297.63,5062.81,57.63000000000011,5.890000000000327,1.0077572469017113
31457,-73.98001861572266,40.76491165161133,-73.97023010253906,40.763916015625,308.24,4240,4240,-1.0,-1.0,-1,-1,0.0
31458,-74.00748443603516,40.705242156982415,-74.01538848876955,40.71579360961913,455.0,4240,4240,4286.33,4741.33,46.32999999999993,0.0,1.0
31459,-73.99611663818358,40.72517013549805,-73.97332763671875,40.76137161254883,1003.0,4240,4240,4317.87,5320.87,77.86999999999989,0.0,1.0
31460,-73.95252990722656,40.7867317199707,-73.95856475830078,40.77568817138672,261.3,4241,4241,-1.0,-1.0,-1,-1,0.0
31461,-73.98966217041014,40.75224685668945,-74.00078582763672,40.727142333984375,647.1,4241,4241,4274.47,4921.57,33.470000000000255,-5.684341886080801e-13,0.9999999999999991
31462,-73.97476959228516,40.75349044799805,-73.9843521118164,40.74007034301758,274.2,4241,4241,-1.0,-1.0,-1,-1,0.0
31463,-74.00190734863281,40.7393913269043,-73.97856903076173,40.72954940795898,670.12,4242,4242,-1.0,-1.0,-1,-1,0.0
31464,-73.9806900024414,40.78492736816406,-73.95547485351562,40.77285385131836,658.14,4242,4242,4379.88,5038.02,137.8800000000001,3.410605131648481e-13,1.0000000000000004
31465,-73.97563934326173,40.786888122558594,-73.95039367675781,40.821380615234375,627.12,4242,4242,-1.0,-1.0,-1,-1,0.0
31466,-73.97016906738281,40.76869201660156,-73.93687438964844,40.85500717163085,1364.86,4242,4242,-1.0,-1.0,-1,-1,0.0
31467,-73.98896789550781,40.736549377441406,-73.97970581054686,40.74349212646485,303.36,4242,4242,-1.0,-1.0,-1,-1,0.0
31468,-73.98848724365234,40.75706100463867,-73.98660278320312,40.739654541015625,670.64,4242,4242,-1.0,-1.0,-1,-1,0.0
31469,-73.97273254394531,40.75262069702149,-74.00013732910156,40.73794937133789,793.32,4243,4243,-1.0,-1.0,-1,-1,0.0
31470,-73.99359130859375,40.74744033813477,-73.97853088378906,40.77484893798828,820.83,4243,4243,4295.4,5116.23,52.399999999999636,-1.1368683772161603e-13,0.9999999999999999
31471,-73.9732894897461,40.76394653320313,-73.95474243164062,40.772315979003906,527.26,4243,4243,-1.0,-1.0,-1,-1,0.0
31472,-74.00444030761719,40.74778747558594,-74.00946807861328,40.723716735839844,503.84,4243,4243,-1.0,-1.0,-1,-1,0.0
31473,-73.98371124267578,40.75582885742188,-73.98193359375,40.762939453125,282.05,4244,4244,-1.0,-1.0,-1,-1,0.0
31474,-74.0060806274414,40.71471405029297,-73.990234375,40.76183319091797,1086.45,4244,4244,-1.0,-1.0,-1,-1,0.0
31475,-73.99834442138672,40.740535736083984,-73.98531341552734,40.76315307617188,663.16,4244,4244,-1.0,-1.0,-1,-1,0.0
31476,-73.97357177734375,40.79219436645508,-73.95598602294923,40.80360412597656,428.34,4244,4244,4296.0,4724.34,52.0,1.7053025658242404e-13,1.0000000000000004
31477,-73.98052215576173,40.78527069091797,-73.99095916748048,40.7661018371582,423.24,4244,4244,4265.49,4688.7300000000005,21.48999999999978,6.821210263296962e-13,1.0000000000000016
31478,-73.96778106689453,40.7612190246582,-74.01373291015625,40.71424102783203,1223.33,4244,4244,-1.0,-1.0,-1,-1,0.0
31479,-74.00835418701173,40.707279205322266,-73.99251556396483,40.75680160522461,1158.08,4244,4244,-1.0,-1.0,-1,-1,0.0
31480,-73.98082733154298,40.78260803222656,-73.96385192871094,40.776573181152344,424.08,4244,4244,-1.0,-1.0,-1,-1,0.0
31481,-73.976318359375,40.75080871582031,-73.98042297363281,40.72876739501953,565.48,4245,4245,-1.0,-1.0,-1,-1,0.0
31482,-73.98104858398438,40.75531005859375,-73.97830200195312,40.7647705078125,360.25,4245,4245,-1.0,-1.0,-1,-1,0.0
31483,-73.97010040283203,40.759620666503906,-74.00289916992188,40.72349166870117,1074.8,4245,4245,4298.29,5373.09,53.289999999999964,2.2737367544323206e-13,1.0000000000000002
31484,-73.96382141113281,40.77397918701172,-73.9478988647461,40.77627182006836,434.36,4245,4245,-1.0,-1.0,-1,-1,0.0
31485,-73.95377349853516,40.80035018920898,-73.94314575195312,40.78947067260742,443.27,4245,4245,-1.0,-1.0,-1,-1,0.0
31486,-73.94860076904298,40.77407836914063,-73.95636749267578,40.77558135986328,262.04,4245,4245,-1.0,-1.0,-1,-1,0.0
31487,-73.97245788574219,40.78622055053711,-73.9791717529297,40.77436828613281,283.98,4246,4246,4291.62,4575.6,45.61999999999989,4.547473508864641e-13,1.0000000000000016
31488,-73.98661041259766,40.742881774902344,-73.97840881347656,40.752891540527344,281.52,4246,4246,4293.38,4574.9,47.38000000000011,-4.547473508864641e-13,0.9999999999999983
31489,-73.991943359375,40.74418640136719,-73.9935073852539,40.742053985595696,189.13,4246,4246,4299.4800000000005,4488.61,53.48000000000047,-7.958078640513122e-13,0.9999999999999958
31490,-73.99230194091797,40.74384307861328,-73.99996185302734,40.73040771484375,402.19,4246,4246,4298.25,4700.44,52.25,-3.979039320256561e-13,0.999999999999999
31491,-73.96554565429686,40.771568298339844,-73.95848083496094,40.78131484985352,188.22,4246,4246,4338.58,4526.8,92.57999999999993,2.5579538487363607e-13,1.0000000000000013
31492,-73.98056030273438,40.73048782348633,-73.98799896240234,40.72814178466797,192.78,4246,4246,4274.22,4549.81,28.220000000000255,82.81000000000014,1.4295570079883813
31493,-73.95364379882812,40.78215789794922,-73.94342041015625,40.79946899414063,377.13,4246,4246,4298.94,4676.07,52.9399999999996,1.1368683772161603e-13,1.0000000000000002
31494,-73.96680450439453,40.760948181152344,-73.9963150024414,40.72031021118164,1142.69,4246,4246,-1.0,-1.0,-1,-1,0.0
31495,-73.96855926513672,40.754337310791016,-73.97268676757811,40.74509048461913,280.34,4246,4246,4317.42,4597.76,71.42000000000007,1.7053025658242404e-13,1.0000000000000007
31496,-73.97378540039062,40.76392364501953,-73.96905517578125,40.764156341552734,222.88,4247,4247,-1.0,-1.0,-1,-1,0.0
31497,-74.01433563232422,40.711273193359375,-73.97449493408203,40.75427627563477,1096.96,4247,4247,4441.13,5538.089999999999,194.1300000000001,-9.094947017729282e-13,0.9999999999999992
31498,-74.0047149658203,40.75198745727539,-73.99205780029298,40.74515914916992,403.74,4247,4247,4302.2,4738.1900000000005,55.19999999999982,32.25000000000068,1.079878139396643
31499,-73.97816467285155,40.75405883789063,-73.99562072753906,40.728328704833984,770.12,4247,4247,4326.96,5097.08,79.96000000000004,-1.1368683772161603e-13,0.9999999999999999
31500,-73.9817886352539,40.7606201171875,-73.96211242675781,40.767860412597656,586.79,4247,4247,-1.0,-1.0,-1,-1,0.0
31501,-73.9830322265625,40.73062133789063,-73.98869323730467,40.74134826660156,462.06,4247,4247,4463.79,4925.85,216.78999999999996,3.979039320256561e-13,1.0000000000000009
31502,-73.96437835693358,40.76746368408203,-73.96902465820312,40.76119995117188,195.25,4247,4247,4274.06,4469.31,27.0600000000004,0.0,1.0
31503,-74.0068817138672,40.70544815063477,-73.98474884033203,40.71026992797852,447.79,4247,4247,4272.33,4720.12,25.329999999999927,-5.684341886080802e-14,0.9999999999999999
31504,-73.96096038818358,40.76916885375977,-73.98509216308595,40.77915954589844,723.24,4248,4248,4296.88,5076.8099999999995,48.88000000000011,56.68999999999937,1.0783833858746743
31505,-73.98188781738281,40.7777099609375,-73.97148132324219,40.78793716430664,263.01,4248,4248,4332.04,4595.05,84.03999999999996,2.2737367544323206e-13,1.0000000000000009
31506,-73.98291015625,40.75750732421875,-73.97760772705078,40.75371170043945,225.25,4248,4248,-1.0,-1.0,-1,-1,0.0
31507,-74.00267791748048,40.73382568359375,-74.00467681884766,40.75035858154297,584.78,4248,4248,-1.0,-1.0,-1,-1,0.0
31508,-73.97928619384766,40.7443733215332,-74.00608825683594,40.74856185913085,801.95,4248,4248,4367.45,5169.4,119.44999999999982,-2.2737367544323206e-13,0.9999999999999997
31509,-73.97113037109375,40.75609588623047,-73.97135162353516,40.76370620727539,350.04,4248,4248,4277.67,4627.71,29.670000000000073,-5.684341886080802e-14,0.9999999999999999
31510,-73.96795654296875,40.80131149291992,-73.9773712158203,40.78765869140625,293.91,4249,4249,4376.87,4670.78,127.86999999999989,-1.7053025658242404e-13,0.9999999999999994
31511,-74.00838470458984,40.71439743041992,-73.98414611816406,40.726318359375,788.43,4249,4249,4613.34,5401.77,364.34000000000015,3.410605131648481e-13,1.0000000000000004
31512,-73.97792053222656,40.75410842895508,-74.00150299072266,40.73591995239258,709.1,4249,4249,-1.0,-1.0,-1,-1,0.0
31513,-73.96151733398438,40.77272415161133,-73.96912384033203,40.76942825317383,238.91,4249,4249,4350.71,4589.62,101.71000000000004,-1.4210854715202004e-13,0.9999999999999994
31514,-73.98140716552734,40.75328826904297,-73.97871398925781,40.75596618652344,249.62,4249,4249,4306.91,4587.04,57.909999999999854,30.510000000000105,1.1222257831904499
31515,-73.99314880371094,40.74126052856445,-73.99264526367188,40.72531509399415,605.42,4249,4249,4275.67,4894.96,26.670000000000073,13.870000000000005,1.0229097155693567
31516,-73.9749298095703,40.760501861572266,-73.98139953613281,40.763519287109375,286.25,4249,4249,-1.0,-1.0,-1,-1,0.0
31517,-73.99137878417969,40.7446174621582,-73.9928207397461,40.741153717041016,266.53,4249,4249,-1.0,-1.0,-1,-1,0.0
31518,-73.97447204589844,40.76219177246094,-73.97740936279298,40.753730773925774,313.38,4249,4249,-1.0,-1.0,-1,-1,0.0
31519,-73.99432373046875,40.7665901184082,-73.98755645751955,40.73332977294922,1045.95,4250,4250,4271.75,5384.87,21.75,67.16999999999985,1.0642191309336009
31520,-73.97296142578125,40.761474609375,-73.95353698730467,40.767032623291016,539.83,4250,4250,-1.0,-1.0,-1,-1,0.0
31521,-73.96484375,40.7557487487793,-73.98666381835938,40.75008773803711,759.63,4250,4250,-1.0,-1.0,-1,-1,0.0
31522,-73.95438385009766,40.77827072143555,-73.92098236083984,40.86375427246094,1134.49,4250,4250,4414.49,5548.9800000000005,164.48999999999978,6.821210263296962e-13,1.0000000000000007
31523,-73.97840881347656,40.7733154296875,-73.98091125488281,40.77833938598633,195.96,4250,4250,4304.27,4500.23,54.27000000000044,-8.810729923425242e-13,0.9999999999999956
31524,-73.98255920410156,40.748130798339844,-74.00827026367188,40.74121856689453,761.76,4250,4250,-1.0,-1.0,-1,-1,0.0
31525,-73.99478149414062,40.76077651977539,-73.9541473388672,40.77888870239258,973.07,4250,4250,4270.05,5252.79,20.050000000000182,9.669999999999732,1.00993762010955
31526,-74.00535583496094,40.7369270324707,-74.00252532958984,40.75005340576172,341.24,4250,4250,4366.58,4707.82,116.57999999999993,-2.2737367544323206e-13,0.9999999999999993
31527,-74.00594329833984,40.73542785644531,-73.99748992919923,40.742488861083984,257.91,4251,4251,4351.83,4609.74,100.82999999999993,-1.7053025658242404e-13,0.9999999999999993
31528,-73.95966339111328,40.77659606933594,-73.96747589111328,40.767784118652344,314.21,4251,4251,-1.0,-1.0,-1,-1,0.0
31529,-74.00743865966798,40.74333953857422,-73.98661041259766,40.759239196777344,670.8,4251,4251,4269.55,5014.45,18.550000000000182,74.09999999999968,1.1104651162790693
31530,-73.98886108398438,40.73651885986328,-73.98397064208984,40.730228424072266,343.61,4251,4251,-1.0,-1.0,-1,-1,0.0
31531,-73.98794555664062,40.736717224121094,-73.97339630126955,40.75770568847656,568.11,4251,4251,-1.0,-1.0,-1,-1,0.0
31532,-73.9764633178711,40.75997924804688,-73.98751831054686,40.74489974975585,372.64,4251,4251,4307.66,4680.3,56.659999999999854,3.410605131648481e-13,1.0000000000000009
31533,-73.99024963378906,40.74859237670898,-73.98667907714845,40.73808670043945,394.95,4251,4251,-1.0,-1.0,-1,-1,0.0
31534,-73.98851776123048,40.76903533935547,-73.9793472290039,40.72773361206055,1397.39,4251,4251,4280.24,5759.8,29.23999999999978,82.1700000000003,1.058802481769585
31535,-73.9774398803711,40.77941131591797,-73.96617889404298,40.7947998046875,406.5,4251,4251,-1.0,-1.0,-1,-1,0.0
31536,-73.9620590209961,40.8105354309082,-73.98236083984375,40.77490615844727,722.7,4251,4251,5099.26,5821.96,848.2600000000002,-2.2737367544323206e-13,0.9999999999999997
31537,-74.00373077392578,40.73687362670898,-73.99205780029298,40.72928237915039,472.87,4251,4251,-1.0,-1.0,-1,-1,0.0
31538,-73.99121856689453,40.73931121826172,-73.98699188232422,40.7252082824707,520.79,4251,4251,-1.0,-1.0,-1,-1,0.0
31539,-73.98046875,40.75920486450195,-74.00273132324219,40.76062774658203,643.5,4252,4252,-1.0,-1.0,-1,-1,0.0
31540,-73.95361328125,40.76681137084961,-73.94480895996094,40.79414749145508,558.09,4252,4252,-1.0,-1.0,-1,-1,0.0
31541,-74.01226806640625,40.71871948242188,-74.0077896118164,40.75149917602539,595.87,4252,4252,4303.0,4944.37,51.0,45.499999999999886,1.0763589373521067
31542,-73.95939636230467,40.77936935424805,-73.96858978271484,40.764949798583984,439.96,4252,4252,-1.0,-1.0,-1,-1,0.0
31543,-73.98194885253906,40.768367767333984,-73.97643280029298,40.742103576660156,986.36,4252,4252,-1.0,-1.0,-1,-1,0.0
31544,-73.97633361816406,40.786537170410156,-73.96598815917969,40.791358947753906,200.58,4252,4252,4262.929999999999,4463.51,10.929999999999382,8.242295734817162e-13,1.0000000000000042
31545,-74.0068130493164,40.71994018554688,-74.00347900390625,40.72642517089844,227.87,4252,4252,4290.94,4518.8099999999995,38.9399999999996,-1.1368683772161603e-13,0.9999999999999996
31546,-73.96743774414062,40.75630187988281,-74.0062026977539,40.70958709716797,1116.17,4252,4252,4272.94,5389.110000000001,20.9399999999996,9.094947017729282e-13,1.0000000000000009
31547,-74.00578308105469,40.71773147583008,-74.01174926757811,40.71355819702149,204.3,4252,4252,-1.0,-1.0,-1,-1,0.0
31548,-73.99053955078125,40.76418685913085,-73.99502563476562,40.74296188354492,681.81,4253,4253,4475.0,5156.8099999999995,222.0,-4.547473508864641e-13,0.9999999999999993
31549,-73.96155548095702,40.76514053344727,-73.96485900878906,40.76902389526367,200.62,4253,4253,4295.04,4495.66,42.039999999999964,-1.1368683772161603e-13,0.9999999999999994
31550,-73.97014617919923,40.79951477050781,-74.00563049316406,40.74103164672852,1187.86,4253,4253,4334.46,5522.32,81.46000000000004,-2.2737367544323206e-13,0.9999999999999998
31551,-74.00169372558595,40.72462844848633,-73.98406982421875,40.737449645996094,572.85,4253,4253,4263.93,4891.76,10.930000000000291,54.979999999999905,1.095976259055599
31552,-73.9840087890625,40.7605094909668,-73.99044799804686,40.75642013549805,257.45,4253,4253,4282.04,4539.49,29.039999999999964,-1.7053025658242404e-13,0.9999999999999993
31553,-73.96636199951173,40.76502227783203,-73.97459411621094,40.75349044799805,333.64,4253,4253,-1.0,-1.0,-1,-1,0.0
31554,-73.96640014648438,40.762107849121094,-73.9881820678711,40.720420837402344,1053.55,4253,4253,-1.0,-1.0,-1,-1,0.0
31555,-73.96859741210938,40.764739990234375,-73.98615264892578,40.75177001953125,703.89,4253,4253,4326.13,5030.0199999999995,73.13000000000011,-5.684341886080801e-13,0.9999999999999992
31556,-73.99539184570312,40.71716690063477,-73.99110412597656,40.75522994995117,1166.98,4253,4253,4541.18,5708.16,288.1800000000003,-4.547473508864641e-13,0.9999999999999996
31557,-73.94223022460938,40.79780960083008,-73.95030975341797,40.77479934692383,544.58,4253,4253,4410.46,4955.04,157.46000000000004,-1.1368683772161603e-13,0.9999999999999998
31558,-73.99861145019531,40.7226791381836,-73.99058532714845,40.73123550415039,317.5,4253,4253,-1.0,-1.0,-1,-1,0.0
31559,-73.99597930908203,40.73308181762695,-73.97903442382812,40.74127960205078,552.53,4254,4254,-1.0,-1.0,-1,-1,0.0
31560,-74.00293731689453,40.7332878112793,-74.00404357910156,40.72238540649415,285.54,4254,4254,4277.1,4638.31,23.100000000000364,75.67000000000002,1.265006654058976
31561,-73.97437286376955,40.753761291503906,-73.99220275878906,40.72133255004883,807.97,4254,4254,4265.25,5084.77,11.25,11.55000000000041,1.0142950852135604
31562,-74.0019989013672,40.72993850708008,-73.98491668701173,40.7452507019043,539.17,4254,4254,4282.75,4821.92,28.75,1.1368683772161603e-13,1.0000000000000002
31563,-73.9911880493164,40.73305130004883,-73.99246978759766,40.72453308105469,287.84,4254,4254,4284.45,4661.75,30.449999999999818,89.4600000000002,1.3107976653696505
31564,-73.98966979980467,40.741886138916016,-73.9792709350586,40.76176071166992,582.34,4255,4255,-1.0,-1.0,-1,-1,0.0
31565,-73.98503875732422,40.74345016479492,-73.98605346679686,40.73081970214844,328.53,4255,4255,-1.0,-1.0,-1,-1,0.0
31566,-73.97633361816406,40.73591613769531,-73.98282623291014,40.731544494628906,301.09,4255,4255,-1.0,-1.0,-1,-1,0.0
31567,-74.00588226318358,40.7186279296875,-73.99176788330078,40.735260009765625,484.78,4255,4255,-1.0,-1.0,-1,-1,0.0
31568,-73.98313140869139,40.771331787109375,-73.99080657958984,40.75129318237305,673.17,4255,4255,4302.25,4975.42,47.25,1.1368683772161603e-13,1.0000000000000002
31569,-73.9940414428711,40.75143814086913,-73.98387908935547,40.76559829711913,393.81,4255,4255,-1.0,-1.0,-1,-1,0.0
31570,-73.97412109375,40.79137420654297,-73.96886444091797,40.80093765258789,209.52,4256,4256,4291.92,4543.53,35.92000000000007,42.08999999999966,1.200887743413515
31571,-74.0037384033203,40.73846054077149,-74.00508117675781,40.74631118774415,249.82,4256,4256,-1.0,-1.0,-1,-1,0.0
31572,-74.00253295898438,40.7283592224121,-74.00517272949219,40.73994064331055,344.58,4256,4256,4359.37,4703.95,103.36999999999989,-5.684341886080802e-14,0.9999999999999999
31573,-73.96782684326173,40.80293655395508,-73.97940826416014,40.77699279785156,546.55,4256,4256,5155.92,5702.469999999999,899.9200000000001,-6.821210263296962e-13,0.9999999999999988
31574,-73.96804809570312,40.75545120239258,-73.99911499023438,40.7324447631836,811.49,4256,4256,4271.28,5082.77,15.279999999999745,6.821210263296962e-13,1.0000000000000009
31575,-73.9969253540039,40.724029541015625,-73.98798370361328,40.74428939819336,683.87,4256,4256,-1.0,-1.0,-1,-1,0.0
31576,-74.00381469726562,40.73831176757813,-73.97811126708984,40.72684860229492,803.83,4257,4257,4303.75,5144.29,46.75,36.70999999999992,1.0456688603311644
31577,-73.97225189208984,40.75979614257813,-73.9814224243164,40.71495819091797,961.97,4257,4257,4303.94,5265.91,46.9399999999996,2.2737367544323206e-13,1.0000000000000002
31578,-74.01271820068358,40.70677947998047,-73.9983673095703,40.735260009765625,620.28,4257,4257,4393.12,5013.4,136.1199999999999,-2.2737367544323206e-13,0.9999999999999997
31579,-74.00790405273438,40.74028396606445,-73.99620056152342,40.75249481201172,473.87,4257,4257,-1.0,-1.0,-1,-1,0.0
31580,-73.99507904052734,40.74485778808594,-73.99498748779298,40.71804428100585,891.16,4257,4257,4285.23,5190.96,28.229999999999563,14.570000000000505,1.0163494770860457
31581,-73.95413970947266,40.784481048583984,-73.97942352294923,40.78123092651367,584.66,4258,4258,-1.0,-1.0,-1,-1,0.0
31582,-74.00287628173827,40.75046920776367,-73.94564819335938,40.77526092529297,1393.39,4258,4258,4261.46,5714.45,3.4600000000000364,59.59999999999968,1.0427733800299985
31583,-74.0078582763672,40.74040985107422,-73.99427032470702,40.75175094604492,506.03,4258,4258,-1.0,-1.0,-1,-1,0.0
31584,-73.98537445068358,40.73566055297852,-73.95762634277344,40.77633666992188,984.73,4258,4258,-1.0,-1.0,-1,-1,0.0
31585,-73.97061920166014,40.75596237182617,-73.95489501953125,40.77153015136719,462.98,4258,4258,4279.59,4808.27,21.590000000000146,65.70000000000027,1.1419067778305765
31586,-73.98590850830078,40.74084091186523,-73.99372863769531,40.746578216552734,371.25,4258,4258,4296.2,4667.65,38.19999999999982,0.1999999999998181,1.00053872053872
31587,-73.99102020263672,40.73946762084961,-73.99983978271484,40.72712707519531,412.42,4259,4259,4292.46,4704.88,33.460000000000036,5.684341886080802e-14,1.0000000000000002
31588,-73.9969024658203,40.74745178222656,-73.98944091796875,40.75810623168945,332.89,4259,4259,4272.04,4604.93,13.039999999999964,3.410605131648481e-13,1.000000000000001
31589,-73.98201751708984,40.77005004882813,-73.98754119873048,40.77566146850585,265.45,4259,4259,4431.34,4696.79,172.34000000000015,-1.7053025658242404e-13,0.9999999999999993
31590,-73.99649810791014,40.75320053100585,-73.99153900146483,40.7464256286621,360.86,4259,4259,-1.0,-1.0,-1,-1,0.0
31591,-73.98492431640625,40.74751663208008,-73.99817657470702,40.75576400756836,541.86,4259,4259,4281.16,4823.0199999999995,22.159999999999854,-3.410605131648481e-13,0.9999999999999993
31592,-73.97766876220702,40.76456069946289,-73.98360443115234,40.76059341430664,263.92,4259,4259,-1.0,-1.0,-1,-1,0.0
31593,-73.98833465576173,40.727684020996094,-73.99370574951173,40.71837615966797,289.53,4260,4260,4283.01,4572.54,23.01000000000022,-2.2737367544323206e-13,0.9999999999999992
31594,-73.9830780029297,40.76716232299805,-73.99321746826173,40.76862716674805,243.96,4260,4260,-1.0,-1.0,-1,-1,0.0
31595,-73.98990631103516,40.73298645019531,-73.9635009765625,40.7752342224121,1108.59,4260,4260,-1.0,-1.0,-1,-1,0.0
31596,-73.99361419677734,40.74334335327149,-74.00502014160156,40.74124145507813,330.86,4260,4260,4310.05,4696.41,50.05000000000018,55.49999999999966,1.167744665417396
31597,-73.9935989379883,40.74985122680664,-73.98609924316406,40.72800827026367,958.85,4260,4260,-1.0,-1.0,-1,-1,0.0
31598,-73.9871826171875,40.73894119262695,-73.97743225097656,40.74372863769531,313.01,4260,4260,-1.0,-1.0,-1,-1,0.0
31599,-73.99136352539062,40.77065658569336,-74.00792694091797,40.743736267089844,494.99,4260,4260,4299.96,4794.95,39.960000000000036,-2.2737367544323206e-13,0.9999999999999996
31600,-74.00624084472656,40.7395896911621,-73.98743438720702,40.72706985473633,738.28,4260,4260,-1.0,-1.0,-1,-1,0.0
31601,-73.9876937866211,40.73244094848633,-73.98658752441406,40.722450256347656,407.82,4260,4260,-1.0,-1.0,-1,-1,0.0
31602,-73.9725112915039,40.75932312011719,-73.94851684570312,40.7780647277832,615.03,4260,4260,-1.0,-1.0,-1,-1,0.0
31603,-73.9537582397461,40.77493286132813,-73.9765396118164,40.79055404663085,692.1,4260,4260,4344.38,5036.48,84.38000000000011,-5.684341886080801e-13,0.9999999999999992
31604,-73.99272155761719,40.74840927124024,-74.0056381225586,40.7451286315918,307.53,4260,4260,-1.0,-1.0,-1,-1,0.0
31605,-73.98609161376955,40.7774772644043,-73.98006439208984,40.765724182128906,435.91,4260,4260,4285.94,4721.849999999999,25.9399999999996,-1.7053025658242404e-13,0.9999999999999996
31606,-73.97300720214845,40.74899291992188,-73.99407958984375,40.72275161743164,683.45,4260,4260,4294.87,4978.32,34.86999999999989,-2.2737367544323206e-13,0.9999999999999997
31607,-73.9778823852539,40.72955703735352,-73.9823226928711,40.74195861816406,421.49,4261,4261,4307.3,4728.79,46.30000000000018,-2.2737367544323206e-13,0.9999999999999994
31608,-73.99281311035155,40.737468719482415,-73.985107421875,40.74475860595703,449.04,4261,4261,-1.0,-1.0,-1,-1,0.0
31609,-73.97132110595702,40.79536056518555,-73.96022033691406,40.81298828125,312.51,4261,4261,4374.62,4687.13,113.61999999999989,2.2737367544323206e-13,1.0000000000000007
31610,-74.00553131103516,40.73964309692383,-73.99185180664062,40.73363876342773,458.37,4261,4261,4376.63,4835.0,115.63000000000011,-1.1368683772161603e-13,0.9999999999999998
31611,-73.96855163574219,40.76166915893555,-73.95625305175781,40.78160858154297,555.93,4261,4261,-1.0,-1.0,-1,-1,0.0
31612,-73.97649383544923,40.751708984375,-74.00799560546875,40.739540100097656,921.29,4262,4262,-1.0,-1.0,-1,-1,0.0
31613,-73.95797729492188,40.7822494506836,-73.9649429321289,40.76594924926758,469.4,4262,4262,-1.0,-1.0,-1,-1,0.0
31614,-74.00267791748048,40.73073959350585,-73.99166870117188,40.72365188598633,441.64,4262,4262,4315.7699999999995,4757.41,53.76999999999953,3.410605131648481e-13,1.0000000000000007
31615,-73.96215057373048,40.776161193847656,-73.94781494140625,40.77068710327149,366.96,4262,4262,-1.0,-1.0,-1,-1,0.0
31616,-73.9781951904297,40.7857666015625,-73.9723129272461,40.79650115966797,253.34,4262,4262,-1.0,-1.0,-1,-1,0.0
31617,-73.99851989746094,40.76059341430664,-73.98841857910156,40.72747421264648,1052.12,4262,4262,-1.0,-1.0,-1,-1,0.0
31618,-73.98026275634766,40.75466537475585,-73.98997497558594,40.75215530395508,320.76,4263,4263,-1.0,-1.0,-1,-1,0.0
31619,-74.00208282470702,40.746768951416016,-74.00234985351562,40.73004150390625,437.12,4263,4263,-1.0,-1.0,-1,-1,0.0
31620,-73.97370147705078,40.75184631347656,-73.98358154296875,40.75977325439453,608.2,4263,4263,-1.0,-1.0,-1,-1,0.0
31621,-74.00927734375,40.72927856445313,-73.95314025878906,40.77183151245117,1503.77,4263,4263,4387.34,5891.109999999999,124.34000000000015,-1.3642420526593924e-12,0.9999999999999991
31622,-73.97409057617188,40.757625579833984,-73.98805236816406,40.77721786499024,831.61,4263,4263,4374.37,5205.9800000000005,111.36999999999989,5.684341886080801e-13,1.0000000000000007
31623,-74.00828552246094,40.7404670715332,-74.00015258789062,40.72373580932617,606.61,4263,4263,-1.0,-1.0,-1,-1,0.0
31624,-73.97015380859375,40.759632110595696,-73.97282409667969,40.7647819519043,304.16,4263,4263,-1.0,-1.0,-1,-1,0.0
31625,-73.98594665527344,40.73516845703125,-73.9877395629883,40.72256088256836,464.49,4263,4263,-1.0,-1.0,-1,-1,0.0
31626,-73.98896026611328,40.72671127319336,-73.9770278930664,40.71419143676758,493.62,4263,4263,4568.33,5061.95,305.3299999999999,-1.1368683772161603e-13,0.9999999999999998
31627,-73.98685455322266,40.760948181152344,-73.98160552978516,40.75304412841797,435.11,4263,4263,-1.0,-1.0,-1,-1,0.0
31628,-74.00100708007811,40.74181747436523,-73.99317169189453,40.77032852172852,707.4,4264,4264,-1.0,-1.0,-1,-1,0.0
31629,-73.98694610595702,40.73351669311523,-73.97962951660156,40.743507385253906,243.49,4264,4264,4316.2,4559.69,52.19999999999982,-2.2737367544323206e-13,0.9999999999999991
31630,-73.99054718017578,40.724647521972656,-74.0125732421875,40.70156478881836,661.98,4264,4264,4481.58,5143.5599999999995,217.57999999999993,-4.547473508864641e-13,0.9999999999999993
31631,-73.96743774414062,40.76897048950195,-73.9590301513672,40.78102111816406,221.55,4264,4264,4293.05,4514.6,29.050000000000182,1.7053025658242404e-13,1.0000000000000007
31632,-74.0033187866211,40.731693267822266,-73.99858093261719,40.72475814819336,328.38,4264,4264,-1.0,-1.0,-1,-1,0.0
31633,-73.97358703613281,40.75205993652344,-73.9549102783203,40.76731872558594,455.65,4264,4264,4299.7,4778.76,35.69999999999982,23.410000000000423,1.0513771535169547
31634,-73.97669219970702,40.75406265258789,-73.99172973632812,40.768653869628906,804.58,4265,4265,-1.0,-1.0,-1,-1,0.0
31635,-73.98670196533203,40.73986053466797,-73.9925079345703,40.73077774047852,211.09,4265,4265,4306.47,4517.56,41.470000000000255,1.4210854715202004e-13,1.0000000000000007
31636,-73.99462890625,40.734580993652344,-73.98458862304686,40.742691040039055,445.08,4265,4265,-1.0,-1.0,-1,-1,0.0
31637,-73.95867919921875,40.78086853027344,-73.9734878540039,40.76348876953125,495.83,4265,4265,-1.0,-1.0,-1,-1,0.0
31638,-73.98104095458984,40.765079498291016,-73.99727630615234,40.7623291015625,512.84,4265,4265,4318.96,4831.8,53.960000000000036,1.1368683772161603e-13,1.0000000000000002
31639,-73.99886322021484,40.719886779785156,-73.991943359375,40.71448516845703,517.52,4265,4265,4514.54,5032.0599999999995,249.53999999999996,-4.547473508864641e-13,0.9999999999999991
31640,-73.99404907226562,40.75088882446289,-73.97905731201173,40.7404670715332,776.13,4265,4265,-1.0,-1.0,-1,-1,0.0
31641,-73.99649047851562,40.73974609375,-74.00262451171875,40.7319450378418,263.42,4265,4265,-1.0,-1.0,-1,-1,0.0
31642,-73.96652984619139,40.75654983520508,-73.9629898071289,40.775150299072266,567.62,4265,4265,-1.0,-1.0,-1,-1,0.0
31643,-73.96128845214845,40.80142593383789,-73.98207092285155,40.7788314819336,470.59,4265,4265,4372.59,4843.18,107.59000000000015,1.7053025658242404e-13,1.0000000000000004
31644,-73.96929168701173,40.79059982299805,-73.97689819335938,40.78762817382813,185.45,4265,4265,4599.01,4784.46,334.0100000000002,-1.7053025658242404e-13,0.9999999999999991
31645,-73.99079132080078,40.75093078613281,-74.00660705566406,40.7081184387207,1080.94,4265,4265,4300.530000000001,5381.47,35.530000000000655,-4.547473508864641e-13,0.9999999999999996
31646,-73.96817779541014,40.76231002807617,-73.957763671875,40.77360916137695,303.56,4266,4266,-1.0,-1.0,-1,-1,0.0
31647,-73.94349670410156,40.82592010498047,-73.94525146484375,40.81507873535156,276.48,4266,4266,4864.77,5141.25,598.7700000000004,-4.547473508864641e-13,0.9999999999999983
31648,-73.99085998535155,40.73909378051758,-73.99266815185547,40.73072814941406,256.47,4266,4266,-1.0,-1.0,-1,-1,0.0
31649,-73.98995971679686,40.733306884765625,-73.98513793945312,40.723793029785156,472.52,4266,4266,-1.0,-1.0,-1,-1,0.0
31650,-73.99031829833984,40.72916030883789,-73.97734832763672,40.75218963623047,627.52,4266,4266,4322.33,5008.29,56.32999999999993,58.440000000000055,1.093128505864355
31651,-74.00765991210938,40.740970611572266,-73.98464965820312,40.76665115356445,732.41,4266,4266,4460.21,5192.62,194.21000000000004,-1.1368683772161603e-13,0.9999999999999999
31652,-73.98550415039062,40.751930236816406,-73.98123931884766,40.74728012084961,262.21,4266,4266,-1.0,-1.0,-1,-1,0.0
31653,-74.00732421875,40.743324279785156,-73.98583221435547,40.768821716308594,565.2,4266,4266,-1.0,-1.0,-1,-1,0.0
31654,-73.98994445800781,40.73417663574219,-73.98750305175781,40.76399612426758,1036.28,4267,4267,-1.0,-1.0,-1,-1,0.0
31655,-73.95082092285155,40.77159118652344,-73.95652770996094,40.7817611694336,399.96,4267,4267,4396.79,4796.75,129.78999999999996,5.684341886080802e-14,1.0000000000000002
31656,-73.9940185546875,40.75137710571289,-73.97391510009766,40.7601318359375,694.52,4267,4267,-1.0,-1.0,-1,-1,0.0
31657,-73.95332336425781,40.779651641845696,-73.93736267089844,40.801429748535156,317.68,4267,4267,4545.77,4863.45,278.77000000000044,-6.252776074688882e-13,0.999999999999998
31658,-74.00320434570312,40.73283004760742,-74.00536346435547,40.72040939331055,304.45,4268,4268,-1.0,-1.0,-1,-1,0.0
31659,-73.99075317382812,40.75083923339844,-73.9889144897461,40.72908020019531,702.77,4268,4268,-1.0,-1.0,-1,-1,0.0
31660,-73.95656585693358,40.76296997070313,-73.9628677368164,40.75673294067383,270.33,4268,4268,-1.0,-1.0,-1,-1,0.0
31661,-73.98345184326173,40.743839263916016,-73.99269104003906,40.72377014160156,563.23,4268,4268,4308.63,4871.86,40.63000000000011,-4.547473508864641e-13,0.9999999999999992
31662,-73.97760009765625,40.75799179077149,-73.98899841308595,40.72607421875,853.36,4268,4268,4318.41,5228.1,50.409999999999854,56.330000000000496,1.0660096559482521
31663,-73.97650146484375,40.751121520996094,-73.99411010742188,40.7226448059082,792.02,4269,4269,-1.0,-1.0,-1,-1,0.0
31664,-73.99430847167969,40.735538482666016,-74.00697326660156,40.719139099121094,504.9,4269,4269,-1.0,-1.0,-1,-1,0.0
31665,-73.9842758178711,40.728763580322266,-73.9909896850586,40.71464920043945,575.28,4269,4269,4297.48,4872.76,28.479999999999563,6.821210263296962e-13,1.000000000000001
31666,-73.98980712890625,40.723426818847656,-74.00292205810547,40.72682571411133,374.71,4269,4269,4365.74,4740.45,96.73999999999978,5.684341886080802e-14,1.0000000000000002
31667,-73.98994445800781,40.750770568847656,-74.01618957519531,40.71520614624024,907.69,4270,4270,4290.2,5197.89,20.199999999999818,4.547473508864641e-13,1.0000000000000004
31668,-73.99420928955078,40.75098037719727,-73.97789001464844,40.72603988647461,1087.64,4270,4270,-1.0,-1.0,-1,-1,0.0
31669,-74.00208282470702,40.74029159545898,-73.97677612304686,40.75991821289063,873.05,4270,4270,-1.0,-1.0,-1,-1,0.0
31670,-74.00718688964845,40.7418212890625,-73.9551773071289,40.78575134277344,1324.65,4270,4270,4303.42,5705.61,33.42000000000007,77.53999999999951,1.0585362171139543
31671,-73.99600219726562,40.73297882080078,-73.94872283935547,40.78493118286133,1342.93,4270,4270,-1.0,-1.0,-1,-1,0.0
31672,-73.96110534667969,40.760555267333984,-73.95293426513672,40.78024291992188,375.03,4271,4271,4328.01,4703.04,57.01000000000022,-2.2737367544323206e-13,0.9999999999999994
31673,-73.97539520263672,40.7878532409668,-73.96183013916014,40.78058242797852,293.33,4271,4271,4391.37,4684.7,120.36999999999989,-5.684341886080802e-14,0.9999999999999998
31674,-73.99407958984375,40.76136779785156,-73.96380615234375,40.770904541015625,748.5,4271,4271,4408.88,5157.379999999999,137.8800000000001,-9.094947017729282e-13,0.9999999999999988
31675,-73.96917724609375,40.79087829589844,-73.97811889648438,40.78918838500977,213.53,4271,4271,4394.12,4607.65,123.11999999999989,-2.5579538487363607e-13,0.9999999999999988
31676,-74.00591278076173,40.74553298950195,-73.99200439453125,40.769290924072266,515.04,4271,4271,-1.0,-1.0,-1,-1,0.0
31677,-73.97818756103516,40.74565124511719,-73.97964477539062,40.72531127929688,552.02,4271,4271,4356.33,4908.35,85.32999999999993,4.547473508864641e-13,1.0000000000000009
31678,-74.00628662109375,40.70602416992188,-74.01626586914062,40.70500564575195,226.97,4271,4271,4645.5,4872.47,374.5,2.5579538487363607e-13,1.000000000000001
31679,-73.98706817626955,40.74486541748047,-74.00191497802734,40.74507141113281,380.46,4271,4271,4322.57,4712.73,51.56999999999971,9.699999999999875,1.0254954528728377
31680,-73.98486328125,40.736572265625,-73.9718246459961,40.75141906738281,461.8,4271,4271,-1.0,-1.0,-1,-1,0.0
31681,-73.95207214355469,40.76648330688477,-73.9574661254883,40.78281784057617,538.64,4271,4271,-1.0,-1.0,-1,-1,0.0
31682,-73.97279357910156,40.79346084594727,-73.97207641601562,40.76559829711913,784.3,4271,4271,-1.0,-1.0,-1,-1,0.0
31683,-73.98878479003906,40.7188606262207,-74.00647735595702,40.74453353881836,939.58,4272,4272,4370.17,5309.75,98.17000000000007,-1.1368683772161603e-13,0.9999999999999999
31684,-73.96756744384766,40.76617050170898,-73.96308135986328,40.77244567871094,200.58,4272,4272,-1.0,-1.0,-1,-1,0.0
31685,-73.96548461914062,40.76575469970703,-73.97974395751955,40.775299072265625,555.87,4272,4272,4381.54,4937.41,109.53999999999996,-1.1368683772161603e-13,0.9999999999999998
31686,-73.97642517089844,40.7659912109375,-73.95284271240234,40.776611328125,674.16,4272,4272,-1.0,-1.0,-1,-1,0.0
31687,-73.98079681396483,40.7724494934082,-73.9886474609375,40.77854919433594,242.99,4272,4272,4315.33,4558.32,43.32999999999993,-2.2737367544323206e-13,0.9999999999999991
31688,-73.96846771240234,40.763145446777344,-73.99877166748048,40.733314514160156,1015.84,4272,4272,-1.0,-1.0,-1,-1,0.0
31689,-73.98863220214844,40.77835083007813,-73.98757934570312,40.77123260498047,218.28,4272,4272,4353.29,4601.57,81.28999999999996,29.999999999999744,1.1374381528312247
31690,-73.98908233642578,40.748138427734375,-73.95620727539062,40.77284622192383,1052.68,4272,4272,-1.0,-1.0,-1,-1,0.0
31691,-73.96692657470702,40.76677322387695,-73.95408630371094,40.783897399902344,397.87,4273,4273,-1.0,-1.0,-1,-1,0.0
31692,-74.00286865234375,40.7605094909668,-73.98401641845702,40.73522567749024,977.43,4273,4273,4296.05,5273.4800000000005,23.050000000000182,3.410605131648481e-13,1.0000000000000004
31693,-74.00167846679686,40.74101638793945,-73.99468231201173,40.7504768371582,217.13,4273,4273,-1.0,-1.0,-1,-1,0.0
31694,-73.9787826538086,40.76284408569336,-74.00089263916014,40.73649597167969,850.98,4273,4273,-1.0,-1.0,-1,-1,0.0
31695,-74.01356506347656,40.70792770385742,-74.0144805908203,40.70303726196289,188.58,4273,4273,4385.54,4574.12,112.53999999999996,-8.526512829121202e-14,0.9999999999999996
31696,-73.9910888671875,40.75045776367188,-73.97746276855469,40.76125717163085,532.09,4273,4273,-1.0,-1.0,-1,-1,0.0
31697,-74.00366973876955,40.70759963989258,-73.98304748535155,40.72669982910156,492.11,4273,4273,4301.49,4793.6,28.48999999999978,5.684341886080801e-13,1.000000000000001
31698,-73.99717712402342,40.7221908569336,-73.9861602783203,40.717689514160156,486.21,4273,4273,4406.79,4893.0,133.78999999999996,5.684341886080802e-14,1.0000000000000002
31699,-73.9759063720703,40.74919128417969,-73.98169708251955,40.77376174926758,905.29,4273,4273,4309.46,5242.26,36.460000000000036,27.51000000000022,1.0303880524472824
31700,-74.00035095214845,40.73783874511719,-73.97801208496094,40.72507858276367,717.5,4274,4274,4324.74,5102.4800000000005,50.73999999999978,60.24000000000069,1.0839581881533111
31701,-73.97368621826173,40.75056838989258,-73.98523712158203,40.72906112670898,507.53,4274,4274,4426.57,4934.1,152.5699999999997,6.821210263296962e-13,1.0000000000000013
31702,-73.9783477783203,40.77293395996094,-73.97605895996094,40.78616333007813,330.06,4274,4274,4295.65,4625.71,21.649999999999636,3.979039320256561e-13,1.000000000000001
31703,-73.97235107421875,40.752891540527344,-73.94513702392578,40.77865982055664,647.89,4274,4274,-1.0,-1.0,-1,-1,0.0
31704,-73.98255157470702,40.751319885253906,-74.00074768066406,40.73249816894531,555.96,4274,4274,-1.0,-1.0,-1,-1,0.0
31705,-73.98771667480467,40.730918884277344,-73.99174499511719,40.74446868896485,591.08,4275,4275,4318.08,4909.16,43.07999999999993,-1.1368683772161603e-13,0.9999999999999998
31706,-73.97161865234375,40.750789642333984,-73.98406982421875,40.73334503173828,319.04,4275,4275,4300.42,4619.46,25.420000000000073,-5.684341886080802e-14,0.9999999999999998
31707,-73.95513153076173,40.804649353027344,-73.94165802001955,40.838321685791016,665.52,4275,4275,4360.87,5026.39,85.86999999999989,4.547473508864641e-13,1.0000000000000007
31708,-74.00263214111328,40.73388671875,-74.00567626953125,40.74014663696289,309.94,4275,4275,4328.96,4664.400000000001,53.960000000000036,25.50000000000051,1.0822739885139077
31709,-73.98739624023438,40.74401092529297,-73.98795318603516,40.75971984863281,590.76,4275,4275,-1.0,-1.0,-1,-1,0.0
31710,-73.97293853759766,40.75312042236328,-73.96357727050781,40.75761032104492,265.83,4275,4275,4325.87,4638.72,50.86999999999989,47.02000000000038,1.1768799608772538
31711,-73.98979187011719,40.73386001586913,-73.9816665649414,40.748130798339844,428.98,4275,4275,-1.0,-1.0,-1,-1,0.0
31712,-73.9947967529297,40.740379333496094,-73.97933197021484,40.73106002807617,565.99,4276,4276,-1.0,-1.0,-1,-1,0.0
31713,-73.99420166015625,40.74611282348633,-73.99373626708984,40.7705192565918,725.27,4276,4276,-1.0,-1.0,-1,-1,0.0
31714,-73.97943878173827,40.74002456665039,-73.98243713378906,40.73126602172852,189.7,4276,4276,4295.3,4485.0,19.300000000000182,-1.7053025658242404e-13,0.9999999999999991
31715,-73.97660064697266,40.78069305419922,-73.98481750488281,40.76032257080078,599.22,4276,4276,4311.43,4910.65,35.43000000000029,-6.821210263296962e-13,0.9999999999999989
31716,-73.99360656738281,40.74148559570313,-73.94308471679686,40.80215072631836,1464.72,4276,4276,4310.37,5775.089999999999,34.36999999999989,-6.821210263296962e-13,0.9999999999999996
31717,-73.97157287597656,40.76031875610352,-73.98175811767578,40.740821838378906,553.04,4277,4277,-1.0,-1.0,-1,-1,0.0
31718,-73.98770904541014,40.72148895263672,-73.96038055419923,40.78179931640625,1326.31,4277,4277,4298.74,5625.05,21.73999999999978,4.547473508864641e-13,1.0000000000000004
31719,-74.00077056884766,40.731788635253906,-74.00756072998048,40.75218963623047,640.9,4277,4277,4307.25,4948.15,30.25,-3.410605131648481e-13,0.9999999999999994
31720,-74.00292205810547,40.74932098388672,-73.99185180664062,40.7593994140625,334.95,4277,4277,-1.0,-1.0,-1,-1,0.0
31721,-73.95429992675781,40.78702926635742,-73.97956848144531,40.73738098144531,1162.15,4277,4277,4523.32,5685.47,246.3199999999997,4.547473508864641e-13,1.0000000000000004
31722,-73.98374938964845,40.760597229003906,-73.99616241455078,40.75367736816406,428.95,4277,4277,4333.75,4762.7,56.75,-1.7053025658242404e-13,0.9999999999999996
31723,-73.98735809326173,40.74449920654297,-73.98947143554686,40.71879959106445,856.43,4277,4277,4323.14,5223.639999999999,46.14000000000033,44.06999999999914,1.0514577957334506
31724,-73.99320983886719,40.72772979736328,-73.9863739013672,40.73481750488281,199.3,4278,4278,4350.71,4586.72,72.71000000000004,36.71000000000021,1.184194681384848
31725,-73.9740982055664,40.75431442260742,-73.97698974609375,40.745281219482415,250.92,4278,4278,-1.0,-1.0,-1,-1,0.0
31726,-73.97457885742188,40.757190704345696,-73.9840087890625,40.74018859863281,449.21,4278,4278,4292.7699999999995,4741.98,14.769999999999527,5.684341886080802e-14,1.0000000000000002
31727,-73.99420166015625,40.75111770629883,-73.94776153564453,40.7708396911621,1306.73,4278,4278,4315.64,5659.7699999999995,37.64000000000033,37.39999999999918,1.028621061734252
31728,-73.9815902709961,40.74231719970703,-73.98362731933594,40.72153091430664,584.11,4278,4278,-1.0,-1.0,-1,-1,0.0
31729,-73.99433898925781,40.74065017700195,-73.98677825927734,40.76839065551758,776.64,4278,4278,4312.8,5145.53,34.80000000000018,56.08999999999958,1.07222136382365
31730,-73.9725570678711,40.759681701660156,-73.98816680908203,40.74109649658203,635.13,4278,4278,-1.0,-1.0,-1,-1,0.0
31731,-73.97511291503906,40.756568908691406,-73.98043823242188,40.78308868408203,885.34,4278,4278,-1.0,-1.0,-1,-1,0.0
31732,-73.97232055664062,40.755535125732415,-73.97607421875,40.758934020996094,290.2,4278,4278,-1.0,-1.0,-1,-1,0.0
31733,-73.97997283935547,40.75481033325195,-73.95133209228516,40.77092361450195,833.15,4279,4279,4295.46,5128.61,16.460000000000036,-3.410605131648481e-13,0.9999999999999996
31734,-74.01016998291014,40.70957946777344,-74.00228881835938,40.73350143432617,583.32,4279,4279,-1.0,-1.0,-1,-1,0.0
31735,-73.98406219482422,40.76529312133789,-73.98228454589844,40.777042388916016,318.49,4279,4279,4332.990000000001,4651.480000000001,53.99000000000069,6.821210263296962e-13,1.0000000000000022
31736,-73.98077392578125,40.76031875610352,-73.99980926513672,40.76160430908203,641.39,4279,4279,-1.0,-1.0,-1,-1,0.0
31737,-73.98137664794923,40.77893829345703,-73.95126342773438,40.77875900268555,718.41,4279,4279,4300.89,5113.79,21.890000000000327,94.48999999999967,1.1315265656101665
31738,-73.97242736816406,40.756004333496094,-73.94542694091797,40.79011535644531,747.26,4279,4279,4290.0,5037.26,11.0,2.2737367544323206e-13,1.0000000000000002
31739,-73.9530029296875,40.78310775756836,-73.94761657714845,40.77611541748047,296.61,4280,4280,4691.93,4988.54,411.9300000000003,-3.410605131648481e-13,0.9999999999999989
31740,-74.0074462890625,40.70486068725585,-73.99488830566406,40.75608825683594,1100.31,4280,4280,-1.0,-1.0,-1,-1,0.0
31741,-73.98750305175781,40.76036071777344,-73.95668029785155,40.77130508422852,852.89,4280,4280,4364.33,5217.22,84.32999999999993,3.410605131648481e-13,1.0000000000000004
31742,-73.99060821533203,40.742000579833984,-73.98461151123048,40.71889877319336,807.76,4280,4280,4326.31,5201.96,46.3100000000004,67.88999999999965,1.0840472417549762
31743,-73.97587585449219,40.74874877929688,-73.94251251220702,40.79439163208008,875.3,4280,4280,4302.84,5178.14,22.840000000000146,2.2737367544323206e-13,1.0000000000000002
31744,-73.96549224853516,40.7901611328125,-73.97615051269531,40.78622817993164,260.63,4280,4280,4305.82,4601.32,25.81999999999971,34.870000000000005,1.1337911982503932
31745,-73.9920425415039,40.74357604980469,-73.99112701416014,40.753604888916016,380.08,4280,4280,4324.28,4704.36,44.279999999999745,-5.684341886080802e-14,0.9999999999999999
31746,-73.98020172119139,40.75451278686523,-73.97902679443358,40.75064086914063,237.55,4280,4280,-1.0,-1.0,-1,-1,0.0
31747,-73.96670532226562,40.80427932739258,-73.95217132568358,40.77824020385742,877.28,4280,4280,4368.95,5270.23,88.94999999999982,23.999999999999773,1.027357286157213
31748,-73.98783874511719,40.7411003112793,-73.98794555664062,40.75887680053711,668.3,4281,4281,-1.0,-1.0,-1,-1,0.0
31749,-74.01329040527344,40.701961517333984,-73.99974822998048,40.71498107910156,419.62,4281,4281,-1.0,-1.0,-1,-1,0.0
31750,-73.98220825195312,40.77452850341797,-73.9718017578125,40.7636604309082,528.68,4281,4281,4290.0,4854.18,9.0,35.50000000000034,1.0671483695240984
31751,-73.97664642333984,40.75090789794922,-73.97171783447266,40.744117736816406,335.43,4281,4281,4306.02,4641.45,25.020000000000437,-6.252776074688882e-13,0.9999999999999981
31752,-74.0053176879883,40.74574661254883,-74.0060043334961,40.71969223022461,703.08,4281,4281,-1.0,-1.0,-1,-1,0.0
31753,-73.98137664794923,40.76797103881836,-73.97891235351562,40.74861145019531,796.63,4282,4282,4305.25,5157.01,23.25,55.13000000000022,1.0692040219424328
31754,-74.008544921875,40.71145629882813,-73.99717712402342,40.716590881347656,499.13,4282,4282,4483.17,4982.3,201.17000000000007,1.1368683772161603e-13,1.0000000000000002
31755,-73.9704818725586,40.762031555175774,-73.99136352539062,40.750038146972656,796.66,4282,4282,-1.0,-1.0,-1,-1,0.0
31756,-73.9831771850586,40.7501106262207,-73.98887634277344,40.77768325805664,899.23,4282,4282,4301.7,5224.9,19.699999999999818,23.9699999999998,1.0266561391412652
31757,-73.98162078857422,40.74081802368164,-73.95490264892578,40.77738571166992,834.5,4282,4282,4334.0,5168.5,52.0,0.0,1.0
31758,-73.9769515991211,40.78779220581055,-73.97136688232422,40.79937362670898,324.84,4282,4282,4395.01,4719.85,113.01000000000022,1.7053025658242404e-13,1.0000000000000004
31759,-74.00857543945312,40.711280822753906,-73.95037841796875,40.77225875854492,1377.68,4282,4282,4336.1,5713.78,54.100000000000364,-6.821210263296962e-13,0.9999999999999996
31760,-73.9757080078125,40.76108169555664,-73.98187255859375,40.749229431152344,372.8,4282,4282,-1.0,-1.0,-1,-1,0.0
31761,-73.9600830078125,40.7706413269043,-73.97000122070312,40.797218322753906,773.06,4283,4283,4404.96,5178.02,121.96000000000004,4.547473508864641e-13,1.0000000000000007
31762,-74.00151062011719,40.746448516845696,-73.98301696777342,40.72111511230469,998.43,4283,4283,4307.38,5319.52,24.38000000000011,13.710000000000377,1.013731558546919
31763,-73.95916748046875,40.77511978149415,-73.97924041748048,40.776851654052734,451.84,4283,4283,4321.97,4773.81,38.970000000000255,1.7053025658242404e-13,1.0000000000000004
31764,-73.98703765869139,40.75588989257813,-73.95194244384766,40.80049133300781,1165.68,4283,4283,4360.92,5526.6,77.92000000000007,2.2737367544323206e-13,1.0000000000000002
31765,-73.99365997314453,40.721046447753906,-73.98121643066406,40.78047561645508,1483.51,4283,4283,4342.68,5826.19,59.68000000000029,-6.821210263296962e-13,0.9999999999999996
31766,-73.97238922119139,40.75616836547852,-73.97542572021484,40.764015197753906,513.37,4284,4284,-1.0,-1.0,-1,-1,0.0
31767,-73.97274780273438,40.75343704223633,-73.98678588867188,40.76215744018555,675.28,4284,4284,-1.0,-1.0,-1,-1,0.0
31768,-73.97705841064453,40.75703048706055,-73.98767852783203,40.769752502441406,633.18,4284,4284,4335.49,5002.79,51.48999999999978,34.12000000000023,1.0538867304715882
31769,-73.98830413818358,40.72794723510742,-73.95362854003906,40.77109909057617,827.22,4284,4284,4687.7300000000005,5514.95,403.7300000000005,-6.821210263296962e-13,0.9999999999999992
31770,-73.9767074584961,40.75989151000977,-73.98767852783203,40.74419021606445,383.89,4284,4284,4302.88,4686.77,18.88000000000011,3.410605131648481e-13,1.0000000000000009
31771,-74.01306915283203,40.71531295776367,-74.00969696044923,40.70611953735352,492.24,4284,4284,4322.41,4814.65,38.409999999999854,-2.2737367544323206e-13,0.9999999999999996
31772,-73.98204803466798,40.76828002929688,-73.97354888916014,40.79124069213867,574.91,4284,4284,-1.0,-1.0,-1,-1,0.0
31773,-73.95748138427734,40.783027648925774,-73.94074249267578,40.80668258666992,385.42,4285,4285,4326.0199999999995,4711.44,41.01999999999953,5.684341886080802e-14,1.0000000000000002
31774,-73.99953460693358,40.743736267089844,-73.98683166503906,40.76136779785156,477.03,4285,4285,4308.71,4785.74,23.710000000000036,-2.2737367544323206e-13,0.9999999999999996
31775,-73.9851837158203,40.7548713684082,-74.00694274902342,40.72724151611328,758.77,4285,4285,-1.0,-1.0,-1,-1,0.0
31776,-73.9820785522461,40.751861572265625,-74.00239562988281,40.73443222045898,539.41,4285,4285,4324.319999999999,4877.109999999999,39.3199999999988,13.379999999999995,1.0248048794052762
31777,-74.00783538818358,40.74527359008789,-73.9937515258789,40.74136734008789,416.8,4285,4285,-1.0,-1.0,-1,-1,0.0
31778,-73.97141265869139,40.7609977722168,-73.9603500366211,40.774810791015625,336.12,4285,4285,-1.0,-1.0,-1,-1,0.0
31779,-73.99504089355469,40.72790908813477,-74.00373077392578,40.74272918701172,571.9,4285,4285,-1.0,-1.0,-1,-1,0.0
31780,-73.97988891601562,40.7430534362793,-73.98269653320312,40.76322555541992,873.29,4285,4285,4310.5199999999995,5190.39,25.519999999999527,6.580000000000837,1.00753472500544
31781,-73.97692108154298,40.765003204345696,-73.96678924560547,40.76973342895508,317.47,4285,4285,-1.0,-1.0,-1,-1,0.0
31782,-73.9688720703125,40.76448822021485,-73.98146820068358,40.76919937133789,423.93,4285,4285,4340.92,4775.39,55.92000000000007,10.540000000000248,1.0248625952397807
31783,-73.97430419921875,40.79138565063477,-73.9849853515625,40.76508331298828,657.09,4286,4286,4331.98,4989.07,45.97999999999956,1.1368683772161603e-13,1.0000000000000002
31784,-73.97199249267578,40.74731063842773,-73.95480346679686,40.77742004394531,698.5,4286,4286,-1.0,-1.0,-1,-1,0.0
31785,-73.9847412109375,40.75299072265625,-74.00250244140625,40.76064682006836,551.01,4286,4286,-1.0,-1.0,-1,-1,0.0
31786,-73.95699310302734,40.77486038208008,-73.95309448242188,40.782623291015625,181.69,4287,4287,4293.06,4474.75,6.0600000000004,-3.979039320256561e-13,0.9999999999999978
31787,-73.97471618652342,40.78823852539063,-73.9539794921875,40.78943634033203,591.96,4287,4287,4341.65,4986.34,54.649999999999636,52.73000000000047,1.089076964659775
31788,-74.0088882446289,40.718109130859375,-74.00231170654298,40.72637939453125,346.3,4287,4287,4330.54,4676.84,43.539999999999964,1.7053025658242404e-13,1.0000000000000004
31789,-73.99087524414062,40.730247497558594,-73.9735107421875,40.76476287841797,1066.71,4287,4287,4344.96,5448.72,57.960000000000036,37.05000000000018,1.0347329639733387
31790,-73.95384216308594,40.76668930053711,-73.98539733886719,40.72739028930664,848.48,4288,4288,4293.2,5141.68,5.199999999999818,4.547473508864641e-13,1.0000000000000004
31791,-73.96863555908203,40.764442443847656,-73.98948669433594,40.73684310913085,802.41,4288,4288,-1.0,-1.0,-1,-1,0.0
31792,-73.97138214111328,40.76045608520508,-74.00479125976562,40.742542266845696,1032.34,4288,4288,-1.0,-1.0,-1,-1,0.0
31793,-73.98731994628906,40.75566864013672,-73.99372863769531,40.73273849487305,633.68,4288,4288,4317.88,4951.56,29.88000000000011,3.410605131648481e-13,1.0000000000000004
31794,-73.97064208984375,40.75718688964844,-74.00517272949219,40.738182067871094,1120.66,4288,4288,-1.0,-1.0,-1,-1,0.0
31795,-73.96807098388672,40.76268005371094,-73.98146820068358,40.74217987060547,560.63,4288,4288,-1.0,-1.0,-1,-1,0.0
31796,-73.98237609863281,40.76839065551758,-73.97490692138672,40.7615623474121,353.19,4289,4289,4333.88,4687.07,44.88000000000011,-3.979039320256561e-13,0.9999999999999989
31797,-74.00273132324219,40.73361206054688,-73.98661041259766,40.72581100463867,565.86,4289,4289,4347.38,4913.24,58.38000000000011,-3.410605131648481e-13,0.9999999999999994
31798,-73.97205352783203,40.75001907348633,-73.9941177368164,40.73217010498047,601.24,4289,4289,-1.0,-1.0,-1,-1,0.0
31799,-74.0135726928711,40.71360397338867,-74.00448608398438,40.73377227783203,466.11,4289,4289,4344.86,4844.44,55.85999999999967,33.469999999999914,1.071807084164682
31800,-73.97955322265625,40.761043548583984,-74.00465393066406,40.74782180786133,862.38,4289,4289,-1.0,-1.0,-1,-1,0.0
31801,-73.99703979492188,40.74229431152344,-74.00519561767578,40.7408561706543,211.21,4289,4289,4324.15,4535.36,35.149999999999636,2.842170943040401e-14,1.0000000000000002
31802,-73.96691131591797,40.76671600341797,-74.00797271728516,40.73417282104492,1402.77,4289,4289,4319.5,5811.24,30.5,88.9699999999998,1.0634245100764914
31803,-73.99119567871094,40.75027847290039,-73.99645233154298,40.72211837768555,849.43,4289,4289,4342.42,5239.08,53.42000000000007,47.229999999999905,1.055601991923996
31804,-73.99654388427734,40.76337814331055,-74.01028442382812,40.705074310302734,1196.32,4290,4290,4334.88,5573.25,44.88000000000011,42.049999999999955,1.035149458338906
31805,-73.96795654296875,40.75628662109375,-73.99147033691406,40.722564697265625,737.73,4290,4290,-1.0,-1.0,-1,-1,0.0
31806,-73.95109558105469,40.78263854980469,-73.95995330810547,40.76597595214844,426.67,4290,4290,4294.08,4829.58,4.079999999999927,108.82999999999998,1.2550683197787518
31807,-73.9588851928711,40.77917861938477,-73.9442138671875,40.77563095092773,377.82,4290,4290,-1.0,-1.0,-1,-1,0.0
31808,-73.9429931640625,40.77761459350585,-73.97674560546875,40.78015518188477,753.43,4290,4290,-1.0,-1.0,-1,-1,0.0
31809,-74.0096435546875,40.73831558227539,-73.9935989379883,40.76194763183594,448.55,4290,4290,4292.31,4740.86,2.3100000000004,-7.389644451905042e-13,0.9999999999999983
31810,-73.99630737304686,40.73239135742188,-73.98918914794923,40.7469596862793,424.44,4290,4290,4338.01,4762.45,48.01000000000022,-3.979039320256561e-13,0.9999999999999991
31811,-73.98282623291014,40.76288604736328,-73.9864273071289,40.75654220581055,268.12,4290,4290,4290.0,4558.12,0.0,-1.1368683772161603e-13,0.9999999999999996
31812,-74.0022735595703,40.735836029052734,-73.98603057861328,40.71943664550781,798.07,4290,4290,4351.42,5149.49,61.42000000000007,-3.410605131648481e-13,0.9999999999999996
31813,-73.979248046875,40.749732971191406,-73.9644775390625,40.76807022094727,593.73,4291,4291,4422.54,5016.27,131.53999999999996,4.547473508864641e-13,1.0000000000000007
31814,-74.00093841552734,40.761966705322266,-74.0124740600586,40.719993591308594,685.76,4291,4291,4329.2,5014.96,38.19999999999982,2.2737367544323206e-13,1.0000000000000002
31815,-73.98577880859375,40.76790618896485,-73.98493957519531,40.72802734375,1307.49,4291,4291,4336.04,5691.52,45.039999999999964,47.990000000000464,1.036703913605458
31816,-74.00831604003906,40.743812561035156,-73.99923706054686,40.76300048828125,371.83,4291,4291,4322.67,4694.5,31.670000000000073,-5.684341886080802e-14,0.9999999999999999
31817,-73.97422790527344,40.779747009277344,-73.96257781982422,40.76482391357422,671.84,4291,4291,4329.76,5001.6,38.76000000000022,1.1368683772161603e-13,1.0000000000000002
31818,-74.00404357910156,40.7426872253418,-73.99059295654298,40.723392486572266,866.58,4291,4291,4336.08,5264.32,45.07999999999993,61.65999999999974,1.0711532691730707
31819,-73.99465179443358,40.75561141967773,-73.98521423339844,40.7244529724121,1075.79,4292,4292,-1.0,-1.0,-1,-1,0.0
31820,-73.95282745361328,40.769920349121094,-73.94529724121094,40.7784423828125,197.28,4292,4292,4336.29,4533.57,44.289999999999964,-2.5579538487363607e-13,0.9999999999999987
31821,-73.97821807861328,40.75339126586913,-73.94483947753906,40.77891159057617,941.9,4292,4292,4320.0,5345.5599999999995,28.0,83.65999999999951,1.0888204692642527
31822,-73.99138641357422,40.770267486572266,-73.95771789550781,40.785171508789055,853.49,4292,4292,4350.75,5204.24,58.75,-2.2737367544323206e-13,0.9999999999999998
31823,-73.94768524169923,40.77924728393555,-73.95569610595702,40.778602600097656,234.5,4292,4292,4497.2,4731.7,205.19999999999982,0.0,1.0
31824,-73.97696685791014,40.758644104003906,-73.95481872558594,40.76988983154297,680.45,4292,4292,-1.0,-1.0,-1,-1,0.0
31825,-73.99312591552734,40.74241256713867,-73.97824096679686,40.74927520751953,495.81,4292,4292,-1.0,-1.0,-1,-1,0.0
31826,-74.0053482055664,40.72843933105469,-73.94793701171875,40.77624130249024,1463.65,4292,4292,4381.5,5845.149999999999,89.5,-1.3642420526593924e-12,0.9999999999999991
31827,-73.99072265625,40.75549697875977,-73.97737884521484,40.7641487121582,426.72,4292,4292,-1.0,-1.0,-1,-1,0.0
31828,-73.99803161621094,40.72942352294922,-74.00171661376955,40.74087524414063,390.33,4292,4292,4459.46,4849.79,167.46000000000004,-5.684341886080802e-14,0.9999999999999999
31829,-73.99775695800781,40.74497985839844,-73.98504638671875,40.7395896911621,353.54,4292,4292,-1.0,-1.0,-1,-1,0.0
31830,-73.98985290527344,40.74193572998047,-73.97796630859375,40.75806427001953,572.56,4293,4293,4340.32,4912.88,47.31999999999971,4.547473508864641e-13,1.0000000000000009
31831,-73.99800109863281,40.74098587036133,-73.99251556396483,40.7197265625,832.07,4293,4293,-1.0,-1.0,-1,-1,0.0
31832,-74.00202178955078,40.7402229309082,-73.98821258544923,40.735267639160156,467.95,4293,4293,-1.0,-1.0,-1,-1,0.0
31833,-73.97796630859375,40.75254821777344,-73.9974365234375,40.761375427246094,631.39,4293,4293,4342.66,4974.05,49.659999999999854,3.410605131648481e-13,1.0000000000000004
31834,-73.98939514160156,40.73989868164063,-73.97097778320312,40.78832626342773,1315.62,4293,4293,-1.0,-1.0,-1,-1,0.0
31835,-73.98812866210938,40.741119384765625,-74.00594329833984,40.7345085144043,523.86,4293,4293,4349.36,4873.22,56.35999999999967,5.684341886080801e-13,1.000000000000001
31836,-73.96499633789062,40.75985336303711,-73.99093627929686,40.74586868286133,829.71,4293,4293,-1.0,-1.0,-1,-1,0.0
31837,-73.96402740478516,40.76801300048828,-73.97509765625,40.752777099609375,446.43,4293,4293,4337.37,4783.8,44.36999999999989,2.8421709430404007e-13,1.0000000000000007
31838,-73.99591827392578,40.7266731262207,-74.00117492675781,40.73130798339844,385.05,4294,4294,-1.0,-1.0,-1,-1,0.0
31839,-73.99139404296875,40.75010681152344,-74.00550079345702,40.7401123046875,401.44,4294,4294,-1.0,-1.0,-1,-1,0.0
31840,-73.9795913696289,40.74951171875,-73.99144744873048,40.740806579589844,331.5,4294,4294,-1.0,-1.0,-1,-1,0.0
31841,-73.9779739379883,40.77351379394531,-73.97662353515625,40.74850463867188,941.1,4294,4294,4320.0,5261.1,26.0,3.410605131648481e-13,1.0000000000000004
31842,-73.95268249511719,40.78039932250977,-73.94111633300781,40.7883415222168,246.24,4294,4294,4346.3,4639.6,52.30000000000018,47.06000000000017,1.1911143599740097
31843,-73.95744323730467,40.77679061889648,-73.9636993408203,40.7682991027832,212.9,4294,4294,4385.63,4598.53,91.63000000000011,-3.694822225952521e-13,0.9999999999999982
31844,-73.99176025390625,40.72623062133789,-73.97075653076173,40.755279541015625,715.1,4294,4294,4321.6,5098.2,27.600000000000364,61.49999999999943,1.0860019577681435
31845,-73.97647857666014,40.739570617675774,-73.98994445800781,40.72953414916992,375.95,4294,4294,-1.0,-1.0,-1,-1,0.0
31846,-73.97657775878906,40.76519393920898,-73.98117828369139,40.78739929199219,678.99,4295,4295,-1.0,-1.0,-1,-1,0.0
31847,-73.9666976928711,40.7673454284668,-73.95835876464845,40.77996826171875,333.37,4295,4295,4437.34,4770.71,142.34000000000015,-1.1368683772161603e-13,0.9999999999999997
31848,-73.94497680664062,40.7745361328125,-74.00617218017578,40.73444366455078,1460.96,4295,4295,4381.62,5842.58,86.61999999999989,0.0,1.0
31849,-73.99137115478516,40.73187255859375,-74.00853729248048,40.72602844238281,576.76,4295,4295,-1.0,-1.0,-1,-1,0.0
31850,-73.98592376708984,40.76277160644531,-74.00462341308595,40.74186706542969,662.92,4295,4295,-1.0,-1.0,-1,-1,0.0
31851,-73.99241638183594,40.74876022338867,-73.98428344726562,40.738502502441406,412.99,4295,4295,-1.0,-1.0,-1,-1,0.0
31852,-73.99772644042969,40.75651550292969,-73.99020385742188,40.73738098144531,701.9,4295,4295,4323.23,5025.13,28.229999999999563,5.684341886080801e-13,1.0000000000000009
31853,-73.99198913574219,40.7494010925293,-73.98849487304686,40.75902938842773,414.18,4295,4295,4353.17,4767.35,58.17000000000007,2.8421709430404007e-13,1.0000000000000007
31854,-73.98384857177734,40.725685119628906,-73.97357940673827,40.76094436645508,980.55,4295,4295,-1.0,-1.0,-1,-1,0.0
31855,-73.98993682861328,40.75701904296875,-73.98123931884766,40.78255081176758,624.98,4295,4295,4337.96,4962.94,42.960000000000036,-4.547473508864641e-13,0.9999999999999992
31856,-74.00615692138672,40.70598220825195,-74.01721954345702,40.70869827270508,355.68,4296,4296,4391.92,4747.6,95.92000000000007,2.8421709430404007e-13,1.0000000000000009
31857,-73.96845245361328,40.755725860595696,-73.95732879638672,40.77345657348633,460.53,4296,4296,-1.0,-1.0,-1,-1,0.0
31858,-73.98336791992188,40.73443984985352,-74.00321197509766,40.73163986206055,557.44,4296,4296,-1.0,-1.0,-1,-1,0.0
31859,-73.99593353271484,40.72280883789063,-73.97567749023438,40.75172424316406,812.51,4296,4296,-1.0,-1.0,-1,-1,0.0
31860,-73.97913360595702,40.78261947631836,-73.95883178710938,40.76818084716797,699.45,4296,4296,4410.33,5109.78,114.32999999999993,-2.2737367544323206e-13,0.9999999999999997
31861,-73.97280883789062,40.75804138183594,-73.98561096191406,40.74102020263672,526.06,4296,4296,4327.28,4886.09,31.279999999999745,32.750000000000455,1.0622552560544434
31862,-73.9734115600586,40.75209045410156,-73.96122741699219,40.769058227539055,402.21,4296,4296,4481.15,4883.36,185.14999999999964,5.684341886080802e-14,1.0000000000000002
31863,-73.97414398193358,40.74271774291992,-74.01142883300781,40.70793914794922,847.08,4296,4296,4491.92,5339.0,195.92000000000007,-1.1368683772161603e-13,0.9999999999999999
31864,-73.9818344116211,40.751991271972656,-73.96186828613281,40.764625549316406,672.44,4297,4297,-1.0,-1.0,-1,-1,0.0
31865,-73.99411010742188,40.751331329345696,-73.97909545898438,40.74739074707031,566.84,4297,4297,-1.0,-1.0,-1,-1,0.0
31866,-73.98542022705078,40.75822448730469,-74.01777648925781,40.70961380004883,1198.85,4297,4297,4342.12,5540.97,45.11999999999989,4.547473508864641e-13,1.0000000000000004
31867,-73.95597076416014,40.77893829345703,-73.96403503417969,40.7744369506836,265.26,4297,4297,-1.0,-1.0,-1,-1,0.0
31868,-73.96493530273438,40.75552368164063,-73.98925018310547,40.75703048706055,823.09,4297,4297,4333.56,5194.24,36.5600000000004,37.58999999999935,1.0456693678698554
31869,-74.00482177734375,40.70676803588867,-73.95571899414062,40.775291442871094,1248.6,4297,4297,-1.0,-1.0,-1,-1,0.0
31870,-73.97207641601562,40.76191329956055,-73.95750427246094,40.77531051635742,444.79,4297,4297,-1.0,-1.0,-1,-1,0.0
31871,-74.00322723388672,40.73355102539063,-74.00789642333984,40.7515869140625,514.09,4297,4297,4408.71,4922.8,111.71000000000004,1.1368683772161603e-13,1.0000000000000002
31872,-73.98300170898438,40.766502380371094,-73.97454071044923,40.76344680786133,269.34,4297,4297,4352.9,4684.19,55.899999999999636,61.94999999999999,1.230006683002896
31873,-73.9650650024414,40.76925659179688,-74.00796508789062,40.74046325683594,1382.54,4297,4297,-1.0,-1.0,-1,-1,0.0
31874,-73.95292663574219,40.78095245361328,-73.95668029785155,40.775150299072266,217.42,4297,4297,4386.25,4603.67,89.25,8.526512829121202e-14,1.0000000000000004
31875,-73.99410247802734,40.751220703125,-73.98052215576173,40.7483787536621,500.28,4297,4297,-1.0,-1.0,-1,-1,0.0
31876,-73.98690795898438,40.742431640625,-73.9722671508789,40.78643035888672,1125.71,4297,4297,-1.0,-1.0,-1,-1,0.0
31877,-73.96434783935547,40.77552032470703,-73.98098754882812,40.76034164428711,647.1,4298,4298,4328.08,4975.18,30.079999999999927,3.410605131648481e-13,1.0000000000000004
31878,-73.99916076660156,40.75445175170898,-73.98944854736328,40.763710021972656,301.33,4298,4298,-1.0,-1.0,-1,-1,0.0
31879,-73.98882293701173,40.74764633178711,-73.97615814208984,40.7277717590332,803.73,4298,4298,-1.0,-1.0,-1,-1,0.0
31880,-73.99140930175781,40.75012588500977,-74.00957489013672,40.70608139038085,1262.16,4298,4298,4333.610000000001,5595.7699999999995,35.61000000000058,-1.1368683772161603e-12,0.9999999999999991
31881,-73.9821014404297,40.778526306152344,-73.972412109375,40.79116821289063,242.66,4298,4298,4350.61,4593.2699999999995,52.60999999999967,-1.4210854715202004e-13,0.9999999999999994
31882,-73.96437835693358,40.76591491699219,-73.98336029052734,40.7587776184082,822.24,4298,4298,-1.0,-1.0,-1,-1,0.0
31883,-74.00365447998048,40.7320556640625,-73.99995422363281,40.72367477416992,289.79,4298,4298,4461.54,4751.33,163.53999999999996,-5.684341886080802e-14,0.9999999999999998
31884,-73.98884582519531,40.73645782470703,-73.98239135742188,40.75715637207031,700.84,4298,4298,4398.5,5099.34,100.5,1.1368683772161603e-13,1.0000000000000002
31885,-74.0050277709961,40.74172973632813,-74.01030731201173,40.71955871582031,568.9,4298,4298,4320.0,4888.9,22.0,-3.410605131648481e-13,0.9999999999999994
31886,-74.01130676269531,40.70463943481445,-73.99481201171875,40.73234939575195,950.97,4299,4299,-1.0,-1.0,-1,-1,0.0
31887,-73.963623046875,40.75818634033203,-73.9701919555664,40.756919860839844,348.05,4299,4299,4405.46,4753.51,106.46000000000004,1.7053025658242404e-13,1.0000000000000004
31888,-73.98373413085938,40.75005340576172,-73.9906997680664,40.7154655456543,1046.38,4299,4299,-1.0,-1.0,-1,-1,0.0
31889,-73.97376251220702,40.75327682495117,-73.99777984619139,40.76399612426758,856.8,4299,4299,-1.0,-1.0,-1,-1,0.0
31890,-73.97425079345702,40.76254653930664,-73.98928833007811,40.74053192138672,551.1,4299,4299,4324.62,4875.72,25.61999999999989,3.410605131648481e-13,1.0000000000000007
31891,-73.98987579345702,40.74180603027344,-73.9903564453125,40.74854278564453,215.83,4299,4299,4444.2,4660.03,145.19999999999982,-8.526512829121202e-14,0.9999999999999996
31892,-74.00827026367188,40.74858093261719,-74.00656127929686,40.74134826660156,280.1,4300,4300,-1.0,-1.0,-1,-1,0.0
31893,-73.9814453125,40.765533447265625,-73.95710754394531,40.76234436035156,811.67,4300,4300,4396.5,5208.17,96.5,1.1368683772161603e-13,1.0000000000000002
31894,-74.01202392578125,40.70433044433594,-73.98551177978516,40.74783325195313,1069.04,4300,4300,-1.0,-1.0,-1,-1,0.0
31895,-73.97174072265625,40.750083923339844,-73.9841537475586,40.74027633666992,345.17,4300,4300,4347.43,4692.6,47.43000000000029,5.684341886080802e-14,1.0000000000000002
31896,-73.94476318359375,40.77330780029297,-74.00047302246094,40.73237609863281,1407.51,4300,4300,4383.08,5790.59,83.07999999999993,2.2737367544323206e-13,1.0000000000000002
31897,-73.9893569946289,40.758113861083984,-73.97555541992188,40.762691497802734,480.38,4300,4300,-1.0,-1.0,-1,-1,0.0
31898,-73.98381805419923,40.74636840820313,-73.975341796875,40.7578010559082,295.35,4300,4300,4324.15,4619.5,24.149999999999636,3.410605131648481e-13,1.000000000000001
31899,-73.99501037597656,40.71817398071289,-74.00814819335938,40.711517333984375,466.83,4301,4301,-1.0,-1.0,-1,-1,0.0
31900,-73.96217346191406,40.77388000488281,-73.98795318603516,40.744117736816406,932.9,4301,4301,-1.0,-1.0,-1,-1,0.0
31901,-73.9825668334961,40.74201965332031,-73.9716567993164,40.764625549316406,650.37,4301,4301,-1.0,-1.0,-1,-1,0.0
31902,-73.99694061279298,40.72563552856445,-74.00700378417969,40.70843505859375,595.56,4301,4301,-1.0,-1.0,-1,-1,0.0
31903,-73.96812438964845,40.765380859375,-73.97702026367188,40.75567626953125,425.08,4301,4301,4359.06,4784.14,58.0600000000004,-5.684341886080802e-14,0.9999999999999999
31904,-73.9921875,40.74932861328125,-73.9527587890625,40.77204895019531,1130.09,4301,4301,4356.17,5506.99,55.17000000000007,20.72999999999979,1.0183436717429584
31905,-74.00536346435547,40.73949813842773,-74.00232696533203,40.72414779663085,477.35,4301,4301,4337.88,4815.23,36.88000000000011,-5.684341886080801e-13,0.9999999999999988
31906,-73.97494506835938,40.75633239746094,-74.00951385498048,40.72360610961913,1205.54,4301,4301,-1.0,-1.0,-1,-1,0.0
31907,-73.98614501953125,40.75785446166992,-73.97807312011719,40.75262069702149,304.74,4301,4301,-1.0,-1.0,-1,-1,0.0
31908,-73.97911071777342,40.75761413574219,-73.96544647216798,40.7658805847168,446.64,4301,4301,-1.0,-1.0,-1,-1,0.0
31909,-74.0071792602539,40.70528793334961,-73.99858856201173,40.72190856933594,574.52,4301,4301,-1.0,-1.0,-1,-1,0.0
31910,-73.99089813232422,40.75606918334961,-73.95540618896483,40.78546142578125,963.66,4301,4301,4320.0,5283.66,19.0,-1.1368683772161603e-13,0.9999999999999999
31911,-74.01289367675781,40.70222854614258,-73.94821166992188,40.7765007019043,1128.6,4301,4301,-1.0,-1.0,-1,-1,0.0
31912,-73.97825622558594,40.75857925415039,-73.98792266845702,40.7619514465332,323.07,4302,4302,-1.0,-1.0,-1,-1,0.0
31913,-73.98692321777342,40.73332214355469,-73.97924041748048,40.73637008666992,224.76,4302,4302,4354.79,4619.46,52.789999999999964,39.91000000000008,1.1775671827727356
31914,-74.00247955322266,40.724830627441406,-73.98223876953125,40.77142333984375,1236.06,4302,4302,4611.14,5847.2,309.1400000000003,-4.547473508864641e-13,0.9999999999999997
31915,-74.01714324951173,40.70555877685547,-73.99758148193358,40.71390151977539,540.54,4302,4302,-1.0,-1.0,-1,-1,0.0
31916,-73.96788787841797,40.787071228027344,-73.95291137695312,40.783199310302734,414.83,4302,4302,-1.0,-1.0,-1,-1,0.0
31917,-73.983642578125,40.75461959838867,-73.99285125732422,40.75958633422852,269.17,4302,4302,-1.0,-1.0,-1,-1,0.0
31918,-73.97701263427734,40.782371520996094,-73.96919250488281,40.80332565307617,416.05,4303,4303,-1.0,-1.0,-1,-1,0.0
31919,-73.98666381835938,40.71823120117188,-74.00886535644531,40.7137565612793,766.15,4303,4303,4331.02,5097.17,28.020000000000437,-3.410605131648481e-13,0.9999999999999996
31920,-73.9869613647461,40.73661804199219,-73.95671844482422,40.78083419799805,1126.19,4303,4303,-1.0,-1.0,-1,-1,0.0
31921,-74.0100860595703,40.712566375732415,-73.9944610595703,40.72188186645508,638.34,4303,4303,-1.0,-1.0,-1,-1,0.0
31922,-73.97336578369139,40.76349258422852,-74.01514434814453,40.718177795410156,1411.49,4303,4303,4354.33,5825.72,51.32999999999993,59.90000000000032,1.0424374242821417
31923,-73.9661636352539,40.78981018066406,-73.9930191040039,40.75776290893555,828.4,4303,4303,4816.28,5644.68,513.2799999999997,5.684341886080801e-13,1.0000000000000007
31924,-73.9876480102539,40.7670783996582,-73.99977111816406,40.76138305664063,369.55,4304,4304,4444.25,4813.8,140.25,1.7053025658242404e-13,1.0000000000000004
31925,-73.98237609863281,40.758731842041016,-73.94978332519531,40.772178649902344,919.15,4304,4304,-1.0,-1.0,-1,-1,0.0
31926,-73.9583282470703,40.764320373535156,-73.95372772216798,40.78684997558594,542.12,4304,4304,-1.0,-1.0,-1,-1,0.0
31927,-73.96341705322266,40.7656135559082,-73.9553451538086,40.76813507080078,201.08,4304,4304,-1.0,-1.0,-1,-1,0.0
31928,-74.00041198730467,40.74274826049805,-73.9732437133789,40.79275131225585,1024.53,4304,4304,4345.46,5415.06,41.460000000000036,45.07000000000039,1.0439909031458332
31929,-73.98149871826173,40.74956512451172,-73.97675323486328,40.7392807006836,450.08,4304,4304,-1.0,-1.0,-1,-1,0.0
31930,-74.0066909790039,40.74935150146485,-73.99142456054686,40.75529479980469,435.41,4305,4305,4359.61,4795.02,54.60999999999967,7.389644451905042e-13,1.0000000000000018
31931,-73.98863983154298,40.72262954711913,-73.97248077392578,40.74615859985352,409.51,4305,4305,4459.74,4869.25,154.73999999999978,2.2737367544323206e-13,1.0000000000000007
31932,-73.955078125,40.77934646606445,-73.95618438720702,40.77170181274415,229.88,4305,4305,4324.17,4554.05,19.170000000000073,1.1368683772161603e-13,1.0000000000000004
31933,-73.98351287841797,40.7298583984375,-73.98719024658203,40.72249603271485,334.06,4305,4305,4333.66,4714.31,28.659999999999854,46.59000000000054,1.1394659641980498
31934,-73.99004364013672,40.73259353637695,-74.00776672363281,40.732154846191406,538.94,4305,4305,-1.0,-1.0,-1,-1,0.0
31935,-73.97535705566406,40.75554656982422,-73.95368194580078,40.7728271484375,643.78,4305,4305,-1.0,-1.0,-1,-1,0.0
31936,-73.9740219116211,40.75684356689453,-73.9827651977539,40.75409698486328,488.47,4305,4305,-1.0,-1.0,-1,-1,0.0
31937,-73.99303436279298,40.751991271972656,-73.98848724365234,40.74864196777344,357.91,4305,4305,-1.0,-1.0,-1,-1,0.0
31938,-73.99246978759766,40.74370956420898,-74.00634765625,40.748722076416016,398.96,4306,4306,-1.0,-1.0,-1,-1,0.0
31939,-74.00396728515625,40.740455627441406,-74.00920867919923,40.709022521972656,946.04,4306,4306,4425.5,5371.54,119.5,0.0,1.0
31940,-73.9789810180664,40.762351989746094,-73.97514343261719,40.752723693847656,546.97,4306,4306,-1.0,-1.0,-1,-1,0.0
31941,-73.98164367675781,40.77357864379883,-73.99897003173827,40.74983978271485,628.42,4306,4306,-1.0,-1.0,-1,-1,0.0
31942,-73.98771667480467,40.749908447265625,-73.9739990234375,40.7647590637207,518.56,4306,4306,-1.0,-1.0,-1,-1,0.0
31943,-73.98822784423827,40.75482940673828,-73.99739837646483,40.736419677734375,494.4,4306,4306,-1.0,-1.0,-1,-1,0.0
31944,-74.007080078125,40.72732162475585,-73.98736572265625,40.751243591308594,759.5,4306,4306,4458.28,5217.78,152.27999999999975,0.0,1.0
31945,-73.98226165771484,40.748870849609375,-73.9620132446289,40.763519287109375,676.12,4306,4306,-1.0,-1.0,-1,-1,0.0
31946,-73.98131561279298,40.764408111572266,-74.01437377929686,40.71594619750977,1260.84,4306,4306,4337.58,5654.91,31.579999999999927,56.49000000000001,1.0448034643570954
31947,-74.00541687011719,40.70619201660156,-73.97077941894531,40.7883186340332,1721.34,4306,4306,-1.0,-1.0,-1,-1,0.0
31948,-73.9901123046875,40.74073028564453,-73.98635101318358,40.7340202331543,313.99,4307,4307,-1.0,-1.0,-1,-1,0.0
31949,-73.97076416015625,40.75901412963867,-73.99560546875,40.73604965209961,716.43,4307,4307,-1.0,-1.0,-1,-1,0.0
31950,-73.98493194580078,40.74492645263672,-73.97440338134766,40.78652572631836,1095.82,4307,4307,4339.38,5435.2,32.38000000000011,-2.2737367544323206e-13,0.9999999999999998
31951,-73.97793579101562,40.74198532104492,-73.984375,40.76036834716797,847.4,4307,4307,-1.0,-1.0,-1,-1,0.0
31952,-73.9930191040039,40.73683547973633,-73.98946380615234,40.72316360473633,557.0,4307,4307,4384.59,4941.59,77.59000000000015,0.0,1.0
31953,-73.993408203125,40.76701736450195,-73.98157501220702,40.77956008911133,336.61,4307,4307,4528.88,4865.49,221.8800000000001,-3.410605131648481e-13,0.999999999999999
31954,-73.98236083984375,40.77252960205078,-73.98230743408203,40.7849006652832,407.27,4307,4307,4442.16,4849.43,135.15999999999985,4.547473508864641e-13,1.000000000000001
31955,-74.0064697265625,40.73040008544922,-73.9851303100586,40.73973846435547,644.33,4308,4308,4415.17,5059.5,107.17000000000007,-1.1368683772161603e-13,0.9999999999999998
31956,-73.94873809814453,40.78187561035156,-73.96009063720702,40.773704528808594,306.78,4308,4308,4356.01,4662.79,48.01000000000022,-2.2737367544323206e-13,0.9999999999999992
31957,-73.99647521972656,40.72378158569336,-74.00851440429686,40.74304580688477,593.29,4308,4308,4526.7,5119.99,218.69999999999982,0.0,1.0
31958,-73.98272705078125,40.757789611816406,-73.96916961669923,40.7994270324707,997.47,4308,4308,-1.0,-1.0,-1,-1,0.0
31959,-73.99225616455078,40.712257385253906,-73.97369384765625,40.747802734375,787.53,4308,4308,4487.54,5275.07,179.53999999999996,-2.2737367544323206e-13,0.9999999999999997
31960,-73.97787475585938,40.7524528503418,-73.99317169189453,40.75872421264648,465.97,4308,4308,4352.62,4818.59,44.61999999999989,2.2737367544323206e-13,1.0000000000000004
31961,-73.98085021972656,40.74488830566406,-73.98246002197266,40.73117065429688,357.99,4309,4309,-1.0,-1.0,-1,-1,0.0
31962,-73.97872924804686,40.77747344970703,-73.97999572753906,40.72679138183594,1412.44,4309,4309,-1.0,-1.0,-1,-1,0.0
31963,-73.9806137084961,40.74807357788085,-74.00054168701173,40.72218704223633,717.18,4309,4309,-1.0,-1.0,-1,-1,0.0
31964,-73.9706802368164,40.7675666809082,-73.95894622802734,40.76915740966797,366.93,4309,4309,4360.46,4727.39,51.460000000000036,2.8421709430404007e-13,1.0000000000000007
31965,-73.97335815429686,40.74359130859375,-73.9471664428711,40.771648406982415,631.14,4309,4309,4356.85,4994.6900000000005,47.850000000000364,6.700000000000159,1.0106157112526541
31966,-73.97894287109375,40.76137161254883,-73.9834976196289,40.76207733154297,188.97,4309,4309,-1.0,-1.0,-1,-1,0.0
31967,-73.9530258178711,40.7833137512207,-73.98758697509766,40.73273849487305,1280.89,4309,4309,4358.16,5639.05,49.159999999999854,2.2737367544323206e-13,1.0000000000000002
31968,-73.99080657958984,40.733978271484375,-74.00885772705078,40.7193603515625,644.18,4309,4309,-1.0,-1.0,-1,-1,0.0
31969,-73.96891784667969,40.76409912109375,-73.96263122558594,40.7647590637207,313.92,4309,4309,-1.0,-1.0,-1,-1,0.0
31970,-74.01370239257811,40.71318817138672,-73.9968490600586,40.71915817260742,646.05,4309,4309,-1.0,-1.0,-1,-1,0.0
31971,-73.99722290039062,40.755516052246094,-73.9964828491211,40.742923736572266,394.83,4309,4309,-1.0,-1.0,-1,-1,0.0
31972,-73.9809036254883,40.75384521484375,-73.9912567138672,40.7501220703125,327.46,4309,4309,4327.12,4654.58,18.11999999999989,5.684341886080802e-14,1.0000000000000002
31973,-73.94998168945312,40.77114868164063,-73.9436264038086,40.77703857421875,199.15,4310,4310,4346.97,4558.79,36.970000000000255,12.669999999999703,1.0636203866432323
31974,-73.95237731933594,40.78397750854492,-73.98841857910156,40.71869659423828,1411.64,4310,4310,4332.49,5829.3,22.48999999999978,85.1700000000003,1.0603340795103569
31975,-73.98201751708984,40.768272399902344,-73.959228515625,40.781944274902344,706.19,4310,4310,-1.0,-1.0,-1,-1,0.0
31976,-73.97129821777344,40.75038146972656,-73.99227905273438,40.749210357666016,687.23,4310,4310,4359.27,5046.63,49.27000000000044,0.1299999999996544,1.0001891651994232
31977,-73.9852523803711,40.73862838745117,-73.97345733642578,40.76388931274415,923.34,4310,4310,4372.88,5296.22,62.88000000000011,1.1368683772161603e-13,1.0000000000000002
31978,-73.98686981201173,40.7612419128418,-73.97098541259766,40.783470153808594,501.57,4311,4311,-1.0,-1.0,-1,-1,0.0
31979,-73.98409271240234,40.760250091552734,-73.97154998779298,40.7462158203125,741.13,4311,4311,4437.96,5179.09,126.96000000000004,1.1368683772161603e-13,1.0000000000000002
31980,-73.96296691894531,40.769397735595696,-73.96063232421875,40.773136138916016,224.0,4311,4311,4499.29,4723.29,188.28999999999996,0.0,1.0
31981,-73.96898651123048,40.78593063354492,-73.9783706665039,40.75983810424805,782.5,4311,4311,4393.92,5176.42,82.92000000000007,0.0,1.0
31982,-73.99771881103516,40.74489974975585,-73.982421875,40.740989685058594,429.58,4311,4311,-1.0,-1.0,-1,-1,0.0
31983,-74.00389862060547,40.70748901367188,-73.94786071777344,40.77104949951172,1251.77,4311,4311,-1.0,-1.0,-1,-1,0.0
31984,-73.9825668334961,40.74235534667969,-73.9891128540039,40.75808334350585,703.87,4311,4311,4352.61,5105.83,41.60999999999967,49.35000000000025,1.0701123787062956
31985,-73.9709243774414,40.75564193725585,-74.00770568847656,40.73208236694336,1111.65,4311,4311,4320.59,5518.09,9.590000000000146,85.84999999999991,1.077227544640849
31986,-73.97062683105469,40.75515747070313,-73.95555877685547,40.77682113647461,458.06,4311,4311,4338.6900000000005,4796.75,27.69000000000051,-5.115907697472721e-13,0.9999999999999989
31987,-73.99147033691406,40.73006057739258,-73.99014282226562,40.73704147338867,230.61,4312,4312,4513.17,4743.78,201.17000000000007,-3.410605131648481e-13,0.9999999999999986
31988,-73.98934936523438,40.73627853393555,-73.9888916015625,40.72602462768555,335.08,4312,4312,-1.0,-1.0,-1,-1,0.0
31989,-73.97650146484375,40.77558898925781,-73.94277954101562,40.794281005859375,765.54,4312,4312,4349.5,5154.05,37.5,39.01000000000022,1.0509574940564832
31990,-74.01561737060547,40.71564102172852,-73.9952163696289,40.72489929199219,664.25,4312,4312,4342.0,5064.25,30.0,58.0,1.0873165223936772
31991,-73.97940063476562,40.744049072265625,-73.96719360351562,40.7574577331543,459.11,4312,4312,-1.0,-1.0,-1,-1,0.0
31992,-73.9817123413086,40.76824569702149,-73.97923278808595,40.75254440307617,664.65,4312,4312,4347.07,5011.72,35.06999999999971,5.684341886080801e-13,1.0000000000000009
31993,-73.97320556640625,40.78518295288085,-73.99465179443358,40.750160217285156,950.93,4312,4312,-1.0,-1.0,-1,-1,0.0
31994,-73.95719146728516,40.77726364135742,-73.9485855102539,40.77388381958008,312.83,4312,4312,4425.74,4738.57,113.73999999999978,-5.684341886080802e-14,0.9999999999999998
31995,-73.97594451904298,40.791481018066406,-73.98867797851562,40.778282165527344,347.63,4313,4313,4352.59,4700.22,39.590000000000146,1.1368683772161603e-13,1.0000000000000002
31996,-73.99723815917969,40.74181747436523,-73.98084259033203,40.78083419799805,880.0,4313,4313,4323.68,5203.68,10.680000000000291,0.0,1.0
31997,-73.96623229980467,40.77072525024415,-73.95189666748048,40.802070617675774,643.4,4313,4313,4398.71,5042.11,85.71000000000004,-3.410605131648481e-13,0.9999999999999994
31998,-73.98512268066406,40.75347137451172,-73.9809341430664,40.760738372802734,183.38,4313,4313,4323.95,4507.33,10.949999999999818,1.1368683772161603e-13,1.0000000000000007
31999,-73.9766616821289,40.73931884765625,-73.96676635742188,40.75690460205078,336.06,4313,4313,4365.46,4701.52,52.460000000000036,3.979039320256561e-13,1.000000000000001
32000,-73.94991302490234,40.77629089355469,-73.96083068847656,40.7751579284668,314.97,4313,4313,4347.0,4661.97,34.0,2.2737367544323206e-13,1.0000000000000007
32001,-73.9991226196289,40.72637176513672,-73.98808288574219,40.72264862060547,343.25,4313,4313,4336.15,4764.02,23.149999999999636,84.6200000000008,1.2465258557902428
32002,-73.97746276855469,40.78740692138672,-73.9808120727539,40.77477645874024,329.59,4313,4313,-1.0,-1.0,-1,-1,0.0
32003,-73.97657775878906,40.750396728515625,-73.9918212890625,40.74438095092773,460.83,4313,4313,-1.0,-1.0,-1,-1,0.0
32004,-73.9832534790039,40.76288986206055,-73.97355651855469,40.74824142456055,798.21,4313,4313,4371.74,5169.95,58.73999999999978,0.0,1.0
32005,-73.976806640625,40.75403213500977,-73.97794342041014,40.762508392333984,412.05,4313,4313,-1.0,-1.0,-1,-1,0.0
32006,-74.00832366943358,40.721622467041016,-73.99500274658203,40.749961853027344,558.71,4314,4314,4399.3,4958.01,85.30000000000018,0.0,1.0
32007,-73.99082946777342,40.75074005126953,-73.98930358886719,40.71809005737305,1165.08,4314,4314,4342.83,5529.52,28.829999999999927,21.610000000000582,1.0185480825351054
32008,-73.9977035522461,40.741172790527344,-74.00836181640625,40.7199821472168,445.32,4314,4314,-1.0,-1.0,-1,-1,0.0
32009,-73.98091888427734,40.7418212890625,-73.9999008178711,40.73065185546875,616.12,4314,4314,4353.69,5014.76,39.6899999999996,44.950000000000614,1.0729565669025525
32010,-73.98409271240234,40.74652099609375,-73.98055267333984,40.78001022338867,971.11,4314,4314,4335.25,5306.36,21.25,-3.410605131648481e-13,0.9999999999999997
32011,-73.98199462890625,40.7657585144043,-73.95468139648438,40.77778244018555,802.27,4315,4315,4461.42,5263.6900000000005,146.42000000000007,4.547473508864641e-13,1.0000000000000007
32012,-74.01644897460938,40.70478057861328,-74.00577545166014,40.74549102783203,602.18,4315,4315,4348.349999999999,4950.53,33.349999999999454,3.410605131648481e-13,1.0000000000000007
32013,-74.0042266845703,40.74779510498047,-73.99797821044923,40.72578048706055,725.34,4315,4315,4416.88,5142.22,101.88000000000011,1.1368683772161603e-13,1.0000000000000002
32014,-73.96392059326173,40.77455139160156,-73.94558715820312,40.77361297607422,466.66,4315,4315,-1.0,-1.0,-1,-1,0.0
32015,-74.01000213623048,40.720985412597656,-73.94649505615234,40.77246475219727,1595.4,4315,4315,-1.0,-1.0,-1,-1,0.0
32016,-73.97791290283203,40.763179779052734,-73.96499633789062,40.76668167114258,502.04,4315,4315,-1.0,-1.0,-1,-1,0.0
32017,-73.98030853271484,40.78568649291992,-73.97881317138672,40.77413558959961,398.19,4315,4315,4337.47,4765.24,22.470000000000255,29.57999999999953,1.0742861448052425
32018,-74.00283813476562,40.760501861572266,-73.9884262084961,40.76923751831055,362.91,4315,4315,4359.42,4722.33,44.42000000000007,-1.7053025658242404e-13,0.9999999999999996
32019,-73.97510528564453,40.790924072265625,-73.96556854248048,40.77446365356445,500.22,4315,4315,4326.19,4826.41,11.1899999999996,2.2737367544323206e-13,1.0000000000000004
32020,-73.9722900390625,40.7595100402832,-73.94989013671875,40.77238082885742,588.96,4315,4315,4327.84,4932.54,12.840000000000146,15.739999999999782,1.0267250747079595
32021,-73.99346160888672,40.74193954467773,-73.9855728149414,40.76618957519531,764.64,4316,4316,-1.0,-1.0,-1,-1,0.0
32022,-73.98918914794923,40.73973083496094,-73.99342346191406,40.758697509765625,753.1,4316,4316,-1.0,-1.0,-1,-1,0.0
32023,-73.97966003417969,40.76599884033203,-74.0056915283203,40.72562026977539,1019.06,4316,4316,4320.0,5391.6,4.0,52.54000000000042,1.0515573175279183
32024,-73.98683166503906,40.756446838378906,-73.99537658691406,40.7444725036621,292.19,4316,4316,-1.0,-1.0,-1,-1,0.0
32025,-73.94986724853516,40.8221549987793,-73.93464660644531,40.80316925048828,735.34,4316,4316,5005.74,5741.08,689.7399999999998,1.1368683772161603e-13,1.0000000000000002
32026,-73.968017578125,40.75088882446289,-73.99913024902342,40.74417114257813,905.95,4316,4316,-1.0,-1.0,-1,-1,0.0
32027,-73.9600067138672,40.7620849609375,-73.99102783203125,40.73326873779297,854.6,4316,4316,4367.25,5253.39,51.25,31.540000000000305,1.0369061549262817
32028,-73.98114013671875,40.75011444091797,-73.97760772705078,40.77600860595703,750.68,4316,4316,4323.14,5073.82,7.140000000000327,-5.684341886080801e-13,0.9999999999999992
32029,-73.98482513427734,40.728065490722656,-73.97187042236328,40.74869155883789,462.72,4317,4317,4332.88,4795.6,15.88000000000011,2.2737367544323206e-13,1.0000000000000004
32030,-73.95942687988281,40.801124572753906,-73.95830535888672,40.81064224243164,234.67,4317,4317,4472.88,4707.55,155.8800000000001,8.526512829121202e-14,1.0000000000000004
32031,-73.954345703125,40.77476501464844,-73.9612808227539,40.7794303894043,339.4,4317,4317,4582.86,4922.26,265.8599999999997,5.684341886080801e-13,1.0000000000000018
32032,-73.98146820068358,40.765132904052734,-73.96182250976562,40.7642822265625,662.96,4317,4317,-1.0,-1.0,-1,-1,0.0
32033,-73.97830200195312,40.77800369262695,-74.00486755371094,40.73145294189453,1196.57,4317,4317,4411.55,5608.12,94.55000000000018,-2.2737367544323206e-13,0.9999999999999998
32034,-73.99043273925781,40.75130081176758,-74.00197601318358,40.74503707885742,299.51,4317,4317,-1.0,-1.0,-1,-1,0.0
32035,-73.96379852294923,40.77444076538085,-73.98820495605469,40.73945236206055,1044.26,4317,4317,4342.06,5386.32,25.0600000000004,-6.821210263296962e-13,0.9999999999999993
32036,-73.95372772216798,40.7668342590332,-73.96163940429686,40.759498596191406,342.44,4318,4318,4500.29,4842.73,182.28999999999996,-3.979039320256561e-13,0.9999999999999989
32037,-74.00062561035155,40.732276916503906,-73.99308776855469,40.73083114624024,187.0,4318,4318,4391.09,4578.09,73.09000000000015,0.0,1.0
32038,-73.9555435180664,40.76446914672852,-73.97679901123048,40.748401641845696,580.21,4318,4318,4320.0,4900.21,2.0,0.0,1.0
32039,-73.9859619140625,40.7592887878418,-73.98133087158203,40.76523971557617,246.08,4318,4318,4320.0,4566.08,2.0,-8.526512829121202e-14,0.9999999999999997
32040,-73.97425842285155,40.793960571289055,-73.97270965576173,40.78679275512695,233.79,4318,4318,4360.66,4594.45,42.659999999999854,-2.842170943040401e-14,0.9999999999999999
32041,-73.97884368896483,40.73645782470703,-73.96245574951173,40.75898742675781,380.57,4318,4318,-1.0,-1.0,-1,-1,0.0
32042,-73.97193145751955,40.7619514465332,-73.98526763916014,40.74420166015625,642.39,4318,4318,-1.0,-1.0,-1,-1,0.0
32043,-73.96953582763672,40.76626968383789,-73.95903778076173,40.77488327026367,304.84,4319,4319,4375.66,4680.5,56.659999999999854,1.7053025658242404e-13,1.0000000000000007
32044,-73.96710968017578,40.78807067871094,-73.95285797119139,40.78329086303711,438.58,4319,4319,-1.0,-1.0,-1,-1,0.0
32045,-73.97213745117188,40.75785827636719,-73.98013305664062,40.76739883422852,548.37,4319,4319,-1.0,-1.0,-1,-1,0.0
32046,-73.98249816894531,40.76844787597656,-74.00263977050781,40.76063919067383,621.87,4320,4320,-1.0,-1.0,-1,-1,0.0
32047,-73.97151947021484,40.7595329284668,-73.95665740966798,40.77504348754883,440.31,4320,4320,4354.71,4830.28,34.710000000000036,35.25999999999971,1.0800799436760458
32048,-73.96173095703125,40.768421173095696,-73.9535903930664,40.78790283203125,441.23,4320,4320,4327.78,4831.0,7.779999999999745,61.99000000000024,1.1404936201074274
32049,-73.98816680908203,40.74993515014648,-73.99582672119139,40.76433563232422,585.42,4320,4320,-1.0,-1.0,-1,-1,0.0
32050,-73.97488403320312,40.75915145874024,-73.96360778808595,40.76356887817383,438.58,4320,4320,-1.0,-1.0,-1,-1,0.0
32051,-73.97015380859375,40.75843811035156,-73.96138000488281,40.756629943847656,328.53,4321,4321,-1.0,-1.0,-1,-1,0.0
32052,-73.98692321777342,40.73469924926758,-74.00874328613281,40.73159790039063,649.53,4321,4321,4414.38,5063.91,93.38000000000011,-2.2737367544323206e-13,0.9999999999999997
32053,-73.97293090820312,40.78539657592773,-73.98257446289062,40.7724609375,265.76,4321,4321,-1.0,-1.0,-1,-1,0.0
32054,-73.98098754882812,40.78274154663085,-73.9720230102539,40.782051086425774,252.79,4321,4321,4438.07,4690.86,117.06999999999971,-2.842170943040401e-14,0.9999999999999999
32055,-74.00460052490234,40.737491607666016,-73.9929428100586,40.725452423095696,613.54,4321,4321,4516.79,5130.33,195.78999999999996,0.0,1.0
32056,-74.00582122802734,40.72517013549805,-74.01632690429686,40.71623992919922,363.0,4321,4321,-1.0,-1.0,-1,-1,0.0
32057,-73.99242401123048,40.74797058105469,-73.97132110595702,40.76330947875977,734.88,4321,4321,-1.0,-1.0,-1,-1,0.0
32058,-73.9658203125,40.75450897216797,-73.97782897949219,40.733978271484375,602.84,4322,4322,-1.0,-1.0,-1,-1,0.0
32059,-73.97509002685547,40.752845764160156,-73.98839569091797,40.73937606811523,353.7,4322,4322,-1.0,-1.0,-1,-1,0.0
32060,-73.99235534667969,40.749507904052734,-73.9897232055664,40.72213363647461,970.97,4322,4322,-1.0,-1.0,-1,-1,0.0
32061,-73.97138214111328,40.76519012451172,-73.97818756103516,40.766510009765625,229.34,4322,4322,4417.88,4647.22,95.88000000000011,1.4210854715202004e-13,1.0000000000000007
32062,-73.98602294921875,40.74060440063477,-73.95572662353516,40.77928161621094,1024.86,4322,4322,4531.33,5556.19,209.32999999999993,-2.2737367544323206e-13,0.9999999999999998
32063,-73.98605346679686,40.734954833984375,-74.0059814453125,40.73014831542969,569.33,4322,4322,-1.0,-1.0,-1,-1,0.0
32064,-73.96818542480467,40.79191970825195,-73.95430755615234,40.77552032470703,579.12,4323,4323,4350.0,4929.12,27.0,-1.1368683772161603e-13,0.9999999999999998
32065,-73.97248077392578,40.75929641723633,-73.98702239990234,40.73888778686523,607.39,4323,4323,-1.0,-1.0,-1,-1,0.0
32066,-73.98013305664062,40.78585815429688,-73.96573638916014,40.75284957885742,1214.15,4323,4323,4367.05,5646.8,44.05000000000018,65.59999999999991,1.0540295680105423
32067,-74.00390625,40.72587585449219,-73.99205017089844,40.73547744750977,358.15,4323,4323,4474.76,4832.91,151.76000000000022,-3.410605131648481e-13,0.999999999999999
32068,-73.9544448852539,40.76411056518555,-73.9896011352539,40.7506217956543,1028.57,4323,4323,-1.0,-1.0,-1,-1,0.0
32069,-73.98514556884766,40.74200820922852,-73.97241973876955,40.75960540771485,524.69,4323,4323,4355.23,4937.41,32.22999999999956,57.49000000000024,1.1095694600621324
32070,-73.9776840209961,40.763328552246094,-73.97840881347656,40.78311538696289,540.24,4323,4323,-1.0,-1.0,-1,-1,0.0
32071,-73.99333190917969,40.722110748291016,-73.9783477783203,40.72946166992188,424.81,4323,4323,4371.46,4796.27,48.460000000000036,3.979039320256561e-13,1.0000000000000009
32072,-74.005859375,40.70644760131836,-73.98443603515625,40.72861099243164,498.49,4323,4323,4379.1,4877.59,56.100000000000364,-2.2737367544323206e-13,0.9999999999999996
32073,-73.95074462890625,40.77094650268555,-73.9593734741211,40.780216217041016,409.8,4323,4323,4474.92,4884.72,151.92000000000007,1.7053025658242404e-13,1.0000000000000004
32074,-74.00611114501955,40.70748519897461,-73.99031066894531,40.74672317504883,1023.61,4323,4323,-1.0,-1.0,-1,-1,0.0
32075,-73.9526138305664,40.77217483520508,-73.95609283447266,40.79983520507813,750.28,4324,4324,4380.73,5131.01,56.72999999999956,6.821210263296962e-13,1.0000000000000009
32076,-73.97940063476562,40.78689956665039,-73.99407196044923,40.76076126098633,575.87,4324,4324,-1.0,-1.0,-1,-1,0.0
32077,-73.95817565917969,40.77203750610352,-73.94432067871094,40.77562713623047,341.27,4324,4324,4365.41,4706.68,41.409999999999854,4.547473508864641e-13,1.0000000000000013
32078,-73.99468231201173,40.73310852050781,-73.99549865722656,40.76622009277344,954.32,4324,4324,-1.0,-1.0,-1,-1,0.0
32079,-73.97560119628906,40.7552490234375,-73.95713806152342,40.77003860473633,622.79,4324,4324,-1.0,-1.0,-1,-1,0.0
32080,-73.97814178466798,40.773780822753906,-73.96699523925781,40.757827758789055,730.34,4324,4324,-1.0,-1.0,-1,-1,0.0
32081,-73.98196411132812,40.74177169799805,-73.98202514648438,40.729393005371094,369.58,4325,4325,-1.0,-1.0,-1,-1,0.0
32082,-73.98263549804686,40.74555587768555,-73.95915985107422,40.76358413696289,657.5,4325,4325,4370.75,5072.3,45.75,44.05000000000018,1.0669961977186315
32083,-73.994873046875,40.75016784667969,-73.98756408691406,40.76881790161133,495.37,4325,4325,-1.0,-1.0,-1,-1,0.0
32084,-73.98033142089844,40.78584289550781,-73.95586395263672,40.769695281982415,816.84,4325,4325,4400.54,5217.38,75.53999999999996,1.1368683772161603e-13,1.0000000000000002
32085,-73.96363830566406,40.76589584350585,-73.98117065429686,40.76060104370117,648.62,4325,4325,4359.66,5090.72,34.659999999999854,82.4400000000004,1.1271006136104351
32086,-73.99673461914062,40.73741149902344,-73.98321533203125,40.73051452636719,498.87,4325,4325,-1.0,-1.0,-1,-1,0.0
32087,-74.00630950927734,40.73420333862305,-73.9769515991211,40.74353408813477,799.45,4325,4325,-1.0,-1.0,-1,-1,0.0
32088,-73.9861602783203,40.777656555175774,-73.97257995605469,40.79379653930664,402.1,4326,4326,4381.29,4783.389999999999,55.289999999999964,-5.684341886080801e-13,0.9999999999999986
32089,-73.95948791503906,40.76258850097656,-73.98835754394531,40.73735809326172,781.06,4326,4326,4355.24,5213.87,29.23999999999978,77.57000000000016,1.0993137531047552
32090,-73.9869842529297,40.74784469604492,-73.99610900878906,40.736228942871094,388.37,4326,4326,4385.54,4773.91,59.539999999999964,-1.1368683772161603e-13,0.9999999999999997
32091,-73.99575805664062,40.76433944702149,-73.9864501953125,40.75532913208008,522.71,4326,4326,4356.66,4879.37,30.659999999999854,0.0,1.0
32092,-73.97528076171875,40.7652587890625,-73.98532104492188,40.75849151611328,368.21,4326,4326,-1.0,-1.0,-1,-1,0.0
32093,-73.97453308105469,40.762596130371094,-73.99295806884766,40.73974609375,552.18,4326,4326,-1.0,-1.0,-1,-1,0.0
32094,-74.00753784179686,40.74084854125977,-73.99334716796875,40.74495697021485,461.21,4326,4326,4379.16,4840.37,53.159999999999854,5.684341886080802e-14,1.0000000000000002
32095,-73.98080444335938,40.78252410888672,-73.97732543945312,40.79196548461913,314.03,4326,4326,-1.0,-1.0,-1,-1,0.0
32096,-74.00068664550781,40.72331619262695,-73.99411010742188,40.73230361938477,345.3,4327,4327,4434.67,4779.97,107.67000000000007,1.7053025658242404e-13,1.0000000000000004
32097,-73.98673248291014,40.729000091552734,-73.981201171875,40.76911926269531,1285.56,4327,4327,4350.66,5662.41,23.659999999999854,26.190000000000055,1.0203724446933633
32098,-73.9816665649414,40.749698638916016,-73.9876708984375,40.74435043334961,203.25,4327,4327,-1.0,-1.0,-1,-1,0.0
32099,-73.95504760742188,40.78577041625977,-73.96743774414062,40.804500579833984,580.3,4327,4327,4685.78,5266.08,358.77999999999975,2.2737367544323206e-13,1.0000000000000004
32100,-74.00889587402342,40.712982177734375,-73.98924255371094,40.71847534179688,675.4,4327,4327,4470.38,5145.78,143.3800000000001,-3.410605131648481e-13,0.9999999999999994
32101,-73.9751968383789,40.75223159790039,-73.99422454833984,40.72449111938477,739.38,4327,4327,4366.44,5169.43,39.4399999999996,63.610000000000696,1.0860315399388687
32102,-73.9815902709961,40.76841735839844,-73.99844360351562,40.75052261352539,644.25,4327,4327,-1.0,-1.0,-1,-1,0.0
32103,-73.98287963867188,40.73844909667969,-74.00044250488281,40.74695205688477,551.02,4327,4327,-1.0,-1.0,-1,-1,0.0
32104,-73.9841537475586,40.74330139160156,-73.98293304443358,40.73625946044922,237.25,4327,4327,-1.0,-1.0,-1,-1,0.0
32105,-73.99169158935547,40.74996566772461,-73.99771881103516,40.76541519165039,656.8,4327,4327,-1.0,-1.0,-1,-1,0.0
32106,-73.98208618164062,40.77460861206055,-73.94349670410156,40.83810424804688,964.4,4327,4327,-1.0,-1.0,-1,-1,0.0
32107,-73.97614288330078,40.75483703613281,-73.96717834472656,40.765926361083984,326.74,4328,4328,-1.0,-1.0,-1,-1,0.0
32108,-74.00730895996094,40.74319458007813,-73.98373413085938,40.76575469970703,640.45,4328,4328,4403.66,5044.11,75.65999999999985,-2.2737367544323206e-13,0.9999999999999997
32109,-73.98384857177734,40.74238967895508,-74.0062484741211,40.74383163452149,605.41,4328,4328,-1.0,-1.0,-1,-1,0.0
32110,-73.98650360107422,40.78213119506836,-73.98238372802734,40.75076675415039,1099.8,4328,4328,-1.0,-1.0,-1,-1,0.0
32111,-73.99713897705078,40.75051879882813,-73.97325134277344,40.752540588378906,854.08,4328,4328,-1.0,-1.0,-1,-1,0.0
32112,-73.99410247802734,40.75114822387695,-74.00261688232422,40.76071166992188,365.75,4328,4328,-1.0,-1.0,-1,-1,0.0
32113,-73.99068450927734,40.75103378295898,-73.95149993896483,40.7813606262207,1211.29,4329,4329,-1.0,-1.0,-1,-1,0.0
32114,-73.95201873779298,40.76939010620117,-73.9896011352539,40.71274185180664,932.29,4329,4329,4378.0199999999995,5310.31,49.01999999999953,9.094947017729282e-13,1.0000000000000009
32115,-73.95924377441406,40.77513122558594,-73.95285797119139,40.78329086303711,222.82,4329,4329,4386.71,4668.57,57.710000000000036,59.03999999999968,1.2649672381294303
32116,-73.97512817382812,40.76179122924805,-73.98919677734375,40.74463653564453,481.39,4329,4329,4353.31,4834.7,24.3100000000004,-5.684341886080801e-13,0.9999999999999988
32117,-73.97897338867188,40.76416015625,-73.9840316772461,40.72561264038085,1142.36,4329,4329,-1.0,-1.0,-1,-1,0.0
32118,-73.99134826660156,40.75017929077149,-73.99244689941406,40.73371887207031,470.69,4329,4329,-1.0,-1.0,-1,-1,0.0
32119,-73.99481201171875,40.731609344482415,-73.99747467041014,40.72594833374024,219.13,4329,4329,-1.0,-1.0,-1,-1,0.0
32120,-73.98779296875,40.759780883789055,-73.9720001220703,40.79204177856445,694.83,4330,4330,4357.89,5072.82,27.890000000000327,20.09999999999934,1.0289279392081507
32121,-73.96991729736328,40.76296615600585,-73.95740509033203,40.76272201538085,435.26,4330,4330,-1.0,-1.0,-1,-1,0.0
32122,-73.98685455322266,40.76129531860352,-73.95420837402342,40.77210235595703,902.98,4330,4330,4378.71,5312.09,48.710000000000036,30.40000000000009,1.0336663049015482
32123,-73.94561004638672,40.77820587158203,-73.9801025390625,40.7700424194336,890.32,4330,4330,4372.04,5317.45,42.039999999999964,55.089999999999804,1.0618766286279089
32124,-73.97409057617188,40.76295852661133,-73.98097991943358,40.77418899536133,431.19,4331,4331,-1.0,-1.0,-1,-1,0.0
32125,-74.0012435913086,40.725345611572266,-74.00887298583984,40.7234764099121,353.24,4331,4331,-1.0,-1.0,-1,-1,0.0
32126,-74.00894165039062,40.7160758972168,-74.00919342041014,40.72522735595703,209.37,4331,4331,4360.75,4570.12,29.75,-1.1368683772161603e-13,0.9999999999999994
32127,-73.95343017578125,40.78553771972656,-73.94961547851562,40.796241760253906,264.29,4331,4331,4355.56,4619.85,24.5600000000004,-5.684341886080802e-14,0.9999999999999998
32128,-73.9645004272461,40.77310562133789,-73.9578399658203,40.77864837646485,189.47,4331,4331,4378.16,4567.63,47.159999999999854,2.5579538487363607e-13,1.0000000000000013
32129,-73.954345703125,40.763973236083984,-73.94041442871094,40.79898071289063,694.05,4331,4331,-1.0,-1.0,-1,-1,0.0
32130,-73.96038055419923,40.77314376831055,-73.97029113769531,40.75914764404297,404.7,4331,4331,-1.0,-1.0,-1,-1,0.0
32131,-73.99872589111328,40.740081787109375,-73.98283386230467,40.71601486206055,976.71,4331,4331,-1.0,-1.0,-1,-1,0.0
32132,-73.97697448730467,40.76467895507813,-73.94288635253906,40.807708740234375,997.35,4332,4332,4372.54,5420.93,40.539999999999964,51.040000000000305,1.0511756153807592
32133,-73.97727203369139,40.787742614746094,-73.98063659667969,40.778167724609375,225.82,4332,4332,-1.0,-1.0,-1,-1,0.0
32134,-73.99513244628906,40.72536087036133,-73.95346069335938,40.77973937988281,1211.21,4332,4332,4353.8,5621.65,21.800000000000182,56.63999999999942,1.0467631542011702
32135,-73.94857788085938,40.77396011352539,-73.9598617553711,40.76853942871094,312.88,4332,4332,4437.25,4750.13,105.25,1.1368683772161603e-13,1.0000000000000004
32136,-73.979736328125,40.77605056762695,-73.98896026611328,40.77819442749024,284.7,4332,4332,4440.58,4725.28,108.57999999999993,-1.7053025658242404e-13,0.9999999999999994
32137,-73.97737884521484,40.7495002746582,-73.98530578613281,40.738956451416016,209.29,4332,4332,4350.0,4559.29,18.0,-2.842170943040401e-14,0.9999999999999999
32138,-73.97814178466798,40.762672424316406,-73.986083984375,40.768165588378906,279.62,4332,4332,-1.0,-1.0,-1,-1,0.0
32139,-73.99539184570312,40.759971618652344,-73.97357177734375,40.78464889526367,571.87,4332,4332,4391.88,5011.67,59.88000000000011,47.91999999999996,1.08379526815535
32140,-73.97189331054686,40.750301361083984,-73.94480895996094,40.773380279541016,689.77,4333,4333,-1.0,-1.0,-1,-1,0.0
32141,-73.97689819335938,40.76607894897461,-73.9735107421875,40.78968048095703,586.03,4333,4333,-1.0,-1.0,-1,-1,0.0
32142,-73.98560333251955,40.75265121459961,-73.9778594970703,40.76355743408203,292.18,4333,4333,4355.72,4647.9,22.720000000000255,-6.252776074688882e-13,0.9999999999999979
32143,-74.0074920654297,40.708580017089844,-73.98101806640625,40.76005935668945,1313.91,4333,4333,-1.0,-1.0,-1,-1,0.0
32144,-73.9898910522461,40.74075698852539,-73.97784423828125,40.75111389160156,415.71,4333,4333,4437.75,4853.46,104.75,5.684341886080802e-14,1.0000000000000002
32145,-73.9730224609375,40.75574493408203,-73.98727416992188,40.74076843261719,475.75,4333,4333,-1.0,-1.0,-1,-1,0.0
32146,-73.9920425415039,40.74426651000977,-73.98452758789062,40.74296188354492,253.13,4333,4333,-1.0,-1.0,-1,-1,0.0
32147,-73.9721450805664,40.7587890625,-73.98590850830078,40.730995178222656,725.33,4333,4333,-1.0,-1.0,-1,-1,0.0
32148,-73.97021484375,40.78921890258789,-73.98287963867188,40.72264099121094,1568.21,4334,4334,4411.41,5979.62,77.40999999999985,0.0,1.0
32149,-73.97708129882812,40.747169494628906,-73.97055053710938,40.75601577758789,245.42,4334,4334,4370.24,4615.66,36.23999999999978,8.526512829121202e-14,1.0000000000000004
32150,-73.97122955322266,40.75774765014648,-73.98957061767578,40.757286071777344,634.73,4334,4334,-1.0,-1.0,-1,-1,0.0
32151,-73.97460174560547,40.77793502807617,-73.98230743408203,40.76947784423828,287.92,4334,4334,4362.84,4734.58,28.840000000000146,83.81999999999977,1.2911225340372317
32152,-74.006591796875,40.73366928100585,-73.99451446533203,40.75059127807617,354.13,4334,4334,4373.29,4727.42,39.289999999999964,1.1368683772161603e-13,1.0000000000000002
32153,-73.99198913574219,40.75624084472656,-73.97215270996094,40.76328659057617,589.42,4334,4334,4353.92,5002.85,19.920000000000073,59.51000000000033,1.100963659190391
32154,-74.00774383544923,40.72496795654297,-74.0016098022461,40.72943115234375,224.11,4334,4334,4459.29,4683.4,125.28999999999996,-3.410605131648481e-13,0.9999999999999984
32155,-73.98286437988281,40.773353576660156,-73.93019104003906,40.84897232055664,1179.63,4335,4335,4372.58,5606.05,37.57999999999993,53.840000000000146,1.0456414299398966
32156,-73.98060607910156,40.7484130859375,-73.97489929199219,40.72025680541992,562.37,4335,4335,-1.0,-1.0,-1,-1,0.0
32157,-73.97811889648438,40.75222778320313,-73.99541473388672,40.734283447265625,535.93,4335,4335,-1.0,-1.0,-1,-1,0.0
32158,-73.99506378173827,40.73995971679688,-73.99160766601562,40.75993728637695,690.39,4335,4335,-1.0,-1.0,-1,-1,0.0
32159,-73.97817993164062,40.785945892333984,-73.96758270263672,40.80144500732422,285.94,4335,4335,-1.0,-1.0,-1,-1,0.0
32160,-74.00536346435547,40.73958587646485,-73.96312713623048,40.7692756652832,1344.07,4335,4335,4373.54,5769.54,38.539999999999964,51.930000000000064,1.0386363805456562
32161,-74.00569915771484,40.71809005737305,-74.00153350830078,40.7222900390625,210.48,4336,4336,-1.0,-1.0,-1,-1,0.0
32162,-73.9863739013672,40.74009323120117,-73.99124145507811,40.73273849487305,185.67,4336,4336,4375.17,4560.84,39.17000000000007,8.526512829121202e-14,1.0000000000000004
32163,-74.0013656616211,40.7409782409668,-73.9903793334961,40.731483459472656,471.96,4336,4336,4461.12,4933.08,125.11999999999989,5.684341886080802e-14,1.0000000000000002
32164,-73.97850036621094,40.75904846191406,-73.96485137939453,40.77275085449219,415.3,4336,4336,-1.0,-1.0,-1,-1,0.0
32165,-73.97837829589844,40.7542381286621,-73.95977783203125,40.77692031860352,605.43,4336,4336,-1.0,-1.0,-1,-1,0.0
32166,-73.9942626953125,40.74092483520508,-73.98143768310547,40.74679565429688,422.48,4336,4336,-1.0,-1.0,-1,-1,0.0
32167,-73.98587799072266,40.717933654785156,-73.99303436279298,40.72270202636719,309.24,4336,4336,-1.0,-1.0,-1,-1,0.0
32168,-73.97428131103516,40.75994110107422,-73.97085571289062,40.75523376464844,342.88,4336,4336,-1.0,-1.0,-1,-1,0.0
32169,-73.9664077758789,40.758216857910156,-73.99000549316406,40.72522735595703,677.44,4337,4337,4380.46,5057.9,43.460000000000036,-4.547473508864641e-13,0.9999999999999993
32170,-73.9696273803711,40.76388931274415,-73.98644256591797,40.7404899597168,681.34,4337,4337,-1.0,-1.0,-1,-1,0.0
32171,-73.9983901977539,40.745548248291016,-73.9504623413086,40.79318237304688,1402.47,4337,4337,4356.56,5759.03,19.5600000000004,-6.821210263296962e-13,0.9999999999999996
32172,-73.97420501708984,40.76469039916992,-73.95996856689453,40.7735710144043,471.88,4337,4337,-1.0,-1.0,-1,-1,0.0
32173,-73.9780044555664,40.748802185058594,-74.0105743408203,40.7043342590332,861.55,4337,4337,-1.0,-1.0,-1,-1,0.0
32174,-73.98279571533203,40.750877380371094,-74.00072479248048,40.74624633789063,482.21,4337,4337,-1.0,-1.0,-1,-1,0.0
32175,-73.99636840820312,40.75331115722656,-73.98348999023438,40.74478149414063,633.57,4337,4337,4503.92,5137.49,166.92000000000007,-3.410605131648481e-13,0.9999999999999994
32176,-73.98265075683594,40.76832580566406,-73.99056243896483,40.74607849121094,813.8,4338,4338,-1.0,-1.0,-1,-1,0.0
32177,-73.96379089355469,40.77416229248047,-73.96519470214845,40.75514602661133,745.22,4338,4338,-1.0,-1.0,-1,-1,0.0
32178,-74.00164031982422,40.7410888671875,-74.0123062133789,40.72082138061523,587.0,4338,4338,4551.71,5138.71,213.71000000000004,0.0,1.0
32179,-73.99706268310547,40.72245788574219,-73.98982238769531,40.74998474121094,825.8,4338,4338,-1.0,-1.0,-1,-1,0.0
32180,-73.9723129272461,40.79405975341797,-73.9822998046875,40.77401351928711,417.9,4338,4338,4432.24,4850.14,94.23999999999978,5.684341886080801e-13,1.0000000000000013
32181,-73.99859619140625,40.7281608581543,-74.00768280029298,40.73266220092773,331.3,4339,4339,-1.0,-1.0,-1,-1,0.0
32182,-74.00357818603516,40.74748992919922,-73.98333740234375,40.75040817260742,607.01,4339,4339,-1.0,-1.0,-1,-1,0.0
32183,-73.97123718261719,40.75518035888672,-73.96878814697266,40.76828002929688,437.87,4339,4339,4354.26,4880.79,15.260000000000218,88.65999999999974,1.2024801881837068
32184,-73.98656463623048,40.75131607055664,-73.99485778808595,40.72341918945313,816.97,4339,4339,4354.45,5172.17,15.449999999999818,0.7500000000002274,1.0009180263657176
32185,-73.9942398071289,40.75111770629883,-73.98538970947266,40.75971221923828,414.52,4339,4339,4350.55,4765.07,11.550000000000182,-4.547473508864641e-13,0.9999999999999989
32186,-74.00213623046875,40.72957992553711,-74.0104217529297,40.71398162841797,440.13,4339,4339,4544.54,4984.67,205.53999999999996,1.1368683772161603e-13,1.0000000000000002
32187,-73.98461151123048,40.768638610839844,-73.9847183227539,40.74832153320313,754.87,4340,4340,4359.03,5113.9,19.029999999999745,-1.1368683772161603e-13,0.9999999999999999
32188,-73.97113037109375,40.75814056396485,-74.00668334960938,40.71915817260742,1269.19,4340,4340,4389.7699999999995,5667.549999999999,49.76999999999953,8.58999999999969,1.0067680961873318
32189,-73.99409484863281,40.7411994934082,-74.0023880004883,40.74518585205078,249.83,4340,4340,-1.0,-1.0,-1,-1,0.0
32190,-73.97686004638672,40.78755187988281,-73.9459228515625,40.78049850463867,734.7,4340,4340,-1.0,-1.0,-1,-1,0.0
32191,-73.9915313720703,40.75003051757813,-73.99015808105469,40.739051818847656,332.28,4340,4340,-1.0,-1.0,-1,-1,0.0
32192,-73.9519805908203,40.77779769897461,-73.95909118652342,40.76784896850585,240.88,4341,4341,4377.24,4618.12,36.23999999999978,1.1368683772161603e-13,1.0000000000000004
32193,-73.97724151611328,40.764320373535156,-73.98986053466798,40.7606201171875,432.99,4341,4341,-1.0,-1.0,-1,-1,0.0
32194,-73.98341369628906,40.74155044555664,-73.97618865966798,40.74822998046875,217.78,4341,4341,-1.0,-1.0,-1,-1,0.0
32195,-73.98123168945312,40.72825622558594,-73.9866943359375,40.72343826293945,194.22,4341,4341,4378.26,4572.48,37.26000000000022,-6.536993168992922e-13,0.9999999999999967
32196,-73.97437286376955,40.78337860107422,-73.9529800415039,40.7666015625,682.71,4341,4341,4388.05,5106.01,47.05000000000018,35.25,1.051632464736125
32197,-73.96639251708984,40.8047103881836,-73.97689056396483,40.78929138183594,289.65,4341,4341,-1.0,-1.0,-1,-1,0.0
32198,-73.9765396118164,40.7558708190918,-74.00096893310547,40.739105224609375,738.34,4341,4341,-1.0,-1.0,-1,-1,0.0
32199,-73.96710968017578,40.78802108764648,-73.95401000976562,40.78215026855469,407.57,4341,4341,-1.0,-1.0,-1,-1,0.0
32200,-73.95851898193358,40.7841682434082,-73.96788787841797,40.7872314453125,251.76,4341,4341,4649.16,4900.92,308.15999999999985,2.2737367544323206e-13,1.0000000000000009
32201,-73.97295379638672,40.76426696777344,-73.98619079589844,40.775482177734375,527.82,4341,4341,4386.0,4913.82,45.0,-3.410605131648481e-13,0.9999999999999993
32202,-73.9678726196289,40.7625732421875,-73.98788452148438,40.7325325012207,777.67,4341,4341,4389.42,5167.09,48.42000000000007,1.1368683772161603e-13,1.0000000000000002
32203,-73.97344970703125,40.77953720092773,-73.95370483398438,40.78694152832031,438.41,4341,4341,4351.65,4790.06,10.649999999999636,7.389644451905042e-13,1.0000000000000018
32204,-74.0057144165039,40.75061798095703,-73.98020935058595,40.78559875488281,688.52,4341,4341,-1.0,-1.0,-1,-1,0.0
32205,-74.00853729248048,40.70808029174805,-73.97942352294923,40.76242065429688,1375.37,4342,4342,4418.58,5793.95,76.57999999999993,0.0,1.0
32206,-74.01202392578125,40.72042846679688,-74.00273895263672,40.7496337890625,418.4,4342,4342,4354.22,4772.62,12.220000000000255,-3.410605131648481e-13,0.9999999999999992
32207,-73.95555114746094,40.779483795166016,-73.9652786254883,40.77175903320313,308.76,4342,4342,4393.46,4710.46,51.460000000000036,8.240000000000009,1.0266873947402513
32208,-73.9912109375,40.75030517578125,-73.98238372802734,40.75712585449219,416.88,4342,4342,-1.0,-1.0,-1,-1,0.0
32209,-73.95368194580078,40.775299072265625,-73.97412109375,40.78308868408203,483.04,4342,4342,4618.87,5101.91,276.8699999999999,-5.684341886080802e-14,0.9999999999999999
32210,-73.95964813232422,40.813980102539055,-73.94300079345702,40.80588150024415,468.94,4342,4342,4750.22,5219.16,408.22000000000025,-3.979039320256561e-13,0.9999999999999991
32211,-74.01408386230467,40.713478088378906,-73.94902801513672,40.77311706542969,1362.47,4342,4342,-1.0,-1.0,-1,-1,0.0
32212,-73.97802734375,40.76517105102539,-73.98189544677734,40.75240707397461,457.0,4342,4342,-1.0,-1.0,-1,-1,0.0
32213,-73.985107421875,40.7637825012207,-73.9801254272461,40.74517822265625,820.04,4342,4342,-1.0,-1.0,-1,-1,0.0
32214,-73.98078155517578,40.75857543945313,-73.95973205566406,40.77152633666992,685.34,4343,4343,-1.0,-1.0,-1,-1,0.0
32215,-73.97439575195312,40.75336837768555,-73.98987579345702,40.73880386352539,482.7,4343,4343,-1.0,-1.0,-1,-1,0.0
32216,-73.97561645507811,40.75495147705078,-73.97944641113281,40.74026870727539,438.34,4343,4343,-1.0,-1.0,-1,-1,0.0
32217,-73.97235870361328,40.75960159301758,-74.01107025146483,40.72161865234375,1385.04,4343,4343,-1.0,-1.0,-1,-1,0.0
32218,-73.99425506591797,40.75094985961913,-73.97283935546875,40.76044464111328,694.52,4343,4343,-1.0,-1.0,-1,-1,0.0
32219,-73.97518157958984,40.75477981567383,-74.00155639648438,40.745689392089844,801.93,4343,4343,4377.62,5179.55,34.61999999999989,3.410605131648481e-13,1.0000000000000004
32220,-74.01606750488281,40.715232849121094,-74.01690673828125,40.70502471923828,202.04,4343,4343,4373.92,4575.96,30.920000000000073,-2.842170943040401e-14,0.9999999999999999
32221,-73.96800994873048,40.76559066772461,-73.99449920654298,40.73401641845703,942.47,4343,4343,4398.17,5351.18,55.17000000000007,10.540000000000191,1.0111833798423293
32222,-73.99411010742188,40.75119400024415,-73.98775482177734,40.76372146606445,426.4,4343,4343,4382.3,4872.41,39.30000000000018,63.709999999999695,1.1494136960600367
32223,-73.94925689697266,40.77680206298828,-73.97309875488281,40.76429748535156,719.56,4343,4343,4401.78,5121.34,58.779999999999745,4.547473508864641e-13,1.0000000000000007
32224,-74.00514221191406,40.71862030029297,-74.0014114379883,40.71805953979492,210.38,4344,4344,-1.0,-1.0,-1,-1,0.0
32225,-73.97490692138672,40.75629425048828,-73.9871368408203,40.739051818847656,502.16,4344,4344,-1.0,-1.0,-1,-1,0.0
32226,-73.98316192626955,40.74441528320313,-73.97560882568358,40.755348205566406,280.33,4344,4344,4353.68,4734.53,9.680000000000291,100.51999999999947,1.358577390932114
32227,-73.97882843017578,40.75072479248047,-73.97003936767578,40.78726196289063,1031.14,4344,4344,-1.0,-1.0,-1,-1,0.0
32228,-73.99462127685547,40.71654891967773,-73.97661590576173,40.74116516113281,566.45,4344,4344,4570.21,5136.66,226.21000000000004,-2.2737367544323206e-13,0.9999999999999996
32229,-73.98319244384766,40.766090393066406,-73.96864318847656,40.76753234863281,390.39,4345,4345,-1.0,-1.0,-1,-1,0.0
32230,-73.97795867919923,40.77721405029297,-73.9799270629883,40.767127990722656,333.49,4345,4345,4374.51,4737.13,29.51000000000022,29.12999999999988,1.0873489459953818
32231,-73.96887969970702,40.764591217041016,-73.98146057128906,40.773643493652344,416.17,4345,4345,-1.0,-1.0,-1,-1,0.0
32232,-73.97505950927734,40.756172180175774,-73.95657348632812,40.78110885620117,620.61,4345,4345,4388.37,5008.98,43.36999999999989,-3.410605131648481e-13,0.9999999999999994
32233,-73.9550552368164,40.78335952758789,-73.96198272705078,40.77313232421875,282.59,4345,4345,4712.54,4995.13,367.53999999999996,1.7053025658242404e-13,1.0000000000000007
32234,-73.95679473876955,40.766685485839844,-73.97695922851562,40.76267623901367,789.54,4345,4345,4396.09,5185.63,51.090000000000146,0.0,1.0
32235,-73.96823120117188,40.78670120239258,-73.96302032470702,40.80409240722656,350.3,4345,4345,4373.87,4797.38,28.86999999999989,73.2100000000002,1.2089922923208685
32236,-74.00497436523438,40.72869491577149,-74.00494384765625,40.71888732910156,274.04,4346,4346,4381.7,4682.07,35.69999999999982,26.32999999999987,1.096080864107429
32237,-73.98118591308595,40.73635864257813,-73.99655151367188,40.75812911987305,906.6,4346,4346,4423.71,5330.31,77.71000000000004,3.410605131648481e-13,1.0000000000000004
32238,-73.97775268554686,40.78398132324219,-73.98194122314453,40.7790641784668,205.91,4346,4346,-1.0,-1.0,-1,-1,0.0
32239,-73.99485015869139,40.745460510253906,-74.0078125,40.75139999389648,358.08,4346,4346,-1.0,-1.0,-1,-1,0.0
32240,-73.9902114868164,40.73199081420898,-73.9870834350586,40.738929748535156,194.32,4346,4346,4387.04,4581.36,41.039999999999964,-2.8421709430404007e-13,0.9999999999999986
32241,-73.99705505371094,40.71203231811523,-73.97697448730467,40.7518424987793,914.94,4346,4346,4430.88,5345.82,84.88000000000011,-4.547473508864641e-13,0.9999999999999996
32242,-73.98435974121094,40.7289924621582,-73.96258544921875,40.75874328613281,522.49,4346,4346,4506.58,5029.07,160.57999999999993,-2.2737367544323206e-13,0.9999999999999996
32243,-73.9832763671875,40.76813888549805,-73.9766616821289,40.79259872436523,675.36,4346,4346,-1.0,-1.0,-1,-1,0.0
32244,-73.97879028320312,40.75654983520508,-73.98753356933594,40.74427032470703,286.64,4347,4347,4400.13,4686.77,53.13000000000011,3.410605131648481e-13,1.000000000000001
32245,-74.0060806274414,40.75020980834961,-73.98310852050781,40.78498840332031,605.2,4347,4347,-1.0,-1.0,-1,-1,0.0
32246,-73.95001983642578,40.77604675292969,-73.9759292602539,40.78807830810547,577.03,4347,4347,4396.47,4973.5,49.470000000000255,-2.2737367544323206e-13,0.9999999999999996
32247,-73.98454284667969,40.74259567260742,-73.97425842285155,40.73684310913085,463.09,4347,4347,-1.0,-1.0,-1,-1,0.0
32248,-74.00454711914062,40.74784851074219,-73.99601745605469,40.74436950683594,192.38,4347,4347,-1.0,-1.0,-1,-1,0.0
32249,-73.9731216430664,40.76254653930664,-74.00991821289062,40.73456573486328,1206.84,4347,4347,-1.0,-1.0,-1,-1,0.0
32250,-73.95865631103516,40.78076171875,-73.97532653808595,40.78025817871094,338.18,4347,4347,4369.63,4794.9800000000005,22.63000000000011,87.17000000000036,1.257762138506122
32251,-74.00285339355469,40.76047134399415,-73.99143981933594,40.75130081176758,493.03,4347,4347,-1.0,-1.0,-1,-1,0.0
32252,-74.0101547241211,40.7196044921875,-73.95738220214845,40.78034210205078,1653.55,4347,4347,4399.49,6053.04,52.48999999999978,2.2737367544323206e-13,1.0000000000000002
32253,-73.96849060058595,40.76147079467773,-73.987060546875,40.729305267333984,737.5,4348,4348,-1.0,-1.0,-1,-1,0.0
32254,-73.96891784667969,40.75408935546875,-73.97972869873048,40.73482894897461,433.58,4348,4348,-1.0,-1.0,-1,-1,0.0
32255,-73.98909759521484,40.77281951904297,-73.9758529663086,40.78643035888672,346.41,4348,4348,4371.2,4717.61,23.199999999999818,-1.7053025658242404e-13,0.9999999999999996
32256,-74.0152816772461,40.71005630493164,-74.0059585571289,40.72571182250977,418.66,4348,4348,4436.0,4870.95,88.0,16.289999999999793,1.0389098552524716
32257,-73.97365570068358,40.79211807250977,-73.96676635742188,40.80666732788085,336.31,4348,4348,4394.8,4731.11,46.80000000000018,-5.115907697472721e-13,0.9999999999999984
32258,-73.9815444946289,40.75853729248047,-74.01729583740234,40.71141052246094,1361.3,4348,4348,-1.0,-1.0,-1,-1,0.0
32259,-73.95616912841797,40.78187942504883,-73.97898864746094,40.781776428222656,533.76,4348,4348,4397.8,4988.19,49.80000000000018,56.62999999999943,1.1060963729016775
32260,-73.99858856201173,40.740100860595696,-73.94159698486328,40.85094451904297,1617.67,4348,4348,4367.7699999999995,6045.110000000001,19.769999999999527,59.67000000000098,1.0368863859748905
32261,-73.98218536376955,40.77309036254883,-73.98768615722656,40.72126007080078,1471.27,4349,4349,4383.01,5898.31,34.01000000000022,44.0300000000002,1.0299265260625174
32262,-73.98953247070312,40.71573257446289,-73.98049163818358,40.73432922363281,480.45,4349,4349,4434.91,4915.36,85.90999999999985,-1.7053025658242404e-13,0.9999999999999997
32263,-73.98116302490234,40.7810935974121,-73.974365234375,40.7885856628418,184.71,4349,4349,4400.91,4585.62,51.909999999999854,2.842170943040401e-14,1.0000000000000002
32264,-73.96695709228516,40.804344177246094,-73.95780181884766,40.82036209106445,378.62,4349,4349,-1.0,-1.0,-1,-1,0.0
32265,-73.98336029052734,40.726768493652344,-73.99401092529298,40.717979431152344,461.46,4349,4349,4392.1,4856.13,43.100000000000364,2.569999999999766,1.0055692801109517
32266,-73.9798812866211,40.75495910644531,-73.97493743896483,40.73292922973633,730.28,4349,4349,-1.0,-1.0,-1,-1,0.0
32267,-73.97722625732422,40.750389099121094,-73.99549102783203,40.75942993164063,699.77,4349,4349,4370.63,5130.53,21.63000000000011,60.129999999999654,1.0859282335624558
32268,-73.96168518066406,40.7745361328125,-73.989013671875,40.74100112915039,1006.03,4349,4349,4389.75,5395.78,40.75,-2.2737367544323206e-13,0.9999999999999998
32269,-73.9713363647461,40.76096725463867,-73.9571304321289,40.78309631347656,513.92,4349,4349,-1.0,-1.0,-1,-1,0.0
32270,-73.96836853027344,40.76504135131836,-73.96661376953125,40.7540283203125,452.26,4349,4349,4470.08,4922.34,121.07999999999993,2.2737367544323206e-13,1.0000000000000004
32271,-73.98924255371094,40.74805068969727,-73.97814178466798,40.75244903564453,343.54,4349,4349,4377.83,4721.37,28.829999999999927,-5.684341886080802e-14,0.9999999999999999
32272,-74.0018310546875,40.72712326049805,-74.01216888427734,40.72103118896485,378.92,4349,4349,4379.42,4766.26,30.420000000000073,7.92000000000013,1.0209015095534681
32273,-73.9742202758789,40.78907012939453,-73.95390319824219,40.78518676757813,471.08,4349,4349,-1.0,-1.0,-1,-1,0.0
32274,-73.99388885498048,40.7287483215332,-74.00680541992188,40.72515106201172,437.39,4350,4350,4387.96,4868.0,37.960000000000036,42.64999999999998,1.0975102311438305
32275,-73.97258758544923,40.75883483886719,-73.98548126220702,40.73742294311523,669.31,4350,4350,-1.0,-1.0,-1,-1,0.0
32276,-73.99507141113281,40.74470138549805,-73.97760772705078,40.749778747558594,572.66,4350,4350,4391.2699999999995,5006.01,41.26999999999953,42.08000000000072,1.0734816470506072
32277,-73.96340942382812,40.76210021972656,-74.00789642333984,40.74702072143555,1331.66,4350,4350,4365.87,5731.77,15.86999999999989,34.240000000000464,1.0257122688974667
32278,-73.98152923583984,40.73706817626953,-73.9888916015625,40.72278213500977,397.27,4351,4351,4387.27,4784.54,36.27000000000044,-4.547473508864641e-13,0.9999999999999989
32279,-73.97509002685547,40.73540878295898,-73.99565887451173,40.72339630126953,661.29,4351,4351,4552.21,5213.5,201.21000000000004,0.0,1.0
32280,-73.99214935302734,40.72546005249024,-73.98464965820312,40.720298767089844,344.53,4351,4351,4380.0,4724.53,29.0,-2.2737367544323206e-13,0.9999999999999993
32281,-73.98451232910156,40.73619079589844,-73.9773712158203,40.751968383789055,448.36,4351,4351,4390.74,4898.42,39.73999999999978,59.32000000000028,1.1323043982514058
32282,-73.982421875,40.76745986938477,-73.98223876953125,40.77975463867188,352.22,4351,4351,-1.0,-1.0,-1,-1,0.0
32283,-73.99420166015625,40.75104522705078,-73.97959899902342,40.73550033569336,850.94,4351,4351,-1.0,-1.0,-1,-1,0.0
32284,-73.96881866455078,40.7990608215332,-73.97753143310547,40.78430938720703,399.49,4352,4352,-1.0,-1.0,-1,-1,0.0
32285,-73.99999237060547,40.73472213745117,-73.97707366943358,40.77987289428711,1146.47,4352,4352,4381.36,5527.83,29.359999999999673,2.2737367544323206e-13,1.0000000000000002
32286,-73.99124908447266,40.75058364868164,-73.97370910644531,40.74891662597656,691.2,4352,4352,-1.0,-1.0,-1,-1,0.0
32287,-73.98541259765625,40.74444580078125,-73.99227142333984,40.749305725097656,365.13,4352,4352,4400.34,4771.31,48.340000000000146,5.840000000000259,1.0159943033987902
32288,-73.99386596679686,40.756614685058594,-74.00470733642578,40.74211120605469,315.52,4352,4352,4398.88,4714.4,46.88000000000011,-4.547473508864641e-13,0.9999999999999986
32289,-73.97827911376955,40.77802658081055,-73.97904205322266,40.764320373535156,468.61,4352,4352,-1.0,-1.0,-1,-1,0.0
32290,-73.9930648803711,40.762943267822266,-73.97931671142578,40.75434875488281,579.62,4352,4352,-1.0,-1.0,-1,-1,0.0
32291,-73.97618865966798,40.748138427734375,-73.99977111816406,40.73030853271485,756.78,4352,4352,-1.0,-1.0,-1,-1,0.0
32292,-73.99686431884766,40.75250625610352,-74.00977325439453,40.72166061401367,716.12,4352,4352,-1.0,-1.0,-1,-1,0.0
32293,-73.96366119384766,40.77128982543945,-73.9834442138672,40.7554931640625,760.34,4353,4353,-1.0,-1.0,-1,-1,0.0
32294,-73.97842407226562,40.78565216064453,-73.948486328125,40.83223342895508,861.76,4353,4353,-1.0,-1.0,-1,-1,0.0
32295,-73.97173309326173,40.75690078735352,-73.98155975341797,40.76760864257813,624.48,4353,4353,-1.0,-1.0,-1,-1,0.0
32296,-73.98273468017578,40.723052978515625,-74.01608276367188,40.7109260559082,685.62,4353,4353,4488.79,5174.41,135.78999999999996,-1.1368683772161603e-13,0.9999999999999999
32297,-74.00658416748048,40.71989822387695,-74.01718139648438,40.70534133911133,416.58,4354,4354,4433.79,4850.37,79.78999999999996,-5.684341886080802e-14,0.9999999999999999
32298,-73.97960662841797,40.765449523925774,-73.98031616210938,40.78060150146485,446.14,4354,4354,-1.0,-1.0,-1,-1,0.0
32299,-73.98690032958984,40.75587844848633,-73.97571563720702,40.744728088378906,570.05,4354,4354,-1.0,-1.0,-1,-1,0.0
32300,-73.97887420654298,40.76182556152344,-73.9908218383789,40.75078201293945,505.29,4354,4354,-1.0,-1.0,-1,-1,0.0
32301,-73.9911117553711,40.75041961669922,-74.00753784179686,40.71612930297852,690.31,4355,4355,4395.87,5086.18,40.86999999999989,4.547473508864641e-13,1.0000000000000007
32302,-73.9814224243164,40.76818084716797,-73.97889709472656,40.782470703125,353.53,4355,4355,-1.0,-1.0,-1,-1,0.0
32303,-74.00721740722656,40.7051010131836,-73.98802947998048,40.71871948242188,472.58,4355,4355,4500.35,4972.93,145.35000000000036,-5.684341886080802e-14,0.9999999999999999
32304,-73.9781494140625,40.766597747802734,-73.994384765625,40.75013732910156,722.49,4355,4355,-1.0,-1.0,-1,-1,0.0
32305,-73.97366333007811,40.76416015625,-73.97753143310547,40.76105117797852,310.17,4355,4355,-1.0,-1.0,-1,-1,0.0
32306,-73.99036407470702,40.73794555664063,-74.00775146484375,40.74055099487305,559.88,4355,4355,-1.0,-1.0,-1,-1,0.0
32307,-73.9543228149414,40.764060974121094,-73.97795867919923,40.78884887695313,939.57,4355,4355,4489.37,5428.94,134.3699999999999,-3.410605131648481e-13,0.9999999999999997
32308,-74.01627349853516,40.7049217224121,-73.99002075195312,40.73933029174805,977.81,4356,4356,-1.0,-1.0,-1,-1,0.0
32309,-73.97332763671875,40.76396179199219,-73.95728302001955,40.77845001220703,516.15,4356,4356,-1.0,-1.0,-1,-1,0.0
32310,-73.97468566894531,40.75384140014648,-73.98886108398438,40.726951599121094,606.59,4356,4356,-1.0,-1.0,-1,-1,0.0
32311,-73.96746063232422,40.75593566894531,-73.9874267578125,40.77613067626953,954.37,4356,4356,-1.0,-1.0,-1,-1,0.0
32312,-73.96568298339844,40.76295471191406,-73.9548568725586,40.77340698242188,269.69,4356,4356,4516.33,4786.02,160.32999999999993,5.115907697472721e-13,1.000000000000002
32313,-73.96617889404298,40.76228332519531,-73.95394897460938,40.7797966003418,312.76,4356,4356,-1.0,-1.0,-1,-1,0.0
32314,-73.9783935546875,40.75418090820313,-73.95558166503906,40.768314361572266,672.85,4356,4356,4381.66,5130.32,25.659999999999854,75.80999999999983,1.112669985880954
32315,-73.98660278320312,40.74547958374024,-74.00088500976562,40.73907470703125,325.59,4356,4356,4391.1,4716.6900000000005,35.100000000000364,1.7053025658242404e-13,1.0000000000000004
32316,-73.98046875,40.76482009887695,-73.99195861816406,40.75960159301758,437.4,4357,4357,-1.0,-1.0,-1,-1,0.0
32317,-73.9750747680664,40.75577926635742,-73.96234130859375,40.757999420166016,370.74,4357,4357,-1.0,-1.0,-1,-1,0.0
32318,-73.98506164550781,40.7476921081543,-73.9865493774414,40.73012924194336,482.53,4357,4357,4416.78,4947.69,59.779999999999745,48.37999999999988,1.1002631960707103
32319,-74.00780487060547,40.70471954345703,-73.9892578125,40.72629165649415,603.11,4357,4357,-1.0,-1.0,-1,-1,0.0
32320,-73.99308013916014,40.752906799316406,-73.95548248291014,40.77288055419922,1099.62,4357,4357,-1.0,-1.0,-1,-1,0.0
32321,-73.97323608398438,40.78272247314453,-73.93922424316406,40.80503845214844,771.0,4357,4357,4478.64,5249.639999999999,121.64000000000033,-9.094947017729282e-13,0.9999999999999988
32322,-73.98421478271484,40.74916458129883,-73.9913101196289,40.723457336425774,705.45,4357,4357,4387.79,5125.53,30.789999999999964,32.289999999999736,1.0457722021404774
32323,-73.99483489990234,40.7603645324707,-73.98600006103516,40.771446228027344,206.71,4358,4358,4406.88,4613.59,48.88000000000011,2.842170943040401e-14,1.0000000000000002
32324,-73.98190307617188,40.75819396972656,-73.98262786865234,40.76364135742188,263.76,4358,4358,-1.0,-1.0,-1,-1,0.0
32325,-73.94113159179686,40.79630661010742,-73.94097137451173,40.80538558959961,396.17,4358,4358,4620.84,5017.01,262.84000000000015,5.684341886080802e-14,1.0000000000000002
32326,-73.98226928710938,40.77090835571289,-73.97468566894531,40.79371643066406,575.29,4358,4358,4460.25,5035.54,102.25,0.0,1.0
32327,-73.98484802246094,40.73246383666992,-73.99647521972656,40.71546173095703,525.01,4358,4358,-1.0,-1.0,-1,-1,0.0
32328,-73.97660064697266,40.77666473388672,-73.9532241821289,40.7759895324707,599.35,4358,4358,4395.96,4995.31,37.960000000000036,3.410605131648481e-13,1.0000000000000007
32329,-73.98959350585938,40.72048568725585,-73.9803695678711,40.770332336425774,1412.42,4358,4358,4403.06,5815.4800000000005,45.0600000000004,0.0,1.0
32330,-73.98528289794923,40.76342010498047,-73.97489929199219,40.75115966796875,772.42,4358,4358,-1.0,-1.0,-1,-1,0.0
32331,-73.98050689697266,40.76568984985352,-73.95785522460938,40.80883026123047,931.35,4359,4359,4405.5,5336.85,46.5,3.410605131648481e-13,1.0000000000000004
32332,-74.00115966796875,40.72768783569336,-73.99920654296875,40.73748779296875,241.92,4359,4359,4404.42,4706.12,45.42000000000007,59.77999999999983,1.2471064814814807
32333,-73.9944610595703,40.74596786499024,-73.98310089111328,40.731605529785156,575.48,4359,4359,4397.37,4972.85,38.36999999999989,4.547473508864641e-13,1.0000000000000009
32334,-73.9849624633789,40.74504852294922,-73.99752807617188,40.73646926879883,396.0,4359,4359,4399.38,4795.38,40.38000000000011,0.0,1.0
32335,-74.00501251220702,40.718971252441406,-74.00668334960938,40.73022079467773,289.88,4359,4359,4390.93,4680.8099999999995,31.93000000000029,-7.958078640513122e-13,0.9999999999999972
32336,-73.96881866455078,40.76443862915039,-73.9932632446289,40.73448181152344,948.93,4359,4359,4403.35,5401.77,44.350000000000364,49.49000000000012,1.0521534781279969
32337,-73.9771728515625,40.76443862915039,-73.99495697021484,40.71852111816406,1376.02,4359,4359,-1.0,-1.0,-1,-1,0.0
32338,-73.93916320800781,40.84302520751953,-73.98600006103516,40.763973236083984,1166.09,4359,4359,4491.51,5657.6,132.51000000000022,2.2737367544323206e-13,1.0000000000000002
32339,-73.98213195800781,40.768497467041016,-73.97592163085938,40.74470138549805,932.49,4359,4359,4395.13,5389.03,36.13000000000011,61.40999999999963,1.0658559341118936
32340,-73.97554779052734,40.74884414672852,-73.96441650390625,40.75486373901367,324.24,4360,4360,-1.0,-1.0,-1,-1,0.0
32341,-73.99488067626955,40.72502517700195,-73.98116302490234,40.74700164794922,605.19,4360,4360,-1.0,-1.0,-1,-1,0.0
32342,-74.00074005126955,40.74206924438477,-73.99191284179686,40.769264221191406,653.41,4360,4360,-1.0,-1.0,-1,-1,0.0
32343,-73.95550537109375,40.7820701599121,-73.98441314697266,40.74253845214844,1116.07,4360,4360,4514.09,5630.16,154.09000000000015,-2.2737367544323206e-13,0.9999999999999998
32344,-73.9750747680664,40.79021453857422,-73.98222351074219,40.77484893798828,327.77,4360,4360,-1.0,-1.0,-1,-1,0.0
32345,-73.96099090576173,40.77584838867188,-73.95482635498048,40.78340148925781,199.7,4360,4360,-1.0,-1.0,-1,-1,0.0
32346,-73.96898651123048,40.754173278808594,-73.9758071899414,40.74473571777344,214.21,4361,4361,4391.93,4606.14,30.93000000000029,2.842170943040401e-14,1.0000000000000002
32347,-73.98320007324219,40.730560302734375,-73.97550964355469,40.741249084472656,191.93,4361,4361,4382.3,4574.23,21.300000000000182,-6.252776074688882e-13,0.9999999999999968
32348,-73.96199035644531,40.77047729492188,-73.95447540283203,40.77402877807617,198.4,4361,4361,-1.0,-1.0,-1,-1,0.0
32349,-73.96610260009766,40.7740364074707,-73.97318267822266,40.76426315307617,270.35,4361,4361,-1.0,-1.0,-1,-1,0.0
32350,-73.98062133789062,40.730018615722656,-73.99137115478516,40.727363586425774,315.75,4361,4361,-1.0,-1.0,-1,-1,0.0
32351,-73.9918212890625,40.7498435974121,-73.95262908935547,40.77829360961913,1249.59,4361,4361,-1.0,-1.0,-1,-1,0.0
32352,-73.99092102050781,40.755531311035156,-73.99859619140625,40.76398849487305,405.42,4362,4362,4383.11,4788.53,21.109999999999673,5.684341886080802e-14,1.0000000000000002
32353,-73.98947143554686,40.73548889160156,-73.97676849365234,40.7452278137207,396.39,4362,4362,4420.04,4822.9,58.039999999999964,6.469999999999686,1.0163223088372555
32354,-73.96538543701173,40.80561065673828,-73.96337127685547,40.79346466064453,367.28,4362,4362,4468.66,4835.94,106.65999999999985,-2.2737367544323206e-13,0.9999999999999993
32355,-73.94387817382812,40.7955207824707,-73.95503997802734,40.80491638183594,400.34,4362,4362,4604.37,5004.71,242.3699999999999,1.7053025658242404e-13,1.0000000000000004
32356,-74.00509643554686,40.74119186401367,-73.99987030029298,40.73449325561523,292.75,4362,4362,-1.0,-1.0,-1,-1,0.0
32357,-73.99472045898438,40.734073638916016,-74.00586700439453,40.740047454833984,407.83,4362,4362,4394.45,4855.91,32.44999999999982,53.63000000000005,1.1315008704607312
32358,-73.9912109375,40.73971176147461,-73.99429321289062,40.733001708984375,185.46,4362,4362,4397.33,4582.79,35.32999999999993,2.842170943040401e-14,1.0000000000000002
32359,-73.97303009033203,40.755271911621094,-73.98633575439453,40.72988510131836,564.7,4362,4362,4413.9,4982.8,51.899999999999636,4.2000000000005,1.0074375774747661
32360,-73.99591827392578,40.76422119140625,-74.01464080810547,40.7107810974121,870.08,4362,4362,4414.55,5331.87,52.55000000000018,47.23999999999967,1.0542938580360424
32361,-73.98914337158203,40.74806594848633,-73.97127532958984,40.80037307739258,1139.75,4362,4362,4397.15,5618.37,35.149999999999636,81.47000000000025,1.0714805878482125
32362,-74.01534271240234,40.711368560791016,-73.95523071289062,40.76859664916992,1142.8,4362,4362,4466.26,5609.06,104.26000000000022,2.2737367544323206e-13,1.0000000000000002
32363,-74.0010986328125,40.75170135498047,-74.00186157226562,40.74280166625977,326.94,4362,4362,-1.0,-1.0,-1,-1,0.0
32364,-73.97584533691406,40.77634811401367,-73.96784973144531,40.7973861694336,426.84,4362,4362,4392.4,4891.15,30.399999999999636,71.91000000000003,1.1684706213100928
32365,-73.98493194580078,40.75110626220703,-73.97599792480467,40.77630233764648,704.25,4363,4363,-1.0,-1.0,-1,-1,0.0
32366,-73.96687316894531,40.78855514526367,-73.9831771850586,40.77140426635742,427.72,4363,4363,4484.71,4912.43,121.71000000000004,2.2737367544323206e-13,1.0000000000000004
32367,-73.99342346191406,40.74215316772461,-73.98944854736328,40.75799179077149,513.71,4363,4363,4383.28,4896.99,20.279999999999745,0.0,1.0
32368,-73.98741912841797,40.75529861450195,-73.99369049072266,40.72436141967773,938.41,4363,4363,-1.0,-1.0,-1,-1,0.0
32369,-73.9718246459961,40.75481796264648,-73.95816040039062,40.77307891845703,410.57,4363,4363,4414.83,4825.4,51.82999999999993,-2.8421709430404007e-13,0.9999999999999993
32370,-73.99221038818358,40.749507904052734,-73.97713470458984,40.72670364379883,821.39,4364,4364,-1.0,-1.0,-1,-1,0.0
32371,-73.98441314697266,40.74591064453125,-74.00816345214845,40.73788833618164,724.17,4364,4364,-1.0,-1.0,-1,-1,0.0
32372,-73.97779846191406,40.76448059082031,-73.96076202392578,40.76979064941406,498.63,4364,4364,-1.0,-1.0,-1,-1,0.0
32373,-73.98080444335938,40.78202819824219,-73.97029876708984,40.76574325561523,632.45,4364,4364,4425.25,5057.7,61.25,-2.2737367544323206e-13,0.9999999999999997
32374,-73.97503662109375,40.75306701660156,-73.95119476318358,40.78362655639648,701.27,4364,4364,-1.0,-1.0,-1,-1,0.0
32375,-73.97510528564453,40.75654983520508,-73.99365234375,40.731849670410156,791.1,4364,4364,-1.0,-1.0,-1,-1,0.0
32376,-73.99839782714845,40.760658264160156,-73.99073028564453,40.731529235839844,921.36,4364,4364,4394.46,5315.82,30.460000000000036,-3.410605131648481e-13,0.9999999999999997
32377,-73.99027252197266,40.7377815246582,-73.97251892089844,40.75305938720703,596.05,4364,4364,4403.46,4999.51,39.460000000000036,2.2737367544323206e-13,1.0000000000000004
32378,-73.9523696899414,40.77732849121094,-73.96879577636719,40.78615188598633,435.5,4364,4364,4520.8,4956.3,156.80000000000018,0.0,1.0
32379,-74.00135803222656,40.75160217285156,-73.99444580078125,40.72688293457031,873.17,4364,4364,-1.0,-1.0,-1,-1,0.0
32380,-73.9798126220703,40.74398040771485,-73.98766326904298,40.74750900268555,390.83,4364,4364,-1.0,-1.0,-1,-1,0.0
32381,-73.97614288330078,40.7402229309082,-73.960693359375,40.79716873168945,1237.42,4364,4364,4381.09,5630.96,17.090000000000146,12.449999999999818,1.0100612564852676
32382,-73.9883270263672,40.733699798583984,-73.98859405517578,40.72122573852539,640.94,4365,4365,-1.0,-1.0,-1,-1,0.0
32383,-73.97479248046875,40.74199295043945,-73.9846420288086,40.76417922973633,920.47,4365,4365,-1.0,-1.0,-1,-1,0.0
32384,-73.96956634521484,40.76081085205078,-73.959228515625,40.78039932250977,497.6,4365,4365,-1.0,-1.0,-1,-1,0.0
32385,-73.97752380371094,40.74937057495117,-73.98873138427734,40.73662185668945,332.45,4365,4365,4410.38,4742.83,45.38000000000011,-1.7053025658242404e-13,0.9999999999999994
32386,-73.9661407470703,40.79486846923828,-73.98942565917969,40.74556350708008,1364.74,4365,4365,4505.89,5870.63,140.89000000000033,-2.2737367544323206e-13,0.9999999999999998
32387,-73.98695373535155,40.76121139526367,-74.0043411254883,40.751068115234375,509.51,4365,4365,4420.24,4984.96,55.23999999999978,55.210000000000264,1.1083590115993802
32388,-73.9983139038086,40.722747802734375,-73.95552062988281,40.77610778808594,1288.13,4365,4365,4422.8,5745.43,57.80000000000018,34.5,1.0267830110314953
32389,-73.97766876220702,40.758731842041016,-73.97673034667969,40.76497650146485,298.42,4365,4365,4400.02,4778.9,35.02000000000044,80.45999999999918,1.2696199986596046
32390,-74.00700378417969,40.73503112792969,-73.98771667480467,40.75793838500977,626.63,4365,4365,4503.75,5130.38,138.75,1.1368683772161603e-13,1.0000000000000002
32391,-73.9822998046875,40.769020080566406,-73.99076843261719,40.77505111694336,326.92,4365,4365,-1.0,-1.0,-1,-1,0.0
32392,-74.00405883789062,40.742881774902344,-73.96302032470702,40.77445983886719,1170.42,4366,4366,4393.2,5563.62,27.199999999999818,0.0,1.0
32393,-73.96768188476562,40.7653694152832,-73.9581298828125,40.7788314819336,305.66,4366,4366,-1.0,-1.0,-1,-1,0.0
32394,-74.0022964477539,40.734291076660156,-74.00676727294923,40.71975326538085,278.41,4366,4366,4391.63,4670.04,25.63000000000011,-1.7053025658242404e-13,0.9999999999999993
32395,-73.9765396118164,40.75035858154297,-73.97949981689453,40.77624893188477,1000.26,4366,4366,-1.0,-1.0,-1,-1,0.0
32396,-73.97245788574219,40.75664520263672,-73.98615264892578,40.73069763183594,585.91,4366,4366,4409.13,4999.24,43.13000000000011,4.199999999999704,1.0071683364339228
32397,-73.9922866821289,40.75909805297852,-73.99169158935547,40.74163436889648,550.16,4366,4366,4395.4,5004.01,29.399999999999636,58.450000000000614,1.1062418205612923
32398,-73.94593048095702,40.77968215942383,-73.95764923095702,40.76972198486328,311.47,4367,4367,4595.95,4907.42,228.94999999999982,2.2737367544323206e-13,1.0000000000000007
32399,-73.97936248779298,40.75574111938477,-73.99214935302734,40.749290466308594,418.49,4367,4367,4423.18,4888.9800000000005,56.18000000000029,47.31000000000017,1.1130492962794813
32400,-73.99049377441406,40.74558639526367,-73.98702239990234,40.72831344604492,590.52,4367,4367,-1.0,-1.0,-1,-1,0.0
32401,-73.97677612304686,40.75043869018555,-73.9838638305664,40.748008728027344,261.2,4367,4367,-1.0,-1.0,-1,-1,0.0
32402,-74.00904846191406,40.71743774414063,-73.9832992553711,40.77603530883789,1058.51,4367,4367,4399.08,5462.81,32.07999999999993,5.220000000000482,1.0049314602601775
32403,-73.98456573486328,40.74304580688477,-73.97569274902342,40.78218078613281,1105.21,4368,4368,-1.0,-1.0,-1,-1,0.0
32404,-74.0042724609375,40.74201583862305,-74.01573181152342,40.70758819580078,811.23,4368,4368,4450.8,5262.03,82.80000000000018,-4.547473508864641e-13,0.9999999999999994
32405,-73.95980072021484,40.77350997924805,-73.97860717773438,40.77490997314453,509.0,4368,4368,-1.0,-1.0,-1,-1,0.0
32406,-73.97514343261719,40.754241943359375,-73.9830322265625,40.76069259643555,465.55,4368,4368,-1.0,-1.0,-1,-1,0.0
32407,-73.99310302734375,40.767913818359375,-73.95606231689453,40.775962829589844,898.5,4368,4368,4395.93,5363.18,27.93000000000029,68.75,1.0765164162493044
32408,-74.00040435791014,40.72560501098633,-73.9916458129883,40.72698974609375,345.35,4368,4368,-1.0,-1.0,-1,-1,0.0
32409,-73.98529052734375,40.75873947143555,-73.99605560302734,40.72243118286133,1116.84,4368,4368,4407.82,5587.72,39.81999999999971,63.06000000000063,1.056462877404105
32410,-74.00309753417969,40.74917984008789,-73.9845962524414,40.76848220825195,469.65,4369,4369,-1.0,-1.0,-1,-1,0.0
32411,-73.98159790039062,40.760501861572266,-73.96987915039062,40.753753662109375,581.62,4369,4369,-1.0,-1.0,-1,-1,0.0
32412,-73.98310852050781,40.755836486816406,-73.96101379394531,40.759315490722656,687.7,4369,4369,4409.88,5141.77,40.88000000000011,44.19000000000028,1.0642576704958562
32413,-73.95426177978516,40.77860641479492,-73.94416046142578,40.79220581054688,186.66,4369,4369,4390.92,4577.58,21.920000000000073,-1.4210854715202004e-13,0.9999999999999992
32414,-73.98990631103516,40.73453140258789,-73.97776794433594,40.74605941772461,396.14,4369,4369,-1.0,-1.0,-1,-1,0.0
32415,-73.97147369384766,40.74951171875,-73.98143768310547,40.74411010742188,293.24,4369,4369,4421.26,4752.09,52.26000000000022,37.58999999999992,1.1281885145273494
32416,-73.99400329589844,40.74032211303711,-74.00231170654298,40.750312805175774,351.07,4370,4370,-1.0,-1.0,-1,-1,0.0
32417,-73.98311614990234,40.74335861206055,-73.98686218261719,40.72124099731445,696.6,4370,4370,-1.0,-1.0,-1,-1,0.0
32418,-73.98243713378906,40.7454490661621,-73.99234771728516,40.74923706054688,414.94,4370,4370,-1.0,-1.0,-1,-1,0.0
32419,-73.98300170898438,40.762222290039055,-73.99845123291014,40.760658264160156,473.09,4370,4370,-1.0,-1.0,-1,-1,0.0
32420,-74.00068664550781,40.72600936889648,-73.99727630615234,40.73677444458008,249.78,4370,4370,-1.0,-1.0,-1,-1,0.0
32421,-73.97695922851562,40.74342346191406,-73.98368835449219,40.7557487487793,627.07,4371,4371,4390.35,5017.42,19.350000000000364,-3.410605131648481e-13,0.9999999999999994
32422,-73.9893798828125,40.75342178344727,-73.95638275146483,40.77407836914063,1028.3,4371,4371,-1.0,-1.0,-1,-1,0.0
32423,-73.95980072021484,40.80114364624024,-73.96990203857422,40.78987503051758,216.8,4371,4371,4509.67,4726.47,138.67000000000007,1.7053025658242404e-13,1.0000000000000009
32424,-73.95714569091797,40.777626037597656,-73.97650146484375,40.76450729370117,683.72,4371,4371,4424.400000000001,5108.12,53.400000000000546,-6.821210263296962e-13,0.999999999999999
32425,-73.9901351928711,40.7408561706543,-73.9584732055664,40.82054138183594,1524.3,4371,4371,4430.04,5954.34,59.039999999999964,2.2737367544323206e-13,1.0000000000000002
32426,-73.98992156982422,40.76208114624024,-73.98853302001955,40.742977142333984,713.67,4371,4371,4472.91,5186.58,101.90999999999985,1.1368683772161603e-13,1.0000000000000002
32427,-73.99712371826173,40.73675537109375,-73.96537017822266,40.790443420410156,1313.01,4371,4371,4400.13,5793.65,29.13000000000011,80.50999999999954,1.0613171262975907
32428,-73.97652435302734,40.76415252685547,-73.98897552490234,40.73472213745117,941.26,4372,4372,-1.0,-1.0,-1,-1,0.0
32429,-73.99256134033203,40.754966735839844,-73.97933959960938,40.75315856933594,375.18,4372,4372,-1.0,-1.0,-1,-1,0.0
32430,-73.95817565917969,40.78191375732422,-73.97329711914062,40.783557891845696,307.29,4372,4372,-1.0,-1.0,-1,-1,0.0
32431,-73.98230743408203,40.77326583862305,-74.0089111328125,40.71563720703125,1279.57,4372,4372,4425.89,5705.459999999999,53.89000000000033,-1.1368683772161603e-12,0.9999999999999991
32432,-74.00879669189453,40.7138557434082,-73.98966979980467,40.7343635559082,659.32,4372,4372,4402.82,5062.14,30.81999999999971,5.684341886080801e-13,1.0000000000000009
32433,-73.9990005493164,40.763984680175774,-73.98861694335938,40.73722457885742,903.2,4372,4372,-1.0,-1.0,-1,-1,0.0
32434,-73.9771499633789,40.747169494628906,-73.97785186767578,40.75727462768555,541.23,4372,4372,4456.99,4998.22,84.98999999999978,4.547473508864641e-13,1.0000000000000009
32435,-73.9752197265625,40.7613410949707,-73.97239685058595,40.75500106811523,335.04,4372,4372,-1.0,-1.0,-1,-1,0.0
32436,-73.95767974853516,40.769832611083984,-73.9605484008789,40.76306915283203,262.47,4372,4372,4398.12,4660.59,26.11999999999989,2.2737367544323206e-13,1.0000000000000009
32437,-73.96308898925781,40.75794982910156,-73.95942687988281,40.76921081542969,216.86,4372,4372,4429.37,4687.81,57.36999999999989,41.580000000000496,1.1917366042608157
32438,-73.97824859619139,40.76288986206055,-73.97708129882812,40.75326919555664,445.38,4372,4372,-1.0,-1.0,-1,-1,0.0
32439,-73.97506713867188,40.76559066772461,-73.98956298828125,40.740318298339844,711.97,4372,4372,-1.0,-1.0,-1,-1,0.0
32440,-73.97946166992188,40.76042938232422,-73.9814453125,40.76887512207031,282.8,4372,4372,-1.0,-1.0,-1,-1,0.0
32441,-74.00118255615234,40.74646759033203,-73.98042297363281,40.73766708374024,511.45,4372,4372,-1.0,-1.0,-1,-1,0.0
32442,-73.98514556884766,40.761085510253906,-73.96878051757811,40.76464080810547,623.09,4373,4373,-1.0,-1.0,-1,-1,0.0
32443,-73.97020721435547,40.762603759765625,-74.00505828857422,40.73191452026367,1104.54,4373,4373,-1.0,-1.0,-1,-1,0.0
32444,-74.00669860839844,40.730228424072266,-73.996826171875,40.72678756713867,397.65,4373,4373,-1.0,-1.0,-1,-1,0.0
32445,-73.96279907226562,40.7706184387207,-73.98330688476562,40.76591110229492,748.82,4373,4373,-1.0,-1.0,-1,-1,0.0
32446,-73.99661254882812,40.76336288452149,-73.9896011352539,40.74009323120117,725.44,4373,4373,4430.94,5172.79,57.9399999999996,16.41000000000031,1.0226207543008385
32447,-73.99132537841797,40.74506759643555,-73.99374389648438,40.721229553222656,823.46,4374,4374,-1.0,-1.0,-1,-1,0.0
32448,-73.95767974853516,40.76837158203125,-73.9549560546875,40.78320693969727,399.57,4374,4374,4398.5,4877.72,24.5,79.65000000000026,1.1993392897364674
32449,-73.98495483398438,40.726726531982415,-73.97914123535155,40.758384704589844,902.42,4374,4374,4389.91,5371.58,15.909999999999854,79.25000000000011,1.0878194188958579
32450,-74.00443267822266,40.730823516845696,-74.00479888916014,40.740882873535156,282.42,4374,4374,-1.0,-1.0,-1,-1,0.0
32451,-73.97655487060547,40.75117111206055,-74.00938415527344,40.71979141235352,1031.88,4374,4374,4380.79,5511.67,6.789999999999964,99.0,1.0959413885335505
32452,-73.97947692871094,40.760826110839844,-73.9822540283203,40.76826477050781,279.63,4374,4374,-1.0,-1.0,-1,-1,0.0
32453,-73.99276733398438,40.74873733520508,-74.00343322753906,40.723934173583984,597.29,4375,4375,-1.0,-1.0,-1,-1,0.0
32454,-73.97837829589844,40.720462799072266,-73.97537231445312,40.72874450683594,201.13,4375,4375,4542.96,4744.09,167.96000000000004,1.1368683772161603e-13,1.0000000000000007
32455,-73.99591064453125,40.74351119995117,-74.00730895996094,40.74123001098633,351.91,4375,4375,4404.42,4756.33,29.420000000000073,-1.7053025658242404e-13,0.9999999999999996
32456,-73.98699188232422,40.75839614868164,-74.00265502929686,40.76068878173828,493.84,4375,4375,4404.7699999999995,4919.7699999999995,29.769999999999527,21.160000000000025,1.0428478859549652
32457,-73.96991729736328,40.79986953735352,-73.97701263427734,40.79005813598633,183.19,4375,4375,4420.21,4648.44,45.210000000000036,45.039999999999566,1.2458649489600937
32458,-74.00189971923827,40.735313415527344,-73.99588012695312,40.72321319580078,539.26,4375,4375,4423.86,4963.12,48.85999999999967,2.2737367544323206e-13,1.0000000000000004
32459,-73.98269653320312,40.75064086914063,-74.00605773925781,40.73980712890625,692.67,4375,4375,4415.2,5107.87,40.19999999999982,1.1368683772161603e-13,1.0000000000000002
32460,-73.9778823852539,40.7587776184082,-73.95674896240234,40.77827835083008,665.77,4375,4375,4404.26,5070.03,29.26000000000022,-4.547473508864641e-13,0.9999999999999993
32461,-73.96976470947266,40.75615692138672,-73.9935302734375,40.757232666015625,826.15,4375,4375,-1.0,-1.0,-1,-1,0.0
32462,-73.98584747314453,40.77251815795898,-73.9720687866211,40.783069610595696,371.41,4375,4375,4384.11,4825.2699999999995,9.109999999999673,69.74999999999983,1.1877978514310326
32463,-73.97483825683594,40.74190902709961,-74.01132202148438,40.71342086791992,927.54,4376,4376,-1.0,-1.0,-1,-1,0.0
32464,-73.96219635009766,40.770503997802734,-73.98115539550781,40.7734375,487.79,4376,4376,-1.0,-1.0,-1,-1,0.0
32465,-73.97154998779298,40.794681549072266,-73.9428176879883,40.82278060913085,806.77,4376,4376,4412.46,5219.23,36.460000000000036,-4.547473508864641e-13,0.9999999999999994
32466,-73.94833374023438,40.78258895874024,-73.96025848388672,40.76642990112305,382.92,4376,4376,-1.0,-1.0,-1,-1,0.0
32467,-73.95401000976562,40.80144882202149,-73.96671295166014,40.78902816772461,346.76,4377,4377,4570.75,4917.51,193.75,2.2737367544323206e-13,1.0000000000000007
32468,-73.98847961425781,40.7588119506836,-73.95835876464845,40.769813537597656,877.69,4377,4377,4394.79,5352.5199999999995,17.789999999999964,80.03999999999951,1.0911939295195336
32469,-73.97789764404298,40.76640319824219,-73.98201751708984,40.774578094482415,222.66,4377,4377,4380.0,4602.66,3.0,-1.4210854715202004e-13,0.9999999999999993
32470,-73.98052215576173,40.73401641845703,-73.98191833496094,40.74038696289063,244.35,4377,4377,-1.0,-1.0,-1,-1,0.0
32471,-73.97096252441406,40.75727081298828,-73.96434020996094,40.75777816772461,259.99,4377,4377,-1.0,-1.0,-1,-1,0.0
32472,-73.97911071777342,40.74430847167969,-73.99015808105469,40.7252082824707,436.31,4378,4378,4429.01,4865.32,51.01000000000022,-5.115907697472721e-13,0.9999999999999988
32473,-73.9699478149414,40.76556015014648,-73.98764038085938,40.77544403076172,518.92,4378,4378,-1.0,-1.0,-1,-1,0.0
32474,-73.9632797241211,40.77470397949219,-73.97447204589844,40.78755569458008,379.7,4378,4378,4380.0,4759.7,2.0,-1.7053025658242404e-13,0.9999999999999996
32475,-73.96456909179686,40.755836486816406,-74.01416015625,40.71653366088867,1232.42,4378,4378,-1.0,-1.0,-1,-1,0.0
32476,-74.00698852539062,40.72890090942383,-73.99405670166014,40.73799133300781,429.24,4378,4378,-1.0,-1.0,-1,-1,0.0
32477,-73.99540710449219,40.74384307861328,-73.94686126708984,40.77492904663085,1174.27,4378,4378,4385.54,5608.64,7.539999999999964,48.83000000000038,1.0415832815280985
32478,-73.98707580566406,40.72920608520508,-73.93546295166014,40.795806884765625,1153.87,4378,4378,4418.96,5572.83,40.960000000000036,0.0,1.0
32479,-73.98397064208984,40.77381134033203,-73.96424102783203,40.76554489135742,553.29,4378,4378,4380.0,5035.38,2.0,102.09000000000015,1.1845144499268019
32480,-74.00898742675781,40.710548400878906,-73.98169708251955,40.72430038452149,756.4,4379,4379,4406.5,5162.900000000001,27.5,5.684341886080801e-13,1.0000000000000007
32481,-73.95732116699219,40.77997589111328,-73.9719467163086,40.7606201171875,569.79,4379,4379,4520.79,5090.58,141.78999999999996,0.0,1.0
32482,-74.00904083251955,40.7161865234375,-74.0056381225586,40.74824142456055,579.15,4379,4379,-1.0,-1.0,-1,-1,0.0
32483,-73.97621154785155,40.77595138549805,-73.96521759033203,40.772621154785156,470.97,4379,4379,4407.68,4878.65,28.68000000000029,-6.821210263296962e-13,0.9999999999999986
32484,-73.96502685546875,40.769142150878906,-73.97370910644531,40.77942276000977,434.62,4379,4379,-1.0,-1.0,-1,-1,0.0
32485,-73.97982025146483,40.754791259765625,-73.96218872070312,40.77893829345703,690.81,4379,4379,-1.0,-1.0,-1,-1,0.0
32486,-73.97572326660156,40.79187393188477,-73.97721099853516,40.785255432128906,218.71,4379,4379,4527.33,4746.04,148.32999999999993,2.842170943040401e-14,1.0000000000000002
32487,-73.9916763305664,40.75468826293945,-73.98560333251955,40.768028259277344,361.64,4379,4379,-1.0,-1.0,-1,-1,0.0
32488,-73.9925079345703,40.74267959594727,-73.99449920654298,40.7503318786621,267.13,4380,4380,4398.96,4682.76,18.960000000000036,16.670000000000186,1.0624040729232964
32489,-73.96584320068358,40.75428009033203,-73.95973205566406,40.770671844482415,378.64,4380,4380,4483.04,4861.68,103.03999999999996,3.410605131648481e-13,1.0000000000000009
32490,-73.98963928222656,40.71883010864258,-74.01110076904298,40.703289031982415,602.21,4380,4380,4743.58,5345.79,363.5799999999999,0.0,1.0
32491,-73.97462463378906,40.7876205444336,-73.97402954101562,40.77901840209961,247.86,4380,4380,4422.09,4705.51,42.090000000000146,35.56000000000006,1.1434680868232068
32492,-73.97049713134766,40.75617980957031,-73.96473693847656,40.76891708374024,361.62,4380,4380,4391.01,4752.63,11.010000000000218,-1.1368683772161603e-13,0.9999999999999997
32493,-73.99485015869139,40.75020980834961,-73.94731903076173,40.77434158325195,1333.07,4380,4380,4414.68,5785.15,34.68000000000029,37.39999999999941,1.028055540969341
32494,-73.99015045166014,40.73124313354492,-73.99332427978516,40.73254776000977,248.25,4380,4380,-1.0,-1.0,-1,-1,0.0
32495,-73.99015808105469,40.73376846313477,-73.97525787353516,40.72176742553711,591.28,4380,4380,-1.0,-1.0,-1,-1,0.0
32496,-73.9937744140625,40.7670783996582,-74.0178985595703,40.706302642822266,1064.67,4381,4381,4548.05,5612.719999999999,167.05000000000018,-9.094947017729282e-13,0.9999999999999991
32497,-74.00253295898438,40.75522994995117,-73.9848098754883,40.77927017211913,588.78,4381,4381,-1.0,-1.0,-1,-1,0.0
32498,-73.98540496826173,40.75961685180664,-73.9900131225586,40.73772811889648,858.0,4381,4381,-1.0,-1.0,-1,-1,0.0
32499,-73.97335052490234,40.74333572387695,-74.00868225097656,40.71935272216797,987.61,4381,4381,4719.21,5706.82,338.21000000000004,-3.410605131648481e-13,0.9999999999999997
32500,-73.97924041748048,40.75020980834961,-73.99088287353516,40.75603866577149,436.83,4381,4381,-1.0,-1.0,-1,-1,0.0
32501,-73.97032165527342,40.762367248535156,-73.9625473022461,40.77548599243164,344.8,4381,4381,-1.0,-1.0,-1,-1,0.0
32502,-73.9688720703125,40.76739883422852,-73.98554229736328,40.74156951904297,796.26,4381,4381,-1.0,-1.0,-1,-1,0.0
32503,-74.0010223388672,40.73451614379883,-73.97734069824219,40.76490783691406,853.34,4381,4381,4472.58,5325.92,91.57999999999993,1.1368683772161603e-13,1.0000000000000002
32504,-73.98298645019531,40.76692581176758,-73.98995971679686,40.75735092163085,442.36,4381,4381,-1.0,-1.0,-1,-1,0.0
32505,-73.98548126220702,40.76325607299805,-74.00245666503906,40.74483108520508,585.66,4381,4381,-1.0,-1.0,-1,-1,0.0
32506,-74.00418853759766,40.70758056640625,-73.9923095703125,40.7152214050293,262.87,4381,4381,4496.42,4759.29,115.42000000000007,-1.1368683772161603e-13,0.9999999999999996
32507,-74.00486755371094,40.722904205322266,-73.98113250732422,40.74944686889648,767.46,4381,4381,4410.0,5177.46,29.0,0.0,1.0
32508,-73.98152160644531,40.73724365234375,-74.00414276123048,40.728553771972656,600.26,4382,4382,-1.0,-1.0,-1,-1,0.0
32509,-73.94705200195312,40.78019714355469,-73.94967651367188,40.78632736206055,208.75,4382,4382,4537.95,4746.7,155.94999999999982,0.0,1.0
32510,-73.99003601074219,40.74464797973633,-73.97980499267578,40.77886962890625,970.72,4382,4382,4475.08,5445.8,93.07999999999993,2.2737367544323206e-13,1.0000000000000002
32511,-73.98234558105469,40.775146484375,-73.94690704345702,40.7775764465332,929.5,4382,4382,-1.0,-1.0,-1,-1,0.0
32512,-73.99667358398438,40.74282836914063,-73.99462127685547,40.75051879882813,224.13,4382,4382,-1.0,-1.0,-1,-1,0.0
32513,-74.00482177734375,40.74172973632813,-73.9915771484375,40.72365188598633,799.2,4382,4382,-1.0,-1.0,-1,-1,0.0
32514,-73.98522186279298,40.7612190246582,-73.98237609863281,40.772621154785156,375.81,4382,4382,-1.0,-1.0,-1,-1,0.0
32515,-73.99079895019531,40.73466873168945,-73.98497772216798,40.724117279052734,419.57,4382,4382,-1.0,-1.0,-1,-1,0.0
32516,-73.98088073730467,40.76911926269531,-73.97662353515625,40.78802108764648,464.96,4382,4382,-1.0,-1.0,-1,-1,0.0
32517,-73.96260833740234,40.76985168457031,-73.98783111572266,40.74908065795898,1041.38,4382,4382,4424.49,5465.87,42.48999999999978,0.0,1.0
32518,-73.97930145263672,40.75296020507813,-73.96117401123048,40.76513671875,659.01,4382,4382,-1.0,-1.0,-1,-1,0.0
32519,-73.96742248535155,40.769020080566406,-73.95905303955078,40.77471923828125,238.17,4383,4383,4422.28,4660.45,39.279999999999745,8.526512829121202e-14,1.0000000000000004
32520,-73.9787826538086,40.75720977783203,-73.98824310302734,40.74336242675781,320.81,4383,4383,4434.45,4755.26,51.44999999999982,3.979039320256561e-13,1.0000000000000013
32521,-73.96761322021484,40.792793273925774,-73.97625732421875,40.7889518737793,193.64,4383,4383,4419.75,4613.39,36.75,3.410605131648481e-13,1.0000000000000018
32522,-74.00804138183594,40.73878860473633,-74.0025863647461,40.73395919799805,305.66,4383,4383,-1.0,-1.0,-1,-1,0.0
32523,-74.00392150878906,40.71685028076172,-74.00538635253906,40.71134948730469,276.64,4383,4383,-1.0,-1.0,-1,-1,0.0
32524,-73.96459197998048,40.76995086669922,-73.9531021118164,40.78551864624024,377.99,4383,4383,-1.0,-1.0,-1,-1,0.0
32525,-73.98835754394531,40.7275505065918,-73.98706817626955,40.720909118652344,280.91,4383,4383,4428.2,4709.11,45.19999999999982,-1.7053025658242404e-13,0.9999999999999994
32526,-73.99394989013672,40.74125671386719,-73.99121856689453,40.75569534301758,487.08,4383,4383,-1.0,-1.0,-1,-1,0.0
32527,-73.99085235595702,40.73086166381836,-73.99336242675781,40.76226425170898,941.12,4383,4383,4539.49,5480.61,156.48999999999978,-1.1368683772161603e-13,0.9999999999999999
32528,-73.9876480102539,40.75997924804688,-73.96661376953125,40.78423309326172,556.78,4384,4384,4429.3,4986.08,45.30000000000018,-2.2737367544323206e-13,0.9999999999999996
32529,-73.94927978515625,40.77309036254883,-73.95799255371094,40.76121139526367,302.81,4384,4384,4433.5,4736.31,49.5,3.979039320256561e-13,1.0000000000000013
32530,-73.95757293701173,40.774410247802734,-73.95535278320312,40.78245544433594,226.58,4384,4384,4431.9,4683.76,47.899999999999636,25.28000000000057,1.1115720716744664
32531,-74.01560974121094,40.71474075317383,-73.98748016357422,40.7446517944336,962.24,4384,4384,-1.0,-1.0,-1,-1,0.0
32532,-74.00739288330078,40.741920471191406,-73.98423767089844,40.74342727661133,672.76,4384,4384,4424.9,5175.2,40.899999999999636,77.54000000000019,1.1152565550865097
32533,-73.98202514648438,40.73636245727539,-73.99229431152342,40.724796295166016,335.02,4384,4384,4415.61,4750.63,31.609999999999673,4.547473508864641e-13,1.0000000000000013
32534,-73.97384643554686,40.76301574707031,-73.9598617553711,40.76934051513672,408.01,4384,4384,4410.76,4839.49,26.76000000000022,20.719999999999573,1.0507830690424245
32535,-73.95742797851562,40.77402114868164,-73.97119903564453,40.75114822387695,669.35,4384,4384,-1.0,-1.0,-1,-1,0.0
32536,-73.98993682861328,40.733558654785156,-74.00287628173827,40.72766876220703,424.93,4384,4384,-1.0,-1.0,-1,-1,0.0
32537,-73.95960235595702,40.771080017089844,-73.95069122314453,40.779090881347656,204.23,4384,4384,4421.04,4625.27,37.039999999999964,4.831690603168681e-13,1.0000000000000024
32538,-73.97503662109375,40.75328826904297,-73.98731994628906,40.72214126586913,834.88,4384,4384,-1.0,-1.0,-1,-1,0.0
32539,-73.9449462890625,40.77834701538085,-73.98997497558594,40.740989685058594,1163.53,4385,4385,4465.29,5628.82,80.28999999999996,-2.2737367544323206e-13,0.9999999999999998
32540,-73.9513168334961,40.78596496582031,-73.95683288574219,40.77662658691406,185.79,4385,4385,4483.33,4669.12,98.32999999999993,-2.842170943040401e-14,0.9999999999999999
32541,-73.98606872558594,40.743629455566406,-73.98014831542969,40.75141906738281,217.94,4385,4385,-1.0,-1.0,-1,-1,0.0
32542,-73.99378967285155,40.74126052856445,-73.9921646118164,40.74934768676758,271.96,4385,4385,-1.0,-1.0,-1,-1,0.0
32543,-73.9691848754883,40.80095672607422,-73.96529388427734,40.76615524291992,1004.67,4385,4385,4468.62,5498.18,83.61999999999989,24.89000000000044,1.024774304000319
32544,-73.97330474853516,40.74405288696289,-73.95571899414062,40.764076232910156,434.42,4385,4385,4436.33,4906.12,51.32999999999993,35.36999999999995,1.0814189033654067
32545,-74.00295257568358,40.7493896484375,-73.9969482421875,40.73337936401367,540.12,4386,4386,-1.0,-1.0,-1,-1,0.0
32546,-73.97545623779298,40.75476837158203,-73.9708480834961,40.76197814941406,221.78,4386,4386,-1.0,-1.0,-1,-1,0.0
32547,-73.97766876220702,40.78403854370117,-73.98387145996094,40.78550720214844,220.33,4386,4386,-1.0,-1.0,-1,-1,0.0
32548,-74.01551818847656,40.71433639526367,-74.00695037841797,40.7158432006836,232.12,4386,4386,-1.0,-1.0,-1,-1,0.0
32549,-73.97691345214844,40.76502227783203,-73.98339080810547,40.760650634765625,317.8,4386,4386,-1.0,-1.0,-1,-1,0.0
32550,-73.98126220703125,40.72502517700195,-73.99150848388672,40.726234436035156,291.88,4387,4387,4410.0,4701.88,23.0,1.1368683772161603e-13,1.0000000000000004
32551,-73.97291564941406,40.75282669067383,-73.97067260742188,40.76155853271485,329.14,4387,4387,4423.66,4752.8,36.659999999999854,3.410605131648481e-13,1.000000000000001
32552,-73.9828567504883,40.751777648925774,-73.98922729492188,40.74541473388672,224.46,4387,4387,4550.38,4774.84,163.3800000000001,2.842170943040401e-14,1.0000000000000002
32553,-73.99408721923827,40.75102996826172,-73.98664093017578,40.76860046386719,549.66,4387,4387,-1.0,-1.0,-1,-1,0.0
32554,-73.962890625,40.7581901550293,-73.98235321044923,40.77154922485352,762.47,4387,4387,4538.79,5301.26,151.78999999999996,2.2737367544323206e-13,1.0000000000000002
32555,-73.98995208740234,40.739990234375,-74.00791931152342,40.751380920410156,608.57,4387,4387,-1.0,-1.0,-1,-1,0.0
32556,-73.96878814697266,40.7591209411621,-73.95523834228516,40.80443954467773,990.02,4387,4387,4441.19,5431.21,54.1899999999996,4.547473508864641e-13,1.0000000000000004
32557,-73.9865951538086,40.75657653808594,-73.99732971191406,40.71755981445313,1179.28,4387,4387,-1.0,-1.0,-1,-1,0.0
32558,-73.9512939453125,40.785343170166016,-73.9599380493164,40.76708221435547,496.82,4387,4387,4429.21,4936.88,42.210000000000036,10.85000000000008,1.0218388953745825
32559,-73.98894500732422,40.73665237426758,-73.96400451660156,40.75707244873047,649.44,4387,4387,-1.0,-1.0,-1,-1,0.0
32560,-73.9769973754883,40.75947570800781,-74.00247192382812,40.756046295166016,731.67,4387,4387,4493.08,5224.75,106.07999999999993,1.1368683772161603e-13,1.0000000000000002
32561,-74.00634002685547,40.739601135253906,-74.00228881835938,40.75183868408203,312.0,4388,4388,-1.0,-1.0,-1,-1,0.0
32562,-73.9599380493164,40.782093048095696,-73.96394348144531,40.76552963256836,538.19,4388,4388,-1.0,-1.0,-1,-1,0.0
32563,-73.97550201416014,40.75141906738281,-73.98403930664062,40.74605178833008,291.24,4388,4388,-1.0,-1.0,-1,-1,0.0
32564,-73.98306274414062,40.72273254394531,-74.00674438476562,40.704933166503906,624.29,4388,4388,4511.8,5136.09,123.80000000000018,0.0,1.0
32565,-73.95109558105469,40.78578567504883,-73.9573516845703,40.777305603027344,185.79,4388,4388,4511.58,4697.37,123.57999999999993,-2.842170943040401e-14,0.9999999999999999
32566,-73.98508453369139,40.74541091918945,-73.96696472167969,40.76638412475585,616.32,4388,4388,-1.0,-1.0,-1,-1,0.0
32567,-73.97969055175781,40.77776336669922,-73.97994995117188,40.75534439086913,785.57,4388,4388,-1.0,-1.0,-1,-1,0.0
32568,-73.980712890625,40.76451873779297,-73.99320983886719,40.75736999511719,497.62,4388,4388,-1.0,-1.0,-1,-1,0.0
32569,-73.9556884765625,40.779518127441406,-73.97638702392578,40.78826141357422,419.99,4389,4389,-1.0,-1.0,-1,-1,0.0
32570,-73.98712158203125,40.73882293701172,-73.99052429199219,40.724456787109375,470.21,4389,4389,4431.46,4920.5599999999995,42.460000000000036,18.889999999999475,1.040173539482358
32571,-74.0042495727539,40.74234008789063,-73.98925018310547,40.73749923706055,471.91,4389,4389,4444.93,4980.56,55.93000000000029,63.720000000000084,1.1350257464347018
32572,-73.966796875,40.77000045776367,-73.95564270019531,40.76845169067383,306.92,4389,4389,4445.76,4752.679999999999,56.76000000000022,-8.526512829121202e-13,0.9999999999999972
32573,-74.00875854492188,40.719234466552734,-74.01412963867188,40.71782684326172,188.97,4389,4389,4469.75,4658.72,80.75,2.5579538487363607e-13,1.0000000000000013
32574,-73.96061706542969,40.76587677001953,-73.96690368652342,40.75286865234375,394.98,4389,4389,4428.33,4823.3099999999995,39.32999999999993,-4.547473508864641e-13,0.9999999999999989
32575,-73.99663543701173,40.723731994628906,-73.9720687866211,40.74896240234375,727.7,4389,4389,-1.0,-1.0,-1,-1,0.0
32576,-73.95699310302734,40.78037643432617,-73.99390411376955,40.75000762939453,1260.92,4389,4389,-1.0,-1.0,-1,-1,0.0
32577,-74.0028305053711,40.72343826293945,-74.0018310546875,40.732460021972656,334.12,4389,4389,-1.0,-1.0,-1,-1,0.0
32578,-73.9669189453125,40.76675033569336,-73.97683715820312,40.75883102416992,453.6,4390,4390,-1.0,-1.0,-1,-1,0.0
32579,-73.94074249267578,40.814208984375,-73.97445678710938,40.79494857788085,832.37,4390,4390,4478.54,5310.91,88.53999999999996,-1.1368683772161603e-13,0.9999999999999999
32580,-73.97466278076173,40.756591796875,-73.98320770263672,40.74996948242188,362.72,4390,4390,-1.0,-1.0,-1,-1,0.0
32581,-73.96302795410156,40.769229888916016,-73.96224212646483,40.77899932861328,409.04,4390,4390,-1.0,-1.0,-1,-1,0.0
32582,-73.99056243896483,40.740234375,-73.99066162109375,40.756591796875,605.87,4390,4390,4449.41,5055.28,59.409999999999854,-1.1368683772161603e-13,0.9999999999999998
32583,-74.0050277709961,40.74652099609375,-74.00527954101562,40.725601196289055,549.53,4391,4391,-1.0,-1.0,-1,-1,0.0
32584,-73.95784759521484,40.7763557434082,-73.98299407958984,40.74206161499024,888.32,4391,4391,-1.0,-1.0,-1,-1,0.0
32585,-73.9893798828125,40.74702835083008,-73.98728942871094,40.76355743408203,609.15,4391,4391,4417.7,5050.34,26.699999999999818,23.49000000000035,1.0385619305589762
32586,-73.99903869628906,40.72666549682617,-74.01583099365234,40.711570739746094,601.43,4391,4391,4445.33,5046.76,54.32999999999993,3.410605131648481e-13,1.0000000000000007
32587,-73.98847961425781,40.7485466003418,-73.98934936523438,40.73629379272461,418.04,4391,4391,-1.0,-1.0,-1,-1,0.0
32588,-73.96951293945312,40.75807571411133,-73.98091888427734,40.78438186645508,914.47,4391,4391,-1.0,-1.0,-1,-1,0.0
32589,-73.97177124023438,40.79725646972656,-74.00726318359375,40.75400161743164,916.08,4391,4391,4426.17,5370.0,35.17000000000007,27.749999999999886,1.0302921142258317
32590,-73.96475982666014,40.77284622192383,-73.95783233642578,40.774513244628906,206.21,4391,4391,-1.0,-1.0,-1,-1,0.0
32591,-73.99717712402342,40.742088317871094,-73.97530364990234,40.76435089111328,808.68,4391,4391,-1.0,-1.0,-1,-1,0.0
32592,-73.98162841796875,40.77185821533203,-73.9681167602539,40.78694915771485,433.43,4391,4391,4637.66,5071.09,246.65999999999985,2.8421709430404007e-13,1.0000000000000007
32593,-74.00428009033203,40.72102355957031,-73.97480773925781,40.76396179199219,1182.14,4392,4392,-1.0,-1.0,-1,-1,0.0
32594,-73.97412109375,40.764869689941406,-73.99015045166014,40.75701904296875,608.67,4392,4392,-1.0,-1.0,-1,-1,0.0
32595,-74.0041275024414,40.7130012512207,-73.99082946777342,40.71717834472656,448.84,4392,4392,-1.0,-1.0,-1,-1,0.0
32596,-73.9887161254883,40.74848175048828,-73.9814453125,40.72363662719727,903.19,4392,4392,-1.0,-1.0,-1,-1,0.0
32597,-73.98347473144531,40.77104568481445,-73.98919677734375,40.75689697265625,456.76,4392,4392,-1.0,-1.0,-1,-1,0.0
32598,-73.97956085205078,40.75555038452149,-73.96106719970702,40.76982879638672,638.84,4393,4393,-1.0,-1.0,-1,-1,0.0
32599,-73.98401641845702,40.761207580566406,-73.99341583251955,40.71998977661133,1332.6,4393,4393,-1.0,-1.0,-1,-1,0.0
32600,-73.95518493652342,40.782878875732415,-73.97689819335938,40.759292602539055,783.7,4393,4393,-1.0,-1.0,-1,-1,0.0
32601,-73.96033477783203,40.76200485229492,-73.99094390869139,40.73979568481445,917.22,4393,4393,-1.0,-1.0,-1,-1,0.0
32602,-73.96746826171875,40.75598526000977,-73.9837875366211,40.75446319580078,584.71,4393,4393,4418.02,5040.32,25.020000000000437,37.589999999999236,1.064288279660001
32603,-73.98564910888672,40.7374153137207,-74.0172348022461,40.70717239379883,950.82,4393,4393,-1.0,-1.0,-1,-1,0.0
32604,-73.97886657714845,40.73616790771485,-74.0147933959961,40.7051887512207,658.48,4393,4393,4541.96,5200.44,148.96000000000004,-4.547473508864641e-13,0.9999999999999993
32605,-73.99343872070312,40.7191276550293,-73.99491119384766,40.732421875,489.61,4393,4393,4587.42,5077.03,194.42000000000007,-3.410605131648481e-13,0.9999999999999993
32606,-73.97657775878906,40.75265121459961,-73.98223114013672,40.7459831237793,233.03,4393,4393,4425.42,4658.45,32.42000000000007,-2.5579538487363607e-13,0.9999999999999989
32607,-73.98979187011719,40.75664138793945,-73.9921875,40.76409149169922,267.51,4394,4394,-1.0,-1.0,-1,-1,0.0
32608,-73.96736145019531,40.76108932495117,-73.99059295654298,40.7245979309082,860.9,4394,4394,4437.22,5298.120000000001,43.220000000000255,5.684341886080801e-13,1.0000000000000007
32609,-73.9725570678711,40.75899887084961,-73.96407318115234,40.75806427001953,283.59,4394,4394,-1.0,-1.0,-1,-1,0.0
32610,-73.99156188964845,40.76000213623047,-73.98199462890625,40.76364517211913,377.93,4394,4394,-1.0,-1.0,-1,-1,0.0
32611,-73.97891235351562,40.7623176574707,-73.97482299804686,40.79037857055664,718.29,4394,4394,-1.0,-1.0,-1,-1,0.0
32612,-73.9698715209961,40.799659729003906,-73.97809600830078,40.78864288330078,204.69,4395,4395,4420.21,4669.94,25.210000000000036,45.039999999999566,1.2200400605794106
32613,-73.97686004638672,40.751625061035156,-74.0064926147461,40.71573257446289,1088.14,4395,4395,-1.0,-1.0,-1,-1,0.0
32614,-73.98020172119139,40.745689392089844,-73.99161529541014,40.73145294189453,369.92,4395,4395,4426.75,4840.17,31.75,43.50000000000006,1.117592993079585
32615,-74.00385284423827,40.72382354736328,-73.99085998535155,40.75027847290039,685.65,4395,4395,4410.0,5095.65,15.0,-3.410605131648481e-13,0.9999999999999996
32616,-73.95710754394531,40.783199310302734,-73.95777130126955,40.7735710144043,342.33,4395,4395,4453.88,4797.92,58.88000000000011,1.7099999999999795,1.0049951800893873
32617,-73.95620727539062,40.78204727172852,-73.96199035644531,40.77048873901367,308.02,4395,4395,-1.0,-1.0,-1,-1,0.0
32618,-73.99146270751955,40.75012969970703,-73.98719787597656,40.757850646972656,506.85,4395,4395,-1.0,-1.0,-1,-1,0.0
32619,-74.00394439697266,40.70585250854492,-73.988037109375,40.73461151123047,722.41,4396,4396,4818.17,5540.58,422.1700000000001,-1.1368683772161603e-13,0.9999999999999999
32620,-73.95458221435547,40.7838020324707,-73.96607208251955,40.78971862792969,406.79,4396,4396,4432.29,4839.08,36.289999999999964,-5.684341886080802e-14,0.9999999999999999
32621,-73.98439025878906,40.768409729003906,-73.9827880859375,40.759368896484375,345.03,4396,4396,4410.82,4755.85,14.819999999999709,6.821210263296962e-13,1.000000000000002
32622,-74.00341796875,40.71784591674805,-74.00670623779298,40.71111679077149,275.85,4396,4396,-1.0,-1.0,-1,-1,0.0
32623,-73.96424865722656,40.764869689941406,-73.95801544189453,40.779693603515625,359.98,4396,4396,4434.79,4855.0199999999995,38.789999999999964,60.249999999999545,1.1673704094671913
32624,-74.00527954101562,40.736976623535156,-73.96389770507811,40.77296829223633,1244.71,4396,4396,-1.0,-1.0,-1,-1,0.0
32625,-73.99408721923827,40.75109100341797,-73.9749526977539,40.75558090209961,675.38,4396,4396,-1.0,-1.0,-1,-1,0.0
32626,-73.97138977050781,40.75767135620117,-73.99004364013672,40.7670783996582,766.97,4396,4396,-1.0,-1.0,-1,-1,0.0
32627,-73.97029113769531,40.75873947143555,-73.99904632568358,40.76410675048828,1013.56,4397,4397,-1.0,-1.0,-1,-1,0.0
32628,-74.0035629272461,40.7482795715332,-74.00151062011719,40.73072814941406,536.99,4397,4397,4430.47,5012.14,33.470000000000255,44.680000000000064,1.0832045289483976
32629,-73.9859390258789,40.762451171875,-73.97760772705078,40.78659057617188,592.35,4397,4397,-1.0,-1.0,-1,-1,0.0
32630,-73.98423767089844,40.76492309570313,-73.95557403564453,40.785133361816406,742.23,4397,4397,-1.0,-1.0,-1,-1,0.0
32631,-73.966796875,40.75736618041992,-73.99655151367188,40.72126770019531,988.82,4397,4397,4448.05,5436.87,51.05000000000018,-3.410605131648481e-13,0.9999999999999997
32632,-73.98265075683594,40.74928665161133,-74.0042495727539,40.71694564819336,893.48,4397,4397,-1.0,-1.0,-1,-1,0.0
32633,-74.00949096679686,40.70582962036133,-74.01122283935547,40.71645736694336,496.13,4397,4397,4897.7,5393.83,500.6999999999998,1.1368683772161603e-13,1.0000000000000002
32634,-73.99668884277344,40.72975158691406,-73.96705627441406,40.75918960571289,956.43,4397,4397,-1.0,-1.0,-1,-1,0.0
32635,-73.9756317138672,40.7552604675293,-73.99124145507811,40.731758117675774,651.63,4397,4397,-1.0,-1.0,-1,-1,0.0
32636,-73.9740982055664,40.78401947021485,-73.98394775390625,40.76720809936523,424.45,4397,4397,4455.05,4879.5,58.05000000000018,-1.7053025658242404e-13,0.9999999999999996
32637,-74.00756072998048,40.71554183959961,-73.97724151611328,40.738784790039055,909.19,4398,4398,4443.01,5352.2,45.01000000000022,-4.547473508864641e-13,0.9999999999999994
32638,-74.0009765625,40.72951126098633,-74.00602722167969,40.73579025268555,279.34,4398,4398,-1.0,-1.0,-1,-1,0.0
32639,-74.00759887695312,40.74187850952149,-73.98899078369139,40.761863708496094,522.51,4398,4398,-1.0,-1.0,-1,-1,0.0
32640,-73.99137878417969,40.75027465820313,-73.97826385498048,40.76664352416992,661.13,4398,4398,-1.0,-1.0,-1,-1,0.0
32641,-74.00160217285155,40.7618408203125,-74.00787353515625,40.75167846679688,218.42,4398,4398,4430.75,4649.17,32.75,8.526512829121202e-14,1.0000000000000004
32642,-73.97061157226562,40.76176452636719,-73.95954132080078,40.77693557739258,357.92,4398,4398,-1.0,-1.0,-1,-1,0.0
32643,-73.97483825683594,40.76253128051758,-73.97779083251955,40.753665924072266,313.38,4399,4399,-1.0,-1.0,-1,-1,0.0
32644,-74.00198364257811,40.750736236572266,-73.99488830566406,40.74549865722656,268.79,4399,4399,-1.0,-1.0,-1,-1,0.0
32645,-73.99640655517578,40.73725128173828,-73.95900726318358,40.77766036987305,1229.16,4399,4399,4427.12,5656.28,28.11999999999989,-2.2737367544323206e-13,0.9999999999999998
32646,-73.98115539550781,40.779090881347656,-73.98967742919923,40.75719451904297,681.86,4399,4399,4633.54,5315.4,234.53999999999996,-3.410605131648481e-13,0.9999999999999994
32647,-73.99410247802734,40.75102996826172,-73.94711303710938,40.77764892578125,1312.01,4399,4399,4448.47,5797.879999999999,49.470000000000255,37.399999999998954,1.0285058802905458
32648,-73.95886993408203,40.78089141845703,-74.01544952392578,40.711292266845696,1541.97,4399,4399,-1.0,-1.0,-1,-1,0.0
32649,-73.94912719726562,40.77677917480469,-73.99044799804686,40.7314682006836,1152.86,4399,4399,4418.48,5595.42,19.479999999999563,24.08000000000061,1.0208871849140404
32650,-73.98468017578125,40.7426986694336,-73.9944076538086,40.737281799316406,248.5,4399,4399,-1.0,-1.0,-1,-1,0.0
32651,-73.97216033935547,40.794189453125,-73.9847412109375,40.76905059814453,555.7,4399,4399,-1.0,-1.0,-1,-1,0.0
32652,-73.97724151611328,40.75383758544922,-73.96049499511719,40.77145767211913,620.27,4399,4399,-1.0,-1.0,-1,-1,0.0
32653,-73.97553253173827,40.752838134765625,-73.9921646118164,40.768951416015625,885.31,4399,4399,-1.0,-1.0,-1,-1,0.0
32654,-73.96634674072266,40.76758575439453,-73.96292114257811,40.75818252563477,446.76,4399,4399,-1.0,-1.0,-1,-1,0.0
32655,-74.00557708740234,40.74086380004883,-73.98902893066406,40.75368118286133,598.51,4399,4399,4452.25,5050.76,53.25,2.2737367544323206e-13,1.0000000000000004
32656,-73.9877395629883,40.76517868041992,-73.99494171142578,40.75011825561523,519.85,4400,4400,-1.0,-1.0,-1,-1,0.0
32657,-74.01347351074219,40.71423721313477,-73.94829559326173,40.77667617797852,1385.1,4400,4400,-1.0,-1.0,-1,-1,0.0
32658,-73.97109985351562,40.79685974121094,-74.00881195068358,40.723388671875,1377.2,4400,4400,4490.66,5867.860000000001,90.65999999999985,6.821210263296962e-13,1.0000000000000004
32659,-73.96419525146483,40.7764892578125,-73.994873046875,40.73447799682617,1044.81,4401,4401,4432.44,5477.25,31.4399999999996,4.547473508864641e-13,1.0000000000000004
32660,-73.97931671142578,40.74958801269531,-73.9773712158203,40.764644622802734,562.68,4401,4401,-1.0,-1.0,-1,-1,0.0
32661,-73.96550750732422,40.761924743652344,-73.9815444946289,40.748138427734375,565.43,4401,4401,-1.0,-1.0,-1,-1,0.0
32662,-73.99860382080078,40.734840393066406,-73.98809051513672,40.75008010864258,368.82,4401,4401,4424.86,4793.68,23.859999999999673,6.252776074688882e-13,1.0000000000000018
32663,-73.97222137451173,40.75999069213867,-73.95046997070312,40.77160263061523,574.75,4401,4401,-1.0,-1.0,-1,-1,0.0
32664,-73.97219848632812,40.75924301147461,-73.96492004394531,40.7649803161621,260.58,4401,4401,-1.0,-1.0,-1,-1,0.0
32665,-73.99967193603516,40.73474884033203,-73.9879608154297,40.73794174194336,371.16,4401,4401,-1.0,-1.0,-1,-1,0.0
32666,-73.98677825927734,40.76647567749024,-74.00418853759766,40.73321533203125,890.06,4401,4401,-1.0,-1.0,-1,-1,0.0
32667,-73.99838256835938,40.71989822387695,-73.97889709472656,40.74052047729492,667.04,4401,4401,-1.0,-1.0,-1,-1,0.0
32668,-73.998291015625,40.745418548583984,-74.0085678100586,40.74824905395508,232.75,4402,4402,-1.0,-1.0,-1,-1,0.0
32669,-73.96601104736328,40.80527877807617,-73.97692108154298,40.789398193359375,302.11,4402,4402,4731.88,5033.99,329.8800000000001,-3.410605131648481e-13,0.9999999999999989
32670,-73.99040222167969,40.756256103515625,-73.98488616943358,40.76851272583008,441.75,4402,4402,-1.0,-1.0,-1,-1,0.0
32671,-73.96764373779298,40.7876205444336,-73.96266174316406,40.77540969848633,361.89,4402,4402,-1.0,-1.0,-1,-1,0.0
32672,-74.01535797119139,40.71476364135742,-73.99703216552734,40.71464157104492,590.33,4402,4402,4455.11,5045.44,53.10999999999967,-1.1368683772161603e-13,0.9999999999999998
32673,-73.99321746826173,40.74224853515625,-73.97931671142578,40.75300598144531,465.56,4402,4402,4423.78,4889.34,21.779999999999745,3.979039320256561e-13,1.0000000000000009
32674,-73.98197174072266,40.77203750610352,-73.9755859375,40.755184173583984,790.27,4402,4402,-1.0,-1.0,-1,-1,0.0
32675,-73.98429870605469,40.74882888793945,-73.99514007568358,40.72510147094727,624.56,4402,4402,-1.0,-1.0,-1,-1,0.0
32676,-73.98143005371094,40.765228271484375,-73.9693832397461,40.76612091064453,411.95,4402,4402,4411.4,4855.07,9.399999999999636,31.720000000000084,1.0769996358781408
32677,-73.9642333984375,40.7763557434082,-74.0174331665039,40.708362579345696,1543.58,4402,4402,4436.64,5980.22,34.64000000000033,0.0,1.0
32678,-73.96983337402342,40.7535514831543,-73.94757080078125,40.7753791809082,539.07,4403,4403,4414.01,5020.91,11.010000000000218,67.82999999999959,1.1258278145695357
32679,-73.99111938476562,40.75635528564453,-73.99546813964845,40.764556884765625,379.18,4403,4403,4587.63,4966.81,184.6300000000001,2.8421709430404007e-13,1.0000000000000007
32680,-73.9874038696289,40.73678970336913,-74.00114440917969,40.73155975341797,548.35,4403,4403,-1.0,-1.0,-1,-1,0.0
32681,-73.98419952392578,40.74932098388672,-73.98580932617188,40.76787185668945,643.44,4403,4403,4428.34,5071.78,25.340000000000146,-4.547473508864641e-13,0.9999999999999993
32682,-74.013427734375,40.709144592285156,-74.00711059570312,40.73994827270508,623.26,4403,4403,4498.97,5122.23,95.97000000000025,-6.821210263296962e-13,0.9999999999999989
32683,-73.96949005126955,40.75768661499024,-73.95928192138672,40.780216217041016,560.08,4403,4403,-1.0,-1.0,-1,-1,0.0
32684,-73.97907257080078,40.74720001220703,-73.98883819580078,40.74446105957031,304.58,4404,4404,-1.0,-1.0,-1,-1,0.0
32685,-73.98280334472656,40.75725173950195,-73.972900390625,40.754878997802734,376.41,4404,4404,4427.21,4825.07,23.210000000000036,21.449999999999648,1.056985733641507
32686,-74.01320648193358,40.705711364746094,-73.9950942993164,40.71773147583008,499.79,4404,4404,-1.0,-1.0,-1,-1,0.0
32687,-74.00469207763672,40.742088317871094,-73.994873046875,40.76055908203125,458.04,4404,4404,4438.87,4896.91,34.86999999999989,-5.684341886080802e-14,0.9999999999999999
32688,-73.97257232666014,40.76520919799805,-73.98674774169923,40.74692916870117,508.88,4404,4404,-1.0,-1.0,-1,-1,0.0
32689,-73.9963607788086,40.72581100463867,-73.99874877929686,40.71488952636719,462.88,4404,4404,4459.52,4922.4,55.52000000000044,-7.958078640513122e-13,0.9999999999999983
32690,-73.97136688232422,40.76103973388672,-73.97547149658203,40.75495147705078,196.5,4404,4404,-1.0,-1.0,-1,-1,0.0
32691,-73.98701477050781,40.73955154418945,-73.99146270751955,40.74872589111328,463.79,4404,4404,-1.0,-1.0,-1,-1,0.0
32692,-73.98710632324219,40.75053787231445,-73.9786148071289,40.752605438232415,269.42,4404,4404,4451.95,4721.37,47.94999999999982,5.684341886080802e-14,1.0000000000000002
32693,-73.98517608642578,40.763519287109375,-73.97586822509766,40.75237655639648,730.8,4404,4404,-1.0,-1.0,-1,-1,0.0
32694,-73.97393798828125,40.79153823852539,-73.95728302001955,40.80529022216797,457.58,4405,4405,4435.39,4932.75,30.390000000000327,39.77999999999969,1.0869356178154632
32695,-73.97570037841797,40.758399963378906,-73.94580078125,40.778018951416016,787.95,4405,4405,-1.0,-1.0,-1,-1,0.0
32696,-73.9756317138672,40.75223922729492,-73.99566650390625,40.759971618652344,642.26,4405,4405,-1.0,-1.0,-1,-1,0.0
32697,-74.00192260742188,40.74065780639648,-73.9930191040039,40.722389221191406,765.82,4405,4405,-1.0,-1.0,-1,-1,0.0
32698,-73.9815902709961,40.78361129760742,-73.96778869628906,40.800453186035156,366.82,4405,4405,4448.96,4857.52,43.960000000000036,41.74000000000041,1.1137887792377743
32699,-73.99227142333984,40.7244529724121,-74.00634765625,40.739295959472656,645.83,4405,4405,4423.59,5069.42,18.590000000000146,-1.1368683772161603e-13,0.9999999999999998
32700,-74.01721954345702,40.70531845092773,-74.00697326660156,40.71796417236328,484.23,4405,4405,4448.46,4932.6900000000005,43.460000000000036,4.547473508864641e-13,1.0000000000000009
32701,-73.98411560058595,40.74589920043945,-73.9783706665039,40.7524642944336,193.59,4405,4405,4448.04,4641.63,43.039999999999964,1.4210854715202004e-13,1.0000000000000007
32702,-73.98807525634766,40.74957656860352,-73.98086547851562,40.76416778564453,461.14,4405,4405,-1.0,-1.0,-1,-1,0.0
32703,-73.97867584228516,40.750099182128906,-73.98753356933594,40.738624572753906,317.62,4406,4406,-1.0,-1.0,-1,-1,0.0
32704,-73.97216033935547,40.76057815551758,-73.99700164794923,40.72235107421875,1128.01,4406,4406,-1.0,-1.0,-1,-1,0.0
32705,-73.98177337646483,40.738189697265625,-73.99481964111328,40.74367141723633,455.66,4406,4406,4456.79,4946.45,50.789999999999964,33.99999999999983,1.0746170390203218
32706,-73.98506164550781,40.74195861816406,-73.97855377197266,40.750770568847656,199.0,4406,4406,4453.74,4652.74,47.73999999999978,0.0,1.0
32707,-73.99658966064453,40.72366714477539,-74.00237274169923,40.73965072631836,504.64,4406,4406,-1.0,-1.0,-1,-1,0.0
32708,-74.0041275024414,40.752685546875,-74.00738525390625,40.74114227294922,418.29,4406,4406,4584.36,5002.65,178.35999999999967,-5.684341886080802e-14,0.9999999999999999
32709,-73.95756530761719,40.7644157409668,-73.973876953125,40.761451721191406,583.7,4406,4406,4412.139999999999,4995.839999999999,6.139999999999418,-2.2737367544323206e-13,0.9999999999999996
32710,-73.97489166259766,40.75667190551758,-73.99623107910156,40.74755096435547,782.22,4406,4406,4434.78,5217.0,28.779999999999745,2.2737367544323206e-13,1.0000000000000002
32711,-74.01386260986328,40.71540069580078,-74.0075912475586,40.73217010498047,320.97,4406,4406,-1.0,-1.0,-1,-1,0.0
32712,-73.96881866455078,40.7861557006836,-73.98143005371094,40.78387451171875,291.62,4406,4406,4444.13,4784.09,38.13000000000011,48.34000000000003,1.16576366504355
32713,-73.98355102539062,40.76594924926758,-73.98030853271484,40.78036880493164,373.1,4407,4407,-1.0,-1.0,-1,-1,0.0
32714,-73.98153686523438,40.74940872192383,-73.963623046875,40.77350234985352,567.11,4407,4407,4456.72,5023.83,49.720000000000255,-3.410605131648481e-13,0.9999999999999994
32715,-73.99358367919923,40.74721908569336,-74.00511169433594,40.738105773925774,366.46,4407,4407,-1.0,-1.0,-1,-1,0.0
32716,-73.99037170410156,40.75625991821289,-73.9752426147461,40.78936004638672,747.75,4407,4407,4423.07,5261.91,16.06999999999971,91.09000000000015,1.1218187897024408
32717,-73.9844970703125,40.7217903137207,-73.99333190917969,40.73598098754883,525.08,4407,4407,4456.5,5018.29,49.5,36.70999999999992,1.0699131560905004
32718,-74.00489807128906,40.74068069458008,-73.97760009765625,40.74631118774415,783.69,4407,4407,4461.55,5245.24,54.55000000000018,-4.547473508864641e-13,0.9999999999999994
32719,-73.99311065673827,40.72703170776367,-73.99276733398438,40.75275039672852,820.87,4408,4408,4509.42,5330.29,101.42000000000007,-1.1368683772161603e-13,0.9999999999999999
32720,-73.98441314697266,40.74573516845703,-73.99491882324219,40.720558166503906,843.89,4408,4408,-1.0,-1.0,-1,-1,0.0
32721,-73.97447204589844,40.79070663452149,-73.97073364257811,40.76125717163085,945.83,4408,4408,4434.22,5380.05,26.220000000000255,-1.1368683772161603e-13,0.9999999999999999
32722,-73.9950180053711,40.7397575378418,-73.9959487915039,40.71881484985352,828.6,4408,4408,-1.0,-1.0,-1,-1,0.0
32723,-74.00180053710938,40.71960067749024,-73.99091339111328,40.71799087524415,497.63,4408,4408,-1.0,-1.0,-1,-1,0.0
32724,-73.95021820068358,40.78407669067383,-73.95915222167969,40.77614974975585,316.87,4408,4408,4410.0,4829.54,2.0,102.66999999999996,1.324013002177549
32725,-73.978271484375,40.75223159790039,-73.99128723144531,40.75037384033203,434.21,4409,4409,-1.0,-1.0,-1,-1,0.0
32726,-73.99413299560547,40.74103164672852,-73.98880767822266,40.74833679199219,189.96,4409,4409,4466.7,4656.66,57.69999999999982,2.842170943040401e-14,1.0000000000000002
32727,-73.97210693359375,40.7542381286621,-73.98751831054686,40.74407958984375,530.8,4409,4409,-1.0,-1.0,-1,-1,0.0
32728,-73.98265838623048,40.739688873291016,-73.97505950927734,40.75198745727539,362.44,4409,4409,4465.81,4828.25,56.8100000000004,-3.979039320256561e-13,0.9999999999999989
32729,-74.00183868408203,40.73572158813477,-74.0084228515625,40.71881103515625,369.79,4409,4409,-1.0,-1.0,-1,-1,0.0
32730,-74.0117645263672,40.72300338745117,-74.00823974609375,40.712791442871094,357.02,4409,4409,-1.0,-1.0,-1,-1,0.0
32731,-73.96836853027344,40.7553939819336,-73.99618530273438,40.73262023925781,746.04,4410,4410,4448.75,5194.79,38.75,0.0,1.0
32732,-73.9687271118164,40.75476455688477,-73.98709106445312,40.73575973510742,522.62,4410,4410,4413.93,4936.55,3.930000000000291,-1.1368683772161603e-13,0.9999999999999998
32733,-73.94607543945312,40.80706024169922,-73.97553253173827,40.792091369628906,729.0,4410,4410,4781.4,5510.400000000001,371.39999999999964,9.094947017729282e-13,1.0000000000000013
32734,-73.99808502197266,40.76119613647461,-73.96833801269531,40.76796340942383,785.63,4410,4410,4562.79,5348.42,152.78999999999996,1.1368683772161603e-13,1.0000000000000002
32735,-73.99270629882812,40.7340202331543,-73.98321533203125,40.73037338256836,356.58,4410,4410,-1.0,-1.0,-1,-1,0.0
32736,-73.96027374267578,40.7818489074707,-73.9558868408203,40.77225112915039,364.91,4410,4410,-1.0,-1.0,-1,-1,0.0
32737,-74.00789642333984,40.722999572753906,-73.99849700927734,40.764060974121094,717.11,4410,4410,4428.45,5145.56,18.449999999999818,5.684341886080801e-13,1.0000000000000009
32738,-73.97950744628906,40.76198959350585,-74.00869750976562,40.741371154785156,1044.77,4410,4410,-1.0,-1.0,-1,-1,0.0
32739,-73.97766876220702,40.755130767822266,-74.00248718261719,40.750099182128906,808.96,4410,4410,-1.0,-1.0,-1,-1,0.0
32740,-74.00717163085938,40.74380874633789,-73.98441314697266,40.76826095581055,565.2,4410,4410,4585.54,5150.74,175.53999999999996,-2.2737367544323206e-13,0.9999999999999996
32741,-73.97967529296875,40.73907852172852,-73.96722412109375,40.75600051879883,445.66,4411,4411,-1.0,-1.0,-1,-1,0.0
32742,-73.98101806640625,40.744453430175774,-73.98896026611328,40.75826644897461,659.55,4411,4411,-1.0,-1.0,-1,-1,0.0
32743,-73.96399688720702,40.761314392089844,-73.97132110595702,40.76123046875,294.0,4411,4411,-1.0,-1.0,-1,-1,0.0
32744,-73.97970581054686,40.74636840820313,-73.98465728759766,40.756202697753906,449.34,4411,4411,-1.0,-1.0,-1,-1,0.0
32745,-73.9559555053711,40.76399993896485,-73.99207305908203,40.74924087524415,1024.69,4411,4411,4470.45,5544.22,59.44999999999982,49.08000000000038,1.0478974128760896
32746,-73.95580291748048,40.772220611572266,-73.9617691040039,40.76051712036133,437.84,4411,4411,4544.75,4982.59,133.75,1.7053025658242404e-13,1.0000000000000004
32747,-74.00312042236328,40.756256103515625,-73.98475646972656,40.76313018798828,498.46,4411,4411,-1.0,-1.0,-1,-1,0.0
32748,-73.99197387695312,40.74409484863281,-73.9945068359375,40.7607421875,536.4,4412,4412,4464.25,5000.65,52.25,-3.410605131648481e-13,0.9999999999999993
32749,-73.95620727539062,40.77473831176758,-73.96482849121094,40.7592887878418,499.06,4412,4412,-1.0,-1.0,-1,-1,0.0
32750,-73.95243072509766,40.772560119628906,-73.9349365234375,40.79651260375977,331.64,4412,4412,4645.26,4976.9,233.26000000000022,-5.684341886080801e-13,0.9999999999999983
32751,-73.96753692626955,40.766109466552734,-73.96060943603516,40.77275085449219,251.92,4412,4412,-1.0,-1.0,-1,-1,0.0
32752,-73.97396087646483,40.7573127746582,-73.99188995361328,40.7425537109375,633.81,4412,4412,-1.0,-1.0,-1,-1,0.0
32753,-73.99639129638672,40.76013946533203,-73.9838333129883,40.77558135986328,387.38,4412,4412,4526.76,4914.139999999999,114.76000000000022,-7.958078640513122e-13,0.9999999999999979
32754,-73.98290252685547,40.76655578613281,-73.96959686279298,40.760906219482415,434.91,4412,4412,4458.94,4929.23,46.9399999999996,35.37999999999994,1.0813501644018302
32755,-73.96265411376955,40.77285385131836,-73.95346069335938,40.77975845336913,277.78,4412,4412,4551.83,4829.61,139.82999999999993,-2.2737367544323206e-13,0.9999999999999992
32756,-73.96566772460938,40.7588996887207,-73.97371673583984,40.75489044189453,285.67,4413,4413,-1.0,-1.0,-1,-1,0.0
32757,-73.99340057373048,40.72793960571289,-73.99140930175781,40.74452590942383,538.63,4413,4413,4624.63,5163.26,211.6300000000001,1.1368683772161603e-13,1.0000000000000002
32758,-73.97591400146483,40.748783111572266,-73.98091125488281,40.76411819458008,745.74,4413,4413,-1.0,-1.0,-1,-1,0.0
32759,-74.00161743164062,40.75651550292969,-73.9922866821289,40.75154113769531,351.83,4413,4413,-1.0,-1.0,-1,-1,0.0
32760,-73.98098754882812,40.753211975097656,-73.99369812011719,40.73278045654297,468.68,4413,4413,-1.0,-1.0,-1,-1,0.0
32761,-73.98011016845702,40.78105545043945,-73.9832992553711,40.76443481445313,512.73,4413,4413,4450.46,4963.19,37.460000000000036,-4.547473508864641e-13,0.9999999999999991
32762,-73.97389221191406,40.79436111450195,-73.9842071533203,40.77390670776367,434.66,4413,4413,4442.24,4951.76,29.23999999999978,74.86000000000041,1.1722265678921466
32763,-73.95182800292969,40.78213119506836,-73.9551773071289,40.77691650390625,260.65,4413,4413,-1.0,-1.0,-1,-1,0.0
32764,-73.98526000976562,40.774089813232415,-73.96867370605469,40.78644943237305,415.21,4413,4413,4606.04,5021.25,193.03999999999996,5.684341886080802e-14,1.0000000000000002
32765,-73.98384094238281,40.7501106262207,-73.99227905273438,40.73784637451172,227.88,4414,4414,4463.639999999999,4691.52,49.63999999999942,1.0231815394945443e-12,1.0000000000000044
32766,-73.97374725341797,40.76412582397461,-73.958984375,40.77487182617188,475.72,4414,4414,-1.0,-1.0,-1,-1,0.0
32767,-73.98298645019531,40.75690460205078,-73.96358489990234,40.76549530029297,633.42,4414,4414,4468.84,5137.5,54.840000000000146,35.239999999999895,1.0556344921221306
32768,-73.98474884033203,40.732181549072266,-73.95095825195312,40.77048873901367,794.11,4414,4414,4465.66,5259.77,51.659999999999854,5.684341886080801e-13,1.0000000000000007
32769,-73.95447540283203,40.765640258789055,-73.9680938720703,40.76283264160156,442.37,4414,4414,-1.0,-1.0,-1,-1,0.0
32770,-73.9563980102539,40.7670783996582,-73.96636962890625,40.76473617553711,336.37,4414,4414,4455.05,4842.34,41.05000000000018,50.91999999999996,1.1513809198204357
32771,-73.97893524169923,40.752586364746094,-73.97195434570312,40.76251220703125,262.46,4414,4414,-1.0,-1.0,-1,-1,0.0
32772,-74.00611114501955,40.73413848876953,-74.00686645507811,40.74069213867188,221.81,4414,4414,-1.0,-1.0,-1,-1,0.0
32773,-73.97679138183594,40.76319122314453,-73.9529800415039,40.77154159545898,692.8,4414,4414,-1.0,-1.0,-1,-1,0.0
32774,-73.9815673828125,40.7470703125,-73.96930694580078,40.75122833251953,378.04,4414,4414,4458.24,4836.28,44.23999999999978,-5.684341886080802e-14,0.9999999999999999
32775,-74.0080337524414,40.71642684936523,-74.01116943359375,40.70869064331055,341.01,4415,4415,-1.0,-1.0,-1,-1,0.0
32776,-73.98934173583984,40.73678970336913,-73.99867248535155,40.73413848876953,287.22,4415,4415,4461.83,4759.81,46.82999999999993,10.760000000000446,1.0374625722442743
32777,-73.98097991943358,40.744876861572266,-73.99302673339844,40.74625015258789,417.46,4415,4415,-1.0,-1.0,-1,-1,0.0
32778,-73.99004364013672,40.77265930175781,-74.002685546875,40.760684967041016,325.39,4415,4415,4471.84,4797.2300000000005,56.840000000000146,3.410605131648481e-13,1.000000000000001
32779,-73.97461700439453,40.74217987060547,-74.00126647949219,40.75170135498047,856.43,4415,4415,-1.0,-1.0,-1,-1,0.0
32780,-73.98770904541014,40.75988006591797,-73.98304748535155,40.771751403808594,315.98,4415,4415,-1.0,-1.0,-1,-1,0.0
32781,-73.99121856689453,40.73295211791992,-73.99535369873048,40.72497177124024,234.92,4416,4416,-1.0,-1.0,-1,-1,0.0
32782,-73.982421875,40.77648162841797,-73.98329162597656,40.726428985595696,1460.73,4416,4416,-1.0,-1.0,-1,-1,0.0
32783,-74.01203155517578,40.71418762207031,-74.00253295898438,40.73372650146485,560.23,4416,4416,-1.0,-1.0,-1,-1,0.0
32784,-73.96208953857422,40.81071853637695,-73.98104858398438,40.78199768066406,558.39,4416,4416,4559.54,5117.93,143.53999999999996,3.410605131648481e-13,1.0000000000000007
32785,-73.97589874267578,40.7761116027832,-74.00425720214845,40.74061584472656,985.33,4416,4416,-1.0,-1.0,-1,-1,0.0
32786,-73.97091674804686,40.76248168945313,-73.99242401123048,40.75362014770508,837.13,4416,4416,-1.0,-1.0,-1,-1,0.0
32787,-73.99547576904298,40.75198364257813,-73.98883819580078,40.7314453125,872.33,4417,4417,-1.0,-1.0,-1,-1,0.0
32788,-74.0137710571289,40.71284866333008,-73.9884262084961,40.76013946533203,957.27,4417,4417,4535.83,5493.099999999999,118.82999999999993,-4.547473508864641e-13,0.9999999999999996
32789,-73.9664535522461,40.7647705078125,-73.96412658691406,40.7566795349121,349.0,4417,4417,4541.21,4890.21,124.21000000000004,0.0,1.0
32790,-73.97685241699219,40.785118103027344,-73.95906829833984,40.8001823425293,389.63,4417,4417,4470.55,4860.18,53.55000000000018,1.1368683772161603e-13,1.0000000000000002
32791,-74.01136779785155,40.702613830566406,-73.9480209350586,40.77472305297852,1159.03,4417,4417,4463.72,5622.75,46.720000000000255,-2.2737367544323206e-13,0.9999999999999998
32792,-73.9989242553711,40.73434066772461,-73.9703598022461,40.74922180175781,782.96,4417,4417,-1.0,-1.0,-1,-1,0.0
32793,-73.99581146240234,40.73297119140625,-73.98566436767578,40.74396896362305,504.12,4417,4417,4557.79,5061.91,140.78999999999996,-1.1368683772161603e-13,0.9999999999999998
32794,-73.9738998413086,40.77919006347656,-73.9806900024414,40.76995086669922,232.67,4417,4417,-1.0,-1.0,-1,-1,0.0
32795,-73.96453094482422,40.77299880981445,-73.94956970214845,40.796199798583984,436.13,4417,4417,-1.0,-1.0,-1,-1,0.0
32796,-73.9991683959961,40.73406219482422,-73.9979248046875,40.724815368652344,386.83,4418,4418,-1.0,-1.0,-1,-1,0.0
32797,-73.99591064453125,40.7169075012207,-73.99630737304686,40.73306274414063,588.12,4419,4419,-1.0,-1.0,-1,-1,0.0
32798,-73.97034454345702,40.75041580200195,-73.98689270019531,40.75044250488281,616.38,4419,4419,4521.21,5137.59,102.21000000000004,1.1368683772161603e-13,1.0000000000000002
32799,-73.96974182128906,40.75755310058594,-73.95970153808595,40.779052734375,549.25,4419,4419,-1.0,-1.0,-1,-1,0.0
32800,-74.0073013305664,40.71181106567383,-73.98721313476562,40.75931930541992,1122.73,4419,4419,-1.0,-1.0,-1,-1,0.0
32801,-73.99461364746094,40.750431060791016,-73.9701919555664,40.7553825378418,822.59,4420,4420,-1.0,-1.0,-1,-1,0.0
32802,-73.94542694091797,40.80809783935547,-73.98904418945312,40.773353576660156,1010.11,4420,4420,5122.85,6132.96,702.8500000000004,-3.410605131648481e-13,0.9999999999999997
32803,-73.9727783203125,40.75972366333008,-73.9888916015625,40.720527648925774,1163.15,4420,4420,-1.0,-1.0,-1,-1,0.0
32804,-73.95662689208984,40.78654479980469,-73.99464416503906,40.734687805175774,1256.1,4420,4420,-1.0,-1.0,-1,-1,0.0
32805,-73.98326110839844,40.78422164916992,-73.96894073486328,40.80176162719727,370.7,4420,4420,-1.0,-1.0,-1,-1,0.0
32806,-74.00833129882812,40.74608612060547,-73.97979736328125,40.75269317626953,830.79,4420,4420,-1.0,-1.0,-1,-1,0.0
32807,-73.95942687988281,40.76687622070313,-73.95124053955078,40.78266143798828,323.44,4421,4421,-1.0,-1.0,-1,-1,0.0
32808,-73.96591186523438,40.78990936279297,-73.95294189453125,40.802410125732415,356.17,4421,4421,4478.16,4834.33,57.159999999999854,5.684341886080802e-14,1.0000000000000002
32809,-73.96804809570312,40.75968933105469,-73.95912170410156,40.76742935180664,265.82,4421,4421,-1.0,-1.0,-1,-1,0.0
32810,-73.99464416503906,40.750572204589844,-73.98800659179686,40.73213577270508,861.83,4421,4421,4456.58,5386.7300000000005,35.57999999999993,68.3200000000005,1.0792731745239785
32811,-74.00875091552734,40.71607208251953,-73.98351287841797,40.73500442504883,901.73,4421,4421,-1.0,-1.0,-1,-1,0.0
32812,-73.95809173583984,40.775638580322266,-73.9905014038086,40.7303466796875,1218.23,4421,4421,4472.92,5714.49,51.92000000000007,23.33999999999969,1.01915894371342
32813,-73.96845245361328,40.76565933227539,-73.9652099609375,40.76995849609375,198.92,4421,4421,-1.0,-1.0,-1,-1,0.0
32814,-73.98692321777342,40.73350524902344,-73.97979736328125,40.743431091308594,231.16,4421,4421,4463.66,4694.82,42.659999999999854,-1.4210854715202004e-13,0.9999999999999993
32815,-73.98245239257811,40.7724494934082,-73.977783203125,40.79199981689453,551.28,4421,4421,4470.82,5022.1,49.81999999999971,6.821210263296962e-13,1.0000000000000013
32816,-73.96492004394531,40.75993347167969,-73.97065734863281,40.75196075439453,194.96,4421,4421,-1.0,-1.0,-1,-1,0.0
32817,-73.96443939208984,40.76391220092773,-73.94434356689453,40.77948760986328,462.2,4422,4422,4443.92,4924.150000000001,21.920000000000073,18.030000000000484,1.0390090869753363
32818,-73.99412536621094,40.72890853881836,-74.00851440429686,40.726070404052734,511.76,4422,4422,4465.54,4977.3,43.539999999999964,2.2737367544323206e-13,1.0000000000000004
32819,-74.00048065185547,40.72077178955078,-73.97209167480467,40.76315689086913,1272.86,4422,4422,4470.21,5743.07,48.210000000000036,-2.2737367544323206e-13,0.9999999999999998
32820,-73.9594497680664,40.76750946044922,-73.95781707763672,40.7734489440918,199.71,4422,4422,-1.0,-1.0,-1,-1,0.0
32821,-73.99434661865234,40.756511688232415,-74.01132202148438,40.70872116088867,1203.2,4422,4422,4459.56,5662.759999999999,37.5600000000004,-1.1368683772161603e-12,0.999999999999999
32822,-73.97977447509766,40.7395133972168,-73.98846435546875,40.7371482849121,236.37,4422,4422,4539.12,4775.49,117.11999999999989,-1.1368683772161603e-13,0.9999999999999996
32823,-73.9761962890625,40.74831008911133,-73.97760772705078,40.78388977050781,1104.68,4423,4423,4440.0,5617.55,17.0,72.87000000000012,1.0659648042872145
32824,-73.99913024902342,40.7393798828125,-74.00845336914062,40.71989822387695,412.2,4423,4423,-1.0,-1.0,-1,-1,0.0
32825,-73.96839904785155,40.757102966308594,-73.97700500488281,40.77665710449219,711.87,4423,4423,4522.5,5234.37,99.5,-1.1368683772161603e-13,0.9999999999999999
32826,-73.9696273803711,40.76380157470703,-73.98237609863281,40.76834106445313,411.14,4423,4423,-1.0,-1.0,-1,-1,0.0
32827,-73.95880126953125,40.77997970581055,-73.9850311279297,40.74238586425781,1121.68,4424,4424,-1.0,-1.0,-1,-1,0.0
32828,-74.00762176513672,40.74077987670898,-73.9908905029297,40.750919342041016,659.31,4424,4424,-1.0,-1.0,-1,-1,0.0
32829,-73.99116516113281,40.749900817871094,-73.99816131591797,40.74049377441406,196.9,4424,4424,4457.32,4654.22,33.31999999999971,5.400124791776761e-13,1.0000000000000027
32830,-73.97606658935547,40.760078430175774,-73.96553039550781,40.77177047729492,366.05,4424,4424,-1.0,-1.0,-1,-1,0.0
32831,-73.99709320068358,40.72249221801758,-73.99030303955078,40.72894287109375,238.64,4424,4424,4466.51,4705.15,42.51000000000022,-5.684341886080801e-13,0.9999999999999977
32832,-74.0052719116211,40.722450256347656,-74.0078125,40.74673080444336,532.53,4424,4424,4448.35,5033.51,24.350000000000364,52.62999999999988,1.0988301128574913
32833,-73.97531890869139,40.77730178833008,-74.00051879882812,40.73745346069336,1100.81,4424,4424,4457.93,5558.74,33.93000000000029,-4.547473508864641e-13,0.9999999999999996
32834,-74.00308990478516,40.74948501586913,-73.98278045654298,40.75085067749024,563.5,4424,4424,4543.33,5106.83,119.32999999999993,0.0,1.0
32835,-73.9869155883789,40.73318099975585,-73.99324035644531,40.74641036987305,558.55,4425,4425,4573.58,5132.13,148.57999999999993,2.2737367544323206e-13,1.0000000000000004
32836,-74.0033187866211,40.707611083984375,-73.97891235351562,40.738746643066406,697.71,4425,4425,-1.0,-1.0,-1,-1,0.0
32837,-73.95418548583984,40.76415252685547,-73.9563751220703,40.78422164916992,620.37,4425,4425,-1.0,-1.0,-1,-1,0.0
32838,-73.9903335571289,40.7515983581543,-73.97976684570312,40.74488067626953,557.67,4425,4425,-1.0,-1.0,-1,-1,0.0
32839,-73.98548889160156,40.74712371826172,-73.99811553955078,40.73572158813477,337.21,4425,4425,4451.38,4788.59,26.38000000000011,5.684341886080802e-14,1.0000000000000002
32840,-73.99112701416014,40.74544525146485,-73.9842071533203,40.72527694702149,742.18,4425,4425,4455.04,5202.05,30.039999999999964,4.830000000000268,1.0065078552372744
32841,-73.94441223144531,40.78792572021485,-73.98152923583984,40.737022399902344,1096.61,4425,4425,4766.51,5863.12,341.5100000000002,-2.2737367544323206e-13,0.9999999999999998
32842,-74.00501251220702,40.72312545776367,-73.9974594116211,40.725791931152344,234.79,4426,4426,-1.0,-1.0,-1,-1,0.0
32843,-74.00414276123048,40.73108673095703,-74.0168685913086,40.707862854003906,591.37,4426,4426,4452.92,5052.21,26.920000000000073,7.919999999999959,1.0133926306711534
32844,-73.97404479980467,40.76263046264648,-73.98764038085938,40.74409484863281,491.64,4426,4426,-1.0,-1.0,-1,-1,0.0
32845,-73.98099517822266,40.75911331176758,-74.00430297851562,40.7421989440918,755.34,4426,4426,4444.57,5238.24,18.56999999999971,38.33000000000004,1.0507453597055632
32846,-74.00210571289062,40.74032974243164,-73.98446655273438,40.75134658813477,583.54,4426,4426,4452.37,5072.82,26.36999999999989,36.909999999999854,1.0632518764780476
32847,-73.95996856689453,40.77946472167969,-74.00810241699219,40.71689224243164,1721.4,4426,4426,4466.38,6202.43,40.38000000000011,14.650000000000091,1.0085105146973394
32848,-73.97528076171875,40.7522087097168,-73.9825668334961,40.742469787597656,199.41,4427,4427,-1.0,-1.0,-1,-1,0.0
32849,-73.99361419677734,40.75171661376953,-73.98294067382812,40.76600646972656,405.81,4427,4427,4448.68,4854.49,21.68000000000029,-5.115907697472721e-13,0.9999999999999988
32850,-74.00131225585938,40.75055313110352,-73.99221801757811,40.74654006958008,248.08,4427,4427,-1.0,-1.0,-1,-1,0.0
32851,-73.97393035888672,40.75798034667969,-73.997802734375,40.741065979003906,778.01,4427,4427,4440.0,5273.32,13.0,55.30999999999972,1.0710916312129661
32852,-73.98239135742188,40.77205276489258,-73.9771499633789,40.77663803100585,212.91,4427,4427,4485.57,4698.48,58.56999999999971,-1.4210854715202004e-13,0.9999999999999993
32853,-73.98255920410156,40.784980773925774,-73.96525573730467,40.791988372802734,386.54,4427,4427,4535.42,4921.96,108.42000000000007,-5.684341886080802e-14,0.9999999999999999
32854,-73.97220611572266,40.75348281860352,-73.96366882324219,40.7712516784668,462.95,4427,4427,-1.0,-1.0,-1,-1,0.0
32855,-74.00286865234375,40.74972152709961,-73.98478698730467,40.77023315429688,494.03,4427,4427,4558.25,5052.28,131.25,-2.2737367544323206e-13,0.9999999999999996
32856,-74.0101089477539,40.72012710571289,-73.998046875,40.722900390625,532.79,4428,4428,4445.58,4978.37,17.579999999999927,0.0,1.0
32857,-73.97511291503906,40.75518035888672,-73.97595977783203,40.73488998413085,633.09,4428,4428,-1.0,-1.0,-1,-1,0.0
32858,-73.99463653564453,40.75568771362305,-73.9923324584961,40.72391128540039,1019.55,4428,4428,4460.63,5535.98,32.63000000000011,55.7999999999995,1.0547300279535083
32859,-73.99111938476562,40.7498893737793,-73.9549102783203,40.767391204833984,1087.54,4428,4428,-1.0,-1.0,-1,-1,0.0
32860,-73.96295166015625,40.77240753173828,-73.99122619628906,40.77480697631836,736.28,4428,4428,4458.59,5211.83,30.590000000000146,16.95999999999981,1.0230347150540553
32861,-73.99388122558594,40.74018096923828,-73.97817993164062,40.78332901000977,979.8,4428,4428,-1.0,-1.0,-1,-1,0.0
32862,-73.99137115478516,40.75051498413085,-73.98998260498048,40.75832748413085,361.34,4428,4428,-1.0,-1.0,-1,-1,0.0
32863,-74.00798797607422,40.723487854003906,-73.99054718017578,40.75623321533203,721.13,4428,4428,4549.87,5271.0,121.86999999999989,1.1368683772161603e-13,1.0000000000000002
32864,-73.97956848144531,40.751651763916016,-73.97293090820312,40.76072311401367,227.67,4429,4429,4468.76,4770.47,39.76000000000022,74.04000000000005,1.325207537224931
32865,-73.97161102294923,40.756103515625,-73.95305633544923,40.78019332885742,492.59,4429,4429,4480.82,4973.41,51.81999999999971,1.7053025658242404e-13,1.0000000000000004
32866,-73.98927307128906,40.740482330322266,-73.98412322998048,40.73846054077149,206.75,4429,4429,4479.9,4686.65,50.899999999999636,0.0,1.0
32867,-73.99220275878906,40.72473907470703,-73.98710632324219,40.76068115234375,1164.91,4429,4429,4482.58,5647.49,53.57999999999993,-2.2737367544323206e-13,0.9999999999999998
32868,-74.0008544921875,40.75284957885742,-73.97911071777342,40.74923324584961,608.71,4429,4429,4463.96,5151.63,34.960000000000036,78.96000000000004,1.129716942386358
32869,-73.99240112304686,40.74937438964844,-73.96983337402342,40.75769805908203,818.57,4429,4429,-1.0,-1.0,-1,-1,0.0
32870,-73.98352813720702,40.7605094909668,-74.0049819946289,40.7407112121582,711.68,4429,4429,-1.0,-1.0,-1,-1,0.0
32871,-73.98277282714845,40.77336883544922,-73.97339630126955,40.78532791137695,357.33,4429,4429,-1.0,-1.0,-1,-1,0.0
32872,-73.97718811035155,40.75175857543945,-74.0032730102539,40.72415161132813,938.96,4429,4429,4518.04,5475.67,89.03999999999996,18.670000000000073,1.0198837011161286
32873,-73.990478515625,40.75122833251953,-73.9856185913086,40.76045227050781,390.27,4429,4429,-1.0,-1.0,-1,-1,0.0
32874,-73.96728515625,40.7879638671875,-73.96708679199219,40.80725860595703,481.06,4430,4430,4464.72,5024.37,34.720000000000255,78.58999999999963,1.1633683947948272
32875,-73.98603820800781,40.74675750732422,-73.99504852294923,40.745201110839844,237.01,4430,4430,-1.0,-1.0,-1,-1,0.0
32876,-74.00042724609375,40.719581604003906,-73.98515319824219,40.73583984375,577.0,4430,4430,-1.0,-1.0,-1,-1,0.0
32877,-73.97337341308594,40.75751876831055,-73.94788360595702,40.78041076660156,677.24,4430,4430,-1.0,-1.0,-1,-1,0.0
32878,-73.98502349853516,40.74730682373047,-73.9980239868164,40.71782302856445,931.68,4430,4430,-1.0,-1.0,-1,-1,0.0
32879,-73.98274993896483,40.7451286315918,-73.98330688476562,40.7315788269043,416.42,4430,4430,-1.0,-1.0,-1,-1,0.0
32880,-73.97232818603516,40.76525115966797,-73.98709869384766,40.7206916809082,1304.44,4430,4430,-1.0,-1.0,-1,-1,0.0
32881,-73.95969390869139,40.771202087402344,-73.97572326660156,40.77644729614258,507.49,4430,4430,4440.0,4947.49,10.0,-2.2737367544323206e-13,0.9999999999999996
32882,-73.97453308105469,40.76225662231445,-73.96282196044923,40.77545166015625,368.93,4431,4431,4487.99,4856.92,56.98999999999978,2.8421709430404007e-13,1.0000000000000007
32883,-74.00470733642578,40.7083396911621,-73.99074554443358,40.75013732910156,1121.32,4431,4431,-1.0,-1.0,-1,-1,0.0
32884,-74.01406860351562,40.71345138549805,-74.00074768066406,40.72400283813477,487.2,4431,4431,4544.8,5032.0,113.80000000000018,-1.7053025658242404e-13,0.9999999999999997
32885,-73.97008514404298,40.79930114746094,-73.98005676269531,40.778053283691406,486.58,4431,4431,4465.25,4966.0,34.25,14.170000000000016,1.0291216243988657
32886,-73.98768615722656,40.76971435546875,-73.96128845214845,40.7606201171875,844.47,4431,4431,-1.0,-1.0,-1,-1,0.0
32887,-73.97267913818358,40.75280380249024,-73.97109985351562,40.78793716430664,982.58,4431,4431,4540.38,5522.96,109.38000000000011,-1.1368683772161603e-13,0.9999999999999999
32888,-73.9764175415039,40.78571701049805,-73.9573516845703,40.81288146972656,457.25,4431,4431,4450.45,4907.7,19.449999999999818,0.0,1.0
32889,-73.99436950683594,40.76084899902344,-74.00435638427734,40.7333984375,785.58,4432,4432,4468.46,5254.04,36.460000000000036,-1.1368683772161603e-13,0.9999999999999999
32890,-73.98191833496094,40.75748062133789,-73.98798370361328,40.75952911376953,287.53,4432,4432,4455.75,4743.28,23.75,-2.2737367544323206e-13,0.9999999999999992
32891,-73.98888397216798,40.75840759277344,-73.98928833007811,40.7360725402832,780.31,4432,4432,4457.92,5258.19,25.920000000000073,19.95999999999958,1.0255795773474639
32892,-73.97223663330078,40.75413131713867,-73.99388122558594,40.7563362121582,759.64,4432,4432,-1.0,-1.0,-1,-1,0.0
32893,-73.98008728027342,40.734764099121094,-73.97998046875,40.74240112304688,236.22,4432,4432,4464.5,4779.33,32.5,78.60999999999993,1.332782998899331
32894,-73.99054718017578,40.751182556152344,-73.9779281616211,40.75107192993164,470.67,4432,4432,-1.0,-1.0,-1,-1,0.0
32895,-73.97975158691406,40.75200653076172,-73.97967529296875,40.722991943359375,804.09,4432,4432,4501.76,5324.79,69.76000000000022,18.939999999999714,1.0235545772239423
32896,-73.99371337890625,40.76204681396485,-73.98226928710938,40.77312088012695,261.12,4432,4432,4465.24,4726.36,33.23999999999978,-1.1368683772161603e-13,0.9999999999999996
32897,-73.98770904541014,40.77627182006836,-73.98104095458984,40.76471328735352,439.57,4432,4432,4469.25,4944.34,37.25,35.52000000000015,1.0808062424642269
32898,-73.97967529296875,40.77613067626953,-73.9776840209961,40.78393173217773,236.83,4433,4433,4464.91,4701.74,31.909999999999854,-8.526512829121202e-14,0.9999999999999997
32899,-73.94615936279298,40.80709457397461,-73.97138214111328,40.766468048095696,886.03,4433,4433,4587.7,5473.7300000000005,154.69999999999982,6.821210263296962e-13,1.0000000000000007
32900,-73.95614624023438,40.77189254760742,-73.98619842529298,40.76823425292969,818.42,4433,4433,4544.75,5363.17,111.75,1.1368683772161603e-13,1.0000000000000002
32901,-73.969970703125,40.76315689086913,-73.96915435791014,40.75355529785156,353.18,4433,4433,-1.0,-1.0,-1,-1,0.0
32902,-73.95946502685547,40.75896835327149,-73.9801025390625,40.789955139160156,1013.95,4433,4433,-1.0,-1.0,-1,-1,0.0
32903,-73.97380828857422,40.763282775878906,-73.97576141357422,40.75034713745117,505.72,4433,4433,-1.0,-1.0,-1,-1,0.0
32904,-74.00645446777344,40.74436569213867,-73.98506927490234,40.7705078125,602.95,4433,4433,-1.0,-1.0,-1,-1,0.0
32905,-73.9584732055664,40.78125381469727,-73.96286010742188,40.77237319946289,286.84,4433,4433,4485.84,4819.59,52.840000000000146,46.910000000000025,1.163540649839632
32906,-73.99092864990234,40.73497009277344,-74.00235748291014,40.72999954223633,436.86,4433,4433,4482.75,4950.49,49.75,30.879999999999768,1.0706862610447279
32907,-73.9745101928711,40.76316452026367,-73.9823989868164,40.76502990722656,280.54,4434,4434,4492.02,4772.56,58.02000000000044,-5.684341886080802e-14,0.9999999999999998
32908,-74.00325775146483,40.71784973144531,-73.9898681640625,40.71791076660156,594.01,4434,4434,-1.0,-1.0,-1,-1,0.0
32909,-73.94344329833984,40.78694534301758,-73.94871520996094,40.80035781860352,369.52,4434,4434,4644.68,5014.2,210.6800000000003,-4.547473508864641e-13,0.9999999999999988
32910,-73.96049499511719,40.757530212402344,-73.95697021484375,40.77669525146485,546.98,4434,4434,-1.0,-1.0,-1,-1,0.0
32911,-73.98336029052734,40.78142166137695,-73.98263549804686,40.76911163330078,331.9,4434,4434,4462.51,4858.83,28.51000000000022,64.41999999999973,1.194094606809279
32912,-74.00248718261719,40.75523376464844,-73.96952819824219,40.79743957519531,775.2,4434,4434,-1.0,-1.0,-1,-1,0.0
32913,-73.95439910888672,40.76401901245117,-73.95181274414062,40.78179550170898,473.78,4434,4434,-1.0,-1.0,-1,-1,0.0
32914,-73.99388122558594,40.74591064453125,-73.98392486572266,40.7756462097168,715.77,4434,4434,-1.0,-1.0,-1,-1,0.0
32915,-73.98128509521484,40.733245849609375,-73.9812240600586,40.75104141235352,598.25,4435,4435,4489.58,5148.34,54.57999999999993,60.51000000000022,1.1011450062682828
32916,-74.00167846679686,40.7392578125,-73.99623107910156,40.726428985595696,511.88,4435,4435,4461.12,4994.17,26.11999999999989,21.170000000000186,1.0413573493787611
32917,-73.968017578125,40.76560974121094,-74.00153350830078,40.74571228027344,1096.85,4435,4435,-1.0,-1.0,-1,-1,0.0
32918,-73.96877288818358,40.764408111572266,-73.96334838867188,40.77522659301758,273.3,4435,4435,-1.0,-1.0,-1,-1,0.0
32919,-73.982177734375,40.721046447753906,-73.99017333984375,40.71258163452149,382.26,4435,4435,4455.68,4888.6,20.68000000000029,50.66000000000008,1.1325275990163766
32920,-73.96836853027344,40.7587776184082,-73.95868682861328,40.77221298217773,280.32,4435,4435,4486.63,4766.95,51.63000000000011,-2.8421709430404007e-13,0.999999999999999
32921,-73.97325134277344,40.76360702514648,-73.96115112304686,40.76583862304688,442.8,4436,4436,-1.0,-1.0,-1,-1,0.0
32922,-73.99949645996094,40.72663116455078,-73.95384979248048,40.767250061035156,1142.47,4436,4436,4454.91,5670.17,18.909999999999854,72.79000000000019,1.0637128327220848
32923,-73.97455596923827,40.7833251953125,-73.97518920898438,40.76518249511719,521.41,4436,4436,4471.4,5067.06,35.399999999999636,74.2500000000008,1.1424023321378585
32924,-73.99266815185547,40.763267517089844,-73.98058319091797,40.76589965820313,322.65,4436,4436,4664.26,4986.91,228.26000000000022,-3.410605131648481e-13,0.9999999999999989
32925,-73.99193572998048,40.74393844604492,-74.01233673095702,40.70761489868164,996.0,4436,4436,-1.0,-1.0,-1,-1,0.0
32926,-73.98487854003906,40.75941848754883,-73.99166107177734,40.75000762939453,510.73,4436,4436,-1.0,-1.0,-1,-1,0.0
32927,-73.98680114746094,40.7452507019043,-74.00295257568358,40.74890899658203,431.58,4436,4436,-1.0,-1.0,-1,-1,0.0
32928,-73.9901123046875,40.74994659423828,-73.9930191040039,40.7277717590332,676.95,4436,4436,4464.72,5190.56,28.720000000000255,48.8900000000001,1.072220991210577
32929,-73.99266052246094,40.75493240356445,-73.98465728759766,40.76483154296875,261.56,4436,4436,-1.0,-1.0,-1,-1,0.0
32930,-73.98123931884766,40.781585693359375,-73.98423767089844,40.76750183105469,315.17,4437,4437,4484.59,4799.76,47.590000000000146,5.684341886080802e-14,1.0000000000000002
32931,-74.00211334228516,40.72792053222656,-74.00130462646483,40.70737838745117,812.32,4437,4437,4442.5199999999995,5294.63,5.519999999999527,39.79000000000053,1.0489831593460712
32932,-73.96959686279298,40.75635147094727,-73.9612579345703,40.76916885375977,286.24,4437,4437,4468.5,4754.74,31.5,-2.2737367544323206e-13,0.9999999999999992
32933,-73.97736358642578,40.75468826293945,-73.9763412475586,40.76296997070313,355.51,4437,4437,4458.08,4893.21,21.079999999999927,79.62000000000012,1.2239599448679366
32934,-73.96365356445312,40.77723693847656,-73.98838806152342,40.76175308227539,799.77,4437,4437,4468.64,5268.41,31.640000000000327,-4.547473508864641e-13,0.9999999999999994
32935,-73.98515319824219,40.76372909545898,-73.98070526123048,40.779823303222656,411.97,4437,4437,4471.11,4960.9,34.10999999999967,77.81999999999994,1.1888972497997425
32936,-73.9759521484375,40.744876861572266,-73.99866485595702,40.763916015625,1022.61,4437,4437,-1.0,-1.0,-1,-1,0.0
32937,-74.01019287109375,40.71953201293945,-73.98879241943358,40.75880813598633,912.56,4437,4437,4453.01,5432.15,16.01000000000022,66.57999999999947,1.0729595862189878
32938,-73.96975708007811,40.763370513916016,-73.9961395263672,40.7363395690918,939.22,4437,4437,4465.79,5453.55,28.789999999999964,48.54000000000019,1.0516811822576182
32939,-73.96277618408203,40.766956329345696,-73.95281219482422,40.782493591308594,321.22,4438,4438,4542.7,4863.92,104.69999999999982,2.2737367544323206e-13,1.0000000000000007
32940,-73.99705505371094,40.72543716430664,-73.98614501953125,40.7224006652832,313.37,4438,4438,-1.0,-1.0,-1,-1,0.0
32941,-73.95462036132812,40.780853271484375,-73.9717788696289,40.7563705444336,656.24,4438,4438,4559.45,5215.6900000000005,121.44999999999982,6.821210263296962e-13,1.000000000000001
32942,-73.9703369140625,40.765541076660156,-73.9799575805664,40.78054809570313,528.54,4438,4438,-1.0,-1.0,-1,-1,0.0
32943,-73.98094177246094,40.759033203125,-73.9850311279297,40.7387809753418,687.26,4438,4438,4492.66,5208.64,54.659999999999854,28.720000000000482,1.041789133661206
32944,-73.98100280761719,40.78165054321289,-73.97918701171875,40.76705932617188,474.26,4438,4438,4489.5599999999995,5016.48,51.55999999999949,52.66000000000008,1.1110361405136424
32945,-73.98821258544923,40.72795486450195,-73.99758148193358,40.72580337524415,321.0,4438,4438,4550.55,4871.55,112.55000000000018,0.0,1.0
32946,-73.99214935302734,40.738182067871094,-73.97996520996094,40.71775436401367,798.79,4439,4439,-1.0,-1.0,-1,-1,0.0
32947,-74.0041275024414,40.72197341918945,-73.9885482788086,40.75916290283203,1009.48,4439,4439,-1.0,-1.0,-1,-1,0.0
32948,-73.96345520019531,40.77522277832031,-73.97466278076173,40.76241683959961,441.39,4439,4439,4452.74,4894.13,13.739999999999782,3.410605131648481e-13,1.0000000000000007
32949,-73.96971893310547,40.768798828125,-73.99464416503906,40.73902130126953,880.02,4439,4439,4467.63,5347.65,28.63000000000011,-4.547473508864641e-13,0.9999999999999994
32950,-73.99047088623048,40.76145935058594,-74.00414276123048,40.74445724487305,429.42,4439,4439,-1.0,-1.0,-1,-1,0.0
32951,-73.96791076660156,40.760013580322266,-73.95755004882812,40.78296661376953,546.1,4439,4439,-1.0,-1.0,-1,-1,0.0
32952,-74.0135269165039,40.71426010131836,-74.00678253173827,40.73494338989258,372.82,4439,4439,-1.0,-1.0,-1,-1,0.0
32953,-73.96022033691406,40.76203536987305,-73.94593811035155,40.777210235595696,298.45,4439,4439,4471.38,4769.83,32.38000000000011,-1.7053025658242404e-13,0.9999999999999994
32954,-73.9852066040039,40.758731842041016,-73.99298095703125,40.75291061401367,294.38,4439,4439,4487.96,4782.34,48.960000000000036,1.1368683772161603e-13,1.0000000000000004
32955,-73.97933197021484,40.76647186279297,-73.99822998046875,40.7300910949707,1040.87,4440,4440,4454.46,5495.33,14.460000000000036,0.0,1.0
32956,-73.95780944824219,40.7798080444336,-73.97573852539062,40.76033020019531,643.04,4440,4440,4477.71,5155.29,37.710000000000036,34.539999999999964,1.0537136103508336
32957,-73.99725341796875,40.73264694213867,-73.9958724975586,40.76476669311523,943.52,4440,4440,-1.0,-1.0,-1,-1,0.0
32958,-73.97018432617188,40.76565933227539,-73.9559326171875,40.78473281860352,364.43,4440,4440,-1.0,-1.0,-1,-1,0.0
32959,-73.99083709716798,40.73963165283203,-73.97824859619139,40.753997802734375,580.67,4440,4440,-1.0,-1.0,-1,-1,0.0
32960,-74.01203155517578,40.70279312133789,-74.00927734375,40.718788146972656,538.77,4440,4440,4707.08,5245.849999999999,267.0799999999999,-4.547473508864641e-13,0.9999999999999991
32961,-73.97758483886719,40.763835906982415,-73.98207092285155,40.770912170410156,240.08,4441,4441,-1.0,-1.0,-1,-1,0.0
32962,-73.9837188720703,40.74631881713867,-73.98823547363281,40.73548126220703,354.38,4441,4441,-1.0,-1.0,-1,-1,0.0
32963,-73.98561096191406,40.751949310302734,-74.0054702758789,40.73984146118164,639.93,4441,4441,-1.0,-1.0,-1,-1,0.0
32964,-73.99571990966798,40.72668838500977,-74.00508880615234,40.74037170410156,513.59,4441,4441,-1.0,-1.0,-1,-1,0.0
32965,-73.98336029052734,40.768081665039055,-73.97286224365234,40.78545379638672,472.7,4441,4441,-1.0,-1.0,-1,-1,0.0
32966,-74.01493072509766,40.71450805664063,-74.00421905517578,40.73762512207031,474.47,4441,4441,-1.0,-1.0,-1,-1,0.0
32967,-73.98002624511719,40.77080535888672,-73.9700927734375,40.79950714111328,650.31,4441,4441,4483.17,5133.4800000000005,42.17000000000007,4.547473508864641e-13,1.0000000000000007
32968,-73.97051239013672,40.759273529052734,-73.95685577392578,40.76665496826172,369.07,4442,4442,-1.0,-1.0,-1,-1,0.0
32969,-73.94960021972656,40.77672576904297,-73.94853210449219,40.76968383789063,226.69,4442,4442,4480.62,4707.31,38.61999999999989,5.115907697472721e-13,1.0000000000000022
32970,-73.97685241699219,40.78491973876953,-73.95636749267578,40.77983856201172,439.79,4442,4442,4486.13,4925.92,44.13000000000011,-5.684341886080802e-14,0.9999999999999999
32971,-73.9758529663086,40.759525299072266,-73.95362091064453,40.78525924682617,648.35,4442,4442,-1.0,-1.0,-1,-1,0.0
32972,-73.9876480102539,40.74258041381836,-73.97856903076173,40.751461029052734,314.03,4442,4442,4495.01,4809.04,53.01000000000022,-2.2737367544323206e-13,0.9999999999999992
32973,-73.9513931274414,40.770206451416016,-73.99856567382812,40.72960662841797,1181.2,4443,4443,4486.58,5667.78,43.57999999999993,-2.2737367544323206e-13,0.9999999999999998
32974,-73.99114227294923,40.73957443237305,-73.98059844970702,40.78068161010742,1026.63,4443,4443,-1.0,-1.0,-1,-1,0.0
32975,-74.00157928466798,40.74098587036133,-73.97877502441406,40.7503662109375,686.69,4443,4443,4487.01,5247.0199999999995,44.01000000000022,73.31999999999925,1.1067730708179808
32976,-73.97534942626955,40.7545051574707,-73.95341491699219,40.77696990966797,704.32,4443,4443,4551.96,5256.28,108.96000000000004,-3.410605131648481e-13,0.9999999999999996
32977,-73.95410919189453,40.76664352416992,-73.97850036621094,40.777976989746094,724.31,4443,4443,-1.0,-1.0,-1,-1,0.0
32978,-73.97979736328125,40.72690963745117,-73.97830963134766,40.73431015014648,291.49,4443,4443,4617.67,4909.16,174.67000000000007,-2.2737367544323206e-13,0.9999999999999992
32979,-73.96488952636719,40.7598991394043,-73.99010467529298,40.76653289794922,845.25,4444,4444,4588.75,5434.0,144.75,0.0,1.0
32980,-73.98346710205078,40.7562370300293,-73.95996856689453,40.77079772949219,736.84,4444,4444,4522.47,5259.31,78.47000000000025,1.1368683772161603e-13,1.0000000000000002
32981,-73.97003173828125,40.796871185302734,-73.9795913696289,40.78152847290039,393.9,4444,4444,5073.52,5467.42,629.5200000000004,-3.410605131648481e-13,0.9999999999999991
32982,-73.99644470214845,40.74055480957031,-73.99226379394531,40.74928665161133,397.09,4444,4444,-1.0,-1.0,-1,-1,0.0
32983,-74.00598907470702,40.73550033569336,-73.98507690429686,40.72800064086913,646.46,4444,4444,-1.0,-1.0,-1,-1,0.0
32984,-73.9621353149414,40.7795524597168,-73.97232818603516,40.76521682739258,359.79,4444,4444,5102.08,5461.87,658.0799999999999,-5.684341886080802e-14,0.9999999999999999
32985,-73.96768188476562,40.77201843261719,-73.98623657226562,40.74681854248047,707.06,4444,4444,4608.29,5315.349999999999,164.28999999999996,-4.547473508864641e-13,0.9999999999999993
32986,-73.99402618408203,40.75132369995117,-73.95167541503906,40.77694320678711,1250.43,4445,4445,4487.26,5748.84,42.26000000000022,11.149999999999864,1.008916932575194
32987,-73.98504638671875,40.710731506347656,-74.01470947265625,40.70820999145508,623.18,4445,4445,-1.0,-1.0,-1,-1,0.0
32988,-74.00424194335938,40.72426986694336,-73.99310302734375,40.71994018554688,533.07,4445,4445,-1.0,-1.0,-1,-1,0.0
32989,-73.97453308105469,40.75067138671875,-73.9605484008789,40.769779205322266,457.63,4445,4445,4476.81,4934.44,31.8100000000004,-7.958078640513122e-13,0.9999999999999982
32990,-73.9817886352539,40.75756072998047,-73.96537780761719,40.79941940307617,957.03,4445,4445,4477.9,5465.5,32.899999999999636,30.57000000000039,1.0319425723331561
32991,-73.99468994140625,40.745216369628906,-74.00868225097656,40.71892166137695,552.82,4445,4445,-1.0,-1.0,-1,-1,0.0
32992,-73.97399139404298,40.759910583496094,-73.97978973388672,40.78095245361328,683.17,4445,4445,4490.43,5206.17,45.43000000000029,32.56999999999982,1.0476748100765547
32993,-73.97723388671875,40.74970626831055,-73.98538208007811,40.74169158935547,221.75,4445,4445,-1.0,-1.0,-1,-1,0.0
32994,-73.98353576660156,40.76577377319336,-73.98200988769531,40.77831268310547,318.85,4445,4445,4493.56,4830.03,48.5600000000004,17.619999999999322,1.0552610945585676
32995,-74.0062484741211,40.71199035644531,-73.94969177246094,40.77953338623047,1542.67,4445,4445,-1.0,-1.0,-1,-1,0.0
32996,-74.00266265869139,40.723876953125,-73.98834228515625,40.76176452636719,1015.28,4446,4446,-1.0,-1.0,-1,-1,0.0
32997,-73.97991943359375,40.751670837402344,-73.98697662353516,40.768287658691406,624.31,4446,4446,-1.0,-1.0,-1,-1,0.0
32998,-73.95921325683594,40.78020095825195,-73.94600677490234,40.80686950683594,535.04,4446,4446,4503.55,5038.59,57.55000000000018,0.0,1.0
32999,-74.00554656982422,40.71504592895508,-74.01361083984375,40.70241165161133,415.01,4446,4446,-1.0,-1.0,-1,-1,0.0
33000,-73.988037109375,40.748348236083984,-73.97459411621094,40.75725936889648,556.47,4446,4446,-1.0,-1.0,-1,-1,0.0
33001,-73.99581146240234,40.759765625,-73.98121643066406,40.729286193847656,1159.38,4446,4446,-1.0,-1.0,-1,-1,0.0
33002,-73.99308776855469,40.74771118164063,-73.98180389404298,40.74243927001953,438.68,4446,4446,-1.0,-1.0,-1,-1,0.0
33003,-73.96179962158203,40.77952575683594,-73.97782135009766,40.75405883789063,758.29,4446,4446,5147.86,5906.15,701.8599999999997,0.0,1.0
33004,-73.98899078369139,40.74814224243164,-73.9793930053711,40.734764099121094,588.53,4446,4446,-1.0,-1.0,-1,-1,0.0
33005,-73.97996520996094,40.75181198120117,-73.99293518066406,40.74129867553711,444.01,4446,4446,-1.0,-1.0,-1,-1,0.0
33006,-73.95378875732422,40.76721954345703,-73.9774398803711,40.734222412109375,595.92,4447,4447,-1.0,-1.0,-1,-1,0.0
33007,-73.98066711425781,40.78248977661133,-73.9791488647461,40.78940963745117,206.37,4447,4447,4556.0,4762.37,109.0,-1.1368683772161603e-13,0.9999999999999994
33008,-73.97827911376955,40.75346755981445,-73.95520782470702,40.76765823364258,679.6,4447,4447,-1.0,-1.0,-1,-1,0.0
33009,-73.9554443359375,40.764739990234375,-73.95033264160156,40.7773551940918,265.41,4447,4447,4563.37,4828.78,116.36999999999989,-1.7053025658242404e-13,0.9999999999999993
33010,-73.98273468017578,40.76686477661133,-73.98117828369139,40.779075622558594,335.1,4447,4447,4491.83,4826.93,44.82999999999993,3.410605131648481e-13,1.000000000000001
33011,-74.00205993652342,40.72951126098633,-73.990234375,40.74912643432617,521.5,4447,4447,4524.37,5045.87,77.36999999999989,0.0,1.0
33012,-73.98897552490234,40.76191329956055,-73.99462890625,40.76567077636719,239.49,4447,4447,-1.0,-1.0,-1,-1,0.0
33013,-73.95419311523438,40.76410675048828,-73.95849609375,40.77271270751953,364.69,4447,4447,-1.0,-1.0,-1,-1,0.0
33014,-73.96993255615234,40.76312255859375,-73.98963165283203,40.74188232421875,715.06,4448,4448,-1.0,-1.0,-1,-1,0.0
33015,-73.98656463623048,40.7394905090332,-73.97954559326173,40.72309112548828,581.65,4448,4448,-1.0,-1.0,-1,-1,0.0
33016,-73.98863983154298,40.76581573486328,-73.96537017822266,40.80116653442383,671.77,4448,4448,-1.0,-1.0,-1,-1,0.0
33017,-73.9990692138672,40.72132110595703,-73.99565124511719,40.735206604003906,488.1,4449,4449,4543.46,5031.56,94.46000000000004,3.410605131648481e-13,1.0000000000000007
33018,-73.99626922607422,40.75322341918945,-73.98779296875,40.718299865722656,1282.17,4449,4449,4470.05,5834.69,21.050000000000182,82.46999999999935,1.0643206439083737
33019,-74.00274658203125,40.73062515258789,-73.99771118164062,40.721622467041016,507.3,4449,4449,4476.92,5019.26,27.920000000000073,35.040000000000134,1.0690715552927263
33020,-73.96819305419923,40.76248168945313,-73.97772216796875,40.75437927246094,410.84,4449,4449,4487.56,4898.4,38.5600000000004,-7.389644451905042e-13,0.9999999999999982
33021,-73.9820556640625,40.77249526977539,-74.00933837890625,40.74766159057617,700.86,4449,4449,4507.85,5218.91,58.850000000000364,10.199999999999477,1.0145535484975594
33022,-73.99327850341797,40.72237014770508,-73.97672271728516,40.73947143554688,488.79,4450,4450,4789.76,5278.55,339.7600000000002,-5.684341886080802e-14,0.9999999999999999
33023,-73.97382354736328,40.73851013183594,-73.98124694824219,40.72916030883789,302.47,4450,4450,-1.0,-1.0,-1,-1,0.0
33024,-73.98583984375,40.7408561706543,-73.9545364379883,40.77566146850585,935.11,4450,4450,4470.0,5405.11,20.0,-3.410605131648481e-13,0.9999999999999997
33025,-73.9906692504883,40.74201583862305,-73.96478271484375,40.755043029785156,612.56,4450,4450,4486.46,5099.0199999999995,36.460000000000036,-4.547473508864641e-13,0.9999999999999992
33026,-73.95282745361328,40.7824592590332,-73.95941162109375,40.774169921875,187.66,4450,4450,4508.88,4696.54,58.88000000000011,-1.4210854715202004e-13,0.9999999999999992
33027,-73.978515625,40.76539993286133,-73.98700714111328,40.72683334350585,1160.65,4450,4450,4497.08,5657.7300000000005,47.07999999999993,4.547473508864641e-13,1.0000000000000004
33028,-74.00328063964845,40.71379470825195,-73.97675323486328,40.71845245361328,741.97,4450,4450,-1.0,-1.0,-1,-1,0.0
33029,-73.96540069580078,40.765785217285156,-73.994140625,40.73863983154297,1022.01,4450,4450,-1.0,-1.0,-1,-1,0.0
33030,-73.98283386230467,40.76616668701172,-73.97821807861328,40.74929428100585,757.17,4451,4451,-1.0,-1.0,-1,-1,0.0
33031,-73.972412109375,40.75955200195313,-73.95191192626955,40.78625869750977,627.32,4451,4451,-1.0,-1.0,-1,-1,0.0
33032,-73.97006225585938,40.75314331054688,-73.9713134765625,40.76513671875,470.91,4451,4451,4546.88,5017.79,95.88000000000011,-1.7053025658242404e-13,0.9999999999999997
33033,-74.00289154052734,40.76031875610352,-73.98758697509766,40.76985168457031,371.66,4451,4451,-1.0,-1.0,-1,-1,0.0
33034,-73.99691009521484,40.73728561401367,-73.98537445068358,40.73587417602539,368.87,4451,4451,4520.45,4889.32,69.44999999999982,-1.1368683772161603e-13,0.9999999999999997
33035,-73.9885025024414,40.73727798461913,-73.97852325439453,40.75065994262695,356.33,4452,4452,4499.33,4855.66,47.32999999999993,-5.684341886080802e-14,0.9999999999999999
33036,-73.97925567626955,40.752967834472656,-74.00973510742188,40.71464157104492,1023.12,4452,4452,-1.0,-1.0,-1,-1,0.0
33037,-73.98776245117188,40.74932861328125,-73.97930145263672,40.74940872192383,263.96,4452,4452,-1.0,-1.0,-1,-1,0.0
33038,-73.98853302001955,40.76913833618164,-74.0082015991211,40.74794006347656,490.74,4453,4453,-1.0,-1.0,-1,-1,0.0
33039,-73.96028900146483,40.77291870117188,-73.95368194580078,40.77919387817383,198.32,4453,4453,4480.49,4678.81,27.48999999999978,6.252776074688882e-13,1.000000000000003
33040,-73.98223114013672,40.75167846679688,-73.95555114746094,40.77777862548828,855.25,4453,4453,-1.0,-1.0,-1,-1,0.0
33041,-73.98187255859375,40.76352310180664,-73.99139404296875,40.77041244506836,424.79,4453,4453,-1.0,-1.0,-1,-1,0.0
33042,-73.98255920410156,40.764381408691406,-73.98146057128906,40.74674987792969,718.58,4453,4453,-1.0,-1.0,-1,-1,0.0
33043,-73.958251953125,40.760398864746094,-73.96710968017578,40.76274871826172,340.7,4453,4453,4510.73,4904.6,57.72999999999956,53.17000000000081,1.1560610507778128
33044,-73.9771957397461,40.76019287109375,-73.98793029785155,40.77951049804688,774.17,4454,4454,-1.0,-1.0,-1,-1,0.0
33045,-73.97203063964845,40.75712203979492,-73.94739532470702,40.77575302124024,642.15,4454,4454,-1.0,-1.0,-1,-1,0.0
33046,-74.00305938720702,40.739158630371094,-73.97953033447266,40.73298645019531,640.67,4454,4454,4522.79,5163.46,68.78999999999996,1.1368683772161603e-13,1.0000000000000002
33047,-73.98334503173827,40.78152847290039,-73.96935272216798,40.80331802368164,457.17,4454,4454,5392.24,5849.41,938.2399999999998,5.684341886080802e-14,1.0000000000000002
33048,-74.00457763671875,40.70754623413085,-73.95240020751955,40.76883316040039,1131.29,4454,4454,4491.11,5622.400000000001,37.10999999999967,9.094947017729282e-13,1.0000000000000009
33049,-73.9830093383789,40.76227569580078,-73.9908447265625,40.75787353515625,338.7,4454,4454,-1.0,-1.0,-1,-1,0.0
33050,-73.99639129638672,40.73229217529297,-73.97369384765625,40.75053024291992,698.29,4454,4454,4495.79,5221.41,41.789999999999964,27.329999999999927,1.0391384668261037
33051,-74.00428771972656,40.74240112304688,-73.99714660644531,40.737548828125,280.26,4454,4454,-1.0,-1.0,-1,-1,0.0
33052,-73.95545959472656,40.78543090820313,-73.96539306640625,40.792083740234375,294.12,4455,4455,4487.57,4781.69,32.56999999999971,-1.1368683772161603e-13,0.9999999999999997
33053,-73.98393249511719,40.74877166748047,-73.9931640625,40.74140167236328,264.51,4455,4455,4473.41,4775.34,18.409999999999854,37.4200000000003,1.1414691316018308
33054,-73.95169067382812,40.79060745239258,-73.94537353515625,40.80762481689453,346.55,4455,4455,4919.58,5266.13,464.5799999999999,1.7053025658242404e-13,1.0000000000000004
33055,-73.99510192871094,40.73912048339844,-74.00459289550781,40.75123977661133,451.27,4455,4455,-1.0,-1.0,-1,-1,0.0
33056,-74.00576782226562,40.740398406982415,-73.99051666259766,40.75600051879883,583.68,4455,4455,4592.74,5176.42,137.73999999999978,3.410605131648481e-13,1.0000000000000007
33057,-74.01467895507811,40.71384048461913,-73.99964141845702,40.73345947265625,536.2,4455,4455,-1.0,-1.0,-1,-1,0.0
33058,-74.00272369384766,40.73950958251953,-73.99851989746094,40.764068603515625,653.65,4455,4455,-1.0,-1.0,-1,-1,0.0
33059,-73.9947967529297,40.74047088623047,-73.9817886352539,40.74232864379883,384.75,4455,4455,-1.0,-1.0,-1,-1,0.0
33060,-73.9864273071289,40.77218246459961,-73.95034790039062,40.82401657104492,954.65,4455,4455,4479.69,5434.34,24.6899999999996,5.684341886080801e-13,1.0000000000000007
33061,-73.96146392822266,40.77445602416992,-73.99063110351562,40.761207580566406,842.6,4456,4456,4503.0,5412.27,47.0,66.67000000000041,1.0791241395680042
33062,-73.97866821289062,40.73654174804688,-73.97434234619139,40.72285842895508,455.33,4456,4456,4596.67,5052.0,140.67000000000007,-5.684341886080802e-14,0.9999999999999999
33063,-74.00688934326173,40.71961975097656,-73.9846420288086,40.73952102661133,792.27,4456,4456,-1.0,-1.0,-1,-1,0.0
33064,-73.98833465576173,40.75400924682617,-74.00335693359375,40.73544692993164,491.23,4456,4456,-1.0,-1.0,-1,-1,0.0
33065,-73.98493957519531,40.76412963867188,-73.95567321777344,40.78786849975585,801.14,4456,4456,4470.0,5271.14,14.0,3.410605131648481e-13,1.0000000000000004
33066,-73.97551727294923,40.75471115112305,-73.95907592773438,40.77157211303711,542.54,4457,4457,4471.88,5014.42,14.88000000000011,0.0,1.0
33067,-74.00021362304686,40.737979888916016,-73.99165344238281,40.7446517944336,309.88,4457,4457,4478.66,4881.92,21.659999999999854,93.38000000000022,1.3013424551439274
33068,-73.9969711303711,40.72510147094727,-73.9903793334961,40.714031219482415,596.16,4457,4457,4472.91,5164.11,15.909999999999854,95.03999999999985,1.1594202898550723
33069,-73.99362182617188,40.74990463256836,-74.0012435913086,40.7318115234375,619.3,4457,4457,-1.0,-1.0,-1,-1,0.0
33070,-73.97267913818358,40.75600814819336,-73.97757720947266,40.73409652709961,622.17,4458,4458,-1.0,-1.0,-1,-1,0.0
33071,-73.97315979003906,40.75307083129883,-73.9569091796875,40.76247024536133,450.69,4458,4458,-1.0,-1.0,-1,-1,0.0
33072,-74.00285339355469,40.73907852172852,-73.97371673583984,40.74357986450195,782.75,4458,4458,4547.96,5330.71,89.96000000000004,0.0,1.0
33073,-73.98529815673827,40.75931167602539,-73.97806549072266,40.7514877319336,632.89,4458,4458,-1.0,-1.0,-1,-1,0.0
33074,-73.98638916015625,40.76700210571289,-73.99510192871094,40.75500869750977,354.02,4458,4458,-1.0,-1.0,-1,-1,0.0
33075,-73.97918701171875,40.75782012939453,-73.99009704589844,40.756591796875,385.34,4458,4458,-1.0,-1.0,-1,-1,0.0
33076,-73.96971893310547,40.75808715820313,-73.9530029296875,40.78096389770508,449.3,4459,4459,4485.84,4935.14,26.840000000000146,1.7053025658242404e-13,1.0000000000000004
33077,-73.98723602294923,40.72915267944336,-73.989990234375,40.7189826965332,405.49,4459,4459,4499.06,4946.42,40.0600000000004,41.86999999999966,1.1032577868751379
33078,-74.0050277709961,40.729827880859375,-73.96784973144531,40.7565803527832,1118.04,4459,4459,-1.0,-1.0,-1,-1,0.0
33079,-73.98540496826173,40.73571014404297,-73.9791259765625,40.77664184570313,1288.74,4459,4459,4564.72,5853.46,105.72000000000025,-2.2737367544323206e-13,0.9999999999999998
33080,-73.98222351074219,40.77703475952149,-73.98394775390625,40.74958419799805,905.31,4459,4459,4515.83,5421.14,56.82999999999993,4.547473508864641e-13,1.0000000000000004
33081,-73.97653198242188,40.752628326416016,-73.97574615478516,40.73102569580078,558.59,4459,4459,-1.0,-1.0,-1,-1,0.0
33082,-73.95527648925781,40.782630920410156,-73.9856185913086,40.720569610595696,1340.69,4459,4459,4509.46,5899.12,50.460000000000036,48.9699999999998,1.0365259679717158
33083,-74.0138168334961,40.70224380493164,-73.9934844970703,40.75224685668945,1067.55,4460,4460,-1.0,-1.0,-1,-1,0.0
33084,-73.94137573242188,40.79855346679688,-73.93333435058594,40.795127868652344,230.3,4460,4460,4502.92,4733.22,42.92000000000007,1.7053025658242404e-13,1.0000000000000007
33085,-73.99559783935547,40.74409866333008,-73.98117828369139,40.75934982299805,499.8,4460,4460,-1.0,-1.0,-1,-1,0.0
33086,-73.97520446777344,40.75542831420898,-73.9842300415039,40.736141204833984,506.33,4460,4460,-1.0,-1.0,-1,-1,0.0
33087,-73.96003723144531,40.77657699584961,-73.95949554443358,40.78205871582031,210.46,4461,4461,-1.0,-1.0,-1,-1,0.0
33088,-73.95003509521484,40.77608871459961,-73.98788452148438,40.73758316040039,1081.03,4461,4461,4480.04,5612.5199999999995,19.039999999999964,51.44999999999959,1.0475934987928175
33089,-73.97206115722656,40.794578552246094,-73.94161987304686,40.83102798461913,721.68,4461,4461,4519.55,5254.3099999999995,58.55000000000018,13.079999999999359,1.0181243764549377
33090,-73.9527816772461,40.7665901184082,-73.98722839355469,40.72920608520508,778.57,4461,4461,4479.96,5258.53,18.960000000000036,-3.410605131648481e-13,0.9999999999999996
33091,-73.99343872070312,40.76760864257813,-74.00157928466798,40.727699279785156,971.23,4461,4461,4496.32,5502.55,35.31999999999971,35.000000000000455,1.0360367781061133
33092,-73.97205352783203,40.786598205566406,-73.98158264160156,40.77827835083008,223.39,4461,4461,4484.91,4708.3,23.909999999999854,3.410605131648481e-13,1.0000000000000016
33093,-73.97846221923827,40.76528930664063,-73.9913330078125,40.73202133178711,989.31,4461,4461,4495.04,5555.26,34.039999999999964,70.91000000000031,1.0716762187787452
33094,-73.98120880126955,40.76182174682617,-73.97049713134766,40.78826904296875,738.03,4461,4461,-1.0,-1.0,-1,-1,0.0
33095,-73.96870422363281,40.7544174194336,-73.9932632446289,40.75789260864258,794.97,4461,4461,-1.0,-1.0,-1,-1,0.0
33096,-73.96360778808595,40.77106857299805,-73.95423126220702,40.78464889526367,321.78,4461,4461,-1.0,-1.0,-1,-1,0.0
33097,-73.96705627441406,40.75754928588867,-73.97928619384766,40.7530517578125,453.63,4461,4461,-1.0,-1.0,-1,-1,0.0
33098,-73.98709106445312,40.77519989013672,-73.95712280273438,40.77470016479492,747.11,4461,4461,-1.0,-1.0,-1,-1,0.0
33099,-74.01170349121094,40.71393966674805,-73.94830322265625,40.77472305297852,1486.77,4462,4462,-1.0,-1.0,-1,-1,0.0
33100,-73.97112274169923,40.76607131958008,-73.953857421875,40.780479431152344,487.9,4462,4462,4559.05,5067.21,97.05000000000018,20.259999999999877,1.0415249026439841
33101,-73.98322296142578,40.73891830444336,-74.00070953369139,40.74626922607422,523.86,4462,4462,-1.0,-1.0,-1,-1,0.0
33102,-73.98290252685547,40.77191925048828,-73.9920883178711,40.7641716003418,290.03,4462,4462,-1.0,-1.0,-1,-1,0.0
33103,-73.9825439453125,40.78511428833008,-73.97343444824219,40.79453659057617,214.87,4462,4462,4495.64,4776.11,33.64000000000033,65.59999999999934,1.3053008796016166
33104,-73.97064208984375,40.76166915893555,-73.96495056152342,40.75505065917969,325.13,4462,4462,-1.0,-1.0,-1,-1,0.0
33105,-73.98065185546875,40.77496719360352,-74.00498962402342,40.74155807495117,842.49,4462,4462,-1.0,-1.0,-1,-1,0.0
33106,-73.976806640625,40.74755096435547,-73.95841217041014,40.760250091552734,523.19,4462,4462,-1.0,-1.0,-1,-1,0.0
33107,-73.97894287109375,40.77742385864258,-73.95311737060547,40.77006149291992,717.35,4462,4462,4506.28,5223.63,44.279999999999745,3.410605131648481e-13,1.0000000000000004
33108,-73.98401641845702,40.74431610107422,-73.98281860351562,40.75589370727539,459.17,4462,4462,-1.0,-1.0,-1,-1,0.0
33109,-73.97152709960938,40.75819778442383,-73.97616577148438,40.750335693359375,188.31,4462,4462,4481.01,4669.32,19.01000000000022,-5.115907697472721e-13,0.9999999999999973
33110,-74.00164794921875,40.735389709472656,-73.99481201171875,40.74526977539063,434.79,4462,4462,-1.0,-1.0,-1,-1,0.0
33111,-73.96583557128906,40.79522705078125,-73.98066711425781,40.78259658813477,372.21,4463,4463,4684.81,5057.0199999999995,221.8100000000004,-8.526512829121202e-13,0.9999999999999977
33112,-73.96989440917969,40.763450622558594,-73.9877700805664,40.7383918762207,703.96,4463,4463,-1.0,-1.0,-1,-1,0.0
33113,-73.96057891845702,40.77253341674805,-73.96589660644531,40.76539611816406,195.2,4463,4463,4495.92,4691.12,32.92000000000007,-1.7053025658242404e-13,0.9999999999999991
33114,-73.98468780517578,40.742691040039055,-74.00296783447266,40.74885940551758,529.25,4464,4464,-1.0,-1.0,-1,-1,0.0
33115,-73.99387359619139,40.76168441772461,-73.9677734375,40.80224609375,731.12,4464,4464,-1.0,-1.0,-1,-1,0.0
33116,-73.97663116455078,40.75381088256836,-73.9963607788086,40.7403564453125,601.85,4464,4464,-1.0,-1.0,-1,-1,0.0
33117,-73.9894790649414,40.756935119628906,-73.936279296875,40.847900390625,1250.58,4464,4464,4509.85,5795.530000000001,45.850000000000364,35.100000000000364,1.0280669769227082
33118,-73.98210906982422,40.77700805664063,-73.98872375488281,40.7452392578125,1110.39,4464,4464,4496.25,5682.29,32.25,75.64999999999986,1.0681292158610938
33119,-73.98065185546875,40.75078582763672,-73.95353698730467,40.7832260131836,835.2,4464,4464,4515.69,5411.22,51.6899999999996,60.33000000000061,1.0722341954022996
33120,-73.97806549072266,40.76330184936523,-73.97140502929686,40.7640380859375,217.32,4464,4464,-1.0,-1.0,-1,-1,0.0
33121,-73.99230194091797,40.72565841674805,-73.97869873046875,40.72412872314453,371.8,4464,4464,4470.0,4841.8,6.0,1.7053025658242404e-13,1.0000000000000004
33122,-73.98382568359375,40.7645263671875,-73.99000549316406,40.74571990966797,740.23,4464,4464,4492.5,5272.6,28.5,39.870000000000346,1.053861637599125
33123,-73.98641204833984,40.74512481689453,-73.9906692504883,40.73299026489258,317.42,4464,4464,4520.84,4838.26,56.840000000000146,5.684341886080802e-14,1.0000000000000002
33124,-73.98020172119139,40.71408081054688,-74.00343322753906,40.756309509277344,1091.76,4464,4464,4757.25,5849.01,293.25,2.2737367544323206e-13,1.0000000000000002
33125,-73.97511291503906,40.76528549194336,-73.98375701904298,40.74314880371094,756.21,4464,4464,-1.0,-1.0,-1,-1,0.0
33126,-73.985595703125,40.76256561279297,-73.96781158447266,40.76087188720703,586.65,4464,4464,4479.26,5065.91,15.260000000000218,-3.410605131648481e-13,0.9999999999999994
33127,-73.97911071777342,40.740501403808594,-73.99656677246094,40.747840881347656,591.12,4465,4465,-1.0,-1.0,-1,-1,0.0
33128,-73.98847198486328,40.77483367919922,-74.00247192382812,40.73703002929688,913.17,4465,4465,4510.22,5423.39,45.220000000000255,1.1368683772161603e-13,1.0000000000000002
33129,-73.99517059326173,40.754825592041016,-73.98179626464844,40.76848983764648,513.18,4466,4466,4500.79,5013.97,34.789999999999964,3.410605131648481e-13,1.0000000000000007
33130,-73.96672821044923,40.757301330566406,-73.97152709960938,40.78205871582031,771.4,4466,4466,-1.0,-1.0,-1,-1,0.0
33131,-73.99413299560547,40.75128173828125,-73.98635101318358,40.71853256225585,1320.5,4466,4466,-1.0,-1.0,-1,-1,0.0
33132,-73.98209381103516,40.77517700195313,-73.9984817504883,40.74024200439453,975.45,4466,4466,4560.7,5536.15,94.69999999999982,-2.2737367544323206e-13,0.9999999999999998
33133,-73.99600982666014,40.7263298034668,-74.001953125,40.738059997558594,419.81,4466,4466,-1.0,-1.0,-1,-1,0.0
33134,-73.9974594116211,40.74174880981445,-74.01793670654298,40.70941162109375,778.45,4466,4466,4498.39,5358.81,32.39000000000033,81.97000000000003,1.1052989915858438
33135,-73.99275207519531,40.73737335205078,-73.99913024902342,40.72790908813477,344.49,4466,4466,4481.74,4826.2300000000005,15.739999999999782,6.821210263296962e-13,1.000000000000002
33136,-73.99285125732422,40.73031997680664,-73.98883819580078,40.72750854492188,180.05,4466,4466,4490.26,4670.31,24.26000000000022,1.7053025658242404e-13,1.0000000000000009
33137,-73.95294952392578,40.78056335449219,-73.95855712890625,40.78330612182617,251.92,4466,4466,4482.42,4798.83,16.420000000000073,64.48999999999987,1.2559939663385196
33138,-73.97980499267578,40.755271911621094,-74.00588989257811,40.74020767211913,750.26,4466,4466,4490.58,5242.46,24.579999999999927,1.6200000000001182,1.0021592514594941
33139,-73.97811126708984,40.74850845336913,-73.98751831054686,40.76187133789063,659.16,4466,4466,4488.43,5228.98,22.43000000000029,81.3899999999993,1.123475332241033
33140,-73.95240020751955,40.77649688720703,-73.96365356445312,40.77117919921875,336.2,4467,4467,4483.5,4819.7,16.5,-1.7053025658242404e-13,0.9999999999999994
33141,-73.95635223388672,40.77790069580078,-73.95687103271484,40.77085876464844,235.09,4467,4467,4507.67,4747.85,40.67000000000007,5.090000000000288,1.0216512824875592
33142,-74.00775909423827,40.71017837524415,-73.9534683227539,40.76763916015625,1286.66,4467,4467,-1.0,-1.0,-1,-1,0.0
33143,-73.98110961914062,40.7594108581543,-73.99163818359375,40.7598991394043,384.65,4467,4467,4481.7,4936.59,14.699999999999818,70.24000000000035,1.1826075653191221
33144,-73.9820327758789,40.77194595336913,-73.9588851928711,40.774131774902344,628.24,4467,4467,4498.28,5161.16,31.279999999999745,34.6400000000001,1.055138163759073
33145,-73.98731231689453,40.72243118286133,-74.00904083251955,40.71624755859375,749.84,4467,4467,4475.84,5225.679999999999,8.840000000000146,-7.958078640513122e-13,0.9999999999999989
33146,-73.98563385009766,40.752845764160156,-73.98582458496094,40.76052856445313,310.58,4467,4467,-1.0,-1.0,-1,-1,0.0
33147,-73.9659423828125,40.80532836914063,-73.9715118408203,40.7823486328125,539.63,4467,4467,4546.25,5085.88,79.25,1.1368683772161603e-13,1.0000000000000002
33148,-73.9757080078125,40.78795623779297,-73.95438385009766,40.78445434570313,462.12,4468,4468,4507.84,5014.96,39.840000000000146,44.999999999999886,1.0973773045962085
33149,-73.9828109741211,40.77583312988281,-73.95173645019531,40.77350616455078,807.01,4468,4468,4504.4,5311.41,36.399999999999636,2.2737367544323206e-13,1.0000000000000002
33150,-73.95439910888672,40.77824783325195,-73.93799591064453,40.804649353027344,400.14,4468,4468,4518.77,4918.91,50.77000000000044,-5.684341886080801e-13,0.9999999999999986
33151,-73.95863342285155,40.7812728881836,-73.94664764404298,40.81162643432617,594.64,4468,4468,5463.8099999999995,6058.45,995.8099999999995,3.410605131648481e-13,1.0000000000000007
33152,-73.9680938720703,40.75115203857422,-73.96107482910156,40.760608673095696,183.52,4468,4468,4475.96,4659.48,7.960000000000036,-4.831690603168681e-13,0.9999999999999973
33153,-73.98270416259766,40.75138473510742,-73.99201202392578,40.75909423828125,481.1,4468,4468,-1.0,-1.0,-1,-1,0.0
33154,-73.95928955078125,40.77521896362305,-73.9808578491211,40.78330993652344,507.57,4468,4468,-1.0,-1.0,-1,-1,0.0
33155,-74.00856018066406,40.71379470825195,-73.99039459228516,40.74608612060547,661.78,4469,4469,-1.0,-1.0,-1,-1,0.0
33156,-73.99140167236328,40.76036071777344,-73.980712890625,40.77983856201172,418.15,4469,4469,-1.0,-1.0,-1,-1,0.0
33157,-73.99433135986328,40.7517204284668,-73.93836212158203,40.85593032836913,1460.26,4469,4469,-1.0,-1.0,-1,-1,0.0
33158,-73.9952621459961,40.73919677734375,-74.00248718261719,40.7340202331543,200.09,4469,4469,-1.0,-1.0,-1,-1,0.0
33159,-73.98507690429686,40.742488861083984,-73.99124145507811,40.72377014160156,511.86,4469,4469,-1.0,-1.0,-1,-1,0.0
33160,-73.9865951538086,40.75818634033203,-73.98184204101562,40.74342346191406,577.34,4469,4469,4498.72,5076.06,29.720000000000255,1.1368683772161603e-13,1.0000000000000002
33161,-73.95082092285155,40.770904541015625,-74.00377655029298,40.7193717956543,1457.42,4469,4469,4497.21,5954.629999999999,28.210000000000036,-9.094947017729282e-13,0.9999999999999993
33162,-73.98021697998048,40.734474182128906,-73.9876708984375,40.74817276000977,665.27,4469,4469,4485.26,5150.53,16.26000000000022,-4.547473508864641e-13,0.9999999999999993
33163,-73.98697662353516,40.77627182006836,-73.95606231689453,40.7780876159668,752.55,4469,4469,4495.95,5336.58,26.949999999999818,88.08000000000015,1.1170420570061792
33164,-73.96215057373048,40.776283264160156,-73.93626403808595,40.79474258422852,561.26,4470,4470,4484.91,5046.17,14.909999999999854,2.2737367544323206e-13,1.0000000000000004
33165,-73.9535598754883,40.80176162719727,-73.93846893310547,40.82475662231445,609.16,4470,4470,4812.96,5422.12,342.96000000000004,-1.1368683772161603e-13,0.9999999999999998
33166,-74.00890350341797,40.73046875,-73.98741912841797,40.7429084777832,697.13,4470,4470,4662.86,5359.99,192.85999999999967,1.1368683772161603e-13,1.0000000000000002
33167,-73.95890808105469,40.815162658691406,-73.9649887084961,40.75947570800781,1469.87,4470,4470,4507.37,6015.6900000000005,37.36999999999989,38.45000000000073,1.0261587759461726
33168,-73.99679565429686,40.763126373291016,-73.99541473388672,40.749717712402344,419.71,4470,4470,4486.12,4905.83,16.11999999999989,5.684341886080802e-14,1.0000000000000002
33169,-73.97904968261719,40.73628616333008,-73.95982360839844,40.76272583007813,444.89,4470,4470,4478.13,4923.02,8.13000000000011,3.410605131648481e-13,1.0000000000000007
33170,-74.00845336914062,40.71960830688477,-74.00776672363281,40.73693084716797,361.6,4470,4470,4552.63,4914.23,82.63000000000011,-5.684341886080801e-13,0.9999999999999984
33171,-73.9580078125,40.77621841430664,-73.96304321289062,40.77534866333008,180.3,4471,4471,-1.0,-1.0,-1,-1,0.0
33172,-73.9911117553711,40.75000762939453,-73.999267578125,40.739158630371094,219.44,4471,4471,-1.0,-1.0,-1,-1,0.0
33173,-73.97734832763672,40.74259948730469,-73.97043609619139,40.75501251220703,384.19,4471,4471,-1.0,-1.0,-1,-1,0.0
33174,-73.98119354248048,40.73817443847656,-73.99221038818358,40.74272155761719,377.12,4471,4471,-1.0,-1.0,-1,-1,0.0
33175,-73.96259307861328,40.75851821899415,-73.98138427734375,40.759464263916016,765.25,4471,4471,-1.0,-1.0,-1,-1,0.0
33176,-73.97798156738281,40.75790023803711,-73.99812316894531,40.73881149291992,619.72,4471,4471,-1.0,-1.0,-1,-1,0.0
33177,-73.9931411743164,40.75251770019531,-73.98416900634766,40.76505661010742,326.65,4471,4471,4504.3,4830.95,33.30000000000018,-3.410605131648481e-13,0.999999999999999
33178,-73.9837417602539,40.7425537109375,-73.98705291748048,40.77109146118164,934.71,4471,4471,-1.0,-1.0,-1,-1,0.0
33179,-73.97238159179686,40.75945663452149,-73.99279022216798,40.73019027709961,811.39,4472,4472,-1.0,-1.0,-1,-1,0.0
33180,-73.99018096923827,40.746543884277344,-73.97928619384766,40.763347625732415,450.72,4472,4472,-1.0,-1.0,-1,-1,0.0
33181,-73.98445129394531,40.7600975036621,-73.99097442626955,40.75059509277344,337.65,4472,4472,-1.0,-1.0,-1,-1,0.0
33182,-73.97522735595702,40.75878143310547,-74.00892639160156,40.70397186279297,1228.43,4472,4472,-1.0,-1.0,-1,-1,0.0
33183,-73.98209381103516,40.76904678344727,-74.00971984863281,40.7466926574707,767.15,4472,4472,-1.0,-1.0,-1,-1,0.0
33184,-74.0009765625,40.72576141357422,-74.01722717285155,40.70751953125,677.2,4473,4473,-1.0,-1.0,-1,-1,0.0
33185,-73.99114227294923,40.75046920776367,-73.9739990234375,40.757148742675774,686.21,4473,4473,-1.0,-1.0,-1,-1,0.0
33186,-73.97809600830078,40.75250625610352,-74.00135803222656,40.74178695678711,647.18,4473,4473,-1.0,-1.0,-1,-1,0.0
33187,-73.97386932373048,40.763198852539055,-73.98133087158203,40.78033828735352,582.19,4473,4473,4530.01,5173.49,57.01000000000022,61.28999999999951,1.1052749102526658
33188,-73.99510192871094,40.750343322753906,-74.00154113769531,40.74570083618164,229.93,4473,4473,-1.0,-1.0,-1,-1,0.0
33189,-73.97376251220702,40.751808166503906,-73.998779296875,40.76359939575195,933.88,4473,4473,4612.46,5546.34,139.46000000000004,1.1368683772161603e-13,1.0000000000000002
33190,-73.95773315429686,40.765281677246094,-73.95963287353516,40.773529052734375,291.87,4473,4473,-1.0,-1.0,-1,-1,0.0
33191,-73.99684143066406,40.7424201965332,-74.0058364868164,40.71178817749024,826.09,4473,4473,-1.0,-1.0,-1,-1,0.0
33192,-73.98234558105469,40.76672744750977,-73.96163177490234,40.766956329345696,573.43,4473,4473,4524.91,5098.34,51.909999999999854,3.410605131648481e-13,1.0000000000000007
33193,-74.00930023193358,40.726036071777344,-74.00990295410156,40.73459243774415,189.88,4473,4473,4523.52,4713.4,50.52000000000044,-7.958078640513122e-13,0.9999999999999958
33194,-73.9727554321289,40.7561912536621,-73.99057006835938,40.75111389160156,591.58,4473,4473,-1.0,-1.0,-1,-1,0.0
33195,-73.98152160644531,40.768699645996094,-74.0108413696289,40.72502899169922,1065.98,4474,4474,-1.0,-1.0,-1,-1,0.0
33196,-73.98538970947266,40.7275505065918,-73.98085021972656,40.78210830688477,1433.7,4474,4474,4500.0,5933.7,26.0,-2.2737367544323206e-13,0.9999999999999999
33197,-73.9738540649414,40.76459884643555,-74.00704956054686,40.730228424072266,1057.92,4474,4474,-1.0,-1.0,-1,-1,0.0
33198,-73.99759674072266,40.72578048706055,-73.98271942138672,40.7444725036621,593.66,4474,4474,4530.34,5124.0,56.340000000000146,-1.1368683772161603e-13,0.9999999999999998
33199,-73.99102020263672,40.72795104980469,-73.99996948242188,40.735050201416016,384.99,4474,4474,4574.87,4959.86,100.86999999999989,-2.2737367544323206e-13,0.9999999999999994
33200,-73.98245239257811,40.73125076293945,-73.97899627685547,40.72386169433594,230.41,4474,4474,4673.46,4903.87,199.46000000000004,-1.4210854715202004e-13,0.9999999999999993
33201,-73.98104858398438,40.74517822265625,-73.95645141601562,40.76744842529297,652.7,4474,4474,-1.0,-1.0,-1,-1,0.0
33202,-74.0027847290039,40.72814178466797,-74.00434875488281,40.72266387939453,232.8,4474,4474,-1.0,-1.0,-1,-1,0.0
33203,-73.97715759277344,40.76409149169922,-73.98495483398438,40.74757766723633,513.88,4474,4474,-1.0,-1.0,-1,-1,0.0
33204,-73.9491195678711,40.77330017089844,-73.96063232421875,40.77227020263672,341.25,4475,4475,4627.37,4968.62,152.3699999999999,0.0,1.0
33205,-73.98368835449219,40.743900299072266,-73.97663879394531,40.75083923339844,235.21,4475,4475,-1.0,-1.0,-1,-1,0.0
33206,-74.0156707763672,40.71477127075195,-73.98509216308595,40.73249816894531,943.29,4475,4475,-1.0,-1.0,-1,-1,0.0
33207,-73.97769927978516,40.74635696411133,-73.99140930175781,40.75014114379883,485.9,4475,4475,-1.0,-1.0,-1,-1,0.0
33208,-73.97554779052734,40.76078796386719,-73.97669219970702,40.75005340576172,428.09,4475,4475,-1.0,-1.0,-1,-1,0.0
33209,-73.95854949951173,40.7808723449707,-73.97415161132812,40.79308700561523,462.42,4475,4475,4501.22,5045.09,26.220000000000255,81.44999999999987,1.1761385753211364
33210,-73.98301696777342,40.770179748535156,-73.96113586425781,40.761680603027344,824.46,4476,4476,4524.36,5348.82,48.35999999999967,0.0,1.0
33211,-73.95849609375,40.77475357055664,-73.94796752929686,40.77061080932617,268.25,4476,4476,-1.0,-1.0,-1,-1,0.0
33212,-74.00755310058594,40.740886688232415,-73.99992370605469,40.73066329956055,534.09,4476,4476,-1.0,-1.0,-1,-1,0.0
33213,-73.9894027709961,40.75356674194336,-74.01264953613281,40.701744079589844,1110.67,4476,4476,-1.0,-1.0,-1,-1,0.0
33214,-73.9759063720703,40.748329162597656,-73.96244049072266,40.75893020629883,380.65,4476,4476,-1.0,-1.0,-1,-1,0.0
33215,-73.95964050292969,40.77019882202149,-73.9660873413086,40.76501846313477,214.21,4476,4476,4500.0,4714.21,24.0,2.842170943040401e-14,1.0000000000000002
33216,-73.9935302734375,40.74491500854492,-73.99530792236328,40.72732543945313,539.12,4476,4476,4514.67,5089.29,38.67000000000007,35.499999999999886,1.0658480486719095
33217,-73.97349548339844,40.7547264099121,-73.98097991943358,40.75276184082031,311.8,4477,4477,-1.0,-1.0,-1,-1,0.0
33218,-73.99369812011719,40.75202560424805,-73.97370147705078,40.757911682128906,718.01,4477,4477,-1.0,-1.0,-1,-1,0.0
33219,-74.00051116943358,40.71437454223633,-73.99359130859375,40.72125625610352,298.96,4477,4477,-1.0,-1.0,-1,-1,0.0
33220,-73.99879455566406,40.71981430053711,-73.97989654541014,40.73491668701172,562.02,4477,4477,4585.67,5147.69,108.67000000000007,-4.547473508864641e-13,0.9999999999999992
33221,-73.97831726074219,40.75241088867188,-73.98319244384766,40.76144790649415,461.84,4477,4477,-1.0,-1.0,-1,-1,0.0
33222,-73.9770278930664,40.74720764160156,-73.98615264892578,40.755313873291016,548.74,4477,4477,-1.0,-1.0,-1,-1,0.0
33223,-74.00196838378906,40.71687698364258,-74.0071029663086,40.7407341003418,736.12,4477,4477,4609.59,5345.71,132.59000000000015,-1.1368683772161603e-13,0.9999999999999999
33224,-74.00543212890625,40.73952102661133,-74.00711059570312,40.7258186340332,406.72,4478,4478,-1.0,-1.0,-1,-1,0.0
33225,-73.96773529052734,40.80215835571289,-73.93987274169923,40.84703063964844,797.9,4478,4478,4681.6,5479.5,203.60000000000036,-3.410605131648481e-13,0.9999999999999996
33226,-73.96887969970702,40.764259338378906,-73.97061157226562,40.78606796264648,555.72,4478,4478,-1.0,-1.0,-1,-1,0.0
33227,-73.98524475097656,40.75944900512695,-74.00754547119139,40.74271774291992,760.97,4478,4478,-1.0,-1.0,-1,-1,0.0
33228,-73.99214172363281,40.74882888793945,-73.99057006835938,40.74296188354492,253.38,4478,4478,-1.0,-1.0,-1,-1,0.0
33229,-73.97295379638672,40.758125305175774,-73.9849853515625,40.736366271972656,578.47,4478,4478,-1.0,-1.0,-1,-1,0.0
33230,-73.99266052246094,40.7372932434082,-74.00611114501955,40.741207122802734,330.05,4479,4479,4509.05,4912.68,30.050000000000182,73.5800000000001,1.222935918800182
33231,-74.00990295410156,40.71501541137695,-74.01630401611328,40.710304260253906,249.54,4479,4479,4539.17,4788.71,60.17000000000007,-2.842170943040401e-14,0.9999999999999999
33232,-73.9676055908203,40.75897216796875,-73.98532104492188,40.74325180053711,615.39,4479,4479,-1.0,-1.0,-1,-1,0.0
33233,-73.96167755126955,40.7636604309082,-73.97230529785155,40.7523193359375,398.84,4479,4479,4506.55,4905.39,27.550000000000182,1.7053025658242404e-13,1.0000000000000004
33234,-73.99714660644531,40.747066497802734,-73.97756958007811,40.73897933959961,609.74,4479,4479,4534.07,5168.86,55.06999999999971,25.049999999999955,1.0410830845934331
33235,-73.97377014160156,40.757488250732415,-73.98417663574219,40.74322509765625,445.05,4479,4479,-1.0,-1.0,-1,-1,0.0
33236,-73.97310638427734,40.75713348388672,-73.9468994140625,40.772239685058594,731.4,4479,4479,4537.12,5312.07,58.11999999999989,43.54999999999984,1.0595433415367785
33237,-73.9676055908203,40.8012809753418,-73.9530029296875,40.78691864013672,613.15,4480,4480,4547.0,5160.15,67.0,-3.410605131648481e-13,0.9999999999999994
33238,-73.99016571044923,40.73689270019531,-73.97575378417969,40.73340225219727,582.56,4480,4480,-1.0,-1.0,-1,-1,0.0
33239,-74.00398254394531,40.72200012207031,-73.9822998046875,40.75680923461913,865.0,4480,4480,-1.0,-1.0,-1,-1,0.0
33240,-73.97897338867188,40.75942993164063,-73.98194885253906,40.74079132080078,664.86,4480,4480,-1.0,-1.0,-1,-1,0.0
33241,-73.95555114746094,40.76399230957031,-73.94686126708984,40.81840515136719,1029.89,4480,4480,-1.0,-1.0,-1,-1,0.0
33242,-73.99834442138672,40.755535125732415,-73.986328125,40.77192687988281,312.46,4480,4480,4524.25,4836.71,44.25,5.684341886080802e-14,1.0000000000000002
33243,-73.95668029785155,40.78406143188477,-73.97725677490234,40.78940963745117,461.42,4480,4480,5082.25,5543.67,602.25,5.684341886080802e-14,1.0000000000000002
33244,-74.000244140625,40.72551727294922,-74.0064926147461,40.72722625732422,212.53,4480,4480,-1.0,-1.0,-1,-1,0.0
33245,-73.9749298095703,40.75659942626953,-73.98301696777342,40.74460983276367,405.9,4480,4480,-1.0,-1.0,-1,-1,0.0
33246,-73.99141693115234,40.76512145996094,-73.98230743408203,40.77751922607422,216.98,4480,4480,-1.0,-1.0,-1,-1,0.0
33247,-73.99156188964845,40.75003051757813,-73.97307586669923,40.75621032714844,768.8,4481,4481,-1.0,-1.0,-1,-1,0.0
33248,-73.99368286132812,40.74101257324219,-73.98582458496094,40.72947311401367,492.94,4481,4481,-1.0,-1.0,-1,-1,0.0
33249,-73.9872817993164,40.75503921508789,-73.97926330566406,40.76541137695313,401.92,4481,4481,-1.0,-1.0,-1,-1,0.0
33250,-73.97181701660156,40.76313781738281,-73.96229553222656,40.76526641845703,396.55,4481,4481,-1.0,-1.0,-1,-1,0.0
33251,-73.9960708618164,40.74356460571289,-74.00563049316406,40.72610473632813,327.12,4481,4481,4533.69,4860.8099999999995,52.6899999999996,-1.1368683772161603e-13,0.9999999999999997
33252,-73.98632049560547,40.75930786132813,-74.00875854492188,40.71943664550781,1156.42,4481,4481,-1.0,-1.0,-1,-1,0.0
33253,-74.0033187866211,40.732872009277344,-73.94464111328125,40.77949523925781,1464.1,4481,4481,4544.74,6008.84,63.73999999999978,4.547473508864641e-13,1.0000000000000002
33254,-73.9919662475586,40.76652526855469,-73.99712371826173,40.75642395019531,367.01,4482,4482,4510.46,4907.14,28.460000000000036,29.6700000000003,1.0808424838560264
33255,-73.95409393310547,40.77033615112305,-73.9799270629883,40.77096557617188,737.5,4482,4482,4515.89,5301.16,33.89000000000033,47.76999999999953,1.0647728813559316
33256,-73.94851684570312,40.78226852416992,-73.9715576171875,40.792030334472656,642.34,4482,4482,5105.84,5748.179999999999,623.8400000000001,-7.958078640513122e-13,0.9999999999999988
33257,-73.96875,40.757320404052734,-73.98204803466798,40.75204086303711,505.15,4482,4482,-1.0,-1.0,-1,-1,0.0
33258,-73.96931457519531,40.76150512695313,-73.97026062011719,40.75267028808594,277.51,4482,4482,-1.0,-1.0,-1,-1,0.0
33259,-73.9846420288086,40.73855590820313,-73.99122619628906,40.74857711791992,594.33,4482,4482,-1.0,-1.0,-1,-1,0.0
33260,-73.9661865234375,40.77082824707031,-73.95125579833984,40.78615188598633,350.51,4482,4482,4504.78,4897.41,22.779999999999745,42.12000000000012,1.12016775555619
33261,-73.99041748046875,40.72346115112305,-73.98879241943358,40.741397857666016,659.38,4482,4482,4631.13,5290.51,149.1300000000001,1.1368683772161603e-13,1.0000000000000002
33262,-73.94477844238281,40.77874755859375,-73.9537353515625,40.785343170166016,334.7,4482,4482,4555.45,4890.15,73.44999999999982,-1.7053025658242404e-13,0.9999999999999994
33263,-73.9856185913086,40.760169982910156,-73.94561767578125,40.778079986572266,1123.93,4482,4482,-1.0,-1.0,-1,-1,0.0
33264,-73.99527740478516,40.75474166870117,-73.98234558105469,40.76765823364258,465.14,4482,4482,4509.21,4974.35,27.210000000000036,3.410605131648481e-13,1.0000000000000007
33265,-73.959228515625,40.76422500610352,-73.95075225830078,40.771427154541016,189.63,4483,4483,4574.57,4764.2,91.56999999999971,1.1368683772161603e-13,1.0000000000000007
33266,-73.95383453369139,40.77988815307617,-73.99297332763672,40.73239517211913,1412.36,4483,4483,4566.75,5979.11,83.75,-2.2737367544323206e-13,0.9999999999999999
33267,-73.99669647216798,40.74272155761719,-74.00477600097656,40.73441696166992,240.66,4483,4483,-1.0,-1.0,-1,-1,0.0
33268,-73.97832489013672,40.78299331665039,-73.95731353759766,40.77888870239258,453.34,4483,4483,4511.46,4993.39,28.460000000000036,28.590000000000316,1.063065249040456
33269,-73.98219299316406,40.7485466003418,-73.9578628540039,40.7651596069336,676.59,4483,4483,4561.17,5237.76,78.17000000000007,1.1368683772161603e-13,1.0000000000000002
33270,-73.9664764404297,40.75336837768555,-73.98217010498048,40.77104949951172,840.34,4483,4483,4521.11,5393.06,38.10999999999967,31.610000000000696,1.0376157269676567
33271,-73.95488739013672,40.78351211547852,-73.95982360839844,40.76615524291992,522.69,4483,4483,4538.75,5063.15,55.75,1.7099999999995816,1.003271537622682
33272,-73.98312377929686,40.75284194946289,-73.99264526367188,40.7375602722168,309.05,4484,4484,4510.62,4819.67,26.61999999999989,1.7053025658242404e-13,1.0000000000000004
33273,-73.97871398925781,40.77839660644531,-73.97503662109375,40.787635803222656,204.72,4484,4484,4533.95,4738.67,49.94999999999982,2.5579538487363607e-13,1.0000000000000013
33274,-74.01515197753906,40.71635055541992,-74.00096130371094,40.735260009765625,589.44,4484,4484,4518.42,5176.74,34.42000000000007,68.87999999999965,1.1168566775244293
33275,-73.97240447998048,40.75622940063477,-73.98262786865234,40.7420310974121,330.5,4484,4484,4514.1,4844.6,30.100000000000364,0.0,1.0
33276,-74.00463104248048,40.74726867675781,-73.99366760253906,40.76639175415039,439.83,4484,4484,4500.91,4940.74,16.909999999999854,-5.684341886080802e-14,0.9999999999999999
33277,-73.9488296508789,40.77391815185547,-73.98280334472656,40.77041244506836,908.71,4484,4484,-1.0,-1.0,-1,-1,0.0
33278,-74.015869140625,40.71495819091797,-73.99066162109375,40.756065368652344,882.77,4484,4484,-1.0,-1.0,-1,-1,0.0
33279,-74.00599670410156,40.74858856201172,-73.99462127685547,40.7269401550293,821.04,4484,4484,-1.0,-1.0,-1,-1,0.0
33280,-73.9786376953125,40.77248764038085,-73.99039459228516,40.74192810058594,914.28,4485,4485,4520.41,5465.11,35.409999999999854,30.419999999999845,1.0332720829505182
33281,-73.97411346435547,40.731143951416016,-73.9887466430664,40.72721862792969,333.7,4485,4485,4504.12,4882.48,19.11999999999989,44.659999999999684,1.1338327839376676
33282,-73.9830551147461,40.7225456237793,-73.98896026611328,40.71903610229492,239.96,4485,4485,4538.82,4778.78,53.81999999999971,2.842170943040401e-14,1.0000000000000002
33283,-73.95201873779298,40.76942825317383,-73.95954895019531,40.77360916137695,308.03,4485,4485,4514.5,4822.53,29.5,-2.2737367544323206e-13,0.9999999999999992
33284,-74.00517272949219,40.74116134643555,-73.95507049560547,40.80475997924805,1449.95,4486,4486,-1.0,-1.0,-1,-1,0.0
33285,-73.98767852783203,40.76960372924805,-73.99132537841797,40.76448059082031,286.88,4486,4486,4540.19,4827.07,54.1899999999996,1.1368683772161603e-13,1.0000000000000004
33286,-73.98117828369139,40.73324966430664,-73.9620132446289,40.77376174926758,892.57,4486,4486,-1.0,-1.0,-1,-1,0.0
33287,-73.99256896972656,40.766639709472656,-73.95584106445312,40.7641487121582,1000.38,4486,4486,4539.94,5540.32,53.9399999999996,1.1368683772161603e-13,1.0000000000000002
33288,-74.0120849609375,40.707122802734375,-73.98937225341797,40.7434196472168,1037.65,4486,4486,-1.0,-1.0,-1,-1,0.0
33289,-73.98313140869139,40.74436950683594,-73.97174835205078,40.75785827636719,445.12,4486,4486,-1.0,-1.0,-1,-1,0.0
33290,-73.98789978027342,40.74941635131836,-73.97571563720702,40.7479362487793,389.84,4486,4486,-1.0,-1.0,-1,-1,0.0
33291,-73.96571350097656,40.75439834594727,-73.97171020507811,40.76548385620117,509.94,4487,4487,4542.24,5052.179999999999,55.23999999999978,-3.979039320256561e-13,0.9999999999999992
33292,-73.98310089111328,40.76314926147461,-74.00457763671875,40.74201965332031,775.33,4487,4487,-1.0,-1.0,-1,-1,0.0
33293,-73.9801025390625,40.74599075317383,-73.99603271484375,40.74351119995117,459.96,4487,4487,-1.0,-1.0,-1,-1,0.0
33294,-73.99288177490234,40.73292922973633,-73.98992919921875,40.76733016967773,901.57,4487,4487,4650.37,5551.9400000000005,163.3699999999999,5.684341886080801e-13,1.0000000000000007
33295,-73.98497772216798,40.76935195922852,-73.97865295410156,40.77487564086913,275.38,4487,4487,-1.0,-1.0,-1,-1,0.0
33296,-73.97380828857422,40.73808670043945,-73.98249816894531,40.75654220581055,783.38,4487,4487,-1.0,-1.0,-1,-1,0.0
33297,-73.9930648803711,40.73694229125977,-74.00621795654298,40.734073638916016,368.24,4487,4487,4504.98,4873.22,17.979999999999563,6.821210263296962e-13,1.0000000000000018
33298,-74.00823211669923,40.74700927734375,-73.95093536376955,40.79189682006836,1339.66,4487,4487,-1.0,-1.0,-1,-1,0.0
33299,-73.99137115478516,40.75954818725585,-73.98348999023438,40.76599884033203,282.64,4487,4487,-1.0,-1.0,-1,-1,0.0
33300,-73.97986602783203,40.76082229614258,-73.9566650390625,40.778186798095696,727.1,4488,4488,4507.33,5246.54,19.329999999999927,12.110000000000014,1.0166552056113327
33301,-73.97676849365234,40.76605987548828,-73.98670196533203,40.76664733886719,304.09,4488,4488,-1.0,-1.0,-1,-1,0.0
33302,-73.97051239013672,40.78407669067383,-73.98100280761719,40.78078842163085,270.36,4488,4488,4526.73,4810.75,38.72999999999956,13.660000000000423,1.050525225625094
33303,-73.97644805908203,40.74431991577149,-73.96558380126955,40.7625389099121,547.03,4488,4488,-1.0,-1.0,-1,-1,0.0
33304,-73.9573745727539,40.77398681640625,-73.96779632568358,40.76279067993164,387.07,4488,4488,4578.7,4965.77,90.69999999999982,6.252776074688882e-13,1.0000000000000016
33305,-73.9737777709961,40.76227951049805,-73.95669555664062,40.77826690673828,551.48,4488,4488,-1.0,-1.0,-1,-1,0.0
33306,-73.99322509765625,40.75750350952149,-73.97956848144531,40.74663543701172,596.25,4488,4488,4540.42,5136.67,52.42000000000007,0.0,1.0
33307,-73.97335815429686,40.75213241577149,-73.9763946533203,40.77647018432617,843.59,4488,4488,-1.0,-1.0,-1,-1,0.0
33308,-73.9633560180664,40.775169372558594,-73.98249816894531,40.75630569458008,777.98,4488,4488,-1.0,-1.0,-1,-1,0.0
33309,-73.96907806396483,40.76414489746094,-73.95377349853516,40.77080154418945,501.08,4488,4488,4545.2699999999995,5046.35,57.26999999999953,8.526512829121202e-13,1.0000000000000018
33310,-73.98113250732422,40.76074981689453,-74.01142120361328,40.714988708496094,1220.13,4488,4488,4500.0,5720.13,12.0,0.0,1.0
33311,-73.94898223876955,40.784980773925774,-73.9685287475586,40.76483154296875,627.25,4489,4489,4628.5,5255.75,139.5,0.0,1.0
33312,-73.99481201171875,40.74009704589844,-73.98831176757811,40.76562881469727,795.57,4489,4489,4615.25,5410.82,126.25,-3.410605131648481e-13,0.9999999999999996
33313,-73.97431945800781,40.76318740844727,-73.98159790039062,40.74383163452149,600.75,4489,4489,-1.0,-1.0,-1,-1,0.0
33314,-73.94175720214845,40.79172134399415,-73.95276641845702,40.80788040161133,571.02,4489,4489,4595.56,5166.58,106.5600000000004,-4.547473508864641e-13,0.9999999999999992
33315,-74.01280212402342,40.70811462402344,-74.01023864746094,40.71931457519531,429.79,4489,4489,4595.17,5024.96,106.17000000000007,-5.684341886080802e-14,0.9999999999999999
33316,-73.96710968017578,40.756919860839844,-73.97396850585938,40.74726104736328,219.21,4490,4490,4506.15,4725.36,16.149999999999636,2.842170943040401e-14,1.0000000000000002
33317,-73.97228240966798,40.759578704833984,-73.95821380615234,40.78063201904297,503.46,4490,4490,-1.0,-1.0,-1,-1,0.0
33318,-73.97555541992188,40.78956985473633,-73.96977233886719,40.800148010253906,253.36,4490,4490,4568.84,4822.2,78.84000000000015,-3.410605131648481e-13,0.9999999999999987
33319,-74.00578308105469,40.74031448364258,-73.99374389648438,40.73283767700195,478.58,4490,4490,-1.0,-1.0,-1,-1,0.0
33320,-73.9990005493164,40.73441696166992,-73.96297454833984,40.76902770996094,1188.65,4490,4490,4634.41,5823.06,144.40999999999985,4.547473508864641e-13,1.0000000000000004
33321,-73.98918151855469,40.752796173095696,-73.95461273193358,40.769927978515625,991.17,4490,4490,-1.0,-1.0,-1,-1,0.0
33322,-74.00750732421875,40.705169677734375,-73.98957061767578,40.729995727539055,656.18,4491,4491,-1.0,-1.0,-1,-1,0.0
33323,-74.00108337402342,40.75188064575195,-73.98452758789062,40.764961242675774,479.45,4491,4491,4518.73,5036.91,27.729999999999563,38.7300000000003,1.080780060485974
33324,-73.99835968017578,40.73222351074219,-73.99738311767578,40.72236633300781,473.2,4491,4491,4501.62,4979.43,10.61999999999989,4.6100000000004115,1.0097421808960279
33325,-73.97594451904298,40.759761810302734,-73.98188781738281,40.72099685668945,1066.18,4491,4491,-1.0,-1.0,-1,-1,0.0
33326,-73.99981689453125,40.72350311279297,-73.99385070800781,40.73584365844727,511.85,4491,4491,-1.0,-1.0,-1,-1,0.0
33327,-73.9929428100586,40.73979187011719,-73.97757720947266,40.75534057617188,616.0,4491,4491,-1.0,-1.0,-1,-1,0.0
33328,-74.01316833496094,40.7154655456543,-73.99346160888672,40.730712890625,663.04,4491,4491,4513.54,5249.24,22.539999999999964,72.65999999999985,1.1095861486486485
33329,-73.98745727539062,40.76121139526367,-73.97247314453125,40.75381088256836,633.72,4492,4492,-1.0,-1.0,-1,-1,0.0
33330,-73.97765350341797,40.75191116333008,-73.99462890625,40.7216911315918,937.97,4492,4492,4556.54,5494.51,64.53999999999996,2.2737367544323206e-13,1.0000000000000002
33331,-73.96825408935547,40.762691497802734,-73.98059844970702,40.74233627319336,553.59,4492,4492,4512.75,5066.34,20.75,1.1368683772161603e-13,1.0000000000000002
33332,-73.9748764038086,40.75323486328125,-73.98347473144531,40.74393081665039,266.2,4492,4492,4530.08,4796.28,38.07999999999993,-1.7053025658242404e-13,0.9999999999999993
33333,-73.99895477294923,40.73437881469727,-73.98258972167969,40.72325134277344,588.27,4492,4492,4533.91,5122.18,41.909999999999854,4.547473508864641e-13,1.0000000000000007
33334,-73.98802185058595,40.749183654785156,-73.97128295898438,40.79860305786133,1088.58,4492,4492,-1.0,-1.0,-1,-1,0.0
33335,-73.9694061279297,40.79060745239258,-73.96533203125,40.77522277832031,393.62,4493,4493,4549.37,4942.99,56.36999999999989,-1.1368683772161603e-13,0.9999999999999997
33336,-73.96944427490234,40.78514862060547,-73.93521881103516,40.84216690063477,1025.38,4493,4493,4513.42,5538.8,20.420000000000073,0.0,1.0
33337,-73.95561218261719,40.7769660949707,-73.96485900878906,40.76713562011719,325.82,4493,4493,4649.62,4975.44,156.6199999999999,-2.8421709430404007e-13,0.9999999999999991
33338,-73.97467803955078,40.761138916015625,-73.98536682128906,40.73881912231445,646.06,4493,4493,4511.7,5157.76,18.699999999999818,4.547473508864641e-13,1.0000000000000007
33339,-73.98368072509766,40.73825073242188,-73.995361328125,40.71750259399415,603.92,4493,4493,4519.7,5123.62,26.699999999999818,1.1368683772161603e-13,1.0000000000000002
33340,-73.99269104003906,40.7483787536621,-73.99626922607422,40.74028015136719,213.71,4493,4493,4516.5,4730.21,23.5,2.842170943040401e-14,1.0000000000000002
33341,-73.97136688232422,40.7624397277832,-73.9391098022461,40.807929992675774,811.44,4493,4493,-1.0,-1.0,-1,-1,0.0
33342,-73.9820327758789,40.73835754394531,-73.99250030517578,40.74285888671875,304.74,4493,4493,4529.17,4867.91,36.17000000000007,33.99999999999977,1.1115705191310619
33343,-73.97700500488281,40.75428771972656,-73.98372650146483,40.75091171264648,229.68,4494,4494,-1.0,-1.0,-1,-1,0.0
33344,-73.99600982666014,40.74422836303711,-73.96517944335938,40.75532150268555,749.23,4494,4494,4521.06,5270.29,27.0600000000004,-4.547473508864641e-13,0.9999999999999994
33345,-74.004150390625,40.73115921020508,-74.00647735595702,40.73888397216797,258.37,4494,4494,-1.0,-1.0,-1,-1,0.0
33346,-73.98632049560547,40.75163650512695,-74.00254821777344,40.76070022583008,579.62,4494,4494,-1.0,-1.0,-1,-1,0.0
33347,-73.98580932617188,40.73180770874024,-73.99190521240234,40.73432540893555,241.05,4494,4494,-1.0,-1.0,-1,-1,0.0
33348,-73.97482299804686,40.78748321533203,-73.95287322998048,40.77237319946289,640.85,4494,4494,4530.24,5171.09,36.23999999999978,3.410605131648481e-13,1.0000000000000004
33349,-73.99769592285155,40.72091674804688,-74.00149536132812,40.7275276184082,266.67,4494,4494,-1.0,-1.0,-1,-1,0.0
33350,-73.96630096435547,40.78918838500977,-73.96144866943358,40.798728942871094,196.13,4494,4494,4552.28,4748.41,58.279999999999745,1.1368683772161603e-13,1.0000000000000007
33351,-73.9823226928711,40.73119354248047,-73.97573852539062,40.72203063964844,338.78,4494,4494,4537.01,4922.17,43.01000000000022,46.37999999999988,1.1369030048999347
33352,-73.99126434326173,40.74234008789063,-74.0019989013672,40.73277282714844,310.33,4494,4494,4509.17,4819.5,15.170000000000073,-5.684341886080802e-14,0.9999999999999998
33353,-73.99358367919923,40.72457504272461,-74.0069351196289,40.729339599609375,358.17,4494,4494,4522.38,4880.55,28.38000000000011,5.684341886080802e-14,1.0000000000000002
33354,-73.9893798828125,40.75046157836913,-73.9848098754883,40.75698471069336,385.13,4495,4495,4519.79,4953.43,24.789999999999964,48.51000000000033,1.1259574689066039
33355,-73.9787826538086,40.7534065246582,-73.95655059814453,40.77565383911133,680.46,4495,4495,4554.94,5243.12,59.9399999999996,7.720000000000255,1.0113452664374103
33356,-73.99594116210938,40.74388885498047,-74.00235748291014,40.7300910949707,303.66,4495,4495,-1.0,-1.0,-1,-1,0.0
33357,-73.97488403320312,40.73285675048828,-73.97480010986328,40.725410461425774,181.61,4495,4495,4606.61,4788.22,111.60999999999967,5.684341886080801e-13,1.000000000000003
33358,-73.96560668945312,40.77460479736328,-73.96193695068358,40.76870727539063,307.55,4495,4495,-1.0,-1.0,-1,-1,0.0
33359,-73.96958923339844,40.75850296020508,-73.97892761230467,40.78159713745117,837.03,4495,4495,4517.04,5354.07,22.039999999999964,-2.2737367544323206e-13,0.9999999999999998
33360,-73.99178314208984,40.77008819580078,-73.98182678222656,40.73274993896485,1209.9,4495,4495,4617.22,5827.12,122.22000000000025,-4.547473508864641e-13,0.9999999999999997
33361,-73.9697036743164,40.76304626464844,-73.95513153076173,40.78569793701172,494.3,4496,4496,-1.0,-1.0,-1,-1,0.0
33362,-73.97175598144531,40.7949104309082,-74.01781463623048,40.709251403808594,1578.83,4496,4496,4532.46,6154.54,36.460000000000036,43.25,1.027393702931918
33363,-73.98660278320312,40.76647186279297,-73.98665618896483,40.752605438232415,542.32,4496,4496,4545.21,5087.53,49.210000000000036,-3.410605131648481e-13,0.9999999999999993
33364,-73.97251892089844,40.79637145996094,-73.97977447509766,40.78627014160156,189.54,4496,4496,4508.48,4800.22,12.479999999999563,102.2000000000007,1.5392001688298023
33365,-73.9900665283203,40.748329162597656,-74.00300598144531,40.7424430847168,414.49,4496,4496,4524.36,4947.45,28.359999999999673,8.600000000000136,1.0207483895872038
33366,-73.96984100341797,40.762962341308594,-73.98439788818358,40.74295425415039,614.01,4497,4497,-1.0,-1.0,-1,-1,0.0
33367,-73.95345306396483,40.76668167114258,-73.94303131103516,40.77752685546875,317.81,4497,4497,-1.0,-1.0,-1,-1,0.0
33368,-73.97837829589844,40.75240707397461,-74.0015640258789,40.74660110473633,648.76,4497,4497,-1.0,-1.0,-1,-1,0.0
33369,-73.9522476196289,40.77703857421875,-73.97942352294923,40.73744201660156,842.37,4497,4497,4525.62,5367.99,28.61999999999989,-1.1368683772161603e-13,0.9999999999999999
33370,-73.9824676513672,40.72787857055664,-73.99172210693358,40.726051330566406,292.36,4497,4497,4642.71,4935.07,145.71000000000004,-3.410605131648481e-13,0.9999999999999988
33371,-73.98313903808595,40.74444961547852,-73.99314880371094,40.75183868408203,433.29,4497,4497,-1.0,-1.0,-1,-1,0.0
33372,-73.9900665283203,40.76700973510742,-73.97662353515625,40.77536010742188,348.91,4497,4497,4529.99,4893.81,32.98999999999978,14.910000000000593,1.0427330830300094
33373,-73.97466278076173,40.76570510864258,-74.00262451171875,40.76067352294922,723.98,4497,4497,4502.62,5316.96,5.619999999999891,90.36000000000013,1.124810077626454
33374,-73.97770690917969,40.7789421081543,-73.98020935058595,40.78551864624024,260.57,4497,4497,4500.0,4840.45,3.0,79.87999999999982,1.3065586982384765
33375,-73.99192810058595,40.73540115356445,-74.00276947021484,40.760589599609375,881.28,4498,4498,4584.5,5465.78,86.5,-2.2737367544323206e-13,0.9999999999999998
33376,-73.9773178100586,40.75205993652344,-73.958740234375,40.774898529052734,673.36,4498,4498,4513.88,5240.47,15.88000000000011,53.23000000000013,1.079051324700012
33377,-73.98153686523438,40.749507904052734,-73.96031951904298,40.77129364013672,697.81,4498,4498,-1.0,-1.0,-1,-1,0.0
33378,-74.0045394897461,40.730560302734375,-73.98999786376955,40.73479843139648,462.69,4498,4498,-1.0,-1.0,-1,-1,0.0
33379,-73.98209381103516,40.74168014526367,-73.99205017089844,40.74919128417969,521.62,4498,4498,4531.3,5100.93,33.30000000000018,48.010000000000105,1.0920401825083397
33380,-73.98235321044923,40.76779174804688,-73.98418426513672,40.758731842041016,315.86,4498,4498,-1.0,-1.0,-1,-1,0.0
33381,-73.978271484375,40.74553680419922,-74.00101470947266,40.731876373291016,712.41,4499,4499,-1.0,-1.0,-1,-1,0.0
33382,-73.99270629882812,40.75241088867188,-73.93499755859375,40.84743881225585,1401.62,4499,4499,4512.04,5965.65,13.039999999999964,51.98999999999978,1.0370927926256759
33383,-73.99193572998048,40.74889755249024,-73.99356842041014,40.75617599487305,394.09,4499,4499,4513.34,4907.43,14.340000000000146,1.7053025658242404e-13,1.0000000000000004
33384,-73.97222137451173,40.75378036499024,-73.95426177978516,40.76403045654297,491.18,4499,4499,-1.0,-1.0,-1,-1,0.0
33385,-73.97247314453125,40.75448226928711,-73.97806549072266,40.75096893310547,330.92,4499,4499,-1.0,-1.0,-1,-1,0.0
33386,-73.98023986816406,40.78366088867188,-73.9828872680664,40.771839141845696,264.97,4499,4499,4656.54,4921.51,157.53999999999996,2.2737367544323206e-13,1.0000000000000009
33387,-73.97734069824219,40.76364135742188,-73.9892578125,40.77701187133789,506.87,4499,4499,-1.0,-1.0,-1,-1,0.0
33388,-73.98648834228516,40.73556137084961,-73.98681640625,40.72135925292969,522.03,4500,4500,-1.0,-1.0,-1,-1,0.0
33389,-73.97264099121094,40.75661087036133,-73.99237060546875,40.75825119018555,679.85,4500,4500,-1.0,-1.0,-1,-1,0.0
33390,-74.00641632080078,40.73295593261719,-74.00489807128906,40.72282409667969,368.97,4500,4500,-1.0,-1.0,-1,-1,0.0
33391,-73.963623046875,40.7746467590332,-73.99909210205078,40.73158645629883,1231.4,4500,4500,4505.59,5736.99,5.5900000000001455,-4.547473508864641e-13,0.9999999999999997
33392,-73.98966979980467,40.74132919311523,-73.99443054199219,40.7247200012207,507.63,4500,4500,4505.679999999999,5044.48,5.6799999999993815,31.170000000000186,1.061402990367
33393,-73.9793472290039,40.76519012451172,-73.97953033447266,40.7764892578125,359.01,4500,4500,-1.0,-1.0,-1,-1,0.0
33394,-73.98001861572266,40.75485610961913,-73.97847747802734,40.782875061035156,880.91,4500,4500,4534.93,5438.13,34.93000000000029,22.28999999999985,1.0253033794598765
33395,-73.94404602050781,40.78836441040039,-73.95304870605469,40.77937698364258,211.48,4500,4500,4736.63,4948.11,236.6300000000001,-4.263256414560601e-13,0.999999999999998
33396,-73.99180603027342,40.73858642578125,-73.99853515625,40.71570205688477,809.77,4500,4500,-1.0,-1.0,-1,-1,0.0
33397,-73.98357391357422,40.75886917114258,-73.99957275390625,40.738807678222656,521.6,4501,4501,-1.0,-1.0,-1,-1,0.0
33398,-73.99867248535155,40.73487091064453,-73.9471664428711,40.779991149902344,1283.62,4501,4501,4685.74,5969.36,184.73999999999978,0.0,1.0
33399,-73.956787109375,40.77527618408203,-73.97671508789062,40.78834533691406,536.28,4501,4501,4670.38,5206.66,169.3800000000001,-2.2737367544323206e-13,0.9999999999999996
33400,-73.94977569580078,40.809715270996094,-73.936767578125,40.81110000610352,329.31,4501,4501,4739.5,5068.81,238.5,3.979039320256561e-13,1.000000000000001
33401,-74.00818634033203,40.714759826660156,-73.98933410644531,40.71884536743164,696.65,4501,4501,4627.46,5324.11,126.46000000000004,-3.410605131648481e-13,0.9999999999999996
33402,-73.99875640869139,40.73466873168945,-73.99378204345702,40.7434196472168,190.16,4501,4501,4551.71,4741.87,50.710000000000036,-1.4210854715202004e-13,0.9999999999999992
33403,-73.97467803955078,40.793373107910156,-73.96331787109375,40.79443740844727,260.78,4501,4501,4707.4800000000005,4968.26,206.48000000000047,-2.2737367544323206e-13,0.9999999999999991
33404,-74.00392913818358,40.748291015625,-73.97276306152342,40.73952865600585,880.7,4501,4501,-1.0,-1.0,-1,-1,0.0
33405,-73.98760223388672,40.76047897338867,-73.94224548339844,40.84267807006836,1167.99,4502,4502,-1.0,-1.0,-1,-1,0.0
33406,-73.9941864013672,40.72754669189453,-73.99254608154298,40.73874282836913,413.41,4502,4502,-1.0,-1.0,-1,-1,0.0
33407,-73.98108673095702,40.7498435974121,-73.99139404296875,40.755271911621094,356.03,4502,4502,-1.0,-1.0,-1,-1,0.0
33408,-73.9650650024414,40.7665901184082,-73.95598602294923,40.772891998291016,285.24,4502,4502,-1.0,-1.0,-1,-1,0.0
33409,-73.98591613769531,40.74058532714844,-73.9954833984375,40.73935317993164,303.03,4502,4502,-1.0,-1.0,-1,-1,0.0
33410,-73.97820281982422,40.729488372802734,-73.99286651611328,40.72429656982422,397.37,4502,4502,4587.88,4985.25,85.88000000000011,-1.1368683772161603e-13,0.9999999999999997
33411,-73.96661376953125,40.79407119750977,-73.93980407714844,40.81374740600585,730.99,4502,4502,4661.79,5392.78,159.78999999999996,-2.2737367544323206e-13,0.9999999999999997
33412,-73.9530029296875,40.78601837158203,-73.96109771728516,40.769798278808594,428.44,4502,4502,4554.79,4983.23,52.789999999999964,-3.979039320256561e-13,0.9999999999999991
33413,-73.98253631591797,40.773231506347656,-73.95591735839844,40.767845153808594,684.42,4503,4503,4696.03,5380.45,193.02999999999975,1.1368683772161603e-13,1.0000000000000002
33414,-73.9835433959961,40.73093795776367,-74.0022201538086,40.7348518371582,520.11,4503,4503,4558.47,5078.58,55.470000000000255,-3.410605131648481e-13,0.9999999999999993
33415,-73.95983123779298,40.76945877075195,-73.96279907226562,40.77827453613281,306.12,4503,4503,4550.63,4856.75,47.63000000000011,-1.1368683772161603e-13,0.9999999999999997
33416,-73.95561218261719,40.78211212158203,-73.96549224853516,40.79072570800781,390.21,4503,4503,-1.0,-1.0,-1,-1,0.0
33417,-73.98744201660156,40.73300552368164,-73.98150634765625,40.714603424072266,629.42,4503,4503,4554.47,5203.26,51.470000000000255,19.370000000000005,1.0307743636999143
33418,-73.97380065917969,40.76412963867188,-73.97074127197266,40.75577926635742,409.95,4503,4503,-1.0,-1.0,-1,-1,0.0
33419,-73.99681854248048,40.72056198120117,-73.99517822265625,40.7358627319336,504.0,4503,4503,-1.0,-1.0,-1,-1,0.0
33420,-73.97191619873048,40.75228118896485,-73.98226928710938,40.768287658691406,748.56,4503,4503,-1.0,-1.0,-1,-1,0.0
33421,-74.0022201538086,40.75014877319336,-73.99356842041014,40.74573516845703,268.58,4504,4504,-1.0,-1.0,-1,-1,0.0
33422,-74.00982666015625,40.72062683105469,-73.9992446899414,40.7366600036621,500.17,4504,4504,-1.0,-1.0,-1,-1,0.0
33423,-73.95467376708984,40.77361297607422,-73.94146728515625,40.787506103515625,259.41,4504,4504,4540.21,4799.62,36.210000000000036,-1.7053025658242404e-13,0.9999999999999993
33424,-73.96138763427734,40.79621887207031,-73.9672622680664,40.80041885375977,207.3,4504,4504,4987.92,5195.22,483.9200000000001,1.7053025658242404e-13,1.0000000000000009
33425,-73.97039794921875,40.76193237304688,-73.98347473144531,40.73508071899415,694.38,4504,4504,-1.0,-1.0,-1,-1,0.0
33426,-73.99190521240234,40.75432205200195,-73.99748229980467,40.76155853271485,338.95,4504,4504,-1.0,-1.0,-1,-1,0.0
33427,-73.97822570800781,40.751930236816406,-73.97607421875,40.74450302124024,301.16,4504,4504,4546.8,4847.96,42.80000000000018,-1.7053025658242404e-13,0.9999999999999994
33428,-73.98260498046875,40.74368286132813,-73.99519348144531,40.73975372314453,415.96,4505,4505,4537.24,4957.23,32.23999999999978,4.029999999999802,1.0096884315799592
33429,-73.97550201416014,40.777252197265625,-73.95365142822266,40.77713394165039,597.21,4505,4505,4798.72,5395.93,293.72000000000025,0.0,1.0
33430,-73.96526336669923,40.75769805908203,-73.9771957397461,40.78609848022461,932.74,4505,4505,-1.0,-1.0,-1,-1,0.0
33431,-73.98915100097656,40.72138977050781,-74.00196838378906,40.7280387878418,409.93,4505,4505,4745.88,5155.8099999999995,240.8800000000001,-6.252776074688882e-13,0.9999999999999984
33432,-73.97775268554686,40.76362228393555,-73.97083282470702,40.785118103027344,545.04,4505,4505,-1.0,-1.0,-1,-1,0.0
33433,-73.98004150390625,40.75916290283203,-73.99283599853516,40.75407409667969,417.46,4505,4505,-1.0,-1.0,-1,-1,0.0
33434,-73.98242950439453,40.75146865844727,-73.97379302978516,40.73775100708008,611.39,4505,4505,4535.68,5236.349999999999,30.68000000000029,89.27999999999918,1.1460279036294332
33435,-73.98303985595702,40.72134017944336,-73.99339294433594,40.73595809936523,556.58,4506,4506,4622.45,5179.03,116.44999999999982,-1.1368683772161603e-13,0.9999999999999998
33436,-73.97362518310547,40.784584045410156,-73.94865417480467,40.77403259277344,660.92,4506,4506,4531.09,5192.01,25.090000000000146,1.1368683772161603e-13,1.0000000000000002
33437,-73.97245788574219,40.75310134887695,-73.9620132446289,40.76784896850585,346.41,4506,4506,4551.07,4897.48,45.06999999999971,-1.7053025658242404e-13,0.9999999999999996
33438,-73.9710693359375,40.757423400878906,-73.99113464355469,40.73216247558594,648.14,4506,4506,-1.0,-1.0,-1,-1,0.0
33439,-73.98831939697266,40.72335815429688,-73.9788589477539,40.73642349243164,246.46,4506,4506,4768.66,5015.12,262.65999999999985,2.842170943040401e-14,1.0000000000000002
33440,-74.00267791748048,40.73382568359375,-74.016357421875,40.70513534545898,670.41,4506,4506,-1.0,-1.0,-1,-1,0.0
33441,-73.99149322509766,40.73873519897461,-73.9881362915039,40.720008850097656,754.17,4506,4506,-1.0,-1.0,-1,-1,0.0
33442,-73.9988021850586,40.744728088378906,-73.98579406738281,40.7679443359375,614.99,4506,4506,-1.0,-1.0,-1,-1,0.0
33443,-73.97300720214845,40.764244079589844,-73.98110961914062,40.75358963012695,332.91,4507,4507,-1.0,-1.0,-1,-1,0.0
33444,-74.00660705566406,40.72998046875,-73.98786163330078,40.72273254394531,700.91,4507,4507,4551.47,5252.38,44.470000000000255,-1.1368683772161603e-13,0.9999999999999999
33445,-74.00627136230467,40.744644165039055,-73.9820327758789,40.737491607666016,634.66,4507,4507,4666.09,5300.75,159.09000000000015,-1.1368683772161603e-13,0.9999999999999998
33446,-73.98646545410156,40.7667236328125,-73.99161529541014,40.74647521972656,735.26,4507,4507,4636.58,5371.84,129.57999999999993,2.2737367544323206e-13,1.0000000000000002
33447,-73.98355865478516,40.76537704467773,-73.96280670166014,40.77511596679688,554.65,4507,4507,4641.62,5196.2699999999995,134.6199999999999,-3.410605131648481e-13,0.9999999999999993
33448,-73.9805679321289,40.742530822753906,-73.96247863769531,40.767173767089844,613.68,4507,4507,-1.0,-1.0,-1,-1,0.0
33449,-73.9800796508789,40.7546501159668,-74.0060806274414,40.71466064453125,1071.91,4507,4507,4564.37,5636.28,57.36999999999989,-2.2737367544323206e-13,0.9999999999999998
33450,-73.98384857177734,40.746768951416016,-73.94815063476562,40.78470993041992,1036.02,4507,4507,-1.0,-1.0,-1,-1,0.0
33451,-74.01541137695312,40.714519500732415,-73.98973846435547,40.74066925048828,856.36,4507,4507,-1.0,-1.0,-1,-1,0.0
33452,-73.9748306274414,40.75334930419922,-73.97969055175781,40.73334884643555,499.65,4507,4507,-1.0,-1.0,-1,-1,0.0
33453,-73.96720123291014,40.793399810791016,-73.96575164794923,40.80466842651367,243.1,4507,4507,4669.63,4912.73,162.6300000000001,-5.400124791776761e-13,0.9999999999999978
33454,-73.99091339111328,40.75634002685547,-73.98767852783203,40.74086380004883,596.1,4508,4508,-1.0,-1.0,-1,-1,0.0
33455,-73.987548828125,40.74412536621094,-73.97564697265625,40.75749969482422,471.78,4508,4508,-1.0,-1.0,-1,-1,0.0
33456,-73.98818969726562,40.74956893920898,-73.97486877441406,40.729888916015625,792.75,4508,4508,-1.0,-1.0,-1,-1,0.0
33457,-73.9609832763672,40.76237869262695,-73.98054504394531,40.76994323730469,650.53,4508,4508,4562.49,5243.44,54.48999999999978,30.419999999999845,1.0467618710897266
33458,-73.99803924560547,40.74044418334961,-74.00682067871094,40.7398796081543,267.62,4508,4508,-1.0,-1.0,-1,-1,0.0
33459,-73.97168731689453,40.75741958618164,-73.99237060546875,40.72434997558594,844.87,4508,4508,-1.0,-1.0,-1,-1,0.0
33460,-73.95579528808595,40.7723045349121,-73.95294952392578,40.78345489501953,289.36,4508,4508,4554.05,4843.41,46.05000000000018,-3.410605131648481e-13,0.9999999999999988
33461,-74.01402282714845,40.71689987182617,-73.99334716796875,40.72434997558594,677.3,4508,4508,4551.96,5287.26,43.960000000000036,58.00000000000023,1.0856341355381667
33462,-74.00576782226562,40.72578811645508,-73.93673706054686,40.85517120361328,1816.94,4509,4509,4530.0,6415.33,21.0,68.38999999999987,1.0376402082622431
33463,-73.9751968383789,40.745201110839844,-73.98695373535155,40.745025634765625,380.16,4509,4509,-1.0,-1.0,-1,-1,0.0
33464,-73.9972915649414,40.71934509277344,-73.99760437011719,40.74147033691406,715.51,4509,4509,4566.96,5282.47,57.960000000000036,2.2737367544323206e-13,1.0000000000000002
33465,-73.97676849365234,40.75204086303711,-73.97187805175781,40.74613571166992,326.96,4509,4509,-1.0,-1.0,-1,-1,0.0
33466,-73.99394226074219,40.735511779785156,-74.010986328125,40.71326065063477,635.87,4509,4509,-1.0,-1.0,-1,-1,0.0
33467,-73.95613098144531,40.779609680175774,-73.94788360595702,40.79256057739258,305.83,4509,4509,4607.86,4913.69,98.85999999999967,-5.684341886080802e-14,0.9999999999999998
33468,-73.95989990234375,40.773529052734375,-73.96939849853516,40.76053237915039,383.62,4509,4509,-1.0,-1.0,-1,-1,0.0
33469,-73.98617553710938,40.74321746826172,-74.00006103515625,40.73808670043945,371.95,4509,4509,-1.0,-1.0,-1,-1,0.0
33470,-73.97071075439453,40.76029968261719,-73.9483413696289,40.7742919921875,603.66,4510,4510,-1.0,-1.0,-1,-1,0.0
33471,-73.99201202392578,40.7595100402832,-74.00125885009766,40.742488861083984,439.93,4510,4510,-1.0,-1.0,-1,-1,0.0
33472,-73.97151947021484,40.75763320922852,-73.98290252685547,40.73922729492188,442.72,4510,4510,-1.0,-1.0,-1,-1,0.0
33473,-73.97169494628906,40.75476837158203,-73.9844207763672,40.74755859375,523.88,4510,4510,-1.0,-1.0,-1,-1,0.0
33474,-73.9781723022461,40.752708435058594,-73.97566986083984,40.7347412109375,578.1,4510,4510,4530.48,5191.81,20.479999999999563,83.23000000000081,1.1439716312056751
33475,-73.98944854736328,40.7206916809082,-73.95520782470702,40.77681350708008,1096.06,4510,4510,4680.17,5776.23,170.17000000000007,-4.547473508864641e-13,0.9999999999999996
33476,-73.97863006591797,40.76179122924805,-74.0029067993164,40.73013305664063,971.31,4511,4511,-1.0,-1.0,-1,-1,0.0
33477,-73.98126983642578,40.767913818359375,-73.95954895019531,40.77129364013672,594.11,4511,4511,4537.36,5131.47,26.359999999999673,5.684341886080801e-13,1.0000000000000009
33478,-73.97283172607422,40.75598907470703,-74.01776123046875,40.70647811889648,1151.91,4511,4511,-1.0,-1.0,-1,-1,0.0
33479,-74.0074920654297,40.73340606689453,-73.97393798828125,40.73699951171875,998.16,4511,4511,4620.08,5618.24,109.07999999999993,-1.1368683772161603e-13,0.9999999999999999
33480,-73.96730041503906,40.76044845581055,-73.9581527709961,40.7789421081543,471.47,4511,4511,-1.0,-1.0,-1,-1,0.0
33481,-73.97333526611328,40.756309509277344,-73.98942565917969,40.759666442871094,637.73,4511,4511,-1.0,-1.0,-1,-1,0.0
33482,-74.00216674804686,40.72976684570313,-74.00748443603516,40.735664367675774,302.55,4511,4511,4563.22,4923.1,52.220000000000255,57.3300000000001,1.189489340604859
33483,-74.00852966308595,40.71978378295898,-73.99002838134766,40.7568359375,799.72,4511,4511,-1.0,-1.0,-1,-1,0.0
33484,-73.97733306884766,40.75831985473633,-73.98091888427734,40.75067901611328,279.17,4512,4512,-1.0,-1.0,-1,-1,0.0
33485,-73.97683715820312,40.76506042480469,-73.99360656738281,40.75704956054688,610.53,4512,4512,4543.68,5177.98,31.68000000000029,23.7699999999993,1.038933385746809
33486,-73.97489166259766,40.75849151611328,-73.9559326171875,40.7846908569336,539.31,4512,4512,-1.0,-1.0,-1,-1,0.0
33487,-73.96595764160156,40.77400207519531,-73.99214935302734,40.742637634277344,926.15,4513,4513,4556.7,5482.85,43.69999999999982,5.684341886080801e-13,1.0000000000000007
33488,-73.98605346679686,40.740760803222656,-73.97616577148438,40.7493553161621,321.4,4513,4513,4554.1,4899.59,41.100000000000364,24.089999999999804,1.074953329184816
33489,-73.97081756591797,40.75191879272461,-73.9768295288086,40.74336242675781,180.38,4513,4513,4537.88,4718.26,24.88000000000011,1.1368683772161603e-13,1.0000000000000007
33490,-73.94436645507811,40.78793716430664,-73.96571350097656,40.759193420410156,694.09,4514,4514,5587.4400000000005,6281.53,1073.4400000000005,-7.958078640513122e-13,0.9999999999999989
33491,-73.98574829101562,40.74429321289063,-73.98744201660156,40.75164031982422,388.18,4514,4514,4530.0,4918.18,16.0,2.8421709430404007e-13,1.0000000000000007
33492,-73.99970245361328,40.738426208496094,-74.0126953125,40.70254898071289,922.99,4514,4514,4557.51,5553.69,43.51000000000022,73.18999999999937,1.0792966337663457
33493,-73.96360778808595,40.75857162475585,-73.96578216552734,40.76544189453125,333.56,4514,4514,-1.0,-1.0,-1,-1,0.0
33494,-73.95671081542969,40.76698684692383,-73.94441223144531,40.78307723999024,260.09,4515,4515,4566.88,4826.97,51.88000000000011,1.7053025658242404e-13,1.0000000000000007
33495,-73.985595703125,40.75205612182617,-73.97772979736328,40.74220657348633,451.7,4515,4515,4530.0,5080.37,15.0,98.6699999999999,1.2184414434359085
33496,-74.00501251220702,40.71508026123047,-74.00457763671875,40.74078369140625,635.45,4515,4515,-1.0,-1.0,-1,-1,0.0
33497,-73.99176788330078,40.72623062133789,-74.00157928466798,40.73527145385742,466.87,4515,4515,4579.75,5046.62,64.75,-1.1368683772161603e-13,0.9999999999999998
33498,-74.00618743896483,40.74391174316406,-74.00879669189453,40.72332763671875,523.16,4515,4515,4632.0,5155.16,117.0,-1.1368683772161603e-13,0.9999999999999998
33499,-73.95340728759766,40.779518127441406,-73.9544677734375,40.78828048706055,301.19,4515,4515,4571.74,4914.22,56.73999999999978,41.290000000000475,1.137089544805606
33500,-73.968505859375,40.75459289550781,-73.99124145507811,40.74219131469727,772.12,4515,4515,-1.0,-1.0,-1,-1,0.0
33501,-73.9763946533203,40.754127502441406,-73.96367645263672,40.76554870605469,511.26,4515,4515,-1.0,-1.0,-1,-1,0.0
33502,-73.98959350585938,40.73979949951172,-73.99098205566406,40.75037384033203,445.12,4515,4515,-1.0,-1.0,-1,-1,0.0
33503,-73.96662139892578,40.75330352783203,-73.95048522949219,40.77538299560547,375.73,4516,4516,4572.24,4947.97,56.23999999999978,4.547473508864641e-13,1.000000000000001
33504,-73.9934310913086,40.733192443847656,-73.9947738647461,40.7400779724121,220.04,4516,4516,4575.92,4795.96,59.92000000000007,-2.842170943040401e-14,0.9999999999999999
33505,-73.99391174316406,40.7615966796875,-73.9681396484375,40.793132781982415,626.06,4516,4516,4648.88,5274.94,132.8800000000001,-4.547473508864641e-13,0.9999999999999992
33506,-73.9905014038086,40.76647186279297,-73.9603271484375,40.81002807617188,745.36,4516,4516,-1.0,-1.0,-1,-1,0.0
33507,-73.967529296875,40.760108947753906,-74.00940704345702,40.70566177368164,1175.13,4516,4516,4562.8,5753.77,46.80000000000018,15.840000000000146,1.013479359730413
33508,-73.99177551269531,40.74995040893555,-73.99097442626955,40.73799133300781,362.4,4516,4516,-1.0,-1.0,-1,-1,0.0
33509,-73.95581817626955,40.76797866821289,-73.94898223876955,40.78091812133789,238.84,4516,4516,4530.0,4768.84,14.0,1.4210854715202004e-13,1.0000000000000007
33510,-73.99754333496094,40.72433853149415,-73.97501373291014,40.7503318786621,849.06,4516,4516,-1.0,-1.0,-1,-1,0.0
33511,-73.98316955566406,40.77660369873047,-73.95429992675781,40.77558517456055,721.08,4517,4517,4540.79,5310.54,23.789999999999964,48.66999999999996,1.0674959782548399
33512,-73.98008728027342,40.76027297973633,-73.96412658691406,40.76050567626953,569.03,4517,4517,-1.0,-1.0,-1,-1,0.0
33513,-73.9787826538086,40.7637825012207,-73.98187255859375,40.773345947265625,313.83,4517,4517,-1.0,-1.0,-1,-1,0.0
33514,-73.9600067138672,40.78139114379883,-73.97425079345702,40.78871154785156,280.86,4517,4517,4573.6,4854.46,56.600000000000364,-3.410605131648481e-13,0.9999999999999988
33515,-74.00247955322266,40.74465942382813,-73.97828674316406,40.75257110595703,713.11,4517,4517,-1.0,-1.0,-1,-1,0.0
33516,-73.97669982910156,40.74769973754883,-73.96176147460938,40.759578704833984,408.69,4517,4517,-1.0,-1.0,-1,-1,0.0
33517,-73.96807861328125,40.75534439086913,-74.00386047363281,40.74758911132813,1011.25,4517,4517,-1.0,-1.0,-1,-1,0.0
33518,-73.99337005615234,40.76451873779297,-73.97972106933594,40.75331115722656,697.73,4517,4517,-1.0,-1.0,-1,-1,0.0
33519,-73.9997787475586,40.71934127807617,-74.00931549072266,40.71537780761719,338.01,4518,4518,4574.75,4912.76,56.75,2.2737367544323206e-13,1.0000000000000007
33520,-73.98403930664062,40.74431991577149,-73.9823989868164,40.7568588256836,476.5,4518,4518,-1.0,-1.0,-1,-1,0.0
33521,-73.9937515258789,40.74734878540039,-74.00479888916014,40.74177169799805,297.19,4518,4518,-1.0,-1.0,-1,-1,0.0
33522,-73.9676055908203,40.7560920715332,-73.97649383544923,40.790672302246094,1095.18,4518,4518,-1.0,-1.0,-1,-1,0.0
33523,-73.95001220703125,40.780288696289055,-73.95960998535155,40.77870178222656,312.66,4518,4518,4605.41,4918.07,87.40999999999985,-1.7053025658242404e-13,0.9999999999999994
33524,-73.98271179199219,40.751068115234375,-73.9488296508789,40.78086853027344,961.22,4518,4518,-1.0,-1.0,-1,-1,0.0
33525,-73.9506607055664,40.78672790527344,-73.978759765625,40.773193359375,713.54,4518,4518,4790.29,5503.83,272.28999999999996,0.0,1.0
33526,-73.9814453125,40.7583236694336,-73.99097442626955,40.76583480834961,395.42,4518,4518,-1.0,-1.0,-1,-1,0.0
33527,-73.97126770019531,40.75758361816406,-73.9845199584961,40.722522735595696,924.43,4518,4518,-1.0,-1.0,-1,-1,0.0
33528,-73.97515106201173,40.76108932495117,-73.99349212646483,40.74151992797852,595.56,4519,4519,-1.0,-1.0,-1,-1,0.0
33529,-73.96333312988281,40.77461624145508,-73.97817993164062,40.778358459472656,369.33,4519,4519,-1.0,-1.0,-1,-1,0.0
33530,-73.96788787841797,40.762882232666016,-73.97323608398438,40.75585174560547,203.92,4519,4519,4543.3,4747.22,24.300000000000182,8.526512829121202e-14,1.0000000000000004
33531,-73.9618911743164,40.774131774902344,-73.97074127197266,40.76448059082031,365.91,4519,4519,-1.0,-1.0,-1,-1,0.0
33532,-73.98947143554686,40.74170303344727,-73.98714447021484,40.72076034545898,724.67,4519,4519,4559.89,5320.7300000000005,40.89000000000033,36.170000000000186,1.049912373908124
33533,-73.98719024658203,40.75555419921875,-73.97330474853516,40.75746154785156,543.07,4519,4519,-1.0,-1.0,-1,-1,0.0
33534,-73.98905181884766,40.75793838500977,-74.00576782226562,40.74034881591797,577.02,4519,4519,4560.49,5137.51,41.48999999999978,4.547473508864641e-13,1.0000000000000009
33535,-73.98226928710938,40.768348693847656,-73.97722625732422,40.76361846923828,259.61,4519,4519,4567.76,4827.37,48.76000000000022,-3.410605131648481e-13,0.9999999999999987
33536,-73.98320007324219,40.76800155639648,-73.97895812988281,40.78229141235352,371.98,4519,4519,4554.8099999999995,5004.61,35.80999999999949,77.82000000000016,1.2092047959567722
33537,-73.95851135253906,40.76034927368164,-73.95137023925781,40.80447006225585,965.08,4520,4520,-1.0,-1.0,-1,-1,0.0
33538,-73.98287200927734,40.75123977661133,-73.9866485595703,40.72982025146485,564.28,4520,4520,4542.68,5185.51,22.68000000000029,78.54999999999995,1.1392039413057347
33539,-73.96664428710938,40.7598991394043,-73.97029113769531,40.750633239746094,380.21,4520,4520,-1.0,-1.0,-1,-1,0.0
33540,-73.99127960205078,40.76027297973633,-73.99999237060547,40.730712890625,821.96,4520,4520,-1.0,-1.0,-1,-1,0.0
33541,-73.96772003173827,40.766075134277344,-73.97822570800781,40.748756408691406,536.8,4520,4520,4539.29,5076.09,19.289999999999964,2.2737367544323206e-13,1.0000000000000004
33542,-73.97974395751955,40.76081085205078,-73.96622467041014,40.76260757446289,482.32,4520,4520,-1.0,-1.0,-1,-1,0.0
33543,-73.96611785888672,40.76142883300781,-73.95331573486328,40.78074264526367,345.71,4520,4520,4557.51,4903.22,37.51000000000022,5.684341886080802e-14,1.0000000000000002
33544,-74.00318145751955,40.72052001953125,-74.00243377685547,40.746978759765625,704.47,4520,4520,4622.08,5326.55,102.07999999999993,2.2737367544323206e-13,1.0000000000000002
33545,-73.97238159179686,40.75471878051758,-73.95230865478516,40.772850036621094,473.61,4520,4520,-1.0,-1.0,-1,-1,0.0
33546,-73.98320770263672,40.744911193847656,-73.97840118408203,40.75132369995117,208.41,4521,4521,-1.0,-1.0,-1,-1,0.0
33547,-73.99176025390625,40.73857116699219,-74.00865173339844,40.72346878051758,592.24,4521,4521,-1.0,-1.0,-1,-1,0.0
33548,-74.0108413696289,40.71110534667969,-74.01472473144531,40.71701431274415,272.37,4521,4521,-1.0,-1.0,-1,-1,0.0
33549,-73.99405670166014,40.7512092590332,-73.96265411376955,40.77560424804688,961.58,4521,4521,-1.0,-1.0,-1,-1,0.0
33550,-73.98198699951173,40.76662826538085,-73.98931884765625,40.76313018798828,226.41,4521,4521,-1.0,-1.0,-1,-1,0.0
33551,-73.97707366943358,40.7799072265625,-73.97134399414062,40.797508239746094,434.71,4521,4521,4659.29,5094.0,138.28999999999996,5.684341886080802e-14,1.0000000000000002
33552,-74.00164794921875,40.742618560791016,-73.98915100097656,40.74811172485352,325.34,4521,4521,4530.53,4903.86,9.529999999999745,47.98999999999995,1.1475072232126389
33553,-73.97148132324219,40.757415771484375,-73.95249938964844,40.77215576171875,501.19,4522,4522,-1.0,-1.0,-1,-1,0.0
33554,-73.95532989501955,40.78257751464844,-73.98188781738281,40.752601623535156,982.87,4522,4522,-1.0,-1.0,-1,-1,0.0
33555,-73.98088073730467,40.753944396972656,-73.99319458007811,40.73679733276367,339.14,4522,4522,4545.45,4884.59,23.449999999999818,3.410605131648481e-13,1.000000000000001
33556,-73.99777221679686,40.74111557006836,-74.00902557373048,40.72003555297852,445.32,4522,4522,-1.0,-1.0,-1,-1,0.0
33557,-73.98823547363281,40.723731994628906,-73.9797592163086,40.735145568847656,211.0,4522,4522,4578.67,4789.67,56.67000000000007,0.0,1.0
33558,-74.00733947753906,40.70338821411133,-73.97828674316406,40.744930267333984,788.19,4522,4522,-1.0,-1.0,-1,-1,0.0
33559,-73.96987915039062,40.7505111694336,-73.9730911254883,40.75516128540039,328.39,4522,4522,4615.71,4944.1,93.71000000000004,3.410605131648481e-13,1.000000000000001
33560,-73.99166870117188,40.73512649536133,-73.97510528564453,40.782562255859375,1264.31,4522,4522,-1.0,-1.0,-1,-1,0.0
33561,-73.96342468261719,40.771583557128906,-74.01040649414062,40.71890258789063,1584.03,4522,4522,-1.0,-1.0,-1,-1,0.0
33562,-73.989990234375,40.74110412597656,-73.9680938720703,40.75640869140625,749.86,4523,4523,-1.0,-1.0,-1,-1,0.0
33563,-74.0114974975586,40.70271301269531,-73.9844741821289,40.72472381591797,620.99,4523,4523,-1.0,-1.0,-1,-1,0.0
33564,-73.98454284667969,40.72816848754883,-73.9888687133789,40.73501205444336,226.5,4523,4523,4566.57,4859.66,43.56999999999971,66.59000000000015,1.293995584988963
33565,-73.98210906982422,40.76556396484375,-73.98802185058595,40.74155807495117,842.14,4523,4523,-1.0,-1.0,-1,-1,0.0
33566,-73.99405670166014,40.75115203857422,-73.98930358886719,40.7579231262207,222.63,4523,4523,-1.0,-1.0,-1,-1,0.0
33567,-73.97683715820312,40.788429260253906,-73.95242309570312,40.78086853027344,579.9,4523,4523,4581.75,5161.65,58.75,-3.410605131648481e-13,0.9999999999999994
33568,-73.97608947753906,40.76470184326172,-73.97476959228516,40.75267028808594,539.42,4523,4523,4567.51,5106.93,44.51000000000022,1.1368683772161603e-13,1.0000000000000002
33569,-73.98365020751955,40.74378967285156,-73.97722625732422,40.751949310302734,188.58,4524,4524,-1.0,-1.0,-1,-1,0.0
33570,-73.95568084716798,40.7824821472168,-73.97611999511719,40.74176406860352,1086.24,4524,4524,-1.0,-1.0,-1,-1,0.0
33571,-73.9646987915039,40.76007461547852,-73.98146820068358,40.768798828125,636.96,4524,4524,-1.0,-1.0,-1,-1,0.0
33572,-73.97937774658203,40.765098571777344,-73.99063873291014,40.76115036010742,343.28,4525,4525,-1.0,-1.0,-1,-1,0.0
33573,-73.9744873046875,40.742591857910156,-73.98796844482422,40.74908828735352,614.69,4525,4525,-1.0,-1.0,-1,-1,0.0
33574,-73.9637451171875,40.75725936889648,-73.94593048095702,40.78174209594727,398.61,4525,4525,-1.0,-1.0,-1,-1,0.0
33575,-73.98175811767578,40.773414611816406,-73.9856948852539,40.75056838989258,801.21,4525,4525,4668.37,5469.58,143.3699999999999,0.0,1.0
33576,-73.99851989746094,40.73050308227539,-73.97034454345702,40.80159378051758,1524.29,4525,4525,4567.41,6157.32,42.409999999999854,65.61999999999989,1.0430495509384696
33577,-73.95638275146483,40.77399444580078,-73.97381591796875,40.79296875,614.93,4525,4525,4538.76,5211.61,13.760000000000218,57.919999999999504,1.094189582554111
33578,-73.94754028320312,40.77525329589844,-73.96063995361328,40.764812469482415,420.87,4526,4526,4578.31,4999.18,52.3100000000004,-1.1368683772161603e-13,0.9999999999999998
33579,-73.97144317626955,40.75778579711913,-73.98086547851562,40.74460983276367,319.8,4526,4526,4542.54,4862.34,16.539999999999964,1.7053025658242404e-13,1.0000000000000004
33580,-73.98709106445312,40.729469299316406,-73.9918670654297,40.76220703125,1041.7,4526,4526,-1.0,-1.0,-1,-1,0.0
33581,-73.9803237915039,40.76539993286133,-73.98306274414062,40.75946807861328,196.46,4526,4526,-1.0,-1.0,-1,-1,0.0
33582,-73.98983764648438,40.72060775756836,-74.00022888183594,40.73778533935547,661.18,4526,4526,4662.46,5323.64,136.46000000000004,3.410605131648481e-13,1.0000000000000004
33583,-73.97203826904298,40.794109344482415,-73.992431640625,40.77069854736328,532.7,4527,4527,4561.25,5093.95,34.25,-2.2737367544323206e-13,0.9999999999999996
33584,-73.96826171875,40.755271911621094,-73.97592163085938,40.74468612670898,241.63,4527,4527,4533.6900000000005,4775.32,6.690000000000509,-7.958078640513122e-13,0.9999999999999967
33585,-73.9852066040039,40.7418098449707,-73.96387481689453,40.75703811645508,538.96,4527,4527,4565.77,5104.73,38.77000000000044,-9.094947017729282e-13,0.9999999999999983
33586,-73.97599029541014,40.75997924804688,-73.98336791992188,40.75008010864258,259.26,4527,4527,4574.12,4833.38,47.11999999999989,2.2737367544323206e-13,1.0000000000000009
33587,-73.9758529663086,40.754371643066406,-73.95867919921875,40.77811050415039,616.77,4527,4527,-1.0,-1.0,-1,-1,0.0
33588,-73.96644592285155,40.76470947265625,-73.95601654052734,40.76770401000977,325.24,4527,4527,-1.0,-1.0,-1,-1,0.0
33589,-73.95408630371094,40.77452850341797,-73.96733856201173,40.766761779785156,423.55,4527,4527,5409.75,5833.3,882.75,1.7053025658242404e-13,1.0000000000000004
33590,-73.95807647705078,40.784629821777344,-73.97978210449219,40.76555252075195,732.13,4527,4527,5078.7,5810.83,551.6999999999998,1.1368683772161603e-13,1.0000000000000002
33591,-73.9835433959961,40.742351531982415,-73.97840881347656,40.75139999389648,314.4,4527,4527,-1.0,-1.0,-1,-1,0.0
33592,-73.98954010009766,40.75971984863281,-73.98359680175781,40.726089477539055,1142.13,4527,4527,-1.0,-1.0,-1,-1,0.0
33593,-74.00668334960938,40.751258850097656,-74.00444793701173,40.72967147827149,607.2,4528,4528,4553.17,5160.37,25.170000000000073,-2.2737367544323206e-13,0.9999999999999997
33594,-73.96437072753906,40.76442337036133,-73.97391510009766,40.75408554077149,459.29,4528,4528,-1.0,-1.0,-1,-1,0.0
33595,-73.98589324951173,40.76805114746094,-73.99276733398438,40.75543212890625,456.78,4528,4528,4581.99,5038.77,53.98999999999978,6.821210263296962e-13,1.0000000000000016
33596,-74.0008544921875,40.7419548034668,-73.957763671875,40.76983642578125,1186.84,4528,4528,-1.0,-1.0,-1,-1,0.0
33597,-73.98280334472656,40.76406478881836,-74.00025939941406,40.71993637084961,1400.55,4528,4528,-1.0,-1.0,-1,-1,0.0
33598,-73.99123382568358,40.75653839111328,-73.94705200195312,40.77194213867188,1193.71,4529,4529,-1.0,-1.0,-1,-1,0.0
33599,-73.98021697998048,40.76071166992188,-73.9788360595703,40.75308609008789,410.46,4529,4529,4579.05,5024.01,50.05000000000018,34.50000000000006,1.0840520391755593
33600,-73.98357391357422,40.766151428222656,-73.96743774414062,40.788101196289055,489.25,4529,4529,-1.0,-1.0,-1,-1,0.0
33601,-73.99394226074219,40.73638153076172,-74.00566864013672,40.740249633789055,342.79,4529,4529,4535.68,4878.47,6.680000000000291,-5.684341886080802e-14,0.9999999999999999
33602,-74.00846099853516,40.72016143798828,-73.99508666992188,40.743011474609375,520.37,4529,4529,-1.0,-1.0,-1,-1,0.0
33603,-73.95342254638672,40.79125213623047,-73.96869659423827,40.793270111083984,268.87,4529,4529,4588.53,4857.4,59.529999999999745,-1.1368683772161603e-13,0.9999999999999996
33604,-73.97421264648438,40.75730895996094,-73.98739624023438,40.7486686706543,572.35,4529,4529,-1.0,-1.0,-1,-1,0.0
33605,-73.9600067138672,40.77021408081055,-73.96002960205078,40.776702880859375,206.5,4530,4530,4548.03,4754.53,18.029999999999745,0.0,1.0
33606,-74.00808715820312,40.7394905090332,-73.98162078857422,40.746883392333984,819.3,4530,4530,4594.46,5413.76,64.46000000000004,2.2737367544323206e-13,1.0000000000000002
33607,-73.97579193115234,40.75555038452149,-73.95036315917969,40.7712516784668,738.41,4530,4530,-1.0,-1.0,-1,-1,0.0
33608,-73.9729232788086,40.7641716003418,-73.95448303222656,40.7670783996582,566.81,4530,4530,4573.05,5139.86,43.05000000000018,-4.547473508864641e-13,0.9999999999999992
33609,-73.9646224975586,40.75996017456055,-73.97181701660156,40.74481964111328,411.18,4530,4530,4530.0,4941.18,0.0,2.8421709430404007e-13,1.0000000000000007
33610,-73.98149871826173,40.73823165893555,-73.99093627929686,40.75046157836913,647.41,4530,4530,-1.0,-1.0,-1,-1,0.0
33611,-74.00518798828125,40.72140884399415,-73.98869323730467,40.71415328979492,692.64,4530,4530,-1.0,-1.0,-1,-1,0.0
33612,-73.9751968383789,40.75244903564453,-73.99948120117188,40.73598098754883,752.36,4530,4530,4539.09,5402.01,9.090000000000146,110.56000000000006,1.146950927747355
33613,-73.97879028320312,40.761878967285156,-73.94892120361328,40.77836990356445,852.67,4530,4530,-1.0,-1.0,-1,-1,0.0
33614,-74.0146484375,40.71419143676758,-73.98540496826173,40.722862243652344,781.54,4530,4530,-1.0,-1.0,-1,-1,0.0
33615,-73.97675323486328,40.775066375732415,-73.97429656982422,40.78732299804688,307.44,4530,4530,4536.96,4844.400000000001,6.960000000000036,5.115907697472721e-13,1.0000000000000016
33616,-74.0057144165039,40.7401237487793,-73.99557495117188,40.72628402709961,648.5,4531,4531,-1.0,-1.0,-1,-1,0.0
33617,-73.97588348388672,40.754920959472656,-73.99327850341797,40.742332458496094,604.69,4531,4531,-1.0,-1.0,-1,-1,0.0
33618,-73.98406982421875,40.725379943847656,-73.98985290527344,40.71522903442383,373.98,4531,4531,4583.83,4957.81,52.82999999999993,4.547473508864641e-13,1.000000000000001
33619,-73.98682403564453,40.73955154418945,-73.97327423095702,40.75201416015625,438.31,4531,4531,4572.99,5038.44,41.98999999999978,27.139999999999816,1.0619196459127098
33620,-73.99716186523438,40.75207901000977,-74.00379180908203,40.74298095703125,211.14,4531,4531,4586.5,4797.64,55.5,3.410605131648481e-13,1.0000000000000016
33621,-73.99357604980467,40.74323654174805,-74.00430297851562,40.75103378295898,397.62,4531,4531,4564.56,4962.18,33.5600000000004,-1.1368683772161603e-13,0.9999999999999997
33622,-74.00366973876955,40.743408203125,-73.99195098876955,40.73003005981445,613.66,4531,4531,-1.0,-1.0,-1,-1,0.0
33623,-73.9740982055664,40.757415771484375,-73.9732894897461,40.74870681762695,361.59,4531,4531,-1.0,-1.0,-1,-1,0.0
33624,-73.95476531982422,40.76725769042969,-73.9935989379883,40.74965286254883,1220.5,4531,4531,4666.1,5886.6,135.10000000000036,0.0,1.0
33625,-73.96356964111328,40.77751159667969,-73.9822769165039,40.773601531982415,447.45,4531,4531,-1.0,-1.0,-1,-1,0.0
33626,-73.98360443115234,40.75071334838867,-73.99329376220702,40.75873565673828,473.72,4531,4531,4579.78,5111.08,48.779999999999745,57.580000000000155,1.1215485941062233
33627,-73.9975051879883,40.74018096923828,-73.99552917480467,40.733543395996094,236.0,4531,4531,4572.8099999999995,4808.81,41.80999999999949,9.094947017729282e-13,1.0000000000000038
33628,-73.98103332519531,40.779396057128906,-73.96533966064453,40.80085372924805,346.5,4532,4532,4577.12,4923.62,45.11999999999989,0.0,1.0
33629,-73.967529296875,40.7561912536621,-73.9802474975586,40.74263000488281,383.04,4532,4532,-1.0,-1.0,-1,-1,0.0
33630,-73.96965026855469,40.76128768920898,-73.98181915283203,40.756248474121094,566.3,4532,4532,-1.0,-1.0,-1,-1,0.0
33631,-73.98204803466798,40.758125305175774,-73.98973846435547,40.75159454345703,335.87,4532,4532,-1.0,-1.0,-1,-1,0.0
33632,-74.00399780273438,40.72214889526367,-73.98914337158203,40.75615692138672,933.89,4532,4532,4662.29,5596.18,130.28999999999996,3.410605131648481e-13,1.0000000000000004
33633,-74.0053176879883,40.73752975463867,-74.00914001464844,40.71675109863281,528.71,4532,4532,-1.0,-1.0,-1,-1,0.0
33634,-73.98248291015625,40.75714111328125,-73.9755630493164,40.79130935668945,923.37,4532,4532,-1.0,-1.0,-1,-1,0.0
33635,-73.96864318847656,40.76646041870117,-73.955810546875,40.77210998535156,388.25,4533,4533,4582.59,4993.63,49.590000000000146,22.789999999999964,1.0586992916934963
33636,-73.9930419921875,40.74249649047852,-73.97897338867188,40.761478424072266,524.34,4533,4533,-1.0,-1.0,-1,-1,0.0
33637,-73.97358703613281,40.7575798034668,-73.98754119873048,40.77611923217773,745.01,4533,4533,-1.0,-1.0,-1,-1,0.0
33638,-74.01648712158203,40.71546173095703,-74.00469970703125,40.72275161743164,414.46,4533,4533,-1.0,-1.0,-1,-1,0.0
33639,-73.99375915527344,40.735366821289055,-73.98589324951173,40.759090423583984,772.08,4533,4533,-1.0,-1.0,-1,-1,0.0
33640,-74.01617431640625,40.70851516723633,-73.97884368896483,40.71236801147461,539.78,4533,4533,-1.0,-1.0,-1,-1,0.0
33641,-73.97957611083984,40.755043029785156,-73.98904418945312,40.74193572998047,293.89,4533,4533,4568.79,4862.68,35.789999999999964,3.410605131648481e-13,1.000000000000001
33642,-73.9952392578125,40.7392463684082,-73.9819107055664,40.74038314819336,396.95,4534,4534,-1.0,-1.0,-1,-1,0.0
33643,-73.94802856445312,40.7762451171875,-73.96609497070312,40.75653076171875,612.11,4534,4534,4566.56,5245.4,32.5600000000004,66.72999999999922,1.1090163532698358
33644,-73.96440124511719,40.75608444213867,-73.95596313476562,40.76361083984375,234.65,4534,4534,-1.0,-1.0,-1,-1,0.0
33645,-73.99593353271484,40.73859024047852,-73.95990753173827,40.76240158081055,921.75,4534,4534,-1.0,-1.0,-1,-1,0.0
33646,-73.97746276855469,40.74987030029297,-73.98345184326173,40.730018615722656,486.81,4535,4535,-1.0,-1.0,-1,-1,0.0
33647,-73.97834014892578,40.752349853515625,-73.98049163818358,40.76526260375977,571.59,4535,4535,-1.0,-1.0,-1,-1,0.0
33648,-73.96836853027344,40.76221466064453,-73.98904418945312,40.76777267456055,681.08,4535,4535,-1.0,-1.0,-1,-1,0.0
33649,-73.98897552490234,40.747955322265625,-73.95651245117188,40.783992767333984,1008.15,4535,4535,-1.0,-1.0,-1,-1,0.0
33650,-73.98737335205078,40.76084899902344,-73.98468017578125,40.774578094482415,362.68,4536,4536,-1.0,-1.0,-1,-1,0.0
33651,-73.98712921142578,40.765869140625,-74.00255584716798,40.74474334716797,545.58,4536,4536,4740.95,5286.53,204.94999999999982,-1.1368683772161603e-13,0.9999999999999998
33652,-73.99514770507811,40.72497177124024,-73.99417114257811,40.720211029052734,214.97,4536,4536,4743.87,4958.84,207.8699999999999,2.5579538487363607e-13,1.000000000000001
33653,-73.970947265625,40.75104522705078,-73.97359466552734,40.73794174194336,411.68,4536,4536,4588.86,5013.79,52.85999999999967,13.250000000000284,1.0321851923824337
33654,-74.00225067138672,40.73848342895508,-73.98460388183594,40.764747619628906,700.36,4536,4536,-1.0,-1.0,-1,-1,0.0
33655,-73.97826385498048,40.76310729980469,-73.9735336303711,40.78798294067383,643.91,4537,4537,4566.21,5290.49,29.210000000000036,80.36999999999978,1.124815579817055
33656,-73.9825439453125,40.758995056152344,-73.99140167236328,40.73317337036133,725.6,4537,4537,-1.0,-1.0,-1,-1,0.0
33657,-73.98477172851562,40.76745986938477,-74.00173950195312,40.73939895629883,784.26,4537,4537,4586.03,5370.29,49.029999999999745,2.2737367544323206e-13,1.0000000000000002
33658,-74.01326751708984,40.71700668334961,-73.98898315429686,40.74589538574219,884.06,4537,4537,4587.29,5471.35,50.289999999999964,4.547473508864641e-13,1.0000000000000004
33659,-73.9879608154297,40.749698638916016,-73.9727020263672,40.76071166992188,487.14,4537,4537,4568.53,5055.67,31.529999999999745,3.410605131648481e-13,1.0000000000000007
33660,-74.00504302978516,40.72113037109375,-74.00050354003906,40.73564147949219,314.54,4537,4537,4754.21,5068.75,217.21000000000004,-5.684341886080802e-14,0.9999999999999998
33661,-73.982666015625,40.73123168945313,-73.98452758789062,40.736915588378906,194.04,4537,4537,4903.41,5097.45,366.40999999999985,-2.842170943040401e-14,0.9999999999999999
33662,-73.9718246459961,40.75919723510742,-73.98236846923827,40.76652145385742,457.82,4537,4537,-1.0,-1.0,-1,-1,0.0
33663,-73.98831176757811,40.76437377929688,-73.99380493164062,40.72713851928711,1176.6,4537,4537,-1.0,-1.0,-1,-1,0.0
33664,-73.96923065185547,40.7607536315918,-73.98384857177734,40.72565460205078,867.82,4538,4538,-1.0,-1.0,-1,-1,0.0
33665,-73.98551177978516,40.7529296875,-73.98206329345702,40.77401351928711,618.25,4538,4538,-1.0,-1.0,-1,-1,0.0
33666,-73.97682189941406,40.74525833129883,-73.99198150634766,40.75154113769531,461.36,4538,4538,-1.0,-1.0,-1,-1,0.0
33667,-73.96305084228516,40.7623176574707,-73.9809036254883,40.73060607910156,746.96,4538,4538,4611.5,5358.46,73.5,0.0,1.0
33668,-73.9670639038086,40.763648986816406,-73.953857421875,40.77904891967773,430.01,4538,4538,-1.0,-1.0,-1,-1,0.0
33669,-73.94483947753906,40.778968811035156,-73.97006225585938,40.79397964477539,730.57,4538,4538,4560.0,5290.57,22.0,-3.410605131648481e-13,0.9999999999999996
33670,-73.99713134765625,40.72226333618164,-73.9869842529297,40.72990036010742,305.26,4538,4538,4867.54,5172.8,329.53999999999996,2.2737367544323206e-13,1.0000000000000007
33671,-73.95223236083984,40.78647994995117,-73.97604370117188,40.76565170288085,744.3,4538,4538,4955.62,5699.92,417.6199999999999,2.2737367544323206e-13,1.0000000000000002
33672,-73.9683837890625,40.75897216796875,-73.96358489990234,40.77436065673828,440.7,4539,4539,-1.0,-1.0,-1,-1,0.0
33673,-73.97491455078125,40.78791809082031,-73.98845672607422,40.779396057128906,543.45,4539,4539,4560.01,5103.46,21.01000000000022,-2.2737367544323206e-13,0.9999999999999996
33674,-73.99288177490234,40.75387954711913,-73.98474884033203,40.7288818359375,913.58,4539,4539,-1.0,-1.0,-1,-1,0.0
33675,-73.9573974609375,40.7618293762207,-73.94757080078125,40.77870178222656,319.16,4539,4539,-1.0,-1.0,-1,-1,0.0
33676,-73.96681976318358,40.76501846313477,-73.97669982910156,40.75475692749024,448.34,4539,4539,4588.59,5076.65,49.590000000000146,39.719999999999516,1.0885934781638924
33677,-73.97599029541014,40.757659912109375,-73.98771667480467,40.73830032348633,588.13,4539,4539,-1.0,-1.0,-1,-1,0.0
33678,-73.97515869140625,40.75809097290039,-73.9849624633789,40.74449920654297,526.97,4539,4539,-1.0,-1.0,-1,-1,0.0
33679,-73.96986389160156,40.789714813232415,-73.96389770507811,40.76934051513672,625.91,4540,4540,4777.16,5403.07,237.15999999999985,-1.1368683772161603e-13,0.9999999999999998
33680,-74.01515960693358,40.709327697753906,-73.97825622558594,40.757301330566406,1338.2,4540,4540,4667.92,6006.12,127.92000000000007,-2.2737367544323206e-13,0.9999999999999998
33681,-73.97543334960938,40.74557113647461,-74.00177001953125,40.72803115844727,705.05,4540,4540,-1.0,-1.0,-1,-1,0.0
33682,-73.95384216308594,40.78191375732422,-73.9545364379883,40.827163696289055,1125.47,4540,4540,4594.16,5783.32,54.159999999999854,63.68999999999983,1.0565896914178075
33683,-73.97692108154298,40.764686584472656,-73.97017669677734,40.78403854370117,490.79,4540,4540,-1.0,-1.0,-1,-1,0.0
33684,-73.98143768310547,40.780609130859375,-73.98431396484375,40.768367767333984,314.17,4541,4541,4662.54,4976.71,121.53999999999996,5.684341886080802e-14,1.0000000000000002
33685,-73.98815155029298,40.73847579956055,-73.97676849365234,40.73360061645508,323.88,4541,4541,-1.0,-1.0,-1,-1,0.0
33686,-73.94850158691406,40.784969329833984,-73.95606231689453,40.7760124206543,286.41,4541,4541,4744.66,5031.07,203.65999999999985,-1.7053025658242404e-13,0.9999999999999994
33687,-73.9754409790039,40.78225326538085,-73.97277069091797,40.7907829284668,203.66,4541,4541,4590.41,4794.07,49.409999999999854,-1.4210854715202004e-13,0.9999999999999993
33688,-73.99594116210938,40.74368667602539,-73.99456787109375,40.73474884033203,262.24,4541,4541,4576.53,4886.15,35.529999999999745,47.37999999999988,1.1806741915802315
33689,-73.98567962646483,40.75227737426758,-73.97456359863281,40.74739456176758,365.17,4541,4541,-1.0,-1.0,-1,-1,0.0
33690,-73.99127960205078,40.75006103515625,-73.9881362915039,40.72713088989258,717.5,4541,4541,4593.08,5310.58,52.07999999999993,0.0,1.0
33691,-74.00568389892578,40.70624923706055,-73.98040008544923,40.74518585205078,895.09,4542,4542,-1.0,-1.0,-1,-1,0.0
33692,-73.95365142822266,40.775169372558594,-73.94918823242188,40.78470993041992,230.6,4542,4542,4818.0,5048.6,276.0,3.694822225952521e-13,1.0000000000000016
33693,-73.98023223876955,40.75624084472656,-73.98001098632812,40.74892807006836,246.25,4542,4542,4573.01,4819.26,31.01000000000022,0.0,1.0
33694,-73.98088073730467,40.7541618347168,-73.99156951904298,40.73532104492188,436.14,4542,4542,4576.08,5091.04,34.07999999999993,78.82000000000005,1.18072178658229
33695,-74.01132202148438,40.71493911743164,-73.99855041503906,40.71377944946289,522.54,4542,4542,-1.0,-1.0,-1,-1,0.0
33696,-73.98870086669923,40.73723602294922,-73.98390960693358,40.775535583496094,1052.77,4542,4542,-1.0,-1.0,-1,-1,0.0
33697,-74.0073013305664,40.72796249389648,-74.01348876953125,40.71535110473633,336.54,4542,4542,-1.0,-1.0,-1,-1,0.0
33698,-73.98136138916014,40.7781639099121,-73.97468566894531,40.79322814941406,339.81,4542,4542,4592.320000000001,4932.13,50.32000000000062,-5.115907697472721e-13,0.9999999999999984
33699,-73.9700469970703,40.75318145751953,-73.99188232421875,40.749271392822266,744.1,4542,4542,-1.0,-1.0,-1,-1,0.0
33700,-73.99151611328125,40.75027084350585,-73.99368286132812,40.726341247558594,693.86,4542,4542,4560.0,5260.74,18.0,6.879999999999768,1.0099155449226065
33701,-74.0150833129883,40.71660614013672,-74.0064697265625,40.72049331665039,344.96,4542,4542,4648.38,4993.34,106.38000000000011,5.684341886080802e-14,1.0000000000000002
33702,-73.98915100097656,40.73068618774415,-73.9823226928711,40.74008560180664,223.19,4542,4542,4574.08,4833.9800000000005,32.07999999999993,36.71000000000055,1.1644786952820492
33703,-73.97320556640625,40.75555038452149,-73.99017333984375,40.763221740722656,681.53,4542,4542,-1.0,-1.0,-1,-1,0.0
33704,-74.00335693359375,40.74881362915039,-73.99200439453125,40.75985336303711,345.07,4543,4543,4808.67,5153.74,265.6700000000001,-2.8421709430404007e-13,0.9999999999999992
33705,-73.97991180419923,40.73335266113281,-73.99604034423827,40.726558685302734,483.97,4543,4543,4659.54,5143.51,116.53999999999996,2.2737367544323206e-13,1.0000000000000004
33706,-73.97412109375,40.757530212402344,-73.97877502441406,40.79094314575195,1024.94,4543,4543,-1.0,-1.0,-1,-1,0.0
33707,-73.97879791259766,40.75864028930664,-73.97543334960938,40.74988174438477,400.58,4543,4543,-1.0,-1.0,-1,-1,0.0
33708,-73.97821044921875,40.77313232421875,-73.96891021728516,40.76734924316406,281.75,4543,4543,4596.92,4878.67,53.92000000000007,0.0,1.0
33709,-73.9827880859375,40.76206970214844,-73.98396301269531,40.779701232910156,585.25,4543,4543,-1.0,-1.0,-1,-1,0.0
33710,-73.95020294189453,40.78010559082031,-73.97621154785155,40.74441146850585,863.54,4543,4543,4755.63,5619.17,212.6300000000001,0.0,1.0
33711,-73.98567962646483,40.74687576293945,-73.99691009521484,40.71775436401367,912.73,4544,4544,-1.0,-1.0,-1,-1,0.0
33712,-73.9847412109375,40.76446914672852,-73.95736694335938,40.78044128417969,732.39,4544,4544,4573.71,5334.6900000000005,29.710000000000036,28.590000000000487,1.0390365788719131
33713,-73.96849060058595,40.76491165161133,-73.9690704345703,40.75680923461913,325.78,4544,4544,4569.71,4896.2,25.710000000000036,0.709999999999809,1.0021793848609486
33714,-73.96360015869139,40.756980895996094,-73.98474884033203,40.75958633422852,815.83,4544,4544,-1.0,-1.0,-1,-1,0.0
33715,-73.97581481933594,40.76039123535156,-73.98786163330078,40.74523544311523,479.18,4544,4544,-1.0,-1.0,-1,-1,0.0
33716,-73.9979476928711,40.751289367675774,-74.00550842285155,40.73807907104492,302.87,4544,4544,4570.54,4873.41,26.539999999999964,-1.1368683772161603e-13,0.9999999999999997
33717,-73.96588897705078,40.762290954589844,-73.94766235351562,40.775089263916016,471.55,4544,4544,-1.0,-1.0,-1,-1,0.0
33718,-74.00851440429686,40.70426940917969,-73.97508239746094,40.74470901489258,662.51,4544,4544,4726.26,5388.7699999999995,182.26000000000022,-6.821210263296962e-13,0.999999999999999
33719,-73.980712890625,40.78620529174805,-73.95999145507811,40.81557083129883,453.03,4545,4545,5157.65,5610.68,612.6499999999996,6.821210263296962e-13,1.0000000000000016
33720,-73.98365783691406,40.76792907714844,-73.97132110595702,40.78255081176758,345.37,4545,4545,4597.84,4943.21,52.840000000000146,-1.1368683772161603e-13,0.9999999999999997
33721,-73.9571762084961,40.770423889160156,-73.96607971191406,40.76306915283203,318.08,4545,4545,4676.38,4994.46,131.3800000000001,-5.684341886080802e-14,0.9999999999999998
33722,-73.96553039550781,40.7954216003418,-73.96936798095702,40.80319595336913,280.05,4545,4545,4748.04,5028.09,203.03999999999996,1.7053025658242404e-13,1.0000000000000007
33723,-73.9836196899414,40.74769973754883,-73.97312927246094,40.75854110717773,380.13,4545,4545,-1.0,-1.0,-1,-1,0.0
33724,-73.97779846191406,40.749000549316406,-73.9845199584961,40.73298263549805,355.36,4545,4545,4599.62,4954.98,54.61999999999989,-3.410605131648481e-13,0.999999999999999
33725,-73.968017578125,40.79217529296875,-73.96780395507811,40.8021354675293,269.43,4546,4546,4596.35,4865.78,50.350000000000364,-6.252776074688882e-13,0.9999999999999977
33726,-73.97621154785155,40.76559448242188,-73.97136688232422,40.79719161987305,773.53,4546,4546,4573.68,5403.38,27.68000000000029,56.169999999999845,1.0726151539048256
33727,-73.99030303955078,40.76144790649415,-73.99112701416014,40.75053024291992,457.19,4546,4546,-1.0,-1.0,-1,-1,0.0
33728,-73.98782348632812,40.75987243652344,-73.95873260498048,40.76890182495117,815.4,4546,4546,4597.62,5413.0199999999995,51.61999999999989,-3.410605131648481e-13,0.9999999999999996
33729,-73.99030303955078,40.714500427246094,-73.99793243408203,40.71818161010742,479.54,4546,4546,4673.3,5152.84,127.30000000000018,-5.684341886080802e-14,0.9999999999999999
33730,-73.98787689208984,40.73912811279297,-73.99623107910156,40.748329162597656,465.29,4546,4546,-1.0,-1.0,-1,-1,0.0
33731,-73.98907470703125,40.74148178100585,-73.95044708251955,40.771308898925774,937.43,4546,4546,-1.0,-1.0,-1,-1,0.0
33732,-73.98345947265625,40.75263595581055,-74.01412963867188,40.709434509277344,1120.42,4547,4547,-1.0,-1.0,-1,-1,0.0
33733,-73.95372009277344,40.76702117919922,-73.98168182373048,40.74380493164063,696.16,4547,4547,4698.29,5394.45,151.28999999999996,-1.1368683772161603e-13,0.9999999999999999
33734,-73.9852066040039,40.734947204589844,-73.9898681640625,40.74501037597656,512.61,4547,4547,-1.0,-1.0,-1,-1,0.0
33735,-73.97649383544923,40.75520324707031,-73.991943359375,40.72586059570313,843.81,4547,4547,-1.0,-1.0,-1,-1,0.0
33736,-73.99081420898438,40.75613403320313,-73.98042297363281,40.785064697265625,726.04,4547,4547,-1.0,-1.0,-1,-1,0.0
33737,-73.99475860595702,40.74024200439453,-73.95925903320312,40.77141189575195,1105.76,4547,4547,-1.0,-1.0,-1,-1,0.0
33738,-73.98136901855469,40.737388610839844,-73.99272155761719,40.730281829833984,335.5,4547,4547,4575.37,4934.16,28.36999999999989,23.289999999999964,1.069418777943368
33739,-73.94451141357422,40.779239654541016,-73.968017578125,40.77096939086913,618.79,4547,4547,4569.12,5210.67,22.11999999999989,22.76000000000022,1.0367814605924468
33740,-73.96884155273438,40.761146545410156,-73.95076751708984,40.7708396911621,472.65,4548,4548,4586.59,5068.5,38.590000000000146,9.259999999999877,1.0195916640220033
33741,-74.00747680664062,40.70827102661133,-74.0086212158203,40.72007751464844,484.66,4548,4548,-1.0,-1.0,-1,-1,0.0
33742,-74.01119232177734,40.71334457397461,-74.00353240966798,40.74840545654297,564.89,4548,4548,4582.75,5147.64,34.75,3.410605131648481e-13,1.0000000000000007
33743,-73.9832992553711,40.767879486083984,-73.9776611328125,40.78398513793945,395.4,4548,4548,4608.0,5003.4,60.0,-3.410605131648481e-13,0.9999999999999991
33744,-74.00505065917969,40.71875,-74.00031280517578,40.73265075683594,262.25,4548,4548,-1.0,-1.0,-1,-1,0.0
33745,-73.97923278808595,40.767051696777344,-73.97418212890625,40.77977752685547,306.54,4548,4548,-1.0,-1.0,-1,-1,0.0
33746,-73.98899078369139,40.75273895263672,-73.9778823852539,40.735748291015625,683.38,4548,4548,-1.0,-1.0,-1,-1,0.0
33747,-74.00907135009766,40.71228408813477,-74.00690460205078,40.72984313964844,379.82,4548,4548,-1.0,-1.0,-1,-1,0.0
33748,-73.97640991210938,40.78885269165039,-73.97727966308595,40.7591552734375,900.62,4548,4548,4570.53,5567.2,22.529999999999745,96.05000000000007,1.1066487530812108
33749,-73.99249267578125,40.75851821899415,-74.0010223388672,40.7470588684082,258.75,4548,4548,-1.0,-1.0,-1,-1,0.0
33750,-73.98782348632812,40.738243103027344,-73.99073791503906,40.755943298339844,722.16,4549,4549,-1.0,-1.0,-1,-1,0.0
33751,-73.98091125488281,40.75041580200195,-73.99859619140625,40.73712158203125,489.7,4549,4549,-1.0,-1.0,-1,-1,0.0
33752,-73.98150634765625,40.75379180908203,-73.99542236328125,40.76210021972656,467.52,4549,4549,4570.68,5052.4,21.68000000000029,14.199999999999363,1.0303730321697453
33753,-73.98606872558594,40.73483276367188,-73.94390869140625,40.77628707885742,996.84,4549,4549,-1.0,-1.0,-1,-1,0.0
33754,-73.96943664550781,40.75288009643555,-73.99115753173827,40.75041961669922,707.94,4549,4549,4590.34,5298.280000000001,41.340000000000146,4.547473508864641e-13,1.0000000000000007
33755,-73.97965240478516,40.7532958984375,-73.95361328125,40.7871322631836,734.06,4550,4550,-1.0,-1.0,-1,-1,0.0
33756,-73.98168182373048,40.7646598815918,-73.99456024169923,40.75027847290039,667.77,4550,4550,-1.0,-1.0,-1,-1,0.0
33757,-73.98335266113281,40.744140625,-74.00114440917969,40.72761154174805,545.77,4550,4550,-1.0,-1.0,-1,-1,0.0
33758,-73.96578979492188,40.76833724975585,-73.94427490234375,40.7755241394043,545.55,4550,4550,-1.0,-1.0,-1,-1,0.0
33759,-73.99468994140625,40.75028610229492,-73.99297332763672,40.76305389404297,388.26,4551,4551,4599.51,4987.77,48.51000000000022,2.2737367544323206e-13,1.0000000000000007
33760,-74.00679779052734,40.70782852172852,-73.97830963134766,40.71342849731445,539.65,4551,4551,-1.0,-1.0,-1,-1,0.0
33761,-73.9780044555664,40.757625579833984,-73.97930908203125,40.74958801269531,274.09,4551,4551,4579.79,4853.88,28.789999999999964,1.7053025658242404e-13,1.0000000000000007
33762,-74.00260162353516,40.74480056762695,-74.00801086425781,40.71702194213867,638.83,4551,4551,-1.0,-1.0,-1,-1,0.0
33763,-74.00398254394531,40.72579956054688,-74.00896453857422,40.714805603027344,290.28,4551,4551,-1.0,-1.0,-1,-1,0.0
33764,-74.00951385498048,40.72298049926758,-74.0165023803711,40.71546173095703,248.27,4551,4551,4568.53,4918.72,17.529999999999745,101.9200000000005,1.410520803963429
33765,-73.97181701660156,40.75615310668945,-73.98828887939453,40.721981048583984,1076.81,4551,4551,4575.63,5744.99,24.63000000000011,92.54999999999973,1.0859483102868657
33766,-73.97952270507811,40.764892578125,-74.00751495361328,40.74325180053711,877.66,4551,4551,-1.0,-1.0,-1,-1,0.0
33767,-73.98251342773438,40.767578125,-73.95220947265625,40.77799987792969,803.37,4552,4552,-1.0,-1.0,-1,-1,0.0
33768,-73.99754333496094,40.72421646118164,-74.0045394897461,40.71261978149415,408.97,4552,4552,-1.0,-1.0,-1,-1,0.0
33769,-73.96929931640625,40.7637939453125,-73.98619079589844,40.7662467956543,551.88,4552,4552,-1.0,-1.0,-1,-1,0.0
33770,-73.99268341064453,40.75286102294922,-73.98786163330078,40.76062774658203,228.48,4552,4552,4561.69,4790.17,9.6899999999996,4.831690603168681e-13,1.0000000000000022
33771,-73.97128295898438,40.792701721191406,-73.96627807617188,40.80414581298828,205.93,4552,4552,4560.0,4806.55,8.0,40.620000000000175,1.1972514932258542
33772,-73.95430755615234,40.764122009277344,-73.97610473632812,40.788177490234375,889.28,4552,4552,4806.91,5696.19,254.90999999999985,-2.2737367544323206e-13,0.9999999999999998
33773,-73.97234344482422,40.750160217285156,-73.98912811279298,40.74188995361328,523.13,4552,4552,-1.0,-1.0,-1,-1,0.0
33774,-73.99544525146483,40.73912048339844,-73.97415161132812,40.788780212402344,1103.09,4552,4552,-1.0,-1.0,-1,-1,0.0
33775,-73.98709106445312,40.745429992675774,-73.98381805419923,40.77775955200195,967.22,4552,4552,-1.0,-1.0,-1,-1,0.0
33776,-73.977294921875,40.74790573120117,-73.93235015869139,40.79814910888672,1028.49,4552,4552,-1.0,-1.0,-1,-1,0.0
33777,-73.99291229248048,40.76322937011719,-73.98468780517578,40.75537109375,503.5,4553,4553,4609.27,5175.75,56.27000000000044,62.97999999999956,1.1250844091360468
33778,-73.97209930419923,40.75310897827149,-73.98008728027342,40.740928649902344,319.71,4553,4553,-1.0,-1.0,-1,-1,0.0
33779,-73.98223876953125,40.73125076293945,-73.98339080810547,40.726295471191406,183.13,4553,4553,4653.75,4836.88,100.75,1.1368683772161603e-13,1.0000000000000007
33780,-73.9846954345703,40.753883361816406,-73.96967315673827,40.76478576660156,468.13,4553,4553,-1.0,-1.0,-1,-1,0.0
33781,-74.00865173339844,40.70388793945313,-73.95523834228516,40.77696990966797,1240.05,4553,4553,4916.54,6156.589999999999,363.53999999999996,-6.821210263296962e-13,0.9999999999999994
33782,-73.99490356445312,40.73985290527344,-73.97615051269531,40.74825668334961,555.98,4553,4553,4573.41,5187.53,20.409999999999854,58.13999999999987,1.1045721069103203
33783,-73.96151733398438,40.77138900756836,-73.96935272216798,40.75534057617188,524.59,4553,4553,4586.74,5113.75,33.73999999999978,2.4200000000001864,1.0046131264416023
33784,-73.99822235107422,40.74064636230469,-74.00420379638672,40.73119735717773,183.0,4553,4553,4588.35,4771.35,35.350000000000364,0.0,1.0
33785,-73.9941864013672,40.75111389160156,-73.95248413085938,40.77978515625,1200.68,4553,4553,-1.0,-1.0,-1,-1,0.0
33786,-73.98724365234375,40.7530632019043,-73.9957046508789,40.745769500732415,296.44,4554,4554,-1.0,-1.0,-1,-1,0.0
33787,-73.98094940185547,40.76805877685547,-73.97591400146483,40.74664688110352,889.42,4554,4554,-1.0,-1.0,-1,-1,0.0
33788,-73.98064422607422,40.785247802734375,-73.97183227539062,40.79651641845703,257.98,4554,4554,4572.89,4859.08,18.890000000000327,28.20999999999958,1.1093495619815474
33789,-73.97380065917969,40.78953552246094,-73.9633255004883,40.79436874389648,200.71,4554,4554,4606.74,4807.45,52.73999999999978,2.842170943040401e-14,1.0000000000000002
33790,-73.99121856689453,40.732521057128906,-73.99748992919923,40.7258186340332,191.71,4554,4554,4579.12,4770.83,25.11999999999989,2.842170943040401e-14,1.0000000000000002
33791,-73.98204803466798,40.77808380126953,-73.97582244873048,40.79556655883789,413.55,4554,4554,4569.27,4982.82,15.270000000000437,-7.389644451905042e-13,0.9999999999999982
33792,-74.005126953125,40.719139099121094,-73.99642944335938,40.73796463012695,343.0,4554,4554,-1.0,-1.0,-1,-1,0.0
33793,-73.98670196533203,40.756126403808594,-73.97870635986328,40.75414657592773,277.62,4554,4554,-1.0,-1.0,-1,-1,0.0
33794,-73.99871063232422,40.73490905761719,-74.00655364990234,40.73577880859375,246.17,4554,4554,4610.21,4897.08,56.210000000000036,40.6999999999999,1.1653329000284351
33795,-73.98538208007811,40.73580932617188,-73.98262023925781,40.72734832763672,311.5,4555,4555,4654.72,4966.22,99.72000000000025,0.0,1.0
33796,-73.99981689453125,40.72724151611328,-73.9910430908203,40.7588005065918,939.33,4555,4555,4676.13,5615.46,121.13000000000011,-1.1368683772161603e-13,0.9999999999999999
33797,-74.00286102294923,40.70738220214844,-74.01628875732422,40.71511459350585,524.85,4555,4555,-1.0,-1.0,-1,-1,0.0
33798,-73.9593276977539,40.76742935180664,-73.97566223144531,40.76036071777344,625.84,4555,4555,-1.0,-1.0,-1,-1,0.0
33799,-73.9996337890625,40.7542381286621,-73.98011779785155,40.780628204345696,520.4,4555,4555,4562.98,5083.38,7.979999999999563,5.684341886080801e-13,1.000000000000001
33800,-73.97174072265625,40.75682830810547,-73.98253631591797,40.76652145385742,593.78,4555,4555,-1.0,-1.0,-1,-1,0.0
33801,-73.99321746826173,40.73672866821289,-73.98835754394531,40.7241096496582,526.91,4555,4555,4569.81,5178.4,14.8100000000004,81.67999999999927,1.1550169858230044
33802,-73.98186492919923,40.75904083251953,-73.95426177978516,40.78449630737305,810.81,4555,4555,4596.14,5477.0,41.14000000000033,70.04999999999973,1.086395086395086
33803,-73.98426055908203,40.74884033203125,-73.98428344726562,40.76500701904297,543.36,4555,4555,4582.41,5169.7,27.409999999999854,43.92999999999995,1.0808487926972907
33804,-73.9814224243164,40.78113555908203,-73.97386169433594,40.789398193359375,231.38,4555,4555,4702.65,4934.03,147.64999999999964,1.1368683772161603e-13,1.0000000000000004
33805,-73.9802474975586,40.7604866027832,-73.95075225830078,40.77513122558594,836.14,4556,4556,-1.0,-1.0,-1,-1,0.0
33806,-73.99797058105469,40.75569152832031,-73.95433807373048,40.77824783325195,1080.65,4556,4556,4675.92,5756.57,119.92000000000007,-4.547473508864641e-13,0.9999999999999996
33807,-74.00709533691406,40.70732879638672,-73.94906616210938,40.77322006225585,1268.84,4556,4556,-1.0,-1.0,-1,-1,0.0
33808,-73.97747039794923,40.74949264526367,-73.98370361328125,40.725791931152344,582.98,4556,4556,4562.86,5145.84,6.859999999999673,4.547473508864641e-13,1.0000000000000009
33809,-73.9920196533203,40.72470474243164,-74.00560760498048,40.74578857421875,751.58,4556,4556,4661.39,5412.97,105.39000000000033,-1.1368683772161603e-13,0.9999999999999999
33810,-73.97085571289062,40.76255416870117,-73.94830322265625,40.78303146362305,587.56,4556,4556,-1.0,-1.0,-1,-1,0.0
33811,-73.98197174072266,40.77838897705078,-73.95687866210938,40.77145004272461,691.18,4556,4556,4598.95,5290.13,42.94999999999982,3.410605131648481e-13,1.0000000000000004
33812,-73.9996795654297,40.73762130737305,-73.97389221191406,40.78277969360352,1089.64,4557,4557,-1.0,-1.0,-1,-1,0.0
33813,-73.98451232910156,40.75484085083008,-73.97840118408203,40.77281951904297,527.99,4557,4557,-1.0,-1.0,-1,-1,0.0
33814,-73.97807312011719,40.75391387939453,-73.9832305908203,40.72231674194336,1006.17,4557,4557,-1.0,-1.0,-1,-1,0.0
33815,-73.99440002441406,40.751628875732415,-73.98278045654298,40.75521087646485,384.56,4557,4557,-1.0,-1.0,-1,-1,0.0
33816,-73.95548248291014,40.77962112426758,-73.9427490234375,40.78747177124024,316.78,4557,4557,-1.0,-1.0,-1,-1,0.0
33817,-73.95397186279298,40.77497863769531,-73.94918060302734,40.78166961669922,236.9,4557,4557,4735.72,4972.62,178.72000000000025,-3.694822225952521e-13,0.9999999999999984
33818,-73.98477935791014,40.74621963500977,-74.00393676757811,40.750823974609375,633.74,4557,4557,4612.1,5247.13,55.100000000000364,1.2899999999997362,1.0020355350774761
33819,-73.99665069580078,40.73733520507813,-74.01084899902342,40.71892166137695,544.08,4557,4557,4780.7,5324.78,223.69999999999982,-1.1368683772161603e-13,0.9999999999999998
33820,-74.00003814697266,40.73289108276367,-73.96037292480467,40.763938903808594,1022.19,4557,4557,4600.25,5622.44,43.25,-4.547473508864641e-13,0.9999999999999996
33821,-73.96952056884766,40.76360702514648,-73.99166107177734,40.74475860595703,809.69,4558,4558,-1.0,-1.0,-1,-1,0.0
33822,-73.96790313720702,40.76277160644531,-73.97620391845702,40.76215744018555,310.71,4558,4558,-1.0,-1.0,-1,-1,0.0
33823,-73.97599792480467,40.74454116821289,-73.99456787109375,40.743797302246094,562.16,4558,4558,4589.42,5151.58,31.420000000000073,-1.1368683772161603e-13,0.9999999999999998
33824,-73.98943328857422,40.7627067565918,-73.98411560058595,40.76977157592773,279.62,4558,4558,-1.0,-1.0,-1,-1,0.0
33825,-73.97673797607422,40.765323638916016,-73.98226165771484,40.7712516784668,237.2,4558,4558,-1.0,-1.0,-1,-1,0.0
33826,-74.00682830810547,40.72890853881836,-74.00472259521484,40.74322128295898,323.62,4558,4558,-1.0,-1.0,-1,-1,0.0
33827,-73.98473358154298,40.74797821044922,-73.9841537475586,40.76067352294922,591.83,4558,4558,-1.0,-1.0,-1,-1,0.0
33828,-73.9810562133789,40.76025390625,-73.98310089111328,40.72190856933594,1185.59,4558,4558,-1.0,-1.0,-1,-1,0.0
33829,-73.9646987915039,40.801849365234375,-73.95527648925781,40.82009887695313,395.82,4558,4558,4692.97,5088.79,134.97000000000025,-2.8421709430404007e-13,0.9999999999999993
33830,-73.98886108398438,40.77777099609375,-73.98889923095702,40.763431549072266,409.71,4558,4558,4615.95,5025.66,57.94999999999982,5.684341886080802e-14,1.0000000000000002
33831,-73.98011779785155,40.72242736816406,-73.99099731445312,40.74226760864258,818.79,4559,4559,4616.32,5435.11,57.31999999999971,0.0,1.0
33832,-73.9826889038086,40.77210998535156,-73.98206329345702,40.74908828735352,845.2,4559,4559,4685.74,5530.94,126.73999999999978,-2.2737367544323206e-13,0.9999999999999998
33833,-73.9837875366211,40.74367141723633,-73.97827911376955,40.72624969482422,581.7,4559,4559,-1.0,-1.0,-1,-1,0.0
33834,-73.96979522705078,40.7855339050293,-73.9458999633789,40.77760696411133,573.2,4559,4559,4627.92,5201.12,68.92000000000007,-2.2737367544323206e-13,0.9999999999999996
33835,-73.99693298339844,40.76352310180664,-73.97227478027344,40.74635314941406,964.72,4559,4559,4774.55,5739.27,215.55000000000018,2.2737367544323206e-13,1.0000000000000002
33836,-74.0085678100586,40.711441040039055,-73.99234008789062,40.71488952636719,463.66,4559,4559,-1.0,-1.0,-1,-1,0.0
33837,-74.0085678100586,40.707740783691406,-73.99943542480467,40.729896545410156,707.15,4560,4560,-1.0,-1.0,-1,-1,0.0
33838,-73.99518585205078,40.754974365234375,-73.99005126953125,40.74091339111328,472.54,4560,4560,-1.0,-1.0,-1,-1,0.0
33839,-73.98638916015625,40.72200012207031,-74.014892578125,40.7095947265625,650.9,4560,4560,4577.71,5312.4,17.710000000000036,83.78999999999962,1.1287294515286521
33840,-73.95105743408203,40.77038192749024,-73.94769287109375,40.783775329589844,271.78,4560,4560,4575.29,4847.07,15.289999999999964,-2.2737367544323206e-13,0.9999999999999991
33841,-73.99192047119139,40.75942993164063,-73.97896575927734,40.75282669067383,515.91,4560,4560,-1.0,-1.0,-1,-1,0.0
33842,-73.98956298828125,40.75773239135742,-73.9886245727539,40.73880004882813,743.14,4560,4560,4564.5,5417.31,4.5,109.67000000000041,1.1475764997174158
33843,-73.99126434326173,40.7448616027832,-73.97901916503906,40.75205612182617,391.67,4560,4560,4563.37,4955.04,3.369999999999891,5.684341886080802e-14,1.0000000000000002
33844,-74.0062255859375,40.72355651855469,-74.00894927978516,40.72631454467773,181.62,4560,4560,4565.46,4747.08,5.460000000000036,-1.1368683772161603e-13,0.9999999999999993
33845,-73.9654998779297,40.760231018066406,-73.95044708251955,40.7778205871582,398.07,4560,4560,-1.0,-1.0,-1,-1,0.0
33846,-73.98497772216798,40.747871398925774,-73.97515106201173,40.73295974731445,573.96,4560,4560,-1.0,-1.0,-1,-1,0.0
33847,-73.9825210571289,40.76241683959961,-73.98794555664062,40.7774772644043,576.17,4560,4560,4601.67,5204.52,41.67000000000007,26.680000000000405,1.0463057778086335
33848,-73.9999771118164,40.7386589050293,-74.00135803222656,40.730918884277344,232.12,4561,4561,-1.0,-1.0,-1,-1,0.0
33849,-73.95425415039062,40.76420593261719,-73.9526138305664,40.77985000610352,445.49,4561,4561,-1.0,-1.0,-1,-1,0.0
33850,-73.99478912353516,40.75951766967773,-74.00279235839844,40.72504425048828,902.27,4561,4561,4821.42,5723.69,260.4200000000001,-4.547473508864641e-13,0.9999999999999994
33851,-73.98136901855469,40.778900146484375,-73.95396423339844,40.7822265625,627.46,4561,4561,4599.37,5270.37,38.36999999999989,43.539999999999964,1.0693908775061358
33852,-73.9771728515625,40.763328552246094,-73.9622344970703,40.7731819152832,468.13,4561,4561,4598.96,5067.09,37.960000000000036,1.1368683772161603e-13,1.0000000000000002
33853,-73.98896789550781,40.77830123901367,-73.99394989013672,40.76392364501953,376.75,4561,4561,-1.0,-1.0,-1,-1,0.0
33854,-73.98976135253906,40.74388885498047,-73.9784927368164,40.75278091430664,371.06,4561,4561,-1.0,-1.0,-1,-1,0.0
33855,-73.97805786132812,40.76306533813477,-73.95695495605469,40.76826095581055,655.67,4561,4561,-1.0,-1.0,-1,-1,0.0
33856,-74.00267028808594,40.74692153930664,-73.99266815185547,40.7585563659668,430.66,4562,4562,4779.83,5210.49,217.82999999999993,-1.7053025658242404e-13,0.9999999999999996
33857,-73.98336029052734,40.74224853515625,-74.0006103515625,40.72893142700195,585.04,4562,4562,-1.0,-1.0,-1,-1,0.0
33858,-73.973876953125,40.763126373291016,-73.97264099121094,40.75638961791992,301.54,4562,4562,-1.0,-1.0,-1,-1,0.0
33859,-73.98587799072266,40.747169494628906,-73.99864196777344,40.73481750488281,379.05,4562,4562,-1.0,-1.0,-1,-1,0.0
33860,-74.00385284423827,40.737403869628906,-73.9817123413086,40.77186584472656,891.77,4562,4562,-1.0,-1.0,-1,-1,0.0
33861,-73.9869842529297,40.75094604492188,-73.96902465820312,40.76129531860352,598.55,4562,4562,4608.57,5207.12,46.56999999999971,2.2737367544323206e-13,1.0000000000000004
33862,-73.98374938964845,40.747032165527344,-73.99068450927734,40.715614318847656,995.85,4562,4562,-1.0,-1.0,-1,-1,0.0
33863,-73.9832992553711,40.73414611816406,-73.99127960205078,40.75036239624024,739.56,4562,4562,-1.0,-1.0,-1,-1,0.0
33864,-73.98223876953125,40.77089309692383,-73.9827651977539,40.74821853637695,877.53,4562,4562,-1.0,-1.0,-1,-1,0.0
33865,-73.9939193725586,40.76698684692383,-73.99840545654298,40.72283554077149,1111.31,4562,4562,-1.0,-1.0,-1,-1,0.0
33866,-74.00162506103516,40.71979904174805,-74.00382232666014,40.72966003417969,323.85,4563,4563,-1.0,-1.0,-1,-1,0.0
33867,-73.98934173583984,40.75531768798828,-73.99918365478516,40.73914337158203,536.18,4563,4563,-1.0,-1.0,-1,-1,0.0
33868,-73.99324798583984,40.74631118774415,-74.00704193115234,40.738128662109375,394.92,4563,4563,4601.45,5036.14,38.44999999999982,39.77000000000049,1.1007039400384901
33869,-73.9672622680664,40.76121139526367,-73.9534683227539,40.76847839355469,388.62,4563,4563,-1.0,-1.0,-1,-1,0.0
33870,-73.98674011230467,40.73058319091797,-73.99485778808595,40.75008010864258,752.39,4563,4563,-1.0,-1.0,-1,-1,0.0
33871,-73.95963287353516,40.80888748168945,-73.96932983398438,40.79272079467773,288.51,4563,4563,5037.66,5326.17,474.65999999999985,2.2737367544323206e-13,1.0000000000000009
33872,-73.99490356445312,40.75012969970703,-73.99021911621094,40.77579116821289,703.96,4563,4563,4596.36,5372.75,33.35999999999967,72.43000000000029,1.102889368714132
33873,-73.99768829345702,40.72418212890625,-73.99763488769531,40.756591796875,855.57,4564,4564,-1.0,-1.0,-1,-1,0.0
33874,-73.9698486328125,40.763580322265625,-73.98719024658203,40.721900939941406,1137.9,4564,4564,-1.0,-1.0,-1,-1,0.0
33875,-73.9803237915039,40.74552536010742,-73.99565887451173,40.7334098815918,448.08,4564,4564,4608.59,5121.42,44.590000000000146,64.74999999999994,1.1445054454561685
33876,-73.98146820068358,40.773601531982415,-73.99683380126955,40.720306396484375,1592.26,4564,4564,4730.41,6322.67,166.40999999999985,2.2737367544323206e-13,1.0000000000000002
33877,-73.95697021484375,40.77766036987305,-73.96774291992188,40.762901306152344,397.74,4564,4564,4602.17,4999.91,38.17000000000007,-2.2737367544323206e-13,0.9999999999999994
33878,-73.9719009399414,40.76009368896485,-73.99785614013672,40.75665664672852,884.38,4564,4564,-1.0,-1.0,-1,-1,0.0
33879,-73.9825668334961,40.74277877807617,-73.99018859863281,40.72503662109375,436.43,4564,4564,-1.0,-1.0,-1,-1,0.0
33880,-73.95970153808595,40.77439880371094,-73.9519805908203,40.773380279541016,213.87,4564,4564,4622.47,4836.34,58.470000000000255,-1.1368683772161603e-13,0.9999999999999994
33881,-73.99762725830078,40.75649642944336,-73.97911071777342,40.74930953979492,543.59,4564,4564,4786.71,5330.3,222.71000000000004,1.1368683772161603e-13,1.0000000000000002
33882,-73.9947280883789,40.740211486816406,-73.95427703857422,40.77563095092773,1167.93,4565,4565,-1.0,-1.0,-1,-1,0.0
33883,-73.99249267578125,40.7426872253418,-74.007568359375,40.7408561706543,443.41,4565,4565,-1.0,-1.0,-1,-1,0.0
33884,-73.97925567626955,40.72737503051758,-73.9916000366211,40.72625350952149,358.81,4565,4565,-1.0,-1.0,-1,-1,0.0
33885,-73.97380828857422,40.789268493652344,-73.97281646728516,40.7976188659668,241.12,4565,4565,4764.64,5005.76,199.64000000000033,-1.1368683772161603e-13,0.9999999999999996
33886,-73.98281860351562,40.75088119506836,-73.98174285888672,40.74080276489258,333.07,4565,4565,4616.21,4949.28,51.210000000000036,-2.8421709430404007e-13,0.9999999999999991
33887,-73.96806335449219,40.787124633789055,-73.9542236328125,40.77446746826172,492.0,4565,4565,4729.04,5221.04,164.03999999999996,0.0,1.0
33888,-73.97896575927734,40.77738571166992,-73.9940414428711,40.752418518066406,757.84,4565,4565,-1.0,-1.0,-1,-1,0.0
33889,-73.95632934570312,40.78406143188477,-73.95671844482422,40.775428771972656,325.29,4566,4566,4644.21,4969.5,78.21000000000004,-5.684341886080802e-14,0.9999999999999998
33890,-73.98101043701173,40.78241729736328,-73.9820785522461,40.769290924072266,312.07,4566,4566,4763.23,5075.3,197.22999999999956,6.252776074688882e-13,1.000000000000002
33891,-74.00077819824219,40.74219131469727,-74.00424194335938,40.75244903564453,308.2,4567,4567,4598.29,4906.49,31.289999999999964,-1.7053025658242404e-13,0.9999999999999994
33892,-73.97530364990234,40.78694915771485,-73.94351959228516,40.81695175170898,817.46,4567,4567,4610.94,5428.4,43.9399999999996,0.0,1.0
33893,-73.9900131225586,40.75692367553711,-73.97566223144531,40.75971984863281,489.73,4567,4567,-1.0,-1.0,-1,-1,0.0
33894,-73.97052764892578,40.75603103637695,-73.95938110351562,40.7715072631836,354.4,4568,4568,4619.35,4973.75,51.350000000000364,-3.410605131648481e-13,0.999999999999999
33895,-73.97034454345702,40.79919815063477,-73.94504547119139,40.774559020996094,983.26,4568,4568,-1.0,-1.0,-1,-1,0.0
33896,-73.97703552246094,40.750389099121094,-73.98368072509766,40.721656799316406,729.01,4568,4568,-1.0,-1.0,-1,-1,0.0
33897,-73.98277282714845,40.77921676635742,-73.98107147216798,40.788978576660156,309.66,4568,4568,4625.91,4935.57,57.909999999999854,-1.7053025658242404e-13,0.9999999999999994
33898,-73.98609924316406,40.7723388671875,-73.9748764038086,40.7879753112793,287.2,4569,4569,-1.0,-1.0,-1,-1,0.0
33899,-73.96078491210938,40.76165008544922,-73.96480560302734,40.7724609375,393.03,4569,4569,4609.9,5072.48,40.899999999999636,69.54999999999995,1.1769585018955295
33900,-74.01013946533203,40.721038818359375,-74.00918579101562,40.73765563964844,264.19,4569,4569,-1.0,-1.0,-1,-1,0.0
33901,-73.9678955078125,40.762710571289055,-73.9847183227539,40.76850128173828,631.57,4569,4569,-1.0,-1.0,-1,-1,0.0
33902,-73.97569274902342,40.75609970092773,-73.97750091552734,40.76364135742188,430.84,4569,4569,-1.0,-1.0,-1,-1,0.0
33903,-73.9747085571289,40.74650955200195,-73.99107360839844,40.72756958007813,436.44,4569,4569,-1.0,-1.0,-1,-1,0.0
33904,-73.98381805419923,40.75686264038085,-73.97628021240234,40.72877502441406,941.52,4570,4570,-1.0,-1.0,-1,-1,0.0
33905,-73.9510498046875,40.78278350830078,-73.95470428466798,40.7696418762207,382.58,4570,4570,-1.0,-1.0,-1,-1,0.0
33906,-73.97962951660156,40.75981903076172,-73.99158477783203,40.75204849243164,435.33,4570,4570,-1.0,-1.0,-1,-1,0.0
33907,-73.98805236816406,40.769691467285156,-73.98783111572266,40.761390686035156,334.07,4570,4570,-1.0,-1.0,-1,-1,0.0
33908,-73.96244049072266,40.759010314941406,-73.95648193359375,40.77811050415039,455.61,4570,4570,4622.57,5085.86,52.56999999999971,7.67999999999995,1.0168565220254164
33909,-73.97355651855469,40.75534057617188,-73.99010467529298,40.75119400024415,603.34,4570,4570,-1.0,-1.0,-1,-1,0.0
33910,-73.98384857177734,40.74721908569336,-73.98841857910156,40.735111236572266,468.35,4571,4571,-1.0,-1.0,-1,-1,0.0
33911,-73.98201751708984,40.773719787597656,-73.97702026367188,40.75949096679688,583.02,4571,4571,4622.67,5205.69,51.67000000000007,-4.547473508864641e-13,0.9999999999999992
33912,-73.97323608398438,40.76388931274415,-73.9853515625,40.76287460327149,447.79,4571,4571,-1.0,-1.0,-1,-1,0.0
33913,-73.98577880859375,40.749866485595696,-73.97957611083984,40.78375244140625,891.76,4571,4571,-1.0,-1.0,-1,-1,0.0
33914,-73.98188781738281,40.74647903442383,-73.97808837890625,40.75466918945313,280.38,4571,4571,-1.0,-1.0,-1,-1,0.0
33915,-73.96356964111328,40.7771110534668,-73.9761734008789,40.75539016723633,741.82,4571,4571,4608.89,5426.61,37.89000000000033,75.8999999999993,1.1023159256962596
33916,-74.00261688232422,40.73376846313477,-73.9900131225586,40.73118209838867,361.25,4571,4571,-1.0,-1.0,-1,-1,0.0
33917,-73.98230743408203,40.76974105834961,-73.97737884521484,40.75378036499024,682.82,4571,4571,-1.0,-1.0,-1,-1,0.0
33918,-73.99215698242188,40.74902725219727,-73.98929595947266,40.76310729980469,552.82,4572,4572,4603.34,5156.16,31.340000000000146,-3.410605131648481e-13,0.9999999999999993
33919,-73.97809600830078,40.783546447753906,-73.96086883544923,40.81387710571289,551.34,4572,4572,-1.0,-1.0,-1,-1,0.0
33920,-73.98535919189453,40.74461364746094,-73.99190521240234,40.74909973144531,365.13,4572,4572,-1.0,-1.0,-1,-1,0.0
33921,-73.97197723388672,40.758689880371094,-73.9791259765625,40.755279541015625,308.06,4572,4572,-1.0,-1.0,-1,-1,0.0
33922,-73.96735382080078,40.78812026977539,-73.96880340576173,40.765235900878906,664.51,4573,4573,4603.37,5353.78,30.36999999999989,85.89999999999986,1.1292681825706157
33923,-73.99433898925781,40.74089813232422,-73.98139953613281,40.74714660644531,422.48,4573,4573,-1.0,-1.0,-1,-1,0.0
33924,-73.96907806396483,40.76134872436523,-73.95989990234375,40.76683044433594,322.4,4573,4573,-1.0,-1.0,-1,-1,0.0
33925,-73.97826385498048,40.76660919189453,-73.98544311523438,40.73892593383789,911.22,4573,4573,-1.0,-1.0,-1,-1,0.0
33926,-73.99220275878906,40.75817108154297,-74.00273132324219,40.76054000854492,262.41,4573,4573,4595.11,4857.52,22.109999999999673,7.389644451905042e-13,1.0000000000000029
33927,-73.96368408203125,40.76581573486328,-73.98787689208984,40.77928161621094,714.79,4573,4573,4684.96,5399.75,111.96000000000004,0.0,1.0
33928,-74.00265502929686,40.74482345581055,-74.00830078125,40.73575973510742,288.35,4574,4574,4609.52,4977.82,35.52000000000044,79.94999999999925,1.2772672099878593
33929,-73.97908782958984,40.740478515625,-73.99128723144531,40.74241638183594,410.91,4574,4574,-1.0,-1.0,-1,-1,0.0
33930,-73.9823226928711,40.763221740722656,-74.00345611572266,40.74856567382813,734.96,4574,4574,4684.46,5419.42,110.46000000000004,0.0,1.0
33931,-73.95147705078125,40.7698631286621,-73.95892333984375,40.77488327026367,255.33,4574,4574,4654.62,4909.95,80.61999999999989,-8.526512829121202e-14,0.9999999999999997
33932,-73.97319030761719,40.758399963378906,-73.99115753173827,40.72349166870117,914.54,4574,4574,-1.0,-1.0,-1,-1,0.0
33933,-73.99114990234375,40.750083923339844,-73.98046875,40.7217903137207,947.01,4574,4574,4593.08,5577.12,19.079999999999927,37.02999999999997,1.0391020158182067
33934,-73.98448181152342,40.760719299316406,-74.0010986328125,40.73162078857422,772.39,4574,4574,-1.0,-1.0,-1,-1,0.0
33935,-73.95793151855469,40.7652702331543,-73.93872833251955,40.80492401123047,693.86,4574,4574,4590.0,5283.86,16.0,-3.410605131648481e-13,0.9999999999999996
33936,-73.98037719726562,40.76531982421875,-73.97683715820312,40.759559631347656,297.0,4575,4575,-1.0,-1.0,-1,-1,0.0
33937,-73.97183990478516,40.75098037719727,-73.9962387084961,40.744388580322266,689.83,4575,4575,4623.2,5313.03,48.19999999999982,-1.1368683772161603e-13,0.9999999999999999
33938,-73.99179077148438,40.74530792236328,-73.9830322265625,40.74135208129883,273.29,4575,4575,-1.0,-1.0,-1,-1,0.0
33939,-73.9869613647461,40.760608673095696,-73.994384765625,40.76089477539063,316.45,4575,4575,-1.0,-1.0,-1,-1,0.0
33940,-73.9671859741211,40.77235412597656,-73.98946380615234,40.75670623779297,822.27,4575,4575,4594.16,5416.43,19.159999999999854,4.547473508864641e-13,1.0000000000000004
33941,-74.00369262695312,40.73248291015625,-73.99778747558594,40.72294616699219,422.49,4575,4575,4607.58,5030.07,32.57999999999993,-2.2737367544323206e-13,0.9999999999999994
33942,-73.98914337158203,40.73674774169922,-74.00234985351562,40.76052856445313,866.05,4575,4575,-1.0,-1.0,-1,-1,0.0
33943,-73.9615249633789,40.76862335205078,-73.95682525634766,40.7808837890625,297.28,4575,4575,-1.0,-1.0,-1,-1,0.0
33944,-73.98802947998048,40.75973892211913,-73.99238586425781,40.74546432495117,557.91,4575,4575,-1.0,-1.0,-1,-1,0.0
33945,-73.97380065917969,40.74298477172852,-73.96166229248048,40.76080322265625,297.1,4576,4576,4596.72,4893.820000000001,20.720000000000255,3.410605131648481e-13,1.000000000000001
33946,-73.98491668701173,40.72419738769531,-73.98861694335938,40.721275329589844,257.96,4576,4576,4613.97,4871.93,37.970000000000255,5.684341886080802e-14,1.0000000000000002
33947,-73.97559356689453,40.75503158569336,-73.98622131347656,40.7420310974121,488.58,4576,4576,-1.0,-1.0,-1,-1,0.0
33948,-73.97686004638672,40.75086975097656,-73.97931671142578,40.742088317871094,233.87,4576,4576,4608.1,4841.97,32.100000000000364,-1.1368683772161603e-13,0.9999999999999996
33949,-73.96829986572266,40.75098037719727,-73.95216369628906,40.77293014526367,389.1,4576,4576,-1.0,-1.0,-1,-1,0.0
33950,-73.96966552734375,40.80033874511719,-73.96964263916014,40.793758392333984,189.12,4576,4576,4858.62,5047.74,282.6199999999999,-1.1368683772161603e-13,0.9999999999999994
33951,-73.967529296875,40.75271987915039,-73.96549224853516,40.763328552246094,337.31,4576,4576,-1.0,-1.0,-1,-1,0.0
33952,-73.98992919921875,40.737754821777344,-73.95091247558595,40.777809143066406,1054.93,4576,4576,-1.0,-1.0,-1,-1,0.0
33953,-73.98246002197266,40.76022338867188,-73.95558929443358,40.77655792236328,904.5,4576,4576,-1.0,-1.0,-1,-1,0.0
33954,-73.96785736083984,40.767127990722656,-74.01045227050781,40.71813201904297,1503.22,4577,4577,4670.25,6173.47,93.25,2.2737367544323206e-13,1.0000000000000002
33955,-73.95134735107422,40.8100814819336,-73.96411895751955,40.802391052246094,402.45,4577,4577,4717.5,5119.95,140.5,-1.7053025658242404e-13,0.9999999999999996
33956,-73.99676513671875,40.715110778808594,-73.99837493896483,40.729652404785156,526.2,4577,4577,4741.42,5267.62,164.42000000000007,-2.2737367544323206e-13,0.9999999999999996
33957,-73.98692321777342,40.76601791381836,-73.9607696533203,40.76826095581055,739.26,4577,4577,-1.0,-1.0,-1,-1,0.0
33958,-73.99266815185547,40.75364303588867,-73.98029327392578,40.74589157104492,514.59,4577,4577,-1.0,-1.0,-1,-1,0.0
33959,-73.94799041748048,40.7836799621582,-73.9635009765625,40.77180099487305,443.91,4577,4577,5532.48,5976.389999999999,955.4799999999996,-1.7053025658242404e-13,0.9999999999999997
33960,-73.97099304199219,40.761810302734375,-73.98995971679686,40.751289367675774,713.04,4577,4577,-1.0,-1.0,-1,-1,0.0
33961,-73.99115753173827,40.76616668701172,-73.9920196533203,40.75948715209961,280.81,4578,4578,-1.0,-1.0,-1,-1,0.0
33962,-73.9799270629883,40.78363037109375,-73.94855499267578,40.813720703125,781.01,4578,4578,4735.16,5516.17,157.15999999999985,2.2737367544323206e-13,1.0000000000000002
33963,-73.98072052001955,40.74192810058594,-73.97576141357422,40.75217056274415,308.35,4578,4578,4611.26,4919.61,33.26000000000022,-5.684341886080801e-13,0.9999999999999981
33964,-73.9632568359375,40.75588989257813,-73.95559692382812,40.76404190063477,228.44,4578,4578,-1.0,-1.0,-1,-1,0.0
33965,-73.96124267578125,40.76074600219727,-73.95178985595702,40.7702751159668,241.2,4578,4578,-1.0,-1.0,-1,-1,0.0
33966,-73.98709869384766,40.77097702026367,-73.96239471435547,40.8050651550293,573.08,4578,4578,4596.4800000000005,5239.31,18.480000000000473,69.74999999999989,1.1217107559154043
33967,-73.97293090820312,40.75529861450195,-73.97845458984375,40.758216857910156,294.16,4578,4578,4621.66,4915.82,43.659999999999854,-1.7053025658242404e-13,0.9999999999999994
33968,-73.95976257324219,40.77950668334961,-73.97412872314453,40.79219055175781,424.25,4578,4578,4755.55,5179.8,177.55000000000018,0.0,1.0
33969,-73.9671630859375,40.80368041992188,-73.9642562866211,40.79730987548828,322.74,4578,4578,4799.28,5122.0199999999995,221.27999999999975,-2.2737367544323206e-13,0.9999999999999993
33970,-73.98548126220702,40.76787185668945,-73.97756958007811,40.77527236938477,272.68,4578,4578,-1.0,-1.0,-1,-1,0.0
33971,-73.99103546142578,40.750244140625,-73.97578430175781,40.72520446777344,903.21,4578,4578,4590.0,5579.85,12.0,86.64000000000033,1.0959245358222345
33972,-73.97657012939453,40.753662109375,-73.96121978759766,40.77177810668945,590.35,4578,4578,-1.0,-1.0,-1,-1,0.0
33973,-73.98944854736328,40.75876998901367,-74.00697326660156,40.74407958984375,597.81,4578,4578,-1.0,-1.0,-1,-1,0.0
33974,-74.00769805908203,40.705299377441406,-73.97775268554686,40.74555969238281,810.25,4579,4579,4810.33,5620.58,231.32999999999993,0.0,1.0
33975,-73.97701263427734,40.75436019897461,-73.99138641357422,40.75025939941406,497.34,4579,4579,-1.0,-1.0,-1,-1,0.0
33976,-73.97821807861328,40.7523193359375,-73.95706176757811,40.77436828613281,704.34,4579,4579,-1.0,-1.0,-1,-1,0.0
33977,-73.97482299804686,40.76288986206055,-73.96484375,40.763343811035156,304.03,4579,4579,-1.0,-1.0,-1,-1,0.0
33978,-73.97763061523438,40.75364303588867,-73.96634674072266,40.75879669189453,473.73,4579,4579,-1.0,-1.0,-1,-1,0.0
33979,-73.9867935180664,40.766639709472656,-73.9796371459961,40.75293731689453,673.07,4579,4579,4634.66,5314.59,55.659999999999854,6.860000000000241,1.0101921048330786
33980,-73.99529266357422,40.73401641845703,-73.99369812011719,40.727134704589844,296.55,4579,4579,4632.18,4928.7300000000005,53.18000000000029,1.7053025658242404e-13,1.0000000000000007
33981,-73.98530578613281,40.75862121582031,-73.94695281982422,40.80848693847656,1323.34,4579,4579,-1.0,-1.0,-1,-1,0.0
33982,-73.97323608398438,40.763973236083984,-73.99977111816406,40.75056076049805,876.87,4580,4580,4612.42,5489.29,32.42000000000007,-1.1368683772161603e-13,0.9999999999999999
33983,-73.97736358642578,40.77937316894531,-73.97743225097656,40.76117706298828,624.39,4580,4580,4664.06,5288.45,84.0600000000004,-5.684341886080801e-13,0.9999999999999991
33984,-73.97901153564453,40.758880615234375,-73.99224090576173,40.74673080444336,550.53,4580,4580,4610.67,5161.2,30.670000000000073,-2.2737367544323206e-13,0.9999999999999996
33985,-73.99755096435547,40.736419677734375,-73.96904754638672,40.80070877075195,1308.1,4581,4581,4716.62,6024.719999999999,135.6199999999999,-4.547473508864641e-13,0.9999999999999997
33986,-73.98719787597656,40.740631103515625,-73.95108795166014,40.782188415527344,1077.63,4581,4581,4639.79,5738.150000000001,58.789999999999964,20.730000000000473,1.0192366582222103
33987,-73.98943328857422,40.77272033691406,-73.97737884521484,40.78617858886719,341.7,4581,4581,4620.82,4962.52,39.81999999999971,7.389644451905042e-13,1.0000000000000022
33988,-73.98716735839844,40.75077819824219,-73.95836639404298,40.76054000854492,839.65,4581,4581,-1.0,-1.0,-1,-1,0.0
33989,-73.95433044433594,40.76409912109375,-73.98075866699219,40.77983093261719,915.99,4581,4581,-1.0,-1.0,-1,-1,0.0
33990,-73.99850463867188,40.76115036010742,-73.99219512939453,40.73389434814453,805.31,4581,4581,4613.12,5474.19,32.11999999999989,55.75999999999976,1.0692404167339282
33991,-73.98942565917969,40.735939025878906,-73.96932983398438,40.76352310180664,766.93,4581,4581,-1.0,-1.0,-1,-1,0.0
33992,-74.0080337524414,40.71788024902344,-73.99462127685547,40.73455810546875,477.94,4581,4581,4624.29,5102.2300000000005,43.289999999999964,5.115907697472721e-13,1.000000000000001
33993,-73.98152923583984,40.73268127441406,-73.99222564697266,40.74770736694336,737.73,4581,4581,4932.78,5670.51,351.77999999999975,4.547473508864641e-13,1.0000000000000007
33994,-74.01595306396483,40.71467971801758,-73.95158386230467,40.77401351928711,1317.65,4582,4582,-1.0,-1.0,-1,-1,0.0
33995,-73.94647979736328,40.78071212768555,-73.97103881835938,40.75790023803711,815.3,4582,4582,-1.0,-1.0,-1,-1,0.0
33996,-73.97637939453125,40.73970031738281,-73.99189758300781,40.7168083190918,726.83,4582,4582,4790.39,5517.22,208.39000000000033,-1.1368683772161603e-13,0.9999999999999999
33997,-73.99345397949219,40.741947174072266,-73.97673034667969,40.77754592895508,969.33,4582,4582,4596.94,5633.94,14.9399999999996,67.66999999999996,1.0698111066406693
33998,-73.97728729248048,40.76416397094727,-73.98778533935547,40.77936172485352,539.75,4582,4582,-1.0,-1.0,-1,-1,0.0
33999,-73.97869873046875,40.72418975830078,-74.00204467773438,40.74203872680664,759.8,4582,4582,4720.59,5480.389999999999,138.59000000000015,-6.821210263296962e-13,0.9999999999999991
34000,-73.98609924316406,40.757190704345696,-74.00033569335938,40.730224609375,719.91,4583,4583,4597.57,5391.87,14.569999999999709,74.39000000000021,1.1033323609895684
34001,-73.99867248535155,40.72319412231445,-73.95986938476562,40.758655548095696,1041.02,4583,4583,-1.0,-1.0,-1,-1,0.0
34002,-73.98281860351562,40.76211166381836,-73.98209381103516,40.77191925048828,344.31,4583,4583,4623.63,4967.9400000000005,40.63000000000011,3.979039320256561e-13,1.000000000000001
34003,-73.9712905883789,40.75770568847656,-73.97478485107422,40.78764724731445,918.04,4583,4583,-1.0,-1.0,-1,-1,0.0
34004,-73.9799270629883,40.77084732055664,-73.96146392822266,40.773597717285156,471.45,4583,4583,-1.0,-1.0,-1,-1,0.0
34005,-73.95520782470702,40.80463790893555,-73.9974365234375,40.74505615234375,1414.36,4583,4583,4842.68,6257.04,259.6800000000003,-2.2737367544323206e-13,0.9999999999999999
34006,-73.9773941040039,40.78440856933594,-73.95781707763672,40.77001953125,605.68,4583,4583,-1.0,-1.0,-1,-1,0.0
34007,-73.98661804199219,40.75149536132813,-73.9782943725586,40.752540588378906,234.09,4583,4583,4610.7699999999995,4844.86,27.769999999999527,1.4210854715202004e-13,1.0000000000000007
34008,-73.99480438232422,40.75407791137695,-73.99762725830078,40.765663146972656,417.51,4583,4583,-1.0,-1.0,-1,-1,0.0
34009,-73.97547149658203,40.75497055053711,-73.95819854736328,40.78190994262695,622.32,4584,4584,-1.0,-1.0,-1,-1,0.0
34010,-73.95124816894531,40.778663635253906,-73.97080993652342,40.75532531738281,717.36,4584,4584,4637.6,5354.96,53.600000000000364,-3.410605131648481e-13,0.9999999999999996
34011,-73.9972915649414,40.71207046508789,-74.016357421875,40.709144592285156,612.65,4584,4584,4943.35,5556.0,359.35000000000036,-3.410605131648481e-13,0.9999999999999994
34012,-74.00052642822266,40.742408752441406,-73.97820281982422,40.751380920410156,684.69,4584,4584,4619.12,5374.14,35.11999999999989,70.33000000000038,1.102718018373279
34013,-73.98970031738281,40.74150848388672,-73.98845672607422,40.73456573486328,310.04,4584,4584,4623.61,4933.65,39.60999999999967,-5.684341886080802e-14,0.9999999999999998
34014,-73.97757720947266,40.784175872802734,-73.94784545898438,40.776363372802734,706.33,4584,4584,-1.0,-1.0,-1,-1,0.0
34015,-73.97332763671875,40.76380157470703,-73.97994995117188,40.7889404296875,836.47,4584,4584,4636.47,5472.9400000000005,52.470000000000255,2.2737367544323206e-13,1.0000000000000002
34016,-73.97951507568358,40.77949905395508,-73.96334075927734,40.76892471313477,652.29,4584,4584,4614.51,5299.18,30.51000000000022,32.38000000000011,1.0496404973248097
34017,-73.9895248413086,40.741798400878906,-73.98709869384766,40.720741271972656,724.67,4584,4584,4592.51,5425.46,8.510000000000218,108.27999999999986,1.1494197358797795
34018,-73.9874496459961,40.75047302246094,-73.97441864013672,40.75120162963867,405.65,4585,4585,-1.0,-1.0,-1,-1,0.0
34019,-73.99120330810547,40.73009872436523,-73.9805145263672,40.73017883300781,270.25,4585,4585,-1.0,-1.0,-1,-1,0.0
34020,-73.9832305908203,40.74428176879883,-74.00949859619139,40.72359085083008,898.7,4585,4585,-1.0,-1.0,-1,-1,0.0
34021,-73.95543670654298,40.76824569702149,-73.99071502685547,40.751243591308594,1138.12,4585,4585,4590.0,5760.07,5.0,31.949999999999818,1.0280726109724807
34022,-73.99085998535155,40.73386001586913,-73.9739532470703,40.76401901245117,1037.18,4585,4585,-1.0,-1.0,-1,-1,0.0
34023,-74.00839233398438,40.738784790039055,-74.00440979003906,40.733619689941406,255.75,4585,4585,-1.0,-1.0,-1,-1,0.0
34024,-73.99482727050781,40.755184173583984,-73.9838638305664,40.74967956542969,439.45,4585,4585,-1.0,-1.0,-1,-1,0.0
34025,-73.96621704101562,40.78967666625977,-73.97313690185547,40.788589477539055,188.45,4585,4585,4797.03,4985.48,212.02999999999975,-1.7053025658242404e-13,0.9999999999999991
34026,-73.97549438476562,40.76060104370117,-73.98255920410156,40.7509994506836,267.76,4585,4585,4636.59,4904.35,51.590000000000146,2.2737367544323206e-13,1.0000000000000009
34027,-73.99263763427734,40.73581314086913,-73.97539520263672,40.72156524658203,697.78,4585,4585,-1.0,-1.0,-1,-1,0.0
34028,-74.0019302368164,40.72806167602539,-73.98919677734375,40.72760009765625,440.24,4585,4585,4638.67,5078.91,53.67000000000007,-2.2737367544323206e-13,0.9999999999999994
34029,-74.0052719116211,40.7395896911621,-74.01588439941406,40.71491622924805,594.5,4585,4585,-1.0,-1.0,-1,-1,0.0
34030,-73.97509765625,40.753150939941406,-73.98467254638672,40.74847030639648,324.45,4586,4586,4592.79,4917.24,6.789999999999964,-1.7053025658242404e-13,0.9999999999999994
34031,-73.97205352783203,40.76013565063477,-73.98892974853516,40.74410629272461,650.55,4586,4586,-1.0,-1.0,-1,-1,0.0
34032,-73.98516845703125,40.76369094848633,-73.98428344726562,40.76942825317383,236.43,4586,4586,4618.58,4855.01,32.57999999999993,2.8421709430404007e-13,1.000000000000001
34033,-74.0064926147461,40.75123596191406,-73.99130249023438,40.73915481567383,484.69,4586,4586,4602.58,5087.2699999999995,16.579999999999927,-3.979039320256561e-13,0.9999999999999992
34034,-73.98660278320312,40.758338928222656,-73.9918670654297,40.73836898803711,561.64,4586,4586,4610.82,5172.46,24.81999999999971,3.410605131648481e-13,1.0000000000000007
34035,-74.0083999633789,40.735252380371094,-74.00367736816406,40.723819732666016,470.54,4586,4586,4687.37,5157.91,101.36999999999989,-5.684341886080802e-14,0.9999999999999999
34036,-73.9844207763672,40.78004837036133,-74.01022338867188,40.72506332397461,947.33,4587,4587,-1.0,-1.0,-1,-1,0.0
34037,-73.9849853515625,40.7586326599121,-73.95178985595702,40.76626586914063,1027.15,4587,4587,-1.0,-1.0,-1,-1,0.0
34038,-73.9815444946289,40.74705123901367,-73.9905548095703,40.75090026855469,292.37,4587,4587,4595.38,4887.75,8.38000000000011,-1.1368683772161603e-13,0.9999999999999996
34039,-73.9448013305664,40.779163360595696,-73.96006774902342,40.7753791809082,387.83,4587,4587,4677.21,5065.04,90.21000000000004,-5.684341886080802e-14,0.9999999999999999
34040,-73.98098754882812,40.77058410644531,-73.98930358886719,40.76327896118164,302.4,4587,4587,4603.79,4906.19,16.789999999999964,-3.410605131648481e-13,0.9999999999999989
34041,-73.96581268310547,40.77006912231445,-73.96804809570312,40.76514053344727,184.74,4587,4587,-1.0,-1.0,-1,-1,0.0
34042,-73.93876647949219,40.79933547973633,-73.94611358642578,40.80307388305664,360.63,4588,4588,4685.13,5045.76,97.13000000000011,1.1368683772161603e-13,1.0000000000000002
34043,-73.9742660522461,40.740249633789055,-73.94784545898438,40.775066375732415,783.02,4588,4588,4687.17,5470.19,99.17000000000007,-4.547473508864641e-13,0.9999999999999994
34044,-74.01298522949219,40.70219039916992,-73.9778594970703,40.73408889770508,573.08,4588,4588,4645.38,5218.46,57.38000000000011,-1.1368683772161603e-13,0.9999999999999998
34045,-74.0048828125,40.75198364257813,-73.97660064697266,40.788002014160156,780.86,4588,4588,4590.0,5370.86,2.0,-3.410605131648481e-13,0.9999999999999996
34046,-73.98310852050781,40.76231002807617,-73.98919677734375,40.74216842651367,682.06,4588,4588,4590.0,5353.66,2.0,81.59999999999991,1.119637568542357
34047,-73.96193695068358,40.768009185791016,-73.94361114501955,40.8101692199707,820.65,4588,4588,4736.05,5556.7,148.05000000000018,-3.410605131648481e-13,0.9999999999999996
34048,-73.9687271118164,40.763431549072266,-73.9621810913086,40.773380279541016,219.21,4588,4588,4608.28,4827.49,20.279999999999745,2.842170943040401e-14,1.0000000000000002
34049,-73.97181701660156,40.756927490234375,-73.95774078369139,40.77378463745117,458.4,4588,4588,-1.0,-1.0,-1,-1,0.0
34050,-73.9922332763672,40.74908065795898,-73.975830078125,40.72871017456055,788.06,4588,4588,4609.89,5453.62,21.890000000000327,55.66999999999962,1.070641829302337
34051,-73.96437835693358,40.76066970825195,-73.97574615478516,40.75098419189453,390.17,4588,4588,4611.76,5029.76,23.76000000000022,27.829999999999984,1.0713278827177897
34052,-73.96672821044923,40.757408142089844,-73.98291778564453,40.756683349609375,652.16,4589,4589,4597.63,5350.36,8.63000000000011,100.5699999999996,1.15421062315996
34053,-73.99784088134766,40.74093627929688,-74.00865936279298,40.71998977661133,445.32,4589,4589,-1.0,-1.0,-1,-1,0.0
34054,-73.97560882568358,40.72857666015625,-73.99905395507811,40.73833847045898,548.01,4589,4589,4613.25,5161.26,24.25,2.2737367544323206e-13,1.0000000000000004
34055,-73.98583221435547,40.767921447753906,-73.9602279663086,40.79765319824219,727.37,4589,4589,-1.0,-1.0,-1,-1,0.0
34056,-73.97679901123048,40.790138244628906,-73.98434448242188,40.773433685302734,393.38,4589,4589,4635.85,5029.2300000000005,46.850000000000364,1.1368683772161603e-13,1.0000000000000002
34057,-73.98381042480467,40.73801803588867,-73.96757507324219,40.75747299194336,582.44,4589,4589,4620.82,5205.18,31.81999999999971,1.9200000000005275,1.0032964768903243
34058,-73.9502410888672,40.79273986816406,-73.95146179199219,40.801849365234375,229.09,4589,4589,4591.49,4820.58,2.4899999999997817,1.4210854715202004e-13,1.0000000000000007
34059,-73.97926330566406,40.78681945800781,-73.9564895629883,40.783958435058594,519.66,4589,4589,4672.59,5192.25,83.59000000000015,-1.1368683772161603e-13,0.9999999999999998
34060,-73.98431396484375,40.770225524902344,-73.96697235107422,40.76390838623047,617.77,4589,4589,-1.0,-1.0,-1,-1,0.0
34061,-73.98751068115234,40.76051712036133,-73.96634674072266,40.79461669921875,823.58,4589,4589,4631.7,5475.59,42.69999999999982,20.310000000000286,1.0246606279899952
34062,-73.99536895751955,40.72507858276367,-73.98869323730467,40.758636474609375,996.28,4589,4589,4593.28,5589.56,4.279999999999745,6.821210263296962e-13,1.0000000000000007
34063,-73.96510314941406,40.75606155395508,-73.98895263671875,40.74415969848633,772.58,4590,4590,-1.0,-1.0,-1,-1,0.0
34064,-73.95171356201173,40.78184127807617,-73.94493103027344,40.77862548828125,194.5,4590,4590,-1.0,-1.0,-1,-1,0.0
34065,-73.985595703125,40.74156951904297,-74.0073013305664,40.72671127319336,678.94,4590,4590,-1.0,-1.0,-1,-1,0.0
34066,-73.97708892822266,40.76448822021485,-73.9820785522461,40.77145767211913,245.0,4590,4590,4606.54,4931.91,16.539999999999964,80.36999999999989,1.3280408163265303
34067,-73.99657440185547,40.74273300170898,-74.00838470458984,40.74554061889648,391.46,4590,4590,4607.97,5081.21,17.970000000000255,81.7799999999998,1.2089102334849022
34068,-73.97843933105469,40.75123977661133,-74.00810241699219,40.73973083496094,911.41,4590,4590,-1.0,-1.0,-1,-1,0.0
34069,-73.9947509765625,40.74021911621094,-74.00603485107422,40.73159790039063,311.41,4590,4590,-1.0,-1.0,-1,-1,0.0
34070,-73.9814224243164,40.780853271484375,-73.9676742553711,40.80265426635742,488.89,4590,4590,4621.82,5155.67,31.81999999999971,44.96000000000038,1.0919634273558476
34071,-73.98632049560547,40.75179290771485,-73.98896026611328,40.73151779174805,678.97,4591,4591,-1.0,-1.0,-1,-1,0.0
34072,-74.0023880004883,40.73022079467773,-73.99465179443358,40.72475814819336,312.51,4591,4591,-1.0,-1.0,-1,-1,0.0
34073,-74.00888061523438,40.71691131591797,-73.98461151123048,40.72032165527344,837.56,4591,4591,4641.25,5478.81,50.25,4.547473508864641e-13,1.0000000000000004
34074,-73.97213745117188,40.757080078125,-73.95088195800781,40.772499084472656,586.95,4591,4591,-1.0,-1.0,-1,-1,0.0
34075,-73.95680236816406,40.77513122558594,-73.980712890625,40.769981384277344,683.16,4591,4591,-1.0,-1.0,-1,-1,0.0
34076,-73.97338104248048,40.73868179321289,-73.9798583984375,40.75217056274415,593.41,4591,4591,-1.0,-1.0,-1,-1,0.0
34077,-73.97628021240234,40.75951766967773,-73.99227142333984,40.72513961791992,953.02,4591,4591,-1.0,-1.0,-1,-1,0.0
34078,-73.95623016357422,40.76964950561523,-73.97904205322266,40.78166961669922,652.0,4592,4592,-1.0,-1.0,-1,-1,0.0
34079,-73.98255920410156,40.75724411010742,-73.95491790771484,40.77053451538085,843.28,4592,4592,-1.0,-1.0,-1,-1,0.0
34080,-73.9747085571289,40.7535285949707,-74.00720977783203,40.703712463378906,956.62,4592,4592,-1.0,-1.0,-1,-1,0.0
34081,-73.97350311279298,40.74779510498047,-74.009521484375,40.70625305175781,837.17,4592,4592,-1.0,-1.0,-1,-1,0.0
34082,-73.97999572753906,40.74739074707031,-73.98921966552734,40.73822784423828,344.21,4593,4593,-1.0,-1.0,-1,-1,0.0
34083,-73.98628997802734,40.76223754882813,-74.00997924804686,40.72286987304688,1028.5,4593,4593,-1.0,-1.0,-1,-1,0.0
34084,-73.98760223388672,40.74444580078125,-73.99678802490234,40.71360778808594,957.2,4593,4593,-1.0,-1.0,-1,-1,0.0
34085,-73.9779052734375,40.75261688232422,-74.00218200683594,40.75569534301758,679.01,4593,4593,-1.0,-1.0,-1,-1,0.0
34086,-73.966064453125,40.7581901550293,-73.97315979003906,40.74856185913085,222.17,4593,4593,-1.0,-1.0,-1,-1,0.0
34087,-74.00119018554686,40.73141479492188,-73.99252319335938,40.724365234375,444.96,4593,4593,4731.42,5176.38,138.42000000000007,5.684341886080802e-14,1.0000000000000002
34088,-73.98738098144531,40.73876953125,-74.00151824951173,40.71978759765625,512.97,4593,4593,4709.95,5222.92,116.94999999999982,2.2737367544323206e-13,1.0000000000000004
34089,-73.98603820800781,40.74330520629883,-73.96674346923827,40.7935791015625,1222.97,4593,4593,4620.0,5842.97,27.0,2.2737367544323206e-13,1.0000000000000002
34090,-73.99781799316406,40.72580337524415,-73.99190521240234,40.74905776977539,658.72,4593,4593,-1.0,-1.0,-1,-1,0.0
34091,-73.97801971435547,40.75981521606445,-73.95601654052734,40.80554580688477,1115.28,4594,4594,-1.0,-1.0,-1,-1,0.0
34092,-73.9688720703125,40.75439834594727,-73.984130859375,40.75991821289063,620.66,4594,4594,4646.79,5267.45,52.789999999999964,-1.1368683772161603e-13,0.9999999999999998
34093,-73.97090148925781,40.75170135498047,-73.97342681884766,40.73860931396485,379.83,4594,4594,-1.0,-1.0,-1,-1,0.0
34094,-73.98345947265625,40.743839263916016,-73.99275970458984,40.73315048217773,315.14,4594,4594,-1.0,-1.0,-1,-1,0.0
34095,-73.9749984741211,40.76168823242188,-73.98368835449219,40.74943161010742,335.3,4594,4594,-1.0,-1.0,-1,-1,0.0
34096,-73.9784927368164,40.745132446289055,-74.01226043701173,40.71891784667969,1071.39,4594,4594,-1.0,-1.0,-1,-1,0.0
34097,-73.97634887695312,40.765602111816406,-73.9656753540039,40.793060302734375,682.68,4594,4594,4627.97,5310.65,33.970000000000255,-5.684341886080801e-13,0.9999999999999992
34098,-73.97809600830078,40.75153350830078,-73.97980499267578,40.74485397338867,188.62,4594,4594,-1.0,-1.0,-1,-1,0.0
34099,-73.9632110595703,40.76226806640625,-73.9749526977539,40.74599075317383,409.64,4594,4594,4629.42,5039.06,35.42000000000007,3.410605131648481e-13,1.0000000000000009
34100,-73.96981811523438,40.75661849975585,-73.95630645751955,40.7841682434082,632.64,4594,4594,-1.0,-1.0,-1,-1,0.0
34101,-73.98822784423827,40.722877502441406,-74.00592803955078,40.72484588623047,518.52,4595,4595,4714.5,5233.02,119.5,4.547473508864641e-13,1.0000000000000009
34102,-73.97047424316406,40.78388595581055,-73.9642333984375,40.77467346191406,334.37,4595,4595,4834.21,5168.58,239.21000000000004,-1.1368683772161603e-13,0.9999999999999997
34103,-73.9681396484375,40.7679557800293,-73.9826889038086,40.77166366577149,339.29,4595,4595,-1.0,-1.0,-1,-1,0.0
34104,-73.95893859863281,40.76342010498047,-73.98413848876955,40.76997375488281,712.19,4595,4595,-1.0,-1.0,-1,-1,0.0
34105,-74.00221252441406,40.729408264160156,-73.99308013916014,40.77019119262695,986.03,4595,4595,4638.0,5684.75,43.0,60.72000000000003,1.0615802764621767
34106,-73.98882293701173,40.76353073120117,-73.96700286865234,40.803409576416016,792.08,4595,4595,-1.0,-1.0,-1,-1,0.0
34107,-74.00923156738281,40.72610092163085,-74.01448822021484,40.714031219482415,367.21,4596,4596,-1.0,-1.0,-1,-1,0.0
34108,-73.99018859863281,40.755958557128906,-73.98780059814453,40.73239135742188,908.01,4596,4596,-1.0,-1.0,-1,-1,0.0
34109,-73.9929962158203,40.7481803894043,-73.9823226928711,40.76742935180664,597.65,4596,4596,-1.0,-1.0,-1,-1,0.0
34110,-73.97049713134766,40.764869689941406,-73.97749328613281,40.7768783569336,458.3,4596,4596,-1.0,-1.0,-1,-1,0.0
34111,-73.96359252929686,40.77455139160156,-73.97940826416014,40.78379440307617,430.48,4596,4596,4685.55,5116.03,89.55000000000018,-4.547473508864641e-13,0.9999999999999989
34112,-73.98651123046875,40.751140594482415,-73.9947280883789,40.74003982543945,434.96,4596,4596,-1.0,-1.0,-1,-1,0.0
34113,-73.98014831542969,40.780776977539055,-73.98612213134766,40.77550506591797,236.93,4597,4597,-1.0,-1.0,-1,-1,0.0
34114,-73.964111328125,40.76140594482422,-73.98161315917969,40.75508499145508,651.7,4597,4597,4642.92,5294.62,45.92000000000007,-2.2737367544323206e-13,0.9999999999999997
34115,-73.9834976196289,40.74448013305664,-73.98370361328125,40.72170639038085,718.2,4597,4597,-1.0,-1.0,-1,-1,0.0
34116,-73.9896011352539,40.75258255004883,-73.97859191894531,40.75264358520508,352.21,4597,4597,-1.0,-1.0,-1,-1,0.0
34117,-73.98750305175781,40.765403747558594,-73.99185943603516,40.7694091796875,195.42,4597,4597,4708.38,4903.8,111.38000000000011,8.526512829121202e-14,1.0000000000000004
34118,-73.99929809570312,40.74416732788085,-73.99850463867188,40.734718322753906,316.33,4597,4597,4677.46,4993.79,80.46000000000004,-5.684341886080802e-14,0.9999999999999998
34119,-73.95494079589844,40.77740097045898,-73.96926116943358,40.791908264160156,546.18,4597,4597,4643.17,5222.4,46.17000000000007,33.04999999999961,1.0605111867882375
34120,-73.97626495361328,40.74812698364258,-73.9909896850586,40.75078582763672,529.57,4597,4597,-1.0,-1.0,-1,-1,0.0
34121,-73.98468780517578,40.74531173706055,-73.98586273193358,40.73114013671875,425.7,4597,4597,-1.0,-1.0,-1,-1,0.0
34122,-73.97484588623048,40.76163864135742,-73.9830780029297,40.76367950439453,300.16,4597,4597,-1.0,-1.0,-1,-1,0.0
34123,-73.98046875,40.77000427246094,-73.97051239013672,40.79360580444336,499.41,4598,4598,-1.0,-1.0,-1,-1,0.0
34124,-73.98664093017578,40.739349365234375,-73.9941177368164,40.71018981933594,1007.91,4598,4598,4629.759999999999,5720.04,31.75999999999931,82.37000000000069,1.0817235665882874
34125,-73.98329162597656,40.7567253112793,-73.98244476318358,40.74539184570313,476.12,4598,4598,-1.0,-1.0,-1,-1,0.0
34126,-73.96605682373048,40.75383758544922,-73.9563217163086,40.77558135986328,448.73,4598,4598,-1.0,-1.0,-1,-1,0.0
34127,-74.00682067871094,40.730655670166016,-74.00218963623048,40.737098693847656,197.88,4598,4598,-1.0,-1.0,-1,-1,0.0
34128,-73.9924545288086,40.7486572265625,-73.99390411376955,40.7357177734375,319.25,4598,4598,4641.78,4961.03,43.779999999999745,0.0,1.0
34129,-73.99758148193358,40.7618408203125,-73.99446868896483,40.74589157104492,504.63,4599,4599,4805.41,5310.04,206.40999999999985,1.1368683772161603e-13,1.0000000000000002
34130,-74.00083923339844,40.73686599731445,-73.99483489990234,40.74656295776367,403.42,4599,4599,-1.0,-1.0,-1,-1,0.0
34131,-74.01289367675781,40.702163696289055,-74.01192474365234,40.70994186401367,268.99,4599,4599,4857.79,5126.78,258.78999999999996,-2.2737367544323206e-13,0.9999999999999991
34132,-74.01123046875,40.713680267333984,-73.9564208984375,40.779781341552734,1624.81,4599,4599,4670.42,6331.04,71.42000000000007,35.809999999999945,1.0220395000030773
34133,-73.98275756835938,40.75680160522461,-73.9911880493164,40.74291610717773,519.47,4599,4599,-1.0,-1.0,-1,-1,0.0
34134,-73.95467376708984,40.764198303222656,-73.99240112304686,40.74108123779297,1041.05,4599,4599,-1.0,-1.0,-1,-1,0.0
34135,-73.97677612304686,40.77532958984375,-73.9553985595703,40.78229141235352,520.44,4599,4599,4699.29,5219.73,100.28999999999996,-4.547473508864641e-13,0.9999999999999991
34136,-73.99568176269531,40.71659469604492,-73.99605560302734,40.75996017456055,1159.56,4599,4599,-1.0,-1.0,-1,-1,0.0
34137,-73.99496459960938,40.7607536315918,-73.9849853515625,40.76506042480469,307.0,4600,4600,-1.0,-1.0,-1,-1,0.0
34138,-73.99051666259766,40.74192810058594,-73.98074340820312,40.73694610595703,252.57,4600,4600,4648.21,4900.78,48.210000000000036,-2.8421709430404007e-13,0.9999999999999989
34139,-73.98429107666014,40.754150390625,-73.9602279663086,40.77035903930664,769.26,4600,4600,-1.0,-1.0,-1,-1,0.0
34140,-73.98199462890625,40.74624633789063,-73.98286437988281,40.76321792602539,731.35,4600,4600,4642.33,5430.97,42.32999999999993,57.290000000000305,1.0783345867231835
34141,-73.97411346435547,40.764808654785156,-73.96232604980467,40.775917053222656,352.18,4600,4600,-1.0,-1.0,-1,-1,0.0
34142,-73.9988784790039,40.73998641967773,-74.00703430175781,40.73295211791992,266.75,4600,4600,4620.0,4886.75,20.0,0.0,1.0
34143,-73.96792602539062,40.75583267211913,-73.98381042480467,40.76182174682617,658.39,4600,4600,-1.0,-1.0,-1,-1,0.0
34144,-73.98442840576173,40.742820739746094,-73.96806335449219,40.75537872314453,582.06,4600,4600,4646.46,5250.01,46.460000000000036,21.490000000000236,1.036920592378793
34145,-73.98310852050781,40.73064041137695,-73.97532653808595,40.74900817871094,470.24,4600,4600,4782.21,5252.45,182.21000000000004,-2.2737367544323206e-13,0.9999999999999996
34146,-73.9874038696289,40.779151916503906,-73.95601654052734,40.799671173095696,750.67,4600,4600,-1.0,-1.0,-1,-1,0.0
34147,-73.99207305908203,40.73539733886719,-74.00786590576173,40.738765716552734,496.5,4600,4600,-1.0,-1.0,-1,-1,0.0
34148,-73.99732971191406,40.736778259277344,-74.00198364257811,40.75090408325195,434.78,4601,4601,-1.0,-1.0,-1,-1,0.0
34149,-73.97079467773438,40.764347076416016,-73.95109558105469,40.77774429321289,513.03,4601,4601,4648.8,5197.4,47.80000000000018,35.56999999999948,1.0693331773970323
34150,-73.97891998291014,40.76691055297852,-73.95601654052734,40.803871154785156,805.02,4601,4601,-1.0,-1.0,-1,-1,0.0
34151,-73.98208618164062,40.76036834716797,-74.0101318359375,40.72011947631836,1009.21,4601,4601,4707.12,5716.33,106.11999999999989,0.0,1.0
34152,-73.98678588867188,40.766563415527344,-73.98341369628906,40.7271842956543,1325.38,4601,4601,-1.0,-1.0,-1,-1,0.0
34153,-73.95555114746094,40.7795524597168,-73.96475219726562,40.77547073364258,260.35,4601,4601,4785.87,5046.22,184.8699999999999,3.410605131648481e-13,1.0000000000000013
34154,-73.96508026123048,40.75756454467773,-73.99178314208984,40.77021789550781,880.13,4601,4601,-1.0,-1.0,-1,-1,0.0
34155,-73.97549438476562,40.76129150390625,-74.0009536743164,40.725807189941406,959.81,4601,4601,4625.19,5642.63,24.1899999999996,57.630000000000564,1.0600431335368463
34156,-74.00421142578125,40.74150085449219,-74.00556945800781,40.712181091308594,911.66,4602,4602,-1.0,-1.0,-1,-1,0.0
34157,-73.95693969726562,40.77429962158203,-73.96582794189453,40.76858901977539,276.76,4602,4602,4661.52,4938.28,59.52000000000044,-6.821210263296962e-13,0.9999999999999976
34158,-73.9886474609375,40.76397705078125,-73.98902130126955,40.75376510620117,436.86,4602,4602,4647.23,5084.09,45.22999999999956,5.684341886080801e-13,1.0000000000000013
34159,-73.97018432617188,40.76465225219727,-73.95716094970702,40.774391174316406,366.5,4602,4602,4661.55,5028.05,59.55000000000018,0.0,1.0
34160,-73.98456573486328,40.748477935791016,-74.00461578369139,40.739688873291016,553.22,4602,4602,4661.54,5216.38,59.539999999999964,1.6200000000001182,1.0029283106178375
34161,-73.97821044921875,40.773136138916016,-73.97618865966798,40.78596878051758,320.39,4602,4602,4641.38,4961.77,39.38000000000011,3.410605131648481e-13,1.000000000000001
34162,-73.99651336669923,40.73772811889648,-73.9802474975586,40.7854881286621,1121.18,4602,4602,-1.0,-1.0,-1,-1,0.0
34163,-74.00241088867188,40.73987197875977,-73.99291229248048,40.739166259765625,320.66,4602,4602,-1.0,-1.0,-1,-1,0.0
34164,-73.96768951416014,40.756019592285156,-73.9937973022461,40.73924255371094,803.66,4602,4602,-1.0,-1.0,-1,-1,0.0
34165,-73.99146270751955,40.75021362304688,-73.95270538330078,40.77507781982422,1250.75,4602,4602,-1.0,-1.0,-1,-1,0.0
34166,-73.97706604003906,40.74788284301758,-73.9994583129883,40.73854446411133,664.25,4603,4603,4659.05,5323.3,56.05000000000018,0.0,1.0
34167,-73.99524688720702,40.74961853027344,-74.0025863647461,40.73416137695313,372.41,4603,4603,-1.0,-1.0,-1,-1,0.0
34168,-73.98373413085938,40.76095581054688,-73.97781372070312,40.783485412597656,628.57,4603,4603,-1.0,-1.0,-1,-1,0.0
34169,-73.97265625,40.7493553161621,-73.99141693115234,40.750770568847656,651.81,4603,4603,-1.0,-1.0,-1,-1,0.0
34170,-73.97940063476562,40.771934509277344,-73.96758270263672,40.76011657714844,564.91,4603,4603,-1.0,-1.0,-1,-1,0.0
34171,-73.9727783203125,40.753150939941406,-73.99031829833984,40.750953674316406,650.79,4603,4603,-1.0,-1.0,-1,-1,0.0
34172,-73.98566436767578,40.763519287109375,-73.98110961914062,40.77923583984375,399.22,4603,4603,-1.0,-1.0,-1,-1,0.0
34173,-73.96353149414062,40.77447128295898,-73.9784927368164,40.772308349609375,430.51,4603,4603,4636.09,5066.6,33.090000000000146,2.2737367544323206e-13,1.0000000000000004
34174,-73.99337005615234,40.74216079711913,-73.9793701171875,40.72739028930664,638.72,4603,4603,-1.0,-1.0,-1,-1,0.0
34175,-73.96894073486328,40.75773620605469,-73.95024871826173,40.77389907836913,452.11,4603,4603,-1.0,-1.0,-1,-1,0.0
34176,-73.97162628173827,40.76066970825195,-73.982177734375,40.77418899536133,553.59,4603,4603,-1.0,-1.0,-1,-1,0.0
34177,-73.9719467163086,40.75385665893555,-73.96661376953125,40.76150131225585,205.84,4603,4603,4627.51,4833.35,24.51000000000022,1.4210854715202004e-13,1.0000000000000007
34178,-73.99008178710938,40.74085235595703,-74.01174926757811,40.72153091430664,737.56,4604,4604,4631.09,5434.74,27.090000000000146,66.08999999999969,1.0896062693204616
34179,-73.97551727294923,40.75114822387695,-73.97518920898438,40.78226852416992,940.22,4604,4604,4656.08,5596.3,52.07999999999993,2.2737367544323206e-13,1.0000000000000002
34180,-73.99205017089844,40.749473571777344,-73.9707489013672,40.74991989135742,776.52,4604,4604,-1.0,-1.0,-1,-1,0.0
34181,-73.99202728271484,40.73852157592773,-73.99217987060547,40.74909973144531,435.09,4604,4604,-1.0,-1.0,-1,-1,0.0
34182,-73.97622680664062,40.745025634765625,-74.00144958496094,40.72784423828125,675.42,4604,4604,4642.18,5371.44,38.18000000000029,53.83999999999935,1.0797133635367613
34183,-73.9717254638672,40.746395111083984,-73.95690155029298,40.76655578613281,344.3,4604,4604,4636.5,4980.8,32.5,1.7053025658242404e-13,1.0000000000000004
34184,-73.9823989868164,40.756797790527344,-73.97669219970702,40.764991760253906,229.17,4604,4604,-1.0,-1.0,-1,-1,0.0
34185,-73.95023345947266,40.775733947753906,-73.97356414794923,40.757774353027344,837.09,4604,4604,4649.25,5488.61,45.25,2.2699999999996407,1.002711775316871
34186,-73.95218658447266,40.78058242797852,-73.99098205566406,40.750633239746094,1326.32,4604,4604,5608.26,6934.58,1004.2600000000002,-2.2737367544323206e-13,0.9999999999999998
34187,-73.96192169189453,40.77395248413085,-73.97582244873048,40.7558708190918,623.28,4604,4604,-1.0,-1.0,-1,-1,0.0
34188,-73.98512268066406,40.7564582824707,-74.00379180908203,40.741981506347656,534.48,4604,4604,-1.0,-1.0,-1,-1,0.0
34189,-73.9714584350586,40.75076293945313,-73.98931121826173,40.75781631469727,630.84,4605,4605,-1.0,-1.0,-1,-1,0.0
34190,-73.97001647949219,40.76331329345703,-74.00403594970702,40.73748397827149,1132.43,4605,4605,-1.0,-1.0,-1,-1,0.0
34191,-74.00273132324219,40.73954772949219,-73.99666595458984,40.742183685302734,185.5,4605,4605,4642.37,4827.87,37.36999999999989,0.0,1.0
34192,-73.99349212646483,40.72740173339844,-73.9964828491211,40.742759704589844,543.74,4605,4605,4648.78,5192.5199999999995,43.779999999999745,-2.2737367544323206e-13,0.9999999999999996
34193,-73.99734497070312,40.71913146972656,-73.99210357666014,40.749187469482415,935.52,4605,4605,-1.0,-1.0,-1,-1,0.0
34194,-73.95694732666014,40.785945892333984,-73.99884796142578,40.734130859375,1372.11,4605,4605,4782.86,6154.97,177.85999999999967,6.821210263296962e-13,1.0000000000000004
34195,-73.99082946777342,40.750770568847656,-73.9832992553711,40.76641082763672,434.85,4606,4606,4658.84,5093.69,52.840000000000146,-5.684341886080801e-13,0.9999999999999987
34196,-73.95928955078125,40.78305435180664,-73.97235870361328,40.76519012451172,450.17,4606,4606,4657.63,5107.8,51.63000000000011,5.684341886080802e-14,1.0000000000000002
34197,-73.9640884399414,40.76789474487305,-73.98566436767578,40.73851776123047,753.68,4606,4606,4639.54,5393.22,33.539999999999964,3.410605131648481e-13,1.0000000000000004
34198,-74.01611328125,40.71525192260742,-74.00777435302734,40.742000579833984,624.68,4606,4606,-1.0,-1.0,-1,-1,0.0
34199,-73.9916000366211,40.72631072998047,-73.98065185546875,40.74220657348633,374.95,4606,4606,4634.57,5089.74,28.56999999999971,80.22000000000008,1.2139485264701964
34200,-74.0054931640625,40.74184036254883,-73.98609161376955,40.76063919067383,672.47,4606,4606,-1.0,-1.0,-1,-1,0.0
34201,-73.99970245361328,40.72179412841797,-74.0111083984375,40.713539123535156,393.52,4606,4606,4765.08,5158.6,159.07999999999993,4.547473508864641e-13,1.000000000000001
34202,-73.94536590576173,40.774070739746094,-73.95694732666014,40.783538818359375,422.63,4607,4607,-1.0,-1.0,-1,-1,0.0
34203,-74.00699615478516,40.71170425415039,-73.97933197021484,40.727516174316406,855.45,4607,4607,-1.0,-1.0,-1,-1,0.0
34204,-73.95365142822266,40.77513122558594,-73.97174835205078,40.75038146972656,670.39,4607,4607,-1.0,-1.0,-1,-1,0.0
34205,-74.00746154785155,40.743350982666016,-73.97209167480467,40.75751876831055,1083.54,4607,4607,4721.21,5804.75,114.21000000000004,0.0,1.0
34206,-74.00461578369139,40.7480354309082,-73.98303985595702,40.77662658691406,533.32,4607,4607,4650.42,5183.74,43.42000000000007,-3.410605131648481e-13,0.9999999999999993
34207,-73.94697570800781,40.77189636230469,-73.95990753173827,40.75834655761719,406.0,4607,4607,4647.9,5053.9,40.899999999999636,0.0,1.0
34208,-74.00439453125,40.70735931396485,-74.00251007080078,40.7336311340332,766.95,4607,4607,-1.0,-1.0,-1,-1,0.0
34209,-74.00666046142578,40.73131942749024,-73.9937973022461,40.720718383789055,709.77,4607,4607,-1.0,-1.0,-1,-1,0.0
34210,-73.98365020751955,40.764461517333984,-73.97360229492188,40.793739318847656,646.28,4607,4607,4620.0,5266.28,13.0,-2.2737367544323206e-13,0.9999999999999997
34211,-73.97251892089844,40.756431579589844,-73.98373413085938,40.755237579345696,450.47,4608,4608,4652.06,5119.93,44.0600000000004,17.399999999999864,1.0386263236175548
34212,-73.98137664794923,40.74807357788085,-73.97380065917969,40.75885391235352,423.05,4608,4608,-1.0,-1.0,-1,-1,0.0
34213,-73.98876190185547,40.748435974121094,-73.98394012451173,40.744285583496094,306.12,4608,4608,4660.03,4966.15,52.029999999999745,-1.1368683772161603e-13,0.9999999999999997
34214,-73.98680877685547,40.74216079711913,-73.99337005615234,40.72961044311523,363.43,4608,4608,-1.0,-1.0,-1,-1,0.0
34215,-73.98970794677734,40.757637023925774,-73.98394012451173,40.765235900878906,191.68,4608,4608,4654.13,4845.81,46.13000000000011,2.8421709430404007e-13,1.0000000000000016
34216,-73.97589874267578,40.7602424621582,-73.96004486083984,40.77053833007813,547.47,4608,4608,-1.0,-1.0,-1,-1,0.0
34217,-73.97535705566406,40.7556037902832,-73.96001434326173,40.77128219604492,558.87,4608,4608,-1.0,-1.0,-1,-1,0.0
34218,-73.97724151611328,40.74307632446289,-73.9863052368164,40.73054504394531,208.16,4608,4608,4659.25,4867.41,51.25,-1.4210854715202004e-13,0.9999999999999993
34219,-73.96324157714845,40.77191925048828,-73.99353790283203,40.736061096191406,1049.41,4608,4608,-1.0,-1.0,-1,-1,0.0
34220,-74.00206756591797,40.7279052734375,-73.99214172363281,40.72399139404297,272.56,4608,4608,4628.53,4955.34,20.529999999999745,54.2500000000004,1.1990387437628427
34221,-73.98239135742188,40.76832580566406,-73.96014404296875,40.77045440673828,633.02,4608,4608,-1.0,-1.0,-1,-1,0.0
34222,-73.99040222167969,40.736980438232415,-73.99989318847656,40.72562026977539,465.79,4609,4609,-1.0,-1.0,-1,-1,0.0
34223,-73.97828674316406,40.778282165527344,-73.96898651123048,40.796043395996094,336.04,4609,4609,4639.68,4975.72,30.68000000000029,-5.684341886080802e-14,0.9999999999999998
34224,-73.99476623535155,40.72502136230469,-73.99102020263672,40.748817443847656,735.97,4609,4609,4754.83,5490.8,145.82999999999993,2.2737367544323206e-13,1.0000000000000002
34225,-74.00999450683594,40.72090148925781,-73.97429656982422,40.75909805297852,1267.86,4609,4609,-1.0,-1.0,-1,-1,0.0
34226,-74.00534057617188,40.73703384399415,-74.00016021728516,40.74763488769531,272.66,4609,4609,-1.0,-1.0,-1,-1,0.0
34227,-73.98104858398438,40.7815818786621,-73.94662475585938,40.77259063720703,845.08,4609,4609,4656.9800000000005,5545.15,47.98000000000047,43.08999999999912,1.050989255455104
34228,-74.00271606445312,40.7496452331543,-73.99331665039062,40.7365837097168,485.25,4609,4609,4657.58,5142.83,48.57999999999993,0.0,1.0
34229,-73.96794891357422,40.75553894042969,-73.98829650878906,40.73469924926758,546.83,4609,4609,-1.0,-1.0,-1,-1,0.0
34230,-73.9874496459961,40.71995544433594,-73.97711944580078,40.71918869018555,359.11,4610,4610,4710.95,5070.0599999999995,100.94999999999982,-3.410605131648481e-13,0.999999999999999
34231,-73.97210693359375,40.75967025756836,-73.98143005371094,40.773529052734375,537.91,4610,4610,-1.0,-1.0,-1,-1,0.0
34232,-73.98863983154298,40.76879501342773,-73.9752197265625,40.78290557861328,345.49,4610,4610,4741.62,5087.11,131.6199999999999,-2.2737367544323206e-13,0.9999999999999993
34233,-73.9554672241211,40.77293014526367,-73.97116088867188,40.748401641845696,687.22,4610,4610,-1.0,-1.0,-1,-1,0.0
34234,-73.99897003173827,40.73070907592773,-73.98428344726562,40.731948852539055,437.74,4610,4610,4700.92,5138.66,90.92000000000007,-2.2737367544323206e-13,0.9999999999999994
34235,-73.95108795166014,40.78577423095703,-74.00274658203125,40.76057815551758,1225.79,4610,4610,4623.71,5849.5,13.710000000000036,0.0,1.0
34236,-73.98921966552734,40.76333999633789,-73.98004150390625,40.74591064453125,801.61,4610,4610,4623.75,5441.9,13.75,16.539999999999623,1.0206334751312978
34237,-73.96751403808595,40.763275146484375,-73.97501373291014,40.75324630737305,293.14,4610,4610,4629.09,4922.2300000000005,19.090000000000146,3.410605131648481e-13,1.000000000000001
34238,-73.97787475585938,40.73406219482422,-73.95756530761719,40.765811920166016,585.73,4610,4610,5057.21,5642.94,447.21000000000004,-4.547473508864641e-13,0.9999999999999992
34239,-73.9446563720703,40.77934265136719,-73.9690170288086,40.75413513183594,676.77,4610,4610,-1.0,-1.0,-1,-1,0.0
34240,-73.98164367675781,40.74656295776367,-73.990966796875,40.73406600952149,351.63,4610,4610,-1.0,-1.0,-1,-1,0.0
34241,-73.96878051757811,40.76449966430664,-73.97181701660156,40.74961853027344,496.46,4610,4610,4695.0,5191.46,85.0,5.684341886080802e-14,1.0000000000000002
34242,-73.9845199584961,40.75443649291992,-73.98507690429686,40.7628288269043,307.9,4611,4611,4621.93,4929.83,10.930000000000291,-3.410605131648481e-13,0.9999999999999989
34243,-73.96881866455078,40.761531829833984,-73.9768295288086,40.74393844604492,492.68,4611,4611,-1.0,-1.0,-1,-1,0.0
34244,-73.96094512939453,40.76572799682617,-73.97539520263672,40.75995635986328,567.09,4611,4611,4664.3,5231.39,53.30000000000018,1.1368683772161603e-13,1.0000000000000002
34245,-73.9964828491211,40.75338745117188,-73.97784423828125,40.7304573059082,903.43,4611,4611,-1.0,-1.0,-1,-1,0.0
34246,-73.9797134399414,40.7520751953125,-73.96803283691406,40.76037979125977,426.67,4612,4612,4645.17,5145.88,33.17000000000007,74.04000000000002,1.1735298942977008
34247,-73.98967742919923,40.73915481567383,-73.98787689208984,40.74394989013672,323.01,4612,4612,-1.0,-1.0,-1,-1,0.0
34248,-73.994140625,40.75120162963867,-73.97538757324219,40.76531982421875,606.21,4612,4612,4654.55,5260.76,42.55000000000018,0.0,1.0
34249,-73.9857406616211,40.7410545349121,-73.98726654052734,40.76597595214844,950.93,4612,4612,4649.25,5611.41,37.25,11.229999999999905,1.0118094917606972
34250,-73.98074340820312,40.737831115722656,-74.00357818603516,40.72512435913085,763.83,4612,4612,4665.26,5468.37,53.26000000000022,39.27999999999963,1.0514250553133546
34251,-73.96723937988281,40.76042938232422,-73.98140716552734,40.77903747558594,750.07,4612,4612,4621.13,5398.71,9.13000000000011,27.509999999999877,1.036676576852827
34252,-73.97782897949219,40.748889923095696,-73.99530792236328,40.73098373413085,590.62,4612,4612,-1.0,-1.0,-1,-1,0.0
34253,-73.96121215820312,40.76097869873047,-73.94889831542969,40.77743148803711,262.24,4613,4613,4666.44,4928.68,53.4399999999996,6.821210263296962e-13,1.0000000000000027
34254,-73.98988342285155,40.73462677001953,-73.98359680175781,40.74348831176758,285.7,4613,4613,4649.91,4935.61,36.909999999999854,-1.7053025658242404e-13,0.9999999999999994
34255,-73.94261932373048,40.790794372558594,-73.9517593383789,40.80539321899415,489.86,4613,4613,4761.22,5251.08,148.22000000000025,-3.410605131648481e-13,0.9999999999999993
34256,-73.98773193359375,40.76221084594727,-73.97862243652342,40.783058166503906,495.72,4613,4613,4620.0,5148.9800000000005,7.0,33.260000000000446,1.0670943274429123
34257,-73.98385620117188,40.72526931762695,-73.96057891845702,40.769798278808594,909.23,4613,4613,-1.0,-1.0,-1,-1,0.0
34258,-73.98880004882812,40.76870727539063,-73.98043823242188,40.77795791625977,204.36,4613,4613,4640.8,4845.16,27.800000000000182,-3.410605131648481e-13,0.9999999999999983
34259,-73.997314453125,40.73678588867188,-73.99021911621094,40.757545471191406,625.64,4613,4613,-1.0,-1.0,-1,-1,0.0
34260,-73.97903442382812,40.744361877441406,-73.98537445068358,40.73503875732422,283.04,4613,4613,-1.0,-1.0,-1,-1,0.0
34261,-74.00782012939453,40.7404899597168,-74.00096893310547,40.720951080322266,718.53,4613,4613,-1.0,-1.0,-1,-1,0.0
34262,-74.01271820068358,40.70245742797852,-73.97657012939453,40.74501419067383,690.64,4613,4613,4857.79,5548.429999999999,244.78999999999996,-5.684341886080801e-13,0.9999999999999992
34263,-73.96853637695312,40.76763153076172,-73.97052001953125,40.785808563232415,430.59,4614,4614,-1.0,-1.0,-1,-1,0.0
34264,-73.96727752685547,40.79322052001953,-73.97572326660156,40.7634391784668,792.24,4614,4614,4895.22,5687.46,281.22000000000025,-2.2737367544323206e-13,0.9999999999999997
34265,-73.97997283935547,40.75992202758789,-73.96297454833984,40.758296966552734,595.82,4614,4614,-1.0,-1.0,-1,-1,0.0
34266,-73.97846984863281,40.762073516845696,-73.97208404541014,40.75707244873047,425.75,4614,4614,-1.0,-1.0,-1,-1,0.0
34267,-73.97676086425781,40.75524520874024,-73.96892547607422,40.76280212402344,282.19,4614,4614,-1.0,-1.0,-1,-1,0.0
34268,-73.99217987060547,40.75359725952149,-73.99402618408203,40.72831726074219,801.27,4614,4614,-1.0,-1.0,-1,-1,0.0
34269,-73.95794677734375,40.7661018371582,-73.96788787841797,40.76776885986328,375.9,4614,4614,-1.0,-1.0,-1,-1,0.0
34270,-73.99214935302734,40.749267578125,-73.9894790649414,40.732627868652344,529.95,4614,4614,-1.0,-1.0,-1,-1,0.0
34271,-74.01004028320312,40.72100830078125,-73.98899841308595,40.74531173706055,802.21,4614,4614,-1.0,-1.0,-1,-1,0.0
34272,-73.96573638916014,40.76287078857422,-73.97062683105469,40.75564956665039,319.67,4615,4615,-1.0,-1.0,-1,-1,0.0
34273,-74.00270080566406,40.73064041137695,-73.97862243652342,40.76204299926758,840.96,4615,4615,-1.0,-1.0,-1,-1,0.0
34274,-73.98687744140625,40.755874633789055,-73.98527526855469,40.74763488769531,315.64,4615,4615,4644.03,4959.67,29.029999999999745,3.410605131648481e-13,1.000000000000001
34275,-73.95597076416014,40.77886199951172,-73.94593048095702,40.77361679077149,332.59,4615,4615,4794.08,5126.67,179.07999999999993,1.7053025658242404e-13,1.0000000000000004
34276,-74.0095443725586,40.71269989013672,-74.0066146850586,40.73109436035156,403.36,4615,4615,-1.0,-1.0,-1,-1,0.0
34277,-74.00331115722656,40.722900390625,-73.99124145507811,40.748741149902344,676.66,4615,4615,4653.37,5330.03,38.36999999999989,-1.1368683772161603e-13,0.9999999999999998
34278,-73.95676422119139,40.77786636352539,-73.98041534423827,40.74438095092773,884.74,4615,4615,4641.79,5526.53,26.789999999999964,-2.2737367544323206e-13,0.9999999999999998
34279,-73.97401428222656,40.75146865844727,-74.0024185180664,40.76079177856445,896.26,4616,4616,4646.150000000001,5565.9,30.150000000000546,23.4899999999991,1.026208912592327
34280,-73.97534942626955,40.74953842163085,-73.97672271728516,40.74359893798828,201.3,4616,4616,-1.0,-1.0,-1,-1,0.0
34281,-73.97591400146483,40.76000213623047,-73.97843933105469,40.76471710205078,190.58,4616,4616,-1.0,-1.0,-1,-1,0.0
34282,-74.01110076904298,40.71569442749024,-73.99620819091797,40.73208999633789,514.19,4616,4616,-1.0,-1.0,-1,-1,0.0
34283,-73.97681427001955,40.748443603515625,-74.00539398193358,40.73601150512695,858.37,4616,4616,-1.0,-1.0,-1,-1,0.0
34284,-74.01551818847656,40.71067810058594,-74.00006866455078,40.722999572753906,605.36,4616,4616,-1.0,-1.0,-1,-1,0.0
34285,-73.9547119140625,40.78081893920898,-73.96769714355469,40.76530838012695,466.57,4617,4617,5023.79,5490.36,406.78999999999996,-2.8421709430404007e-13,0.9999999999999994
34286,-73.9767074584961,40.74964904785156,-74.00364685058594,40.74589920043945,692.0,4617,4617,-1.0,-1.0,-1,-1,0.0
34287,-73.9970474243164,40.72258377075195,-73.99984741210938,40.734046936035156,362.68,4617,4617,4738.58,5101.26,121.57999999999993,2.8421709430404007e-13,1.0000000000000009
34288,-73.99138641357422,40.77005004882813,-73.96539306640625,40.760108947753906,799.82,4617,4617,4620.0,5419.82,3.0,-3.410605131648481e-13,0.9999999999999996
34289,-73.98703002929686,40.76616287231445,-73.95545959472656,40.78696060180664,892.94,4618,4618,-1.0,-1.0,-1,-1,0.0
34290,-73.98047637939453,40.78235244750977,-74.00751495361328,40.74093627929688,1049.62,4618,4618,4717.99,5767.61,99.98999999999978,0.0,1.0
34291,-73.98001861572266,40.76575088500977,-73.97246551513672,40.75515747070313,506.67,4618,4618,4653.78,5160.45,35.779999999999745,5.684341886080802e-14,1.0000000000000002
34292,-73.9905776977539,40.736610412597656,-73.9597396850586,40.76029586791992,949.54,4618,4618,-1.0,-1.0,-1,-1,0.0
34293,-73.97602844238281,40.74470901489258,-73.9869384765625,40.729698181152344,255.07,4618,4618,4645.28,4900.35,27.279999999999745,6.252776074688882e-13,1.0000000000000024
34294,-73.98921203613281,40.74693298339844,-73.9896469116211,40.72600555419922,692.18,4619,4619,-1.0,-1.0,-1,-1,0.0
34295,-73.98239135742188,40.7517204284668,-73.99288940429686,40.74367904663085,291.25,4619,4619,4648.53,5020.1,29.529999999999745,80.32000000000062,1.2757768240343368
34296,-74.01254272460938,40.71809387207031,-74.00939178466798,40.72976684570313,210.52,4619,4619,4644.34,4854.86,25.340000000000146,-4.831690603168681e-13,0.9999999999999977
34297,-73.99531555175781,40.74903106689453,-73.97669219970702,40.73930740356445,696.08,4619,4619,-1.0,-1.0,-1,-1,0.0
34298,-73.954345703125,40.76589965820313,-73.95195007324219,40.77698135375977,271.31,4619,4619,4703.38,4974.69,84.38000000000011,-5.115907697472721e-13,0.9999999999999981
34299,-73.99177551269531,40.74255752563477,-73.9764633178711,40.7324333190918,544.03,4619,4619,-1.0,-1.0,-1,-1,0.0
34300,-73.9913330078125,40.75017929077149,-73.98541259765625,40.76382064819336,493.69,4619,4619,4663.1900000000005,5212.58,44.19000000000051,55.69999999999942,1.1128238368206758
34301,-73.98527526855469,40.73595428466797,-74.00069427490234,40.7364501953125,444.79,4619,4619,-1.0,-1.0,-1,-1,0.0
34302,-73.97073364257811,40.7525634765625,-73.97944641113281,40.734771728515625,390.66,4619,4619,-1.0,-1.0,-1,-1,0.0
34303,-73.96996307373048,40.761417388916016,-73.94882202148438,40.777549743652344,563.02,4620,4620,-1.0,-1.0,-1,-1,0.0
34304,-73.94970703125,40.772361755371094,-73.97370147705078,40.74801254272461,643.4,4620,4620,4675.13,5318.53,55.13000000000011,-3.410605131648481e-13,0.9999999999999994
34305,-73.96198272705078,40.770809173583984,-73.95700073242188,40.78078842163085,262.95,4620,4620,-1.0,-1.0,-1,-1,0.0
34306,-73.96955108642578,40.79788589477539,-73.97624969482422,40.78103637695313,387.41,4620,4620,4636.18,5044.59,16.18000000000029,20.99999999999983,1.0542061381998395
34307,-74.00643920898438,40.73860168457031,-74.00596618652342,40.72034072875977,495.67,4620,4620,-1.0,-1.0,-1,-1,0.0
34308,-73.98149871826173,40.73273849487305,-73.95014190673827,40.775611877441406,709.44,4620,4620,-1.0,-1.0,-1,-1,0.0
34309,-73.99514770507811,40.72529220581055,-73.95891571044923,40.763755798339844,895.42,4620,4620,-1.0,-1.0,-1,-1,0.0
34310,-73.99143981933594,40.75008010864258,-73.95464324951173,40.76612091064453,1142.97,4620,4620,4664.63,5849.75,44.63000000000011,42.149999999999864,1.0368776083361766
34311,-73.9854507446289,40.74153900146485,-73.98101043701173,40.779701232910156,1134.68,4620,4620,-1.0,-1.0,-1,-1,0.0
34312,-73.97372436523438,40.79217147827149,-73.98756408691406,40.76550674438477,574.88,4621,4621,4679.07,5253.95,58.06999999999971,1.1368683772161603e-13,1.0000000000000002
34313,-73.97525787353516,40.7577018737793,-73.96340942382812,40.77445983886719,370.85,4621,4621,4667.2300000000005,5038.08,46.23000000000047,-5.684341886080801e-13,0.9999999999999984
34314,-74.01612091064453,40.7099609375,-74.00907897949219,40.716590881347656,369.82,4621,4621,-1.0,-1.0,-1,-1,0.0
34315,-74.00102996826173,40.74192428588867,-73.9893569946289,40.76813125610352,577.74,4621,4621,-1.0,-1.0,-1,-1,0.0
34316,-73.9677505493164,40.76558303833008,-73.9744873046875,40.788246154785156,644.66,4622,4622,4653.7,5384.96,31.699999999999818,86.60000000000025,1.13433437781156
34317,-73.9740982055664,40.7400016784668,-73.98394775390625,40.74168014526367,310.18,4622,4622,4874.22,5184.4,252.22000000000025,-6.252776074688882e-13,0.999999999999998
34318,-73.97744750976562,40.754749298095696,-73.98230743408203,40.76826095581055,541.72,4622,4622,-1.0,-1.0,-1,-1,0.0
34319,-73.97846221923827,40.75212860107422,-73.97631072998048,40.741661071777344,485.26,4622,4622,-1.0,-1.0,-1,-1,0.0
34320,-73.9823989868164,40.77214813232422,-73.98695373535155,40.760169982910156,433.15,4622,4622,-1.0,-1.0,-1,-1,0.0
34321,-73.98216247558594,40.75671005249024,-74.00505828857422,40.72573852539063,832.07,4622,4622,-1.0,-1.0,-1,-1,0.0
34322,-73.9814224243164,40.77878189086913,-73.94034576416014,40.79143905639648,917.95,4622,4622,4725.49,5643.44,103.48999999999978,-2.2737367544323206e-13,0.9999999999999998
34323,-73.97369384765625,40.75508499145508,-73.98174285888672,40.75837326049805,359.87,4623,4623,-1.0,-1.0,-1,-1,0.0
34324,-73.9877700805664,40.770118713378906,-74.00773620605469,40.73215103149415,914.16,4623,4623,-1.0,-1.0,-1,-1,0.0
34325,-73.98580932617188,40.75288009643555,-73.98776245117188,40.761390686035156,299.19,4623,4623,4673.65,4972.84,50.649999999999636,5.115907697472721e-13,1.0000000000000018
34326,-73.9639129638672,40.76520156860352,-73.95494842529298,40.777679443359375,219.6,4623,4623,4650.0,4869.6,27.0,3.694822225952521e-13,1.0000000000000018
34327,-73.96675872802734,40.757118225097656,-73.97259521484375,40.74899291992188,191.59,4623,4623,-1.0,-1.0,-1,-1,0.0
34328,-74.0135498046875,40.702308654785156,-73.98847198486328,40.75828170776367,1211.37,4623,4623,-1.0,-1.0,-1,-1,0.0
34329,-73.97525024414062,40.761390686035156,-73.96144866943358,40.770183563232415,439.26,4624,4624,-1.0,-1.0,-1,-1,0.0
34330,-73.96415710449219,40.76478576660156,-73.96009826660156,40.798133850097656,802.43,4624,4624,4652.59,5455.13,28.590000000000146,0.11000000000001364,1.000137083608539
34331,-74.01416015625,40.70270538330078,-73.95291137695312,40.772064208984375,1113.19,4624,4624,-1.0,-1.0,-1,-1,0.0
34332,-74.00942993164062,40.70368957519531,-73.98989868164062,40.73308181762695,764.23,4624,4624,-1.0,-1.0,-1,-1,0.0
34333,-73.98165130615234,40.752418518066406,-73.99057006835938,40.73139190673828,536.43,4624,4624,-1.0,-1.0,-1,-1,0.0
34334,-73.96762084960938,40.76021957397461,-73.99014282226562,40.74333953857422,736.59,4625,4625,-1.0,-1.0,-1,-1,0.0
34335,-73.99082946777342,40.75085830688477,-73.97669982910156,40.74505233764648,529.47,4625,4625,-1.0,-1.0,-1,-1,0.0
34336,-73.96674346923827,40.80434799194336,-73.9601821899414,40.79980850219727,245.74,4625,4625,5064.25,5309.99,439.25,-2.2737367544323206e-13,0.9999999999999991
34337,-73.98397827148438,40.73099136352539,-73.98576354980467,40.740028381347656,353.94,4625,4625,4706.67,5060.61,81.67000000000007,-3.979039320256561e-13,0.9999999999999989
34338,-73.98152923583984,40.77427291870117,-73.94552612304686,40.816909790039055,1048.96,4625,4625,4655.43,5784.77,30.43000000000029,80.38000000000011,1.0766282794386823
34339,-73.97887420654298,40.76697158813477,-73.96868133544923,40.79081344604492,585.51,4625,4625,-1.0,-1.0,-1,-1,0.0
34340,-73.99716186523438,40.72896194458008,-73.960205078125,40.771339416503906,1209.19,4625,4625,4653.21,5925.68,28.210000000000036,63.2800000000002,1.0523325531967682
34341,-74.00554656982422,40.73868179321289,-74.00601196289062,40.73527145385742,180.17,4625,4625,4661.36,4841.53,36.35999999999967,8.526512829121202e-14,1.0000000000000004
34342,-73.97058868408203,40.75540542602539,-73.94215393066406,40.82258605957031,1353.87,4625,4625,-1.0,-1.0,-1,-1,0.0
34343,-74.0115966796875,40.71361923217773,-74.00614929199219,40.734199523925774,447.82,4625,4625,4700.42,5148.24,75.42000000000007,-2.8421709430404007e-13,0.9999999999999993
34344,-73.97792053222656,40.755126953125,-73.98456573486328,40.7646713256836,520.36,4625,4625,-1.0,-1.0,-1,-1,0.0
34345,-73.9818344116211,40.77812576293945,-73.95726013183594,40.77992630004883,559.25,4625,4625,4676.33,5235.58,51.32999999999993,0.0,1.0
34346,-73.97513580322266,40.76155090332031,-73.98754119873048,40.738468170166016,625.51,4626,4626,4672.82,5362.07,46.81999999999971,63.74000000000001,1.1019008489072917
34347,-73.97604370117188,40.74944305419922,-73.95549774169923,40.78112030029297,768.02,4626,4626,4651.45,5419.47,25.449999999999818,4.547473508864641e-13,1.0000000000000007
34348,-73.98213958740234,40.72389602661133,-73.97496032714845,40.74175262451172,405.06,4626,4626,4674.75,5079.94,48.75,0.12999999999959755,1.0003209401076374
34349,-73.98221588134766,40.77163314819336,-73.99020385742188,40.72536087036133,1385.97,4626,4626,4653.19,6112.2699999999995,27.1899999999996,73.1099999999999,1.0527500595250978
34350,-73.97635650634766,40.75557327270508,-73.99073028564453,40.740230560302734,476.72,4626,4626,-1.0,-1.0,-1,-1,0.0
34351,-73.95581817626955,40.76784896850585,-73.99604797363281,40.72343063354492,1181.2,4626,4626,4650.78,5831.9800000000005,24.779999999999745,6.821210263296962e-13,1.0000000000000007
34352,-73.99417114257811,40.75102615356445,-74.01362609863281,40.70931243896485,988.7,4627,4627,4679.17,5667.87,52.17000000000007,-2.2737367544323206e-13,0.9999999999999998
34353,-73.9947967529297,40.755386352539055,-73.98820495605469,40.74661254882813,479.82,4627,4627,-1.0,-1.0,-1,-1,0.0
34354,-74.0149688720703,40.71414184570313,-73.9807891845703,40.74177169799805,1027.34,4627,4627,-1.0,-1.0,-1,-1,0.0
34355,-73.97542572021484,40.76559066772461,-73.99076843261719,40.76607894897461,451.51,4627,4627,4650.0,5101.51,23.0,2.2737367544323206e-13,1.0000000000000004
34356,-73.95730590820312,40.77395248413085,-73.96141815185547,40.76452255249024,316.09,4627,4627,-1.0,-1.0,-1,-1,0.0
34357,-73.96393585205078,40.79775619506836,-73.98989868164062,40.7620506286621,722.48,4627,4627,4978.51,5700.99,351.5100000000002,-4.547473508864641e-13,0.9999999999999993
34358,-73.96508026123048,40.759578704833984,-73.9837875366211,40.74092483520508,539.84,4628,4628,4667.75,5207.59,39.75,1.1368683772161603e-13,1.0000000000000002
34359,-73.98644256591797,40.745643615722656,-73.9916000366211,40.73688888549805,214.63,4628,4628,4657.96,4872.59,29.960000000000036,1.1368683772161603e-13,1.0000000000000004
34360,-73.94993591308595,40.780418395996094,-73.95552062988281,40.77691268920898,184.51,4628,4628,4830.86,5015.37,202.85999999999967,2.2737367544323206e-13,1.0000000000000013
34361,-73.9768829345703,40.75912857055664,-74.00330352783203,40.732643127441406,791.54,4628,4628,-1.0,-1.0,-1,-1,0.0
34362,-73.95720672607422,40.7829475402832,-73.99148559570312,40.75004196166992,1216.58,4628,4628,4792.63,6009.21,164.6300000000001,0.0,1.0
34363,-73.97088623046875,40.75729370117188,-73.95423126220702,40.76971054077149,461.56,4628,4628,-1.0,-1.0,-1,-1,0.0
34364,-74.00734710693358,40.74839401245117,-74.00192260742188,40.73510360717773,474.37,4628,4628,4927.0,5401.37,299.0,-1.1368683772161603e-13,0.9999999999999998
34365,-73.95864868164062,40.78074264526367,-73.9724884033203,40.75669479370117,727.36,4628,4628,4714.8,5442.16,86.80000000000018,-3.410605131648481e-13,0.9999999999999996
34366,-73.9845962524414,40.71028137207031,-73.99018096923827,40.75091171264648,1076.75,4629,4629,4942.79,6019.54,313.78999999999996,0.0,1.0
34367,-73.99777984619139,40.724220275878906,-74.00237274169923,40.730201721191406,309.34,4629,4629,-1.0,-1.0,-1,-1,0.0
34368,-73.99280548095702,40.75836181640625,-73.99010467529298,40.73284912109375,842.12,4629,4629,4659.55,5574.61,30.550000000000182,72.93999999999949,1.0866147342421502
34369,-73.95443725585938,40.7810173034668,-73.95379638671875,40.775001525878906,194.54,4629,4629,4720.25,4914.79,91.25,-2.842170943040401e-14,0.9999999999999999
34370,-73.96743774414062,40.787818908691406,-73.96344757080078,40.7619743347168,855.6,4629,4629,5365.4,6221.0,736.3999999999996,3.410605131648481e-13,1.0000000000000004
34371,-73.9867630004883,40.73308563232422,-73.98711395263672,40.72538375854492,278.44,4629,4629,-1.0,-1.0,-1,-1,0.0
34372,-73.9554214477539,40.76406478881836,-73.97874450683594,40.77650833129883,769.41,4629,4629,4732.37,5501.78,103.36999999999989,-1.1368683772161603e-13,0.9999999999999999
34373,-73.99485015869139,40.73154830932617,-73.99353790283203,40.72751235961913,216.42,4629,4629,4731.5,4947.92,102.5,8.526512829121202e-14,1.0000000000000004
34374,-73.99559783935547,40.74174118041992,-73.98661804199219,40.73945236206055,304.04,4629,4629,-1.0,-1.0,-1,-1,0.0
34375,-73.98754119873048,40.74471664428711,-74.00936126708984,40.73205947875977,596.19,4629,4629,-1.0,-1.0,-1,-1,0.0
34376,-73.99937438964845,40.76135635375977,-73.98299407958984,40.757057189941406,606.6,4629,4629,4755.54,5362.14,126.53999999999996,3.410605131648481e-13,1.0000000000000007
34377,-74.00617218017578,40.706336975097656,-73.96356964111328,40.77434921264648,1355.96,4630,4630,4761.68,6117.64,131.6800000000003,0.0,1.0
34378,-73.98082733154298,40.75899887084961,-74.00287628173827,40.76034164428711,643.5,4630,4630,-1.0,-1.0,-1,-1,0.0
34379,-73.9550552368164,40.82027053833008,-73.99491119384766,40.75009536743164,1231.55,4630,4630,4701.63,5933.18,71.63000000000011,2.2737367544323206e-13,1.0000000000000002
34380,-73.98768615722656,40.73838424682617,-73.9782943725586,40.75135803222656,386.41,4630,4630,-1.0,-1.0,-1,-1,0.0
34381,-73.99285888671875,40.74277877807617,-73.98114776611328,40.78200149536133,994.97,4630,4630,-1.0,-1.0,-1,-1,0.0
34382,-73.994873046875,40.7400779724121,-73.98810577392578,40.74826431274415,242.87,4631,4631,-1.0,-1.0,-1,-1,0.0
34383,-73.96997833251955,40.76325988769531,-73.98738861083984,40.74011993408203,660.01,4631,4631,-1.0,-1.0,-1,-1,0.0
34384,-73.98121643066406,40.720794677734375,-74.00596618652342,40.75103759765625,1132.03,4631,4631,4666.54,5801.05,35.539999999999964,2.4800000000002456,1.002190754661979
34385,-74.0110855102539,40.711463928222656,-73.98159790039062,40.75925827026367,1081.53,4631,4631,-1.0,-1.0,-1,-1,0.0
34386,-73.9696273803711,40.76907348632813,-73.94696807861328,40.77580261230469,624.3,4631,4631,-1.0,-1.0,-1,-1,0.0
34387,-73.99887084960938,40.745513916015625,-74.00823974609375,40.748699188232415,232.75,4631,4631,4672.99,4952.25,41.98999999999978,46.51000000000022,1.1998281417830299
34388,-73.9984130859375,40.71329116821289,-74.0116195678711,40.70320129394531,271.08,4631,4631,4884.4,5155.4800000000005,253.39999999999964,8.526512829121202e-13,1.000000000000003
34389,-73.97951507568358,40.76638412475585,-73.95580291748048,40.78477096557617,682.56,4631,4631,-1.0,-1.0,-1,-1,0.0
34390,-73.97767639160156,40.75455093383789,-73.99074554443358,40.755714416503906,472.42,4631,4631,4689.71,5162.13,58.710000000000036,5.684341886080802e-14,1.0000000000000002
34391,-73.9752197265625,40.7584114074707,-73.98571014404298,40.7663688659668,523.16,4631,4631,-1.0,-1.0,-1,-1,0.0
34392,-74.00527954101562,40.7461051940918,-73.99325561523438,40.73250198364258,552.74,4631,4631,-1.0,-1.0,-1,-1,0.0
34393,-73.99859619140625,40.71966552734375,-74.00300598144531,40.73424530029297,549.51,4631,4631,4726.71,5276.22,95.71000000000004,2.2737367544323206e-13,1.0000000000000004
34394,-73.94572448730467,40.77856063842773,-73.95969390869139,40.78255462646485,435.62,4632,4632,-1.0,-1.0,-1,-1,0.0
34395,-73.99007415771484,40.74014663696289,-73.98801422119139,40.75907516479492,657.97,4632,4632,-1.0,-1.0,-1,-1,0.0
34396,-73.99410247802734,40.74357986450195,-73.9819107055664,40.72949981689453,591.52,4632,4632,-1.0,-1.0,-1,-1,0.0
34397,-73.9588165283203,40.77245330810547,-73.96842956542969,40.78993225097656,594.84,4632,4632,4763.66,5358.5,131.65999999999985,1.1368683772161603e-13,1.0000000000000002
34398,-73.99003601074219,40.767086029052734,-73.9974365234375,40.72160720825195,1372.67,4632,4632,-1.0,-1.0,-1,-1,0.0
34399,-73.96131896972656,40.76469039916992,-73.97361755371094,40.74800109863281,449.47,4632,4632,4774.5,5223.97,142.5,2.2737367544323206e-13,1.0000000000000004
34400,-73.98260498046875,40.731346130371094,-73.96420288085938,40.75637435913085,420.2,4632,4632,4656.56,5076.76,24.5600000000004,-1.7053025658242404e-13,0.9999999999999996
34401,-73.97940826416014,40.75246810913085,-73.97329711914062,40.75555038452149,252.87,4633,4633,4675.38,4928.25,42.38000000000011,-1.1368683772161603e-13,0.9999999999999996
34402,-73.9686508178711,40.76472854614258,-73.95992279052734,40.7584114074707,435.67,4633,4633,-1.0,-1.0,-1,-1,0.0
34403,-73.99137115478516,40.74998092651367,-73.97946166992188,40.73546981811523,609.81,4633,4633,-1.0,-1.0,-1,-1,0.0
34404,-73.96212768554686,40.77375793457031,-73.95005798339844,40.78016662597656,320.83,4633,4633,-1.0,-1.0,-1,-1,0.0
34405,-73.98065185546875,40.769779205322266,-73.93518829345702,40.81623840332031,1225.82,4633,4633,4662.83,5888.65,29.829999999999927,-2.2737367544323206e-13,0.9999999999999998
34406,-73.99185180664062,40.7097282409668,-73.98296356201173,40.75667190551758,1258.97,4633,4633,-1.0,-1.0,-1,-1,0.0
34407,-73.9595947265625,40.78036117553711,-73.97466278076173,40.79022216796875,348.99,4633,4633,4673.78,5022.77,40.779999999999745,6.821210263296962e-13,1.000000000000002
34408,-73.98668670654298,40.76187515258789,-74.00157165527344,40.74615478515625,520.5,4633,4633,4672.9,5263.64,39.899999999999636,70.24000000000069,1.1349471661863606
34409,-73.9706802368164,40.79603958129883,-73.96295928955078,40.79758071899415,207.99,4634,4634,4839.13,5047.12,205.1300000000001,-2.2737367544323206e-13,0.9999999999999989
34410,-73.9953842163086,40.73945617675781,-73.99139404296875,40.75036239624024,365.25,4634,4634,-1.0,-1.0,-1,-1,0.0
34411,-73.96144104003906,40.77433776855469,-73.95196533203125,40.781829833984375,290.16,4634,4634,4759.59,5049.75,125.59000000000015,-1.7053025658242404e-13,0.9999999999999994
34412,-73.95265960693358,40.78940963745117,-73.94306182861328,40.836368560791016,971.62,4634,4634,4650.0,5621.62,16.0,-1.1368683772161603e-13,0.9999999999999999
34413,-74.00916290283203,40.72597122192383,-74.01464080810547,40.71561813354492,359.29,4634,4634,-1.0,-1.0,-1,-1,0.0
34414,-73.9668960571289,40.76497268676758,-73.95275115966798,40.79085159301758,596.42,4634,4634,-1.0,-1.0,-1,-1,0.0
34415,-74.00782775878906,40.740631103515625,-73.9902114868164,40.737709045410156,563.02,4634,4634,-1.0,-1.0,-1,-1,0.0
34416,-74.00688934326173,40.7300910949707,-73.98889923095702,40.73880004882813,509.54,4635,4635,-1.0,-1.0,-1,-1,0.0
34417,-73.97419738769531,40.79417037963867,-73.98497009277344,40.77942657470703,282.5,4635,4635,4665.46,4947.96,30.460000000000036,0.0,1.0
34418,-73.98087310791014,40.76512145996094,-73.99092864990234,40.750770568847656,448.24,4635,4635,-1.0,-1.0,-1,-1,0.0
34419,-73.97463226318358,40.7534408569336,-73.99153900146483,40.75006866455078,575.48,4635,4635,-1.0,-1.0,-1,-1,0.0
34420,-73.99761962890625,40.72440719604492,-73.98234558105469,40.764514923095696,1212.38,4635,4635,-1.0,-1.0,-1,-1,0.0
34421,-73.99413299560547,40.73206329345703,-74.00246429443358,40.749996185302734,602.45,4635,4635,4739.84,5342.29,104.84000000000015,-2.2737367544323206e-13,0.9999999999999997
34422,-73.98407745361328,40.76497650146485,-73.96537780761719,40.791107177734375,576.25,4635,4635,-1.0,-1.0,-1,-1,0.0
34423,-73.99162292480467,40.72693252563477,-74.0013427734375,40.72777557373047,320.14,4635,4635,4784.79,5104.93,149.78999999999996,3.410605131648481e-13,1.000000000000001
34424,-73.99691772460938,40.74222946166992,-73.98807525634766,40.74505615234375,272.58,4635,4635,-1.0,-1.0,-1,-1,0.0
34425,-73.94768524169923,40.78363037109375,-74.00455474853516,40.74182891845703,1596.85,4636,4636,4723.29,6320.14,87.28999999999996,4.547473508864641e-13,1.0000000000000002
34426,-73.97897338867188,40.740638732910156,-74.00916290283203,40.73540878295898,761.99,4636,4636,4662.13,5511.96,26.13000000000011,87.83999999999992,1.1152771033740598
34427,-73.97653198242188,40.75365829467773,-73.98985290527344,40.76240158081055,610.66,4636,4636,-1.0,-1.0,-1,-1,0.0
34428,-73.98870849609375,40.71876907348633,-73.97744750976562,40.718574523925774,407.15,4636,4636,4752.0,5159.15,116.0,-3.410605131648481e-13,0.9999999999999991
34429,-74.00685119628906,40.73046112060547,-73.98828887939453,40.73908615112305,600.33,4636,4636,-1.0,-1.0,-1,-1,0.0
34430,-74.0162811279297,40.70500183105469,-74.00602722167969,40.71856689453125,473.53,4637,4637,-1.0,-1.0,-1,-1,0.0
34431,-73.97358703613281,40.75051879882813,-73.97000122070312,40.76844024658203,619.01,4637,4637,4774.54,5393.55,137.53999999999996,2.2737367544323206e-13,1.0000000000000004
34432,-73.98201751708984,40.758060455322266,-74.00811004638672,40.737659454345696,938.34,4637,4637,4769.5,5707.84,132.5,1.1368683772161603e-13,1.0000000000000002
34433,-73.96146392822266,40.7561912536621,-73.98088073730467,40.76394271850585,793.46,4637,4637,4720.66,5514.12,83.65999999999985,0.0,1.0
34434,-73.98773193359375,40.75539016723633,-73.95575714111328,40.77362060546875,1035.16,4637,4637,4653.04,5784.02,16.039999999999964,95.82000000000039,1.0925654005177947
34435,-74.00151824951173,40.70957946777344,-73.98033142089844,40.713600158691406,358.13,4637,4637,-1.0,-1.0,-1,-1,0.0
34436,-73.97865295410156,40.75144958496094,-73.99463653564453,40.750038146972656,632.64,4638,4638,-1.0,-1.0,-1,-1,0.0
34437,-73.99053955078125,40.73055648803711,-73.97039794921875,40.75552368164063,686.68,4638,4638,4673.58,5360.26,35.57999999999993,3.410605131648481e-13,1.0000000000000004
34438,-73.97735595703125,40.75098037719727,-73.99168395996094,40.7268180847168,605.77,4638,4638,4669.32,5307.18,31.31999999999971,32.0900000000006,1.0529739009855235
34439,-74.00201416015625,40.72990036010742,-74.00231170654298,40.74697494506836,472.37,4638,4638,4751.91,5224.28,113.90999999999985,-1.1368683772161603e-13,0.9999999999999998
34440,-73.97763061523438,40.751869201660156,-73.98981475830078,40.75689697265625,401.8,4638,4638,4683.53,5085.33,45.529999999999745,1.7053025658242404e-13,1.0000000000000004
34441,-73.99417877197266,40.726470947265625,-73.98966979980467,40.7424201965332,586.25,4638,4638,-1.0,-1.0,-1,-1,0.0
34442,-74.00639343261719,40.74047088623047,-74.01654815673827,40.7166404724121,658.83,4638,4638,4672.4400000000005,5331.27,34.44000000000051,-1.1368683772161603e-13,0.9999999999999998
34443,-73.98896789550781,40.74440002441406,-74.00361633300781,40.7508201599121,434.69,4638,4638,-1.0,-1.0,-1,-1,0.0
34444,-73.98515319824219,40.751949310302734,-73.9781951904297,40.75141906738281,235.67,4639,4639,-1.0,-1.0,-1,-1,0.0
34445,-73.97078704833984,40.75592803955078,-73.95016479492188,40.7840690612793,548.17,4639,4639,4677.64,5225.81,38.64000000000033,1.1368683772161603e-13,1.0000000000000002
34446,-74.01114654541014,40.71562576293945,-73.9730453491211,40.748512268066406,1071.83,4639,4639,-1.0,-1.0,-1,-1,0.0
34447,-73.98152160644531,40.7719841003418,-73.99919891357422,40.73945236206055,920.0,4639,4639,-1.0,-1.0,-1,-1,0.0
34448,-73.9766616821289,40.76481628417969,-73.95316314697266,40.77252578735352,681.02,4639,4639,-1.0,-1.0,-1,-1,0.0
34449,-73.98979187011719,40.752296447753906,-74.00322723388672,40.73299026489258,407.06,4640,4640,-1.0,-1.0,-1,-1,0.0
34450,-74.00392913818358,40.7132682800293,-73.9859390258789,40.77275085449219,1225.53,4640,4640,-1.0,-1.0,-1,-1,0.0
34451,-73.97854614257811,40.745304107666016,-73.98705291748048,40.76101684570313,743.52,4640,4640,4676.67,5496.55,36.67000000000007,76.36000000000013,1.102700667097052
34452,-73.9827423095703,40.75688171386719,-73.97840118408203,40.76472473144531,208.75,4640,4640,4685.21,4893.96,45.210000000000036,0.0,1.0
34453,-73.97904968261719,40.7623176574707,-73.97317504882812,40.75161743164063,611.68,4640,4640,-1.0,-1.0,-1,-1,0.0
34454,-73.96613311767578,40.77077102661133,-73.9800796508789,40.77476119995117,428.33,4640,4640,-1.0,-1.0,-1,-1,0.0
34455,-73.98200225830078,40.77324295043945,-73.98484802246094,40.77984237670898,242.62,4640,4640,4686.99,4929.61,46.98999999999978,-1.1368683772161603e-13,0.9999999999999996
34456,-73.97897338867188,40.72420883178711,-73.98217010498048,40.75297927856445,894.2,4640,4640,-1.0,-1.0,-1,-1,0.0
34457,-73.9779052734375,40.76371765136719,-73.97946166992188,40.77146911621094,250.41,4640,4640,4679.16,4929.57,39.159999999999854,-1.4210854715202004e-13,0.9999999999999994
34458,-73.94377899169923,40.77645492553711,-73.99168395996094,40.74974060058594,1299.28,4640,4640,-1.0,-1.0,-1,-1,0.0
34459,-74.00041198730467,40.72711944580078,-74.00682067871094,40.71015167236328,760.61,4640,4640,4662.28,5432.33,22.279999999999745,9.440000000000168,1.0124110910979347
34460,-73.98668670654298,40.76151657104492,-73.97940826416014,40.78418731689453,565.23,4640,4640,4721.64,5286.87,81.64000000000033,-4.547473508864641e-13,0.9999999999999992
34461,-73.98075103759766,40.75394058227539,-73.97452545166014,40.73656463623047,597.1,4641,4641,4673.29,5270.39,32.289999999999964,3.410605131648481e-13,1.0000000000000007
34462,-73.9545669555664,40.764320373535156,-73.96800231933594,40.76213073730469,487.04,4641,4641,4967.66,5454.7,326.65999999999985,-5.684341886080802e-14,0.9999999999999999
34463,-73.97256469726562,40.75984191894531,-74.00240325927734,40.73012924194336,1071.38,4641,4641,-1.0,-1.0,-1,-1,0.0
34464,-74.00772094726562,40.74271774291992,-74.00990295410156,40.722503662109375,403.22,4641,4641,-1.0,-1.0,-1,-1,0.0
34465,-73.987060546875,40.7335319519043,-73.97740173339844,40.746543884277344,302.31,4641,4641,4670.12,4972.43,29.11999999999989,3.979039320256561e-13,1.0000000000000013
34466,-73.99038696289062,40.74604415893555,-73.98343658447266,40.7343864440918,476.91,4641,4641,-1.0,-1.0,-1,-1,0.0
34467,-73.99092864990234,40.75586318969727,-73.98780822753906,40.76501846313477,312.15,4642,4642,4672.26,4984.41,30.26000000000022,-3.410605131648481e-13,0.9999999999999989
34468,-73.99686431884766,40.73736190795898,-74.0000457763672,40.72373962402344,484.12,4642,4642,4687.95,5245.15,45.94999999999982,73.07999999999981,1.1509543088490453
34469,-74.00850677490234,40.7288818359375,-73.99806213378906,40.75661849975585,486.86,4642,4642,-1.0,-1.0,-1,-1,0.0
34470,-73.98160552978516,40.7588005065918,-73.95538330078125,40.78683090209961,783.64,4642,4642,4677.81,5461.45,35.8100000000004,-5.684341886080801e-13,0.9999999999999992
34471,-73.9542465209961,40.76409149169922,-73.95226287841797,40.78107833862305,464.03,4642,4642,-1.0,-1.0,-1,-1,0.0
34472,-73.97499084472656,40.76512145996094,-73.98357391357422,40.77630233764648,383.61,4642,4642,4677.2,5060.8099999999995,35.19999999999982,-3.410605131648481e-13,0.9999999999999991
34473,-73.98836517333984,40.769248962402344,-73.97406005859375,40.79750442504883,430.75,4642,4642,4698.17,5188.96,56.17000000000007,60.039999999999964,1.1393847939640163
34474,-73.97997283935547,40.743072509765625,-73.97799682617188,40.74819946289063,181.86,4642,4642,-1.0,-1.0,-1,-1,0.0
34475,-73.9771728515625,40.76410675048828,-73.98493194580078,40.758975982666016,311.25,4643,4643,4689.96,5001.21,46.960000000000036,0.0,1.0
34476,-73.9902801513672,40.73508834838867,-73.98320007324219,40.726749420166016,351.34,4643,4643,-1.0,-1.0,-1,-1,0.0
34477,-73.9820785522461,40.754310607910156,-73.99715423583984,40.74186706542969,464.76,4643,4643,4650.91,5170.98,7.9099999999998545,55.30999999999972,1.1190076598674579
34478,-73.97901916503906,40.76279067993164,-73.98011779785155,40.78886032104492,783.04,4643,4643,-1.0,-1.0,-1,-1,0.0
34479,-73.98027801513672,40.765640258789055,-73.97064971923827,40.785980224609375,525.2,4643,4643,-1.0,-1.0,-1,-1,0.0
34480,-73.97513580322266,40.7529182434082,-73.96581268310547,40.7623176574707,332.14,4644,4644,-1.0,-1.0,-1,-1,0.0
34481,-73.970703125,40.75212478637695,-73.97456359863281,40.7421760559082,321.33,4644,4644,-1.0,-1.0,-1,-1,0.0
34482,-73.98481750488281,40.76411056518555,-73.97772979736328,40.74591064453125,897.49,4644,4644,-1.0,-1.0,-1,-1,0.0
34483,-74.00428009033203,40.74258041381836,-73.9958724975586,40.73363876342773,421.92,4644,4644,-1.0,-1.0,-1,-1,0.0
34484,-73.98535919189453,40.76047134399415,-73.9912109375,40.750335693359375,337.65,4644,4644,-1.0,-1.0,-1,-1,0.0
34485,-74.0078582763672,40.74047470092773,-73.98754119873048,40.72166061401367,991.7,4644,4644,4699.5,5691.200000000001,55.5,6.821210263296962e-13,1.0000000000000007
34486,-73.99342346191406,40.75191116333008,-73.97531890869139,40.74581909179688,670.47,4644,4644,4661.87,5332.34,17.86999999999989,2.2737367544323206e-13,1.0000000000000004
34487,-73.9877700805664,40.748817443847656,-73.98377990722656,40.7654685974121,508.23,4645,4645,-1.0,-1.0,-1,-1,0.0
34488,-73.98999786376955,40.74100112915039,-73.99227905273438,40.72537612915039,507.13,4645,4645,4694.75,5222.75,49.75,20.870000000000005,1.041153155995504
34489,-73.97043609619139,40.764812469482415,-73.98307037353516,40.76694107055664,419.42,4645,4645,-1.0,-1.0,-1,-1,0.0
34490,-73.97874450683594,40.761734008789055,-73.98817443847656,40.758880615234375,411.5,4645,4645,-1.0,-1.0,-1,-1,0.0
34491,-73.98665618896483,40.72578811645508,-73.98064422607422,40.74963760375977,707.95,4645,4645,4675.92,5426.39,30.920000000000073,42.52000000000021,1.060060738752737
34492,-74.00191497802734,40.72447967529297,-73.99256134033203,40.718711853027344,593.02,4645,4645,-1.0,-1.0,-1,-1,0.0
34493,-73.98038482666014,40.76300048828125,-73.97650909423827,40.78243637084961,622.27,4645,4645,4674.85,5297.12,29.850000000000364,-4.547473508864641e-13,0.9999999999999992
34494,-73.9874267578125,40.75510025024415,-73.99382019042969,40.74671173095703,237.9,4646,4646,4701.96,4939.86,55.960000000000036,-3.694822225952521e-13,0.9999999999999984
34495,-73.95549011230467,40.7727165222168,-73.94876861572266,40.77067565917969,197.76,4646,4646,4697.57,4895.33,51.56999999999971,2.2737367544323206e-13,1.000000000000001
34496,-73.9788818359375,40.753562927246094,-74.0090103149414,40.72621154785156,965.16,4646,4646,-1.0,-1.0,-1,-1,0.0
34497,-74.01113891601562,40.71577453613281,-74.01142883300781,40.70788955688477,347.76,4646,4646,-1.0,-1.0,-1,-1,0.0
34498,-73.97112274169923,40.766883850097656,-73.9795379638672,40.78292846679688,675.37,4646,4646,-1.0,-1.0,-1,-1,0.0
34499,-74.00714874267578,40.74357986450195,-73.99513244628906,40.75203323364258,351.6,4646,4646,4783.67,5135.27,137.67000000000007,3.410605131648481e-13,1.0000000000000009
34500,-73.98297882080078,40.761531829833984,-73.99107360839844,40.75035095214844,379.82,4646,4646,4653.63,5033.45,7.630000000000109,-2.8421709430404007e-13,0.9999999999999992
34501,-73.9773712158203,40.75883865356445,-74.00978851318358,40.719890594482415,1089.57,4646,4646,-1.0,-1.0,-1,-1,0.0
34502,-73.99765014648438,40.740928649902344,-73.99636840820312,40.71918869018555,733.29,4646,4646,4666.3,5480.19,20.300000000000182,80.59999999999945,1.1099155859209855
34503,-73.9797134399414,40.760250091552734,-73.96700286865234,40.77251815795898,419.26,4646,4646,-1.0,-1.0,-1,-1,0.0
34504,-73.9917984008789,40.7247314453125,-74.00811004638672,40.737606048583984,661.24,4646,4646,4782.87,5444.11,136.8699999999999,-2.2737367544323206e-13,0.9999999999999997
34505,-73.97757720947266,40.752418518066406,-73.98258972167969,40.75680160522461,304.96,4646,4646,4658.42,5023.71,12.420000000000073,60.329999999999984,1.1978292235047219
34506,-73.95228576660156,40.78691482543945,-73.94821166992188,40.800559997558594,270.14,4646,4646,4682.58,4952.72,36.57999999999993,3.410605131648481e-13,1.0000000000000013
34507,-73.98928070068358,40.74187850952149,-73.98164367675781,40.720699310302734,702.1,4647,4647,-1.0,-1.0,-1,-1,0.0
34508,-73.97508239746094,40.790199279785156,-73.96376037597656,40.77439880371094,549.55,4647,4647,4720.79,5270.34,73.78999999999996,2.2737367544323206e-13,1.0000000000000004
34509,-73.9949951171875,40.74514389038085,-74.00563049316406,40.74834060668945,302.62,4647,4647,4689.65,4992.2699999999995,42.649999999999636,-1.1368683772161603e-13,0.9999999999999997
34510,-73.9828109741211,40.730560302734375,-74.0045394897461,40.74068832397461,590.38,4647,4647,4690.46,5280.84,43.460000000000036,1.1368683772161603e-13,1.0000000000000002
34511,-73.9740676879883,40.751289367675774,-73.95535278320312,40.76471710205078,526.52,4648,4648,-1.0,-1.0,-1,-1,0.0
34512,-74.00487518310547,40.7173080444336,-73.99443817138672,40.732032775878906,419.62,4648,4648,4742.21,5161.83,94.21000000000004,-1.1368683772161603e-13,0.9999999999999998
34513,-73.98830413818358,40.754127502441406,-73.99583435058595,40.74382019042969,249.48,4648,4648,4674.09,4923.57,26.090000000000146,-4.263256414560601e-13,0.9999999999999983
34514,-73.95426940917969,40.765300750732415,-73.9639892578125,40.76809692382813,350.61,4648,4648,4829.45,5180.06,181.44999999999982,5.684341886080801e-13,1.0000000000000016
34515,-73.9676742553711,40.79276657104492,-73.97438049316406,40.78655624389648,182.65,4648,4648,4689.65,4872.3,41.649999999999636,5.400124791776761e-13,1.0000000000000029
34516,-73.95795440673827,40.77373123168945,-73.97348022460938,40.78295135498047,392.91,4648,4648,-1.0,-1.0,-1,-1,0.0
34517,-74.00511169433594,40.74100875854492,-73.9830780029297,40.72747421264648,758.92,4648,4648,-1.0,-1.0,-1,-1,0.0
34518,-73.99141693115234,40.75020217895508,-73.99604034423827,40.76483917236328,606.3,4648,4648,4701.24,5307.54,53.23999999999978,2.2737367544323206e-13,1.0000000000000004
34519,-73.95547485351562,40.78218460083008,-73.96047973632812,40.76964950561523,365.14,4648,4648,4789.92,5155.06,141.92000000000007,3.410605131648481e-13,1.0000000000000009
34520,-73.968505859375,40.75965118408203,-73.95036315917969,40.78062438964844,465.47,4649,4649,4664.39,5217.76,15.390000000000327,87.89999999999986,1.1888413861258509
34521,-73.95114135742188,40.77883529663085,-73.99213409423827,40.72900772094727,1259.69,4649,4649,4894.57,6154.259999999999,245.5699999999997,-4.547473508864641e-13,0.9999999999999997
34522,-74.01522064208984,40.71480941772461,-73.97655487060547,40.74998474121094,1112.46,4649,4649,-1.0,-1.0,-1,-1,0.0
34523,-73.96810150146483,40.7680892944336,-73.959716796875,40.77536010742188,219.21,4649,4649,4670.22,4889.43,21.220000000000255,2.842170943040401e-14,1.0000000000000002
34524,-73.98628234863281,40.740570068359375,-73.95140838623048,40.791011810302734,1162.64,4649,4649,-1.0,-1.0,-1,-1,0.0
34525,-73.99214935302734,40.72926712036133,-73.99797058105469,40.74189376831055,466.2,4649,4649,-1.0,-1.0,-1,-1,0.0
34526,-73.99575805664062,40.76436996459961,-73.98456573486328,40.748390197753906,688.72,4649,4649,4675.71,5403.7300000000005,26.710000000000036,39.30000000000041,1.0570623765826466
34527,-73.99040222167969,40.7514877319336,-74.00062561035155,40.74726867675781,277.91,4649,4649,4705.17,5016.13,56.17000000000007,33.05000000000001,1.1189233924651867
34528,-74.00637817382812,40.73921203613281,-73.98823547363281,40.73855972290039,601.28,4649,4649,-1.0,-1.0,-1,-1,0.0
34529,-74.00270080566406,40.733848571777344,-73.91795349121094,40.870960235595696,1864.21,4649,4649,4703.33,6567.54,54.32999999999993,0.0,1.0
34530,-73.99761199951173,40.725868225097656,-73.98624420166014,40.7344856262207,345.35,4649,4649,4663.96,5068.139999999999,14.960000000000036,58.82999999999936,1.1703489213841012
34531,-73.97715759277344,40.75218200683594,-73.9865493774414,40.72195434570313,840.51,4649,4649,4650.84,5594.9,1.8400000000001455,103.5499999999995,1.1231990101248046
34532,-74.01220703125,40.71683120727539,-74.00650024414062,40.73372650146485,340.11,4650,4650,4685.46,5025.57,35.460000000000036,-3.410605131648481e-13,0.999999999999999
34533,-73.96365356445312,40.761531829833984,-73.9695816040039,40.752796173095696,206.72,4650,4650,4650.43,4857.15,0.43000000000029104,-6.536993168992922e-13,0.9999999999999969
34534,-74.00127410888672,40.73115539550781,-73.98674011230467,40.72556686401367,507.83,4650,4650,-1.0,-1.0,-1,-1,0.0
34535,-73.98553466796875,40.77857971191406,-74.00281524658203,40.75147247314453,554.39,4650,4650,5050.46,5604.85,400.46000000000004,3.410605131648481e-13,1.0000000000000007
34536,-73.97451782226562,40.74224853515625,-73.97696685791014,40.75179290771485,315.37,4650,4650,4660.18,4975.55,10.180000000000291,-1.1368683772161603e-13,0.9999999999999997
34537,-73.97423553466798,40.75435256958008,-73.99676513671875,40.74204635620117,672.33,4650,4650,-1.0,-1.0,-1,-1,0.0
34538,-73.97547149658203,40.75495147705078,-73.99137878417969,40.74903106689453,599.16,4650,4650,-1.0,-1.0,-1,-1,0.0
34539,-73.97183227539062,40.75046157836913,-73.99308776855469,40.73323822021485,572.46,4651,4651,-1.0,-1.0,-1,-1,0.0
34540,-73.97589874267578,40.74884033203125,-74.00172424316406,40.73567581176758,812.16,4651,4651,-1.0,-1.0,-1,-1,0.0
34541,-73.97175598144531,40.75745391845703,-73.99025726318358,40.736831665039055,589.29,4651,4651,-1.0,-1.0,-1,-1,0.0
34542,-73.98187255859375,40.7686653137207,-73.99188995361328,40.774391174316406,381.57,4651,4651,-1.0,-1.0,-1,-1,0.0
34543,-73.99313354492188,40.74236679077149,-73.98749542236328,40.75012969970703,217.7,4651,4651,4690.21,4907.91,39.210000000000036,-1.7053025658242404e-13,0.9999999999999992
34544,-73.974365234375,40.75069808959961,-73.99772644042969,40.75404357910156,696.74,4652,4652,-1.0,-1.0,-1,-1,0.0
34545,-73.99292755126955,40.75856399536133,-74.0153045654297,40.70993423461913,983.82,4652,4652,-1.0,-1.0,-1,-1,0.0
34546,-73.97080993652342,40.75178909301758,-73.97876739501955,40.73717880249024,336.79,4652,4652,4705.32,5042.11,53.31999999999971,-5.684341886080802e-14,0.9999999999999998
34547,-73.97103118896483,40.755672454833984,-73.99776458740234,40.72310256958008,1008.0,4652,4652,-1.0,-1.0,-1,-1,0.0
34548,-73.98693084716798,40.75104904174805,-73.95636749267578,40.77537155151367,933.1,4652,4652,-1.0,-1.0,-1,-1,0.0
34549,-73.97557067871094,40.75207138061523,-74.00408172607422,40.74272918701172,795.74,4652,4652,-1.0,-1.0,-1,-1,0.0
34550,-73.99102020263672,40.75065612792969,-73.98014831542969,40.74885559082031,481.49,4652,4652,-1.0,-1.0,-1,-1,0.0
34551,-73.97743225097656,40.755958557128906,-73.9527587890625,40.766258239746094,717.25,4652,4652,-1.0,-1.0,-1,-1,0.0
34552,-73.95301818847656,40.77180862426758,-73.94898986816406,40.80158615112305,629.99,4653,4653,-1.0,-1.0,-1,-1,0.0
34553,-74.00225830078125,40.72169876098633,-74.00941467285155,40.723968505859375,334.74,4653,4653,-1.0,-1.0,-1,-1,0.0
34554,-73.98223876953125,40.77547836303711,-73.9801254272461,40.78756332397461,362.84,4653,4653,4717.91,5080.75,64.90999999999985,1.7053025658242404e-13,1.0000000000000004
34555,-73.98261260986328,40.73535537719727,-73.98692321777342,40.73736190795898,204.62,4653,4653,4811.22,5015.84,158.22000000000025,-1.1368683772161603e-13,0.9999999999999994
34556,-73.97486877441406,40.75328826904297,-73.95144653320312,40.76985931396485,667.28,4653,4653,-1.0,-1.0,-1,-1,0.0
34557,-73.96131134033203,40.79868698120117,-73.94452667236328,40.80893325805664,472.64,4653,4653,4787.62,5260.26,134.6199999999999,3.410605131648481e-13,1.0000000000000007
34558,-73.99349975585938,40.74737930297852,-74.00537109375,40.73999786376953,327.24,4654,4654,-1.0,-1.0,-1,-1,0.0
34559,-74.00730895996094,40.7178840637207,-74.00431060791014,40.74765396118164,538.15,4654,4654,-1.0,-1.0,-1,-1,0.0
34560,-73.97217559814453,40.754261016845696,-73.95545959472656,40.76858520507813,419.18,4654,4654,4711.14,5130.32,57.14000000000033,-6.252776074688882e-13,0.9999999999999986
34561,-73.99331665039062,40.75739288330078,-73.9937515258789,40.74701690673828,354.07,4654,4654,4697.26,5093.2,43.26000000000022,41.86999999999961,1.1182534527070906
34562,-73.95415496826173,40.76407241821289,-73.9818801879883,40.731040954589844,716.3,4654,4654,-1.0,-1.0,-1,-1,0.0
34563,-73.97392272949219,40.75100708007813,-73.96756744384766,40.760215759277344,235.47,4655,4655,4709.57,4945.04,54.56999999999971,2.5579538487363607e-13,1.000000000000001
34564,-73.97445678710938,40.76263427734375,-73.9845962524414,40.75965881347656,381.33,4655,4655,-1.0,-1.0,-1,-1,0.0
34565,-73.98092651367188,40.75584411621094,-73.9905776977539,40.75102233886719,349.25,4655,4655,4704.67,5053.92,49.67000000000007,0.0,1.0
34566,-73.96920776367188,40.76348114013672,-73.96656799316406,40.769779205322266,186.87,4655,4655,-1.0,-1.0,-1,-1,0.0
34567,-74.00007629394531,40.73304748535156,-74.0060806274414,40.74376678466797,424.7,4655,4655,4698.21,5122.91,43.210000000000036,-1.7053025658242404e-13,0.9999999999999996
34568,-73.95132446289062,40.78606414794922,-73.95684814453125,40.776710510253906,185.79,4655,4655,4789.83,4975.62,134.82999999999993,-2.842170943040401e-14,0.9999999999999999
34569,-74.00708770751955,40.72831344604492,-73.98320770263672,40.77643203735352,925.73,4655,4655,-1.0,-1.0,-1,-1,0.0
34570,-73.99280548095702,40.74944686889648,-73.97980499267578,40.73273849487305,670.23,4656,4656,-1.0,-1.0,-1,-1,0.0
34571,-73.9615707397461,40.77411651611328,-73.95348358154298,40.822357177734375,1120.15,4656,4656,-1.0,-1.0,-1,-1,0.0
34572,-73.99478149414062,40.740081787109375,-73.96641540527342,40.79436492919922,1257.63,4656,4656,-1.0,-1.0,-1,-1,0.0
34573,-73.9992904663086,40.7611198425293,-74.00508880615234,40.74114990234375,429.99,4656,4656,4812.64,5242.63,156.64000000000033,-2.2737367544323206e-13,0.9999999999999994
34574,-73.98983764648438,40.7346305847168,-74.00361633300781,40.742591857910156,473.71,4656,4656,-1.0,-1.0,-1,-1,0.0
34575,-73.99311828613281,40.73346328735352,-74.00689697265625,40.705055236816406,999.2,4656,4656,4759.13,5758.33,103.13000000000011,-2.2737367544323206e-13,0.9999999999999998
34576,-73.97553253173827,40.7652587890625,-73.96913146972656,40.76076889038085,311.87,4657,4657,-1.0,-1.0,-1,-1,0.0
34577,-73.9939956665039,40.75143432617188,-73.9891586303711,40.7187614440918,1315.01,4657,4657,4716.76,6050.39,59.76000000000022,18.62000000000012,1.0141595881400143
34578,-73.999267578125,40.73389053344727,-73.99333953857422,40.74214172363281,183.33,4657,4657,4684.86,4868.19,27.859999999999673,-8.526512829121202e-14,0.9999999999999996
34579,-73.96812438964845,40.76543426513672,-73.96282958984375,40.77235412597656,211.41,4657,4657,-1.0,-1.0,-1,-1,0.0
34580,-74.00119018554686,40.74165725708008,-73.99128723144531,40.74490356445313,261.34,4657,4657,4699.83,4998.08,42.82999999999993,36.910000000000025,1.1412336419989286
34581,-73.95001983642578,40.776275634765625,-73.96075439453125,40.797508239746094,648.37,4657,4657,4715.08,5382.4800000000005,58.07999999999993,19.03000000000054,1.029350525163102
34582,-73.991455078125,40.74469757080078,-73.95792388916014,40.766151428222656,909.41,4657,4657,4700.37,5682.92,43.36999999999989,73.14000000000021,1.0804257705545357
34583,-73.98236083984375,40.768516540527344,-73.99200439453125,40.72903823852539,1263.37,4657,4657,-1.0,-1.0,-1,-1,0.0
34584,-73.98628997802734,40.73466873168945,-74.00755310058594,40.74095153808594,628.76,4657,4657,4742.25,5371.01,85.25,2.2737367544323206e-13,1.0000000000000004
34585,-73.97379302978516,40.75749969482422,-73.96682739257811,40.75973129272461,221.37,4657,4657,4692.79,4914.16,35.789999999999964,-1.1368683772161603e-13,0.9999999999999994
34586,-73.96766662597656,40.76869201660156,-73.95955657958984,40.77617263793945,220.34,4658,4658,4682.51,4902.85,24.51000000000022,1.4210854715202004e-13,1.0000000000000007
34587,-74.00604248046875,40.73456954956055,-74.00706481933594,40.72739791870117,314.92,4658,4658,4680.0,4994.92,22.0,5.684341886080802e-14,1.0000000000000002
34588,-74.01022338867188,40.72083282470703,-73.99230194091797,40.744571685791016,684.17,4658,4658,-1.0,-1.0,-1,-1,0.0
34589,-73.96941375732422,40.763160705566406,-73.95957946777344,40.774410247802734,368.08,4658,4658,-1.0,-1.0,-1,-1,0.0
34590,-73.9759063720703,40.7586669921875,-73.99677276611328,40.76305770874024,713.59,4658,4658,4707.76,5491.39,49.76000000000022,70.04000000000008,1.098151599658067
34591,-73.9924087524414,40.74872970581055,-73.98856353759766,40.73852157592773,357.03,4658,4658,-1.0,-1.0,-1,-1,0.0
34592,-74.01274871826173,40.71514129638672,-74.00840759277344,40.73762130737305,344.43,4658,4658,-1.0,-1.0,-1,-1,0.0
34593,-73.97209167480467,40.760269165039055,-73.98114776611328,40.747535705566406,437.91,4658,4658,-1.0,-1.0,-1,-1,0.0
34594,-73.96720123291014,40.7570686340332,-73.97198486328125,40.76304626464844,364.17,4658,4658,4701.52,5125.85,43.52000000000044,60.15999999999991,1.1651975725622645
34595,-73.99047088623048,40.75108337402344,-73.98802185058595,40.76472091674805,502.03,4659,4659,-1.0,-1.0,-1,-1,0.0
34596,-73.99867248535155,40.7448616027832,-73.98760986328125,40.7581443786621,404.1,4659,4659,-1.0,-1.0,-1,-1,0.0
34597,-73.94799041748048,40.78316116333008,-73.99192810058595,40.75934982299805,1180.08,4659,4659,-1.0,-1.0,-1,-1,0.0
34598,-73.94606018066406,40.778018951416016,-73.96383666992188,40.76134872436523,581.41,4659,4659,4789.59,5371.0,130.59000000000015,-1.1368683772161603e-13,0.9999999999999998
34599,-73.96833038330078,40.76249313354492,-73.98271942138672,40.73133087158203,758.21,4659,4659,4702.96,5501.78,43.960000000000036,40.60999999999967,1.0535603592672211
34600,-73.97794342041014,40.78738021850585,-73.95624542236328,40.77168273925781,687.85,4659,4659,4693.54,5381.39,34.539999999999964,3.410605131648481e-13,1.0000000000000004
34601,-73.98890686035155,40.74151611328125,-73.94722747802734,40.7798080444336,997.84,4659,4659,-1.0,-1.0,-1,-1,0.0
34602,-73.97959899902342,40.76638412475585,-74.00184631347656,40.75607681274415,587.68,4659,4659,-1.0,-1.0,-1,-1,0.0
34603,-73.98448181152342,40.74435424804688,-73.9906692504883,40.75621032714844,509.39,4659,4659,-1.0,-1.0,-1,-1,0.0
34604,-73.98960876464844,40.74161911010742,-73.9807357788086,40.77906799316406,963.89,4659,4659,-1.0,-1.0,-1,-1,0.0
34605,-73.99005889892578,40.74357986450195,-73.98973083496094,40.756290435791016,539.38,4659,4659,-1.0,-1.0,-1,-1,0.0
34606,-73.99105834960938,40.74297332763672,-73.97492218017578,40.747718811035156,510.36,4660,4660,4707.9,5218.26,47.899999999999636,5.684341886080801e-13,1.000000000000001
34607,-73.99347686767578,40.74982070922852,-73.97779083251955,40.742000579833984,783.29,4660,4660,4704.14,5549.139999999999,44.14000000000033,61.70999999999913,1.0787830816172799
34608,-73.95747375488281,40.78571319580078,-73.98356628417969,40.77936172485352,589.58,4660,4660,5019.57,5609.15,359.5699999999997,-1.1368683772161603e-13,0.9999999999999998
34609,-73.96224975585938,40.81050491333008,-73.96590423583984,40.790203094482415,421.3,4660,4660,5213.62,5634.92,553.6199999999999,1.7053025658242404e-13,1.0000000000000004
34610,-73.97383117675781,40.75965118408203,-73.96012115478516,40.76615905761719,441.59,4661,4661,-1.0,-1.0,-1,-1,0.0
34611,-73.98597717285155,40.73124694824219,-73.98770141601562,40.719890594482415,405.86,4661,4661,4680.0,5085.86,19.0,-3.410605131648481e-13,0.9999999999999991
34612,-74.00384521484375,40.7153434753418,-73.99662017822266,40.71504211425781,212.38,4661,4661,4717.76,4930.14,56.76000000000022,1.1368683772161603e-13,1.0000000000000004
34613,-73.97492218017578,40.7529182434082,-73.98866271972656,40.736831665039055,393.91,4661,4661,-1.0,-1.0,-1,-1,0.0
34614,-73.99771881103516,40.725730895996094,-73.99893951416014,40.73234939575195,289.3,4661,4661,-1.0,-1.0,-1,-1,0.0
34615,-73.96104431152342,40.7607307434082,-73.96253967285155,40.7757568359375,470.57,4661,4661,4704.62,5238.1,43.61999999999989,62.91000000000048,1.1336889304460558
34616,-73.97518920898438,40.760108947753906,-73.94100189208984,40.79423904418945,976.28,4661,4661,-1.0,-1.0,-1,-1,0.0
34617,-74.00814056396483,40.73790740966797,-73.99564361572266,40.76470184326172,676.89,4661,4661,4818.29,5495.18,157.28999999999996,3.410605131648481e-13,1.0000000000000004
34618,-73.9384765625,40.796180725097656,-73.97631072998048,40.74499130249024,1082.29,4661,4661,4830.88,5913.169999999999,169.8800000000001,-9.094947017729282e-13,0.9999999999999991
34619,-74.00393676757811,40.72544860839844,-74.00856018066406,40.73816680908203,418.61,4661,4661,-1.0,-1.0,-1,-1,0.0
34620,-74.01524353027342,40.71434020996094,-73.99530029296875,40.73841857910156,651.41,4661,4661,-1.0,-1.0,-1,-1,0.0
34621,-73.99385833740234,40.74159622192383,-73.98917388916014,40.71879959106445,937.12,4662,4662,-1.0,-1.0,-1,-1,0.0
34622,-73.99087524414062,40.750164031982415,-73.98249816894531,40.74799346923828,414.99,4662,4662,-1.0,-1.0,-1,-1,0.0
34623,-73.95056915283203,40.7715072631836,-73.96095275878906,40.76074981689453,382.72,4662,4662,4856.59,5239.31,194.59000000000015,2.2737367544323206e-13,1.0000000000000007
34624,-73.99868774414062,40.75014877319336,-73.98580169677734,40.73112869262695,707.52,4662,4662,-1.0,-1.0,-1,-1,0.0
34625,-73.99424743652342,40.7624397277832,-73.97727203369139,40.75352096557617,598.25,4662,4662,4883.3,5481.55,221.30000000000018,0.0,1.0
34626,-73.98213195800781,40.756172180175774,-73.99230194091797,40.74261093139648,462.43,4662,4662,-1.0,-1.0,-1,-1,0.0
34627,-73.95797729492188,40.7687873840332,-73.99083709716798,40.76066207885742,932.72,4662,4662,4687.81,5620.53,25.8100000000004,-6.821210263296962e-13,0.9999999999999992
34628,-73.9754867553711,40.7657585144043,-73.984375,40.75986862182617,321.8,4662,4662,-1.0,-1.0,-1,-1,0.0
34629,-73.97818756103516,40.76235580444336,-73.9770278930664,40.74535751342773,702.47,4662,4662,-1.0,-1.0,-1,-1,0.0
34630,-73.99321746826173,40.74195861816406,-73.9679183959961,40.7896614074707,1222.68,4663,4663,4697.13,5943.3,34.13000000000011,23.49000000000001,1.0192118951810776
34631,-73.97531890869139,40.76264190673828,-73.96087646484375,40.77673721313477,395.14,4663,4663,-1.0,-1.0,-1,-1,0.0
34632,-74.00727844238281,40.705360412597656,-73.99370574951173,40.72723388671875,635.49,4663,4663,-1.0,-1.0,-1,-1,0.0
34633,-73.99211120605469,40.74386596679688,-73.98094940185547,40.744930267333984,406.99,4663,4663,4706.849999999999,5163.9,43.849999999999454,50.06000000000017,1.1230005651244506
34634,-73.9948959350586,40.72307205200195,-73.98883819580078,40.71349334716797,618.99,4663,4663,4809.58,5428.57,146.57999999999993,-2.2737367544323206e-13,0.9999999999999997
34635,-73.99308776855469,40.74241638183594,-74.00188446044923,40.73271942138672,336.37,4663,4663,-1.0,-1.0,-1,-1,0.0
34636,-73.98692321777342,40.76131057739258,-73.97537231445312,40.78800582885742,592.54,4664,4664,4680.78,5350.4,16.779999999999745,77.07999999999993,1.13008404495899
34637,-73.97254180908203,40.79129409790039,-73.94037628173827,40.80561828613281,683.06,4664,4664,4878.26,5561.32,214.26000000000022,-4.547473508864641e-13,0.9999999999999993
34638,-73.97958374023438,40.7617416381836,-73.9817886352539,40.74637985229492,673.21,4664,4664,-1.0,-1.0,-1,-1,0.0
34639,-74.00379180908203,40.742759704589844,-73.9901123046875,40.76251220703125,533.34,4664,4664,-1.0,-1.0,-1,-1,0.0
34640,-74.01152801513672,40.70395278930664,-73.99251556396483,40.75438690185547,1225.71,4664,4664,-1.0,-1.0,-1,-1,0.0
34641,-73.9836654663086,40.76584243774415,-73.98531341552734,40.7478141784668,695.63,4664,4664,-1.0,-1.0,-1,-1,0.0
34642,-73.97383117675781,40.76324844360352,-73.98259735107422,40.75627899169922,361.42,4664,4664,-1.0,-1.0,-1,-1,0.0
34643,-73.97212982177734,40.753883361816406,-73.9758529663086,40.733253479003906,582.77,4664,4664,4694.46,5305.84,30.460000000000036,28.610000000000127,1.0490931242171013
34644,-73.99330139160156,40.7298698425293,-73.98660278320312,40.72576904296875,284.46,4664,4664,-1.0,-1.0,-1,-1,0.0
34645,-73.98338317871094,40.764461517333984,-73.98883819580078,40.75952911376953,433.78,4665,4665,-1.0,-1.0,-1,-1,0.0
34646,-73.99138641357422,40.75057601928711,-73.99323272705078,40.73689651489258,357.57,4665,4665,-1.0,-1.0,-1,-1,0.0
34647,-73.97949981689453,40.78450393676758,-73.98133087158203,40.77354049682617,315.75,4665,4665,4691.47,5097.37,26.470000000000255,90.14999999999964,1.2855106888361034
34648,-73.99232482910156,40.728599548339844,-73.9715347290039,40.75993347167969,873.42,4665,4665,4785.25,5658.67,120.25,1.1368683772161603e-13,1.0000000000000002
34649,-73.94990539550781,40.78552627563477,-73.98384857177734,40.74362564086913,1169.91,4665,4665,4762.28,5932.1900000000005,97.27999999999975,6.821210263296962e-13,1.0000000000000007
34650,-73.97190856933594,40.75663375854492,-73.98479461669923,40.7393913269043,391.55,4665,4665,-1.0,-1.0,-1,-1,0.0
34651,-73.99951171875,40.7282829284668,-73.99221038818358,40.74606323242188,483.13,4665,4665,4766.75,5249.88,101.75,1.1368683772161603e-13,1.0000000000000002
34652,-73.97277069091797,40.75915908813477,-73.9852294921875,40.76855850219727,613.53,4665,4665,-1.0,-1.0,-1,-1,0.0
34653,-73.98429870605469,40.756534576416016,-73.98890686035155,40.744102478027344,400.59,4666,4666,-1.0,-1.0,-1,-1,0.0
34654,-73.98766326904298,40.765323638916016,-73.99749755859375,40.75655746459961,386.6,4666,4666,-1.0,-1.0,-1,-1,0.0
34655,-74.01288604736328,40.71630096435547,-73.99237823486328,40.71768569946289,658.52,4666,4666,-1.0,-1.0,-1,-1,0.0
34656,-73.98865509033203,40.72242736816406,-73.95118713378906,40.76994705200195,913.14,4666,4666,4690.86,5604.0,24.859999999999673,3.410605131648481e-13,1.0000000000000004
34657,-73.98215484619139,40.77827072143555,-73.98629760742188,40.76692581176758,304.97,4666,4666,4858.81,5163.78,192.8100000000004,-6.821210263296962e-13,0.9999999999999978
34658,-73.98365020751955,40.7259635925293,-73.99010467529298,40.74181365966797,612.69,4666,4666,4759.38,5372.07,93.38000000000011,-4.547473508864641e-13,0.9999999999999992
34659,-74.00320434570312,40.71382141113281,-73.99142456054686,40.726951599121094,513.04,4666,4666,-1.0,-1.0,-1,-1,0.0
34660,-73.98976135253906,40.73486328125,-74.00390625,40.747779846191406,574.87,4666,4666,-1.0,-1.0,-1,-1,0.0
34661,-73.99710083007811,40.742164611816406,-73.9914321899414,40.73522186279297,272.67,4666,4666,4724.4,4997.07,58.399999999999636,5.684341886080802e-14,1.0000000000000002
34662,-73.97505950927734,40.75225830078125,-73.9869384765625,40.73369598388672,440.75,4666,4666,4682.18,5122.93,16.18000000000029,0.0,1.0
34663,-73.99199676513672,40.73825454711913,-73.97420501708984,40.74718475341797,587.35,4666,4666,-1.0,-1.0,-1,-1,0.0
34664,-73.97305297851562,40.75915145874024,-73.98799133300781,40.73223876953125,748.34,4667,4667,-1.0,-1.0,-1,-1,0.0
34665,-73.9908447265625,40.75773620605469,-73.98060607910156,40.760417938232415,316.48,4667,4667,-1.0,-1.0,-1,-1,0.0
34666,-73.97434234619139,40.74710083007813,-74.00298309326173,40.74399185180664,786.95,4667,4667,4700.91,5493.7699999999995,33.909999999999854,5.909999999999627,1.0075100069890077
34667,-74.0020751953125,40.74036407470703,-73.99195098876955,40.76230239868164,520.2,4667,4667,4847.67,5367.87,180.67000000000007,-2.2737367544323206e-13,0.9999999999999996
34668,-74.00088500976562,40.72064208984375,-74.01072692871094,40.720211029052734,350.97,4667,4667,-1.0,-1.0,-1,-1,0.0
34669,-73.96298217773438,40.77339553833008,-73.94487762451173,40.79258728027344,453.65,4667,4667,-1.0,-1.0,-1,-1,0.0
34670,-74.007568359375,40.74316787719727,-73.992431640625,40.724365234375,826.59,4668,4668,-1.0,-1.0,-1,-1,0.0
34671,-73.98175811767578,40.7209587097168,-73.99261474609375,40.71300888061523,454.63,4668,4668,4689.19,5194.5199999999995,21.1899999999996,50.69999999999993,1.11151925741812
34672,-73.99515533447266,40.7397346496582,-73.98709106445312,40.729305267333984,494.32,4668,4668,4704.4,5216.19,36.399999999999636,17.46999999999997,1.0353414792037545
34673,-74.0031967163086,40.71802520751953,-73.99515533447266,40.73129653930664,468.21,4668,4668,-1.0,-1.0,-1,-1,0.0
34674,-73.98060607910156,40.763916015625,-73.98296356201173,40.75551223754883,406.04,4668,4668,-1.0,-1.0,-1,-1,0.0
34675,-73.98303985595702,40.74188995361328,-73.98297119140625,40.77510070800781,1082.79,4669,4669,4702.5199999999995,5785.3099999999995,33.51999999999953,0.0,1.0
34676,-73.9909896850586,40.75466918945313,-73.98313903808595,40.76620864868164,285.1,4669,4669,-1.0,-1.0,-1,-1,0.0
34677,-73.97344970703125,40.76374053955078,-73.97386932373048,40.75183868408203,533.59,4669,4669,-1.0,-1.0,-1,-1,0.0
34678,-73.99053192138672,40.7387580871582,-73.99002075195312,40.72327041625977,557.21,4669,4669,4699.31,5256.52,30.3100000000004,0.0,1.0
34679,-73.98289489746094,40.73884201049805,-73.99048614501955,40.745323181152344,366.24,4669,4669,4683.42,5049.66,14.420000000000073,-2.2737367544323206e-13,0.9999999999999993
34680,-74.00177001953125,40.746742248535156,-73.99923706054686,40.73138046264648,472.29,4669,4669,-1.0,-1.0,-1,-1,0.0
34681,-73.98897552490234,40.75849914550781,-73.9766616821289,40.79259872436523,807.95,4670,4670,4726.75,5552.72,56.75,18.02000000000021,1.022303360356458
34682,-74.00401306152342,40.74776077270508,-73.99650573730467,40.75346374511719,216.74,4670,4670,4722.8,4939.54,52.80000000000018,-2.2737367544323206e-13,0.999999999999999
34683,-73.9761734008789,40.762794494628906,-73.97120666503906,40.76136016845703,255.75,4670,4670,-1.0,-1.0,-1,-1,0.0
34684,-73.99478912353516,40.74008560180664,-73.97899627685547,40.74082946777344,477.79,4670,4670,4723.07,5200.86,53.06999999999971,-5.684341886080802e-14,0.9999999999999999
34685,-73.97334289550781,40.74386215209961,-73.989501953125,40.74998092651367,535.99,4670,4670,4716.87,5260.45,46.86999999999989,7.589999999999918,1.0141607119535812
34686,-74.01394653320312,40.715370178222656,-73.98121643066406,40.75849914550781,1154.98,4670,4670,4712.33,5905.5199999999995,42.32999999999993,38.20999999999958,1.033082823945003
34687,-73.97901153564453,40.78202819824219,-73.97013092041014,40.78910446166992,200.25,4671,4671,-1.0,-1.0,-1,-1,0.0
34688,-74.00618743896483,40.705970764160156,-73.99874114990234,40.71363067626953,192.37,4671,4671,4761.68,4954.05,90.68000000000029,-1.1368683772161603e-13,0.9999999999999994
34689,-73.96102905273438,40.774898529052734,-73.97502899169923,40.74201965332031,940.99,4671,4671,4785.88,5726.87,114.88000000000011,-2.2737367544323206e-13,0.9999999999999998
34690,-73.95912170410156,40.76747512817383,-73.97234344482422,40.765281677246094,457.84,4671,4671,4777.33,5235.17,106.32999999999993,1.7053025658242404e-13,1.0000000000000004
34691,-73.9942398071289,40.73013687133789,-74.0065155029297,40.72059631347656,501.3,4672,4672,-1.0,-1.0,-1,-1,0.0
34692,-73.98059844970702,40.769775390625,-73.96883392333984,40.785980224609375,354.3,4672,4672,4708.69,5062.99,36.6899999999996,1.7053025658242404e-13,1.0000000000000004
34693,-73.96749114990234,40.7719612121582,-73.974365234375,40.762508392333984,284.3,4672,4672,4731.14,5015.44,59.14000000000033,-7.389644451905042e-13,0.9999999999999974
34694,-73.97306060791014,40.75859832763672,-74.00301361083984,40.74724960327149,946.81,4672,4672,-1.0,-1.0,-1,-1,0.0
34695,-73.97047424316406,40.76485061645508,-73.95804595947266,40.7805061340332,365.93,4672,4672,-1.0,-1.0,-1,-1,0.0
34696,-73.99366760253906,40.74409103393555,-73.9867172241211,40.72996139526367,486.43,4672,4672,-1.0,-1.0,-1,-1,0.0
34697,-74.00832366943358,40.71213912963867,-74.00559234619139,40.74828338623047,661.19,4672,4672,4785.96,5447.15,113.96000000000004,-4.547473508864641e-13,0.9999999999999993
34698,-74.00552368164062,40.75089645385742,-73.97970581054686,40.74339294433594,710.2,4672,4672,4755.83,5466.03,83.82999999999993,-2.2737367544323206e-13,0.9999999999999997
34699,-73.9713592529297,40.795143127441406,-73.98111724853516,40.78423309326172,260.21,4673,4673,4744.54,5031.79,71.53999999999996,27.04000000000002,1.1039160677913993
34700,-73.99401092529298,40.76684188842773,-73.99319458007811,40.75375747680664,450.8,4673,4673,4824.04,5274.84,151.03999999999996,1.7053025658242404e-13,1.0000000000000004
34701,-73.97708129882812,40.76318359375,-73.97222900390625,40.7578353881836,367.16,4673,4673,-1.0,-1.0,-1,-1,0.0
34702,-73.96578216552734,40.75373840332031,-73.95104217529298,40.76978302001953,369.56,4673,4673,4702.94,5072.5,29.9399999999996,3.979039320256561e-13,1.000000000000001
34703,-73.9867172241211,40.7510986328125,-73.98725128173827,40.76541137695313,511.37,4673,4673,4689.2,5288.2,16.199999999999818,87.63,1.1713632008135009
34704,-73.96714782714845,40.78808975219727,-73.95919036865234,40.77463912963867,432.7,4673,4673,4695.12,5221.9,22.11999999999989,94.07999999999976,1.2174254679916796
34705,-73.97515106201173,40.76182174682617,-74.00350952148438,40.7237548828125,1083.6,4673,4673,-1.0,-1.0,-1,-1,0.0
34706,-73.96776580810547,40.755725860595696,-73.98196411132812,40.740249633789055,386.01,4673,4673,-1.0,-1.0,-1,-1,0.0
34707,-74.01521301269531,40.711368560791016,-73.96660614013672,40.79084777832031,1450.05,4673,4673,4681.54,6197.22,8.539999999999964,65.63000000000034,1.0452605082583362
34708,-73.99878692626955,40.744815826416016,-73.98774719238281,40.76525115966797,618.8,4673,4673,4688.13,5308.75,15.13000000000011,1.8199999999999363,1.0029411764705882
34709,-74.00566864013672,40.72752380371094,-73.99029541015625,40.73151016235352,477.58,4673,4673,-1.0,-1.0,-1,-1,0.0
34710,-73.96845245361328,40.7681884765625,-73.9815902709961,40.752891540527344,549.64,4673,4673,-1.0,-1.0,-1,-1,0.0
34711,-73.9833755493164,40.7635612487793,-74.00381469726562,40.74818420410156,734.96,4673,4673,4684.46,5419.42,11.460000000000036,0.0,1.0
34712,-73.95082092285155,40.82601165771485,-73.96675872802734,40.80179977416992,469.95,4674,4674,4757.13,5227.08,83.13000000000011,-1.7053025658242404e-13,0.9999999999999997
34713,-73.97161865234375,40.764610290527344,-74.00711822509766,40.73025894165039,1125.55,4674,4674,-1.0,-1.0,-1,-1,0.0
34714,-73.97283172607422,40.7646484375,-74.01036071777344,40.71941757202149,1317.7,4674,4674,-1.0,-1.0,-1,-1,0.0
34715,-74.00778198242188,40.75165939331055,-73.9803009033203,40.7425193786621,770.58,4674,4674,-1.0,-1.0,-1,-1,0.0
34716,-73.94419860839844,40.78813934326172,-73.95333099365234,40.7794189453125,201.19,4674,4674,4792.21,4993.4,118.21000000000004,-3.979039320256561e-13,0.999999999999998
34717,-73.98188781738281,40.76628875732422,-73.99327087402342,40.757678985595696,398.11,4674,4674,-1.0,-1.0,-1,-1,0.0
34718,-73.9834976196289,40.74689102172852,-73.9886703491211,40.73737716674805,306.72,4674,4674,-1.0,-1.0,-1,-1,0.0
34719,-73.97051239013672,40.76488876342773,-73.95294189453125,40.77856063842773,441.53,4674,4674,-1.0,-1.0,-1,-1,0.0
34720,-73.97907257080078,40.761146545410156,-73.97482299804686,40.73374938964844,956.85,4674,4674,-1.0,-1.0,-1,-1,0.0
34721,-73.9722671508789,40.74974060058594,-73.9949722290039,40.75008010864258,796.81,4674,4674,4684.96,5515.16,10.960000000000036,33.38999999999987,1.0419045945708512
34722,-73.98479461669923,40.7326774597168,-73.98194885253906,40.72455978393555,275.4,4674,4674,4829.04,5104.44,155.03999999999996,-3.410605131648481e-13,0.9999999999999988
34723,-73.99070739746094,40.730140686035156,-73.98997497558594,40.76714706420898,1039.9,4674,4674,-1.0,-1.0,-1,-1,0.0
34724,-74.0067138671875,40.73149490356445,-73.99984741210938,40.76149368286133,622.74,4674,4674,4703.0599999999995,5325.8,29.05999999999949,6.821210263296962e-13,1.000000000000001
34725,-73.9744415283203,40.7366600036621,-73.97946166992188,40.755130767822266,699.2,4675,4675,4712.46,5411.66,37.460000000000036,-2.2737367544323206e-13,0.9999999999999997
34726,-73.9719467163086,40.754581451416016,-73.96229553222656,40.763526916503906,325.75,4675,4675,4691.92,5017.67,16.920000000000073,0.0,1.0
34727,-73.97770690917969,40.78895950317383,-73.98030853271484,40.7749137878418,367.97,4675,4675,4708.42,5101.26,33.42000000000007,24.87000000000012,1.0675870315514855
34728,-74.00676727294923,40.74872589111328,-73.98323822021484,40.77660751342773,597.4,4675,4675,-1.0,-1.0,-1,-1,0.0
34729,-73.97505187988281,40.755027770996094,-73.99165344238281,40.74993133544922,595.12,4675,4675,4724.03,5319.15,49.029999999999745,-1.1368683772161603e-13,0.9999999999999998
34730,-73.97774505615234,40.75459671020508,-73.9808578491211,40.76382446289063,451.59,4675,4675,-1.0,-1.0,-1,-1,0.0
34731,-73.95317840576173,40.76773452758789,-73.99861907958984,40.738136291503906,1098.21,4676,4676,4727.42,5825.63,51.42000000000007,0.0,1.0
34732,-73.96939086914062,40.76029968261719,-73.97295379638672,40.75362014770508,234.72,4676,4676,-1.0,-1.0,-1,-1,0.0
34733,-74.00096893310547,40.7418212890625,-73.99774169921875,40.7563591003418,349.94,4676,4676,4687.78,5037.72,11.779999999999745,5.115907697472721e-13,1.0000000000000016
34734,-73.99762725830078,40.75668716430664,-73.98756408691406,40.76870346069336,248.04,4676,4676,4682.65,4930.69,6.649999999999636,-2.842170943040401e-14,0.9999999999999999
34735,-73.97648620605469,40.76589584350585,-73.97654724121094,40.77648544311523,309.82,4676,4676,4712.58,5096.81,36.57999999999993,74.41000000000048,1.240171712607322
34736,-73.97836303710938,40.76165008544922,-73.96510314941406,40.76919937133789,458.75,4677,4677,-1.0,-1.0,-1,-1,0.0
34737,-73.98860931396483,40.72270584106445,-73.98751831054686,40.73087692260742,250.65,4677,4677,4781.62,5032.27,104.61999999999989,5.400124791776761e-13,1.0000000000000022
34738,-73.96470642089844,40.77172088623047,-73.95320129394531,40.78868865966797,310.55,4677,4677,4710.46,5021.01,33.460000000000036,1.7053025658242404e-13,1.0000000000000004
34739,-74.00875091552734,40.71934127807617,-74.0020523071289,40.73006820678711,297.71,4677,4677,4769.62,5067.33,92.61999999999989,5.684341886080802e-14,1.0000000000000002
34740,-73.97508239746094,40.75305938720703,-73.98932647705078,40.726280212402344,607.55,4677,4677,-1.0,-1.0,-1,-1,0.0
34741,-73.99766540527344,40.74140167236328,-73.9927749633789,40.72542572021485,581.13,4677,4677,4703.58,5306.61,26.579999999999927,21.89999999999975,1.0376851995250629
34742,-74.01010131835938,40.72063827514648,-74.00965118408203,40.73464965820313,227.53,4677,4677,-1.0,-1.0,-1,-1,0.0
34743,-73.97795867919923,40.75862121582031,-73.96060943603516,40.77574157714844,542.26,4677,4677,-1.0,-1.0,-1,-1,0.0
34744,-74.00408172607422,40.72211456298828,-73.97013092041014,40.764320373535156,1247.77,4678,4678,4680.0,5963.38,2.0,35.61000000000013,1.0285389134215441
34745,-73.98445892333984,40.74282836914063,-73.97579193115234,40.74847030639648,295.03,4678,4678,4693.29,4988.32,15.289999999999964,-2.2737367544323206e-13,0.9999999999999992
34746,-73.96617889404298,40.76805114746094,-73.98680114746094,40.75144958496094,814.31,4678,4678,-1.0,-1.0,-1,-1,0.0
34747,-73.9839859008789,40.76512908935547,-73.97773742675781,40.77790451049805,328.23,4678,4678,4687.41,5015.64,9.409999999999854,4.547473508864641e-13,1.0000000000000013
34748,-73.98000335693358,40.74894714355469,-73.98351287841797,40.75641632080078,338.02,4678,4678,-1.0,-1.0,-1,-1,0.0
34749,-73.98738098144531,40.76062774658203,-73.93931579589844,40.79929733276367,1178.29,4678,4678,4693.96,5892.81,15.960000000000036,20.5600000000004,1.017449015098151
34750,-73.98934173583984,40.73625183105469,-74.0033187866211,40.73343276977539,372.2,4678,4678,4719.0,5139.22,41.0,48.020000000000266,1.1290166577109089
34751,-74.00544738769531,40.74079513549805,-73.99468231201173,40.75042343139648,354.63,4678,4678,4713.87,5068.5,35.86999999999989,1.1368683772161603e-13,1.0000000000000002
34752,-73.98926544189453,40.72647476196289,-73.99027252197266,40.71417617797852,486.51,4679,4679,4680.0,5166.51,1.0,2.2737367544323206e-13,1.0000000000000004
34753,-73.95407104492188,40.766448974609375,-73.95744323730467,40.77936172485352,445.51,4679,4679,4703.38,5162.48,24.38000000000011,13.589999999999463,1.030504365783034
34754,-73.95242309570312,40.77820205688477,-73.97879791259766,40.790992736816406,655.33,4679,4679,4733.41,5388.74,54.409999999999854,-1.1368683772161603e-13,0.9999999999999998
34755,-73.94088745117188,40.81406021118164,-73.98063659667969,40.77815246582031,1047.15,4679,4679,5225.04,6272.19,546.04,-4.547473508864641e-13,0.9999999999999996
34756,-73.9947280883789,40.74617004394531,-74.00119018554686,40.74478149414063,199.0,4679,4679,4696.03,4895.03,17.029999999999745,0.0,1.0
34757,-73.98817443847656,40.7568588256836,-73.9877395629883,40.7507438659668,244.84,4679,4679,-1.0,-1.0,-1,-1,0.0
34758,-73.98542022705078,40.750343322753906,-74.00540924072266,40.73810958862305,590.65,4679,4679,4710.56,5301.21,31.5600000000004,-3.410605131648481e-13,0.9999999999999994
34759,-73.96640014648438,40.761695861816406,-73.94251251220702,40.7980842590332,599.58,4679,4679,-1.0,-1.0,-1,-1,0.0
34760,-73.98994445800781,40.75657653808594,-73.9506301879883,40.80569076538085,1197.48,4679,4679,4716.01,5987.9,37.01000000000022,74.4099999999994,1.0621388248655506
34761,-74.00772857666014,40.74058151245117,-74.00257110595702,40.72618103027344,575.58,4679,4679,-1.0,-1.0,-1,-1,0.0
34762,-73.96224975585938,40.80561828613281,-73.98745727539062,40.770523071289055,766.17,4679,4679,4710.29,5476.46,31.289999999999964,1.1368683772161603e-13,1.0000000000000002
34763,-73.98665618896483,40.76242446899415,-73.95655822753906,40.784034729003906,780.39,4680,4680,-1.0,-1.0,-1,-1,0.0
34764,-74.00637054443358,40.71121597290039,-73.99259948730467,40.72369003295898,725.51,4680,4680,-1.0,-1.0,-1,-1,0.0
34765,-74.00611114501955,40.73468399047852,-73.99346923828125,40.734466552734375,403.41,4680,4680,4717.21,5120.62,37.210000000000036,-1.7053025658242404e-13,0.9999999999999996
34766,-73.97909545898438,40.77698516845703,-73.99105834960938,40.76563262939453,398.65,4680,4680,4762.38,5161.03,82.38000000000011,-3.410605131648481e-13,0.9999999999999991
34767,-73.98650360107422,40.7558479309082,-74.00281524658203,40.76049041748047,430.83,4680,4680,-1.0,-1.0,-1,-1,0.0
34768,-73.97669982910156,40.747718811035156,-74.00249481201173,40.728965759277344,795.55,4680,4680,-1.0,-1.0,-1,-1,0.0
34769,-73.99102783203125,40.739688873291016,-74.0070571899414,40.73432540893555,458.58,4680,4680,-1.0,-1.0,-1,-1,0.0
34770,-73.9662094116211,40.75379943847656,-73.98281860351562,40.76934814453125,884.62,4680,4680,4735.5599999999995,5668.5199999999995,55.55999999999949,48.34000000000003,1.05464493228731
34771,-73.98635864257811,40.76732635498047,-73.94090270996094,40.833290100097656,983.57,4680,4680,-1.0,-1.0,-1,-1,0.0
34772,-73.98399353027342,40.72927856445313,-73.98728942871094,40.7440185546875,570.24,4681,4681,4726.01,5363.04,45.01000000000022,66.78999999999974,1.1171261223344553
34773,-73.99562835693358,40.74409103393555,-73.97993469238281,40.72849655151367,662.06,4681,4681,4719.28,5447.4400000000005,38.279999999999745,66.10000000000082,1.099839893665228
34774,-74.00750732421875,40.74085235595703,-74.00527954101562,40.72933197021485,390.66,4681,4681,4829.16,5219.82,148.15999999999985,-1.7053025658242404e-13,0.9999999999999996
34775,-74.01131439208984,40.70305633544922,-73.99822998046875,40.75593185424805,955.32,4681,4681,-1.0,-1.0,-1,-1,0.0
34776,-74.0029296875,40.7496337890625,-73.95903778076173,40.780799865722656,1052.77,4681,4681,-1.0,-1.0,-1,-1,0.0
34777,-74.00857543945312,40.7040901184082,-73.9840316772461,40.7253303527832,566.44,4681,4681,-1.0,-1.0,-1,-1,0.0
34778,-73.98304748535155,40.76218032836913,-73.97991180419923,40.76528930664063,276.19,4681,4681,-1.0,-1.0,-1,-1,0.0
34779,-73.97966003417969,40.761451721191406,-73.96703338623048,40.77241897583008,401.59,4681,4681,-1.0,-1.0,-1,-1,0.0
34780,-73.98475646972656,40.742374420166016,-73.97117614746094,40.748313903808594,443.19,4681,4681,4732.76,5240.63,51.76000000000022,64.6799999999999,1.1459419210722261
34781,-73.980712890625,40.782630920410156,-73.93550872802734,40.84430313110352,879.81,4682,4682,4990.2,5870.009999999999,308.1999999999998,-4.547473508864641e-13,0.9999999999999994
34782,-73.97293853759766,40.80293273925781,-73.97645568847656,40.79637145996094,615.61,4682,4682,4968.89,5584.5,286.8900000000003,-3.410605131648481e-13,0.9999999999999994
34783,-73.97989654541014,40.74301528930664,-73.9900894165039,40.71903991699219,683.69,4682,4682,-1.0,-1.0,-1,-1,0.0
34784,-73.98873138427734,40.74444961547852,-73.96683502197266,40.757240295410156,790.19,4682,4682,-1.0,-1.0,-1,-1,0.0
34785,-73.98934173583984,40.74173355102539,-73.97600555419923,40.73255157470703,469.24,4682,4682,-1.0,-1.0,-1,-1,0.0
34786,-73.9822540283203,40.748191833496094,-73.96123504638672,40.76879119873047,706.9,4682,4682,-1.0,-1.0,-1,-1,0.0
34787,-73.9828567504883,40.74217224121094,-73.99169921875,40.749038696289055,464.04,4682,4682,-1.0,-1.0,-1,-1,0.0
34788,-73.947265625,40.77566146850585,-73.98635101318358,40.73037338256836,952.95,4682,4682,4738.4,5691.35,56.399999999999636,6.821210263296962e-13,1.0000000000000007
34789,-73.99036407470702,40.751625061035156,-74.00699615478516,40.73491287231445,542.86,4682,4682,-1.0,-1.0,-1,-1,0.0
34790,-73.98343658447266,40.75001907348633,-73.9927978515625,40.74626922607422,311.42,4683,4683,-1.0,-1.0,-1,-1,0.0
34791,-73.97805023193358,40.75249481201172,-73.96027374267578,40.76390075683594,560.94,4683,4683,-1.0,-1.0,-1,-1,0.0
34792,-74.00166320800781,40.74660873413085,-73.98738861083984,40.7367057800293,487.7,4683,4683,-1.0,-1.0,-1,-1,0.0
34793,-73.98783111572266,40.722820281982415,-73.96456146240234,40.77566909790039,1211.18,4683,4683,5000.9,6212.08,317.89999999999964,2.2737367544323206e-13,1.0000000000000002
34794,-73.95126342773438,40.78253555297852,-73.95338439941406,40.78844451904297,217.78,4683,4683,4723.0,4940.78,40.0,-2.5579538487363607e-13,0.9999999999999988
34795,-73.95829010009766,40.77561950683594,-73.9695587158203,40.760589599609375,437.36,4683,4683,4737.13,5174.49,54.13000000000011,-3.410605131648481e-13,0.9999999999999992
34796,-73.98054504394531,40.76318740844727,-74.00447845458984,40.74193954467773,780.93,4684,4684,-1.0,-1.0,-1,-1,0.0
34797,-73.98352813720702,40.77600860595703,-73.97631072998048,40.78089141845703,213.58,4684,4684,4767.95,4981.53,83.94999999999982,-8.526512829121202e-14,0.9999999999999996
34798,-73.99414825439453,40.73648071289063,-74.0082473754883,40.735515594482415,404.62,4684,4684,-1.0,-1.0,-1,-1,0.0
34799,-74.00759887695312,40.751670837402344,-73.98546600341797,40.72941207885742,977.97,4684,4684,-1.0,-1.0,-1,-1,0.0
34800,-73.97940826416014,40.75439453125,-73.9532470703125,40.7854118347168,761.31,4684,4684,-1.0,-1.0,-1,-1,0.0
34801,-73.97844696044923,40.75207138061523,-73.9891357421875,40.74872970581055,420.01,4685,4685,-1.0,-1.0,-1,-1,0.0
34802,-73.974853515625,40.75054168701172,-73.9788360595703,40.772369384765625,817.88,4685,4685,4719.25,5612.68,34.25,75.5500000000003,1.0923729642490345
34803,-73.97707366943358,40.78744888305664,-73.94854736328125,40.828800201416016,800.55,4685,4685,5234.66,6035.21,549.6599999999999,2.2737367544323206e-13,1.0000000000000002
34804,-73.96094512939453,40.764991760253906,-73.96642303466798,40.77037811279297,277.37,4685,4685,-1.0,-1.0,-1,-1,0.0
34805,-74.00809478759766,40.737808227539055,-74.0086212158203,40.742286682128906,233.5,4685,4685,4710.0,4943.5,25.0,0.0,1.0
34806,-73.9937973022461,40.729095458984375,-74.00363159179686,40.72247695922852,341.08,4685,4685,4827.67,5168.75,142.67000000000007,-5.684341886080802e-14,0.9999999999999998
34807,-73.98922729492188,40.75297546386719,-73.99494171142578,40.74296569824219,226.81,4685,4685,-1.0,-1.0,-1,-1,0.0
34808,-73.97148132324219,40.75739288330078,-74.00627136230467,40.739559173583984,1059.43,4685,4685,-1.0,-1.0,-1,-1,0.0
34809,-73.9953842163086,40.75986862182617,-73.9717254638672,40.763092041015625,638.7,4686,4686,4734.63,5399.41,48.63000000000011,26.0799999999997,1.040832941913261
34810,-73.97273254394531,40.758167266845696,-73.96441650390625,40.77379989624024,391.54,4686,4686,-1.0,-1.0,-1,-1,0.0
34811,-73.98445892333984,40.745887756347656,-73.97351837158203,40.75497817993164,414.28,4686,4686,4713.37,5202.54,27.36999999999989,74.8900000000001,1.180771458916675
34812,-74.00679016113281,40.73035430908203,-73.97765350341797,40.78618240356445,1087.08,4686,4686,-1.0,-1.0,-1,-1,0.0
34813,-73.98374938964845,40.73843383789063,-73.99031066894531,40.74839401245117,445.53,4686,4686,-1.0,-1.0,-1,-1,0.0
34814,-74.0032501220703,40.7488670349121,-73.99180603027342,40.74348449707031,323.62,4686,4686,-1.0,-1.0,-1,-1,0.0
34815,-73.98504638671875,40.75675582885742,-73.97166442871094,40.7634391784668,540.29,4686,4686,-1.0,-1.0,-1,-1,0.0
34816,-73.98358917236328,40.74353790283203,-74.00503540039062,40.74125671386719,602.29,4686,4686,-1.0,-1.0,-1,-1,0.0
34817,-73.95570373535155,40.77246856689453,-73.99029541015625,40.75190734863281,1226.03,4687,4687,4716.81,5942.84,29.8100000000004,-2.2737367544323206e-13,0.9999999999999998
34818,-73.99151611328125,40.74481964111328,-73.99090576171875,40.71663665771485,1015.8,4687,4687,-1.0,-1.0,-1,-1,0.0
34819,-73.9896240234375,40.74327850341797,-74.00785064697266,40.750160217285156,487.54,4687,4687,-1.0,-1.0,-1,-1,0.0
34820,-73.99311065673827,40.751930236816406,-73.98104858398438,40.7651481628418,483.68,4687,4687,4718.38,5224.5199999999995,31.38000000000011,22.45999999999941,1.0464356599404552
34821,-73.98677062988281,40.7212142944336,-73.9428482055664,40.82168960571289,1823.86,4687,4687,4831.57,6655.43,144.5699999999997,6.821210263296962e-13,1.0000000000000004
34822,-73.97645568847656,40.756080627441406,-73.97557830810547,40.74508666992188,461.58,4687,4687,-1.0,-1.0,-1,-1,0.0
34823,-73.97871398925781,40.75596618652344,-74.001953125,40.7230224609375,939.0,4687,4687,-1.0,-1.0,-1,-1,0.0
34824,-73.97366333007811,40.77953338623047,-73.97442626953125,40.73680877685547,1191.42,4687,4687,4724.54,5915.96,37.539999999999964,0.0,1.0
34825,-74.01277923583984,40.70225143432617,-73.98155212402342,40.764591217041016,1401.03,4687,4687,-1.0,-1.0,-1,-1,0.0
34826,-73.98280334472656,40.742149353027344,-73.99127197265625,40.74928283691406,518.53,4687,4687,4728.79,5247.32,41.789999999999964,-2.2737367544323206e-13,0.9999999999999996
34827,-73.97543334960938,40.74946975708008,-73.98352813720702,40.72185134887695,702.47,4688,4688,-1.0,-1.0,-1,-1,0.0
34828,-73.96536254882812,40.75924301147461,-73.965087890625,40.75296401977539,201.93,4688,4688,-1.0,-1.0,-1,-1,0.0
34829,-74.00318908691406,40.7271614074707,-73.99484252929686,40.7232780456543,325.59,4688,4688,-1.0,-1.0,-1,-1,0.0
34830,-73.96910858154298,40.76155853271485,-73.97562408447266,40.74465560913085,468.97,4688,4688,4733.66,5254.84,45.659999999999854,52.210000000000264,1.1113290828837672
34831,-73.98020935058595,40.759681701660156,-73.95018768310547,40.78031921386719,875.82,4688,4688,-1.0,-1.0,-1,-1,0.0
34832,-73.9776382446289,40.76357650756836,-73.95750427246094,40.769432067871094,624.96,4689,4689,-1.0,-1.0,-1,-1,0.0
34833,-73.9916458129883,40.755767822265625,-73.99978637695312,40.74631881713867,315.13,4689,4689,-1.0,-1.0,-1,-1,0.0
34834,-73.96117401123048,40.76494598388672,-73.97693634033203,40.75738525390625,610.87,4689,4689,-1.0,-1.0,-1,-1,0.0
34835,-73.96640014648438,40.764896392822266,-73.96858978271484,40.75965881347656,188.88,4689,4689,4730.08,4918.96,41.07999999999993,1.1368683772161603e-13,1.0000000000000007
34836,-73.97772216796875,40.75843048095703,-73.9874267578125,40.7652587890625,449.87,4689,4689,-1.0,-1.0,-1,-1,0.0
34837,-73.96898651123048,40.76098251342773,-73.95207214355469,40.77811813354492,461.96,4689,4689,-1.0,-1.0,-1,-1,0.0
34838,-73.96896362304686,40.75881958007813,-73.9498519897461,40.7729606628418,494.86,4689,4689,-1.0,-1.0,-1,-1,0.0
34839,-73.97879791259766,40.78781509399415,-73.97129821777344,40.7827033996582,259.13,4689,4689,4738.97,4998.1,49.970000000000255,1.1368683772161603e-13,1.0000000000000004
34840,-73.98139190673827,40.75043869018555,-74.0015869140625,40.71979904174805,826.92,4689,4689,-1.0,-1.0,-1,-1,0.0
34841,-73.97528076171875,40.756126403808594,-73.99118041992188,40.7503776550293,592.25,4689,4689,-1.0,-1.0,-1,-1,0.0
34842,-73.97456359863281,40.74228286743164,-73.95425415039062,40.77298355102539,533.8,4689,4689,-1.0,-1.0,-1,-1,0.0
34843,-73.95589447021484,40.7679100036621,-73.9901351928711,40.72977828979492,1047.28,4689,4689,4710.0,5757.280000000001,21.0,6.821210263296962e-13,1.0000000000000007
34844,-73.97781372070312,40.74225997924805,-73.97175598144531,40.75395965576172,375.48,4690,4690,-1.0,-1.0,-1,-1,0.0
34845,-73.98136901855469,40.74968338012695,-73.97467803955078,40.759178161621094,242.05,4690,4690,4717.34,4959.39,27.340000000000146,1.7053025658242404e-13,1.0000000000000007
34846,-73.97644805908203,40.76496505737305,-73.98139190673827,40.76076126098633,362.29,4690,4690,-1.0,-1.0,-1,-1,0.0
34847,-74.00911712646483,40.7092399597168,-74.01199340820312,40.704349517822266,279.0,4690,4690,-1.0,-1.0,-1,-1,0.0
34848,-73.98155975341797,40.76809310913085,-73.98994445800781,40.74907302856445,835.01,4690,4690,-1.0,-1.0,-1,-1,0.0
34849,-73.99662780761719,40.737701416015625,-73.98509979248048,40.72739028930664,469.58,4690,4690,-1.0,-1.0,-1,-1,0.0
34850,-73.97389221191406,40.78713607788085,-73.96411895751955,40.77614212036133,366.64,4690,4690,5177.04,5543.68,487.03999999999996,3.410605131648481e-13,1.0000000000000009
34851,-73.98689270019531,40.771648406982415,-73.95796203613281,40.7735595703125,736.29,4690,4690,4803.66,5539.95,113.65999999999985,0.0,1.0
34852,-73.97907257080078,40.74031448364258,-73.99159240722656,40.732704162597656,325.87,4690,4690,4714.89,5094.6,24.890000000000327,53.84000000000003,1.165219259213797
34853,-73.98155212402342,40.77880859375,-73.95429992675781,40.80052185058594,611.75,4690,4690,4902.3,5514.049999999999,212.30000000000018,-9.094947017729282e-13,0.9999999999999986
34854,-74.00851440429686,40.70784378051758,-73.99305725097656,40.73240661621094,799.41,4691,4691,-1.0,-1.0,-1,-1,0.0
34855,-73.99088287353516,40.738075256347656,-73.97598266601562,40.749908447265625,485.55,4691,4691,-1.0,-1.0,-1,-1,0.0
34856,-73.9548568725586,40.76581954956055,-73.96892547607422,40.75754928588867,466.32,4691,4691,-1.0,-1.0,-1,-1,0.0
34857,-73.97772979736328,40.757240295410156,-73.96539306640625,40.76136016845703,423.97,4691,4691,-1.0,-1.0,-1,-1,0.0
34858,-74.0062255859375,40.72287368774415,-74.01598358154298,40.71141052246094,363.54,4691,4691,-1.0,-1.0,-1,-1,0.0
34859,-73.9845199584961,40.73624038696289,-73.98781585693358,40.74378967285156,349.91,4691,4691,-1.0,-1.0,-1,-1,0.0
34860,-73.97746276855469,40.75884628295898,-74.00019836425781,40.733787536621094,696.68,4692,4692,-1.0,-1.0,-1,-1,0.0
34861,-73.9707489013672,40.7859001159668,-73.9579086303711,40.778709411621094,263.25,4692,4692,4730.14,4993.39,38.14000000000033,0.0,1.0
34862,-73.98011779785155,40.75493621826172,-73.95720672607422,40.76829528808594,678.39,4692,4692,-1.0,-1.0,-1,-1,0.0
34863,-74.0160903930664,40.711368560791016,-73.98372650146483,40.729316711425774,801.58,4692,4692,4747.02,5548.6,55.02000000000044,-1.1368683772161603e-13,0.9999999999999999
34864,-73.9697265625,40.761390686035156,-73.9760513305664,40.75627136230469,262.5,4692,4692,-1.0,-1.0,-1,-1,0.0
34865,-73.98872375488281,40.769248962402344,-73.98458099365234,40.782901763916016,354.71,4692,4692,4722.33,5077.04,30.329999999999927,5.684341886080802e-14,1.0000000000000002
34866,-73.95467376708984,40.76396942138672,-74.0035629272461,40.7166404724121,1344.86,4692,4692,-1.0,-1.0,-1,-1,0.0
34867,-74.00631713867188,40.70955276489258,-73.98284149169923,40.72733688354492,669.53,4692,4692,-1.0,-1.0,-1,-1,0.0
34868,-73.96145629882812,40.77161026000977,-73.94664764404298,40.77273941040039,393.57,4693,4693,4752.0,5145.57,59.0,-2.8421709430404007e-13,0.9999999999999992
34869,-73.97930145263672,40.77668380737305,-73.9295425415039,40.86054992675781,1156.08,4693,4693,5611.46,6767.540000000001,918.46,9.094947017729282e-13,1.0000000000000009
34870,-73.98481750488281,40.73651123046875,-73.99508666992188,40.721412658691406,606.04,4693,4693,-1.0,-1.0,-1,-1,0.0
34871,-73.95964813232422,40.762611389160156,-73.9696273803711,40.757137298583984,477.43,4693,4693,-1.0,-1.0,-1,-1,0.0
34872,-73.98868560791014,40.75892639160156,-73.99188995361328,40.76941680908203,365.94,4693,4693,4712.349999999999,5078.29,19.349999999999454,5.115907697472721e-13,1.0000000000000013
34873,-73.97483825683594,40.777915954589844,-73.98877716064453,40.74527359008789,1077.87,4693,4693,4808.29,5886.16,115.28999999999996,0.0,1.0
34874,-73.97023010253906,40.75650024414063,-73.9911117553711,40.75040817260742,750.96,4693,4693,-1.0,-1.0,-1,-1,0.0
34875,-73.99718475341797,40.722015380859375,-73.95799255371094,40.76072311401367,1003.89,4693,4693,-1.0,-1.0,-1,-1,0.0
34876,-73.99622344970702,40.74026870727539,-73.97586059570312,40.74380874633789,588.82,4693,4693,-1.0,-1.0,-1,-1,0.0
34877,-73.96631622314453,40.7707405090332,-73.9588394165039,40.77756118774415,211.25,4694,4694,4718.93,4930.18,24.93000000000029,0.0,1.0
34878,-73.97463989257811,40.791011810302734,-73.98007202148438,40.76557922363281,636.13,4694,4694,4837.92,5474.05,143.92000000000007,1.1368683772161603e-13,1.0000000000000002
34879,-73.98898315429686,40.73644256591797,-73.98233032226562,40.74007034301758,223.73,4694,4694,-1.0,-1.0,-1,-1,0.0
34880,-73.9807891845703,40.76940155029297,-73.974365234375,40.78730773925781,423.33,4694,4694,-1.0,-1.0,-1,-1,0.0
34881,-74.00776672363281,40.74098205566406,-73.99359130859375,40.734275817871094,536.99,4694,4694,-1.0,-1.0,-1,-1,0.0
34882,-73.95787048339844,40.76531982421875,-73.97592163085938,40.78556442260742,709.01,4694,4694,-1.0,-1.0,-1,-1,0.0
34883,-73.9711380004883,40.7581901550293,-73.99153900146483,40.74394989013672,667.85,4694,4694,-1.0,-1.0,-1,-1,0.0
34884,-73.99913024902342,40.73947143554688,-74.00602722167969,40.71202087402344,751.37,4694,4694,-1.0,-1.0,-1,-1,0.0
34885,-73.9627227783203,40.794471740722656,-73.9513168334961,40.7860107421875,524.94,4695,4695,4747.87,5272.81,52.86999999999989,4.547473508864641e-13,1.0000000000000009
34886,-74.00242614746094,40.75019073486328,-73.98041534423827,40.7802848815918,585.52,4695,4695,4710.0,5340.6,15.0,45.08000000000038,1.0769913922667038
34887,-73.98058319091797,40.750648498535156,-73.95130920410156,40.78546524047852,847.61,4695,4695,-1.0,-1.0,-1,-1,0.0
34888,-73.94587707519531,40.77359008789063,-73.98844909667969,40.72013854980469,1065.09,4695,4695,4710.0,5775.09,15.0,2.2737367544323206e-13,1.0000000000000002
34889,-73.98157501220702,40.749698638916016,-73.95635223388672,40.778099060058594,790.7,4696,4696,-1.0,-1.0,-1,-1,0.0
34890,-73.98593139648438,40.7583236694336,-73.99250030517578,40.75766372680664,243.76,4696,4696,-1.0,-1.0,-1,-1,0.0
34891,-73.9861068725586,40.75191879272461,-73.97660064697266,40.76032257080078,393.89,4696,4696,-1.0,-1.0,-1,-1,0.0
34892,-73.9814224243164,40.76860046386719,-73.97602844238281,40.75011825561523,793.7,4696,4696,-1.0,-1.0,-1,-1,0.0
34893,-73.99198150634766,40.72943115234375,-73.98177337646483,40.74054336547852,301.2,4696,4696,-1.0,-1.0,-1,-1,0.0
34894,-74.0082015991211,40.74861145019531,-74.0123519897461,40.72053909301758,402.43,4696,4696,4953.75,5356.18,257.75,2.8421709430404007e-13,1.0000000000000007
34895,-73.97758483886719,40.74972152709961,-73.99119567871094,40.74303817749024,460.33,4696,4696,-1.0,-1.0,-1,-1,0.0
34896,-73.98310852050781,40.757728576660156,-73.97298431396483,40.743595123291016,653.91,4697,4697,-1.0,-1.0,-1,-1,0.0
34897,-73.9888687133789,40.748497009277344,-73.96834564208984,40.757469177246094,656.49,4697,4697,-1.0,-1.0,-1,-1,0.0
34898,-74.00979614257811,40.74681854248047,-73.97021484375,40.785743713378906,956.18,4697,4697,4726.89,5755.18,29.890000000000327,72.11000000000001,1.0754146708778682
34899,-73.97806549072266,40.75252914428711,-73.95490264892578,40.804988861083984,1210.62,4697,4697,-1.0,-1.0,-1,-1,0.0
34900,-73.98241424560547,40.7529296875,-73.98754119873048,40.71986770629883,987.52,4697,4697,-1.0,-1.0,-1,-1,0.0
34901,-73.97366333007811,40.756248474121094,-73.9815444946289,40.74692153930664,351.03,4697,4697,-1.0,-1.0,-1,-1,0.0
34902,-73.97262573242188,40.7867546081543,-73.95516204833984,40.78313827514648,402.32,4697,4697,5122.29,5524.61,425.28999999999996,-2.8421709430404007e-13,0.9999999999999993
34903,-73.97035217285155,40.75663375854492,-73.9506301879883,40.78355407714844,520.59,4698,4698,4737.07,5257.66,39.06999999999971,1.1368683772161603e-13,1.0000000000000002
34904,-74.00762939453125,40.71205520629883,-73.98257446289062,40.757057189941406,1054.29,4698,4698,4947.22,6001.51,249.22000000000025,0.0,1.0
34905,-73.96400451660156,40.756736755371094,-73.955810546875,40.77191162109375,306.36,4698,4698,4749.6900000000005,5056.05,51.69000000000051,-3.410605131648481e-13,0.9999999999999989
34906,-73.9851303100586,40.72768020629883,-74.0025405883789,40.738929748535156,582.17,4698,4698,4877.61,5459.78,179.60999999999967,1.1368683772161603e-13,1.0000000000000002
34907,-73.9885482788086,40.75910568237305,-74.0033187866211,40.73176574707031,751.44,4698,4698,4729.07,5480.51,31.06999999999971,4.547473508864641e-13,1.0000000000000007
34908,-73.9757308959961,40.75410079956055,-73.96285247802734,40.76512908935547,447.38,4698,4698,4716.96,5186.2,18.960000000000036,21.859999999999786,1.0488622647413828
34909,-73.98973083496094,40.733497619628906,-73.9786376953125,40.73652648925781,351.21,4698,4698,4827.96,5179.17,129.96000000000004,5.684341886080802e-14,1.0000000000000002
34910,-74.0080337524414,40.7229881286621,-73.96460723876955,40.75796127319336,1194.11,4699,4699,-1.0,-1.0,-1,-1,0.0
34911,-73.98886108398438,40.74848937988281,-73.98625946044923,40.76155090332031,445.44,4699,4699,4718.2,5187.13,19.199999999999818,23.490000000000293,1.0527343750000007
34912,-73.97451782226562,40.75368118286133,-73.97911834716798,40.736289978027344,470.07,4699,4699,-1.0,-1.0,-1,-1,0.0
34913,-73.97814178466798,40.745948791503906,-73.93541717529298,40.81427001953125,1376.55,4699,4699,-1.0,-1.0,-1,-1,0.0
34914,-73.99054718017578,40.745418548583984,-73.9810562133789,40.74417114257813,424.21,4699,4699,4753.23,5177.44,54.22999999999956,5.684341886080802e-14,1.0000000000000002
34915,-74.00788879394531,40.74529266357422,-73.99376678466798,40.76191329956055,422.71,4699,4699,4718.4800000000005,5163.820000000001,19.480000000000473,22.630000000000166,1.053535520806227
34916,-73.98155975341797,40.78069305419922,-73.97850799560547,40.76348876953125,595.76,4700,4700,4759.68,5408.81,59.68000000000029,53.37000000000012,1.0895830535786224
34917,-74.0172119140625,40.70532989501953,-73.9755630493164,40.74995040893555,1046.71,4700,4700,-1.0,-1.0,-1,-1,0.0
34918,-73.98428344726562,40.74279022216797,-73.98778533935547,40.76034927368164,696.68,4700,4700,-1.0,-1.0,-1,-1,0.0
34919,-73.99453735351562,40.71374893188477,-74.00338745117188,40.74885940551758,990.7,4700,4700,5017.34,6008.04,317.34000000000015,-2.2737367544323206e-13,0.9999999999999998
34920,-73.98382568359375,40.76534652709961,-73.97264862060547,40.749454498291016,812.25,4700,4700,-1.0,-1.0,-1,-1,0.0
34921,-73.967529296875,40.77204132080078,-73.97380828857422,40.759708404541016,463.43,4701,4701,4777.92,5241.35,76.92000000000007,2.8421709430404007e-13,1.0000000000000007
34922,-74.00051879882812,40.74253845214844,-74.00501251220702,40.7481803894043,181.45,4701,4701,-1.0,-1.0,-1,-1,0.0
34923,-73.98136901855469,40.77434158325195,-73.96750640869139,40.76304244995117,571.67,4701,4701,4749.11,5320.78,48.10999999999967,1.1368683772161603e-13,1.0000000000000002
34924,-74.00503540039062,40.74113464355469,-73.97101593017578,40.761245727539055,1101.98,4701,4701,-1.0,-1.0,-1,-1,0.0
34925,-73.98396301269531,40.72524642944336,-73.9814453125,40.73823928833008,356.8,4701,4701,4793.04,5149.84,92.03999999999996,1.7053025658242404e-13,1.0000000000000004
34926,-73.9821014404297,40.772457122802734,-73.97164916992188,40.78808975219727,410.0,4701,4701,4740.03,5150.03,39.029999999999745,0.0,1.0
34927,-74.005615234375,40.72570037841797,-73.98565673828125,40.72779083251953,570.37,4701,4701,-1.0,-1.0,-1,-1,0.0
34928,-73.96904754638672,40.75862121582031,-73.95694732666014,40.77579116821289,353.15,4701,4701,4718.12,5071.2699999999995,17.11999999999989,-3.410605131648481e-13,0.999999999999999
34929,-73.95026397705078,40.78008270263672,-73.9671859741211,40.76359939575195,558.69,4701,4701,4797.38,5356.07,96.38000000000011,-4.547473508864641e-13,0.9999999999999992
34930,-73.97826385498048,40.7520637512207,-73.98094177246094,40.74463272094727,264.84,4701,4701,4727.62,5038.67,26.61999999999989,46.21000000000021,1.1744827065397985
34931,-73.97043609619139,40.75232696533203,-73.98624420166014,40.73050308227539,414.28,4701,4701,-1.0,-1.0,-1,-1,0.0
34932,-73.9984359741211,40.760738372802734,-73.98388671875,40.744789123535156,791.2,4702,4702,4751.97,5591.6900000000005,49.970000000000255,48.52000000000021,1.0613245702730032
34933,-73.9742889404297,40.75419235229492,-74.0166015625,40.70815658569336,1099.5,4702,4702,-1.0,-1.0,-1,-1,0.0
34934,-73.96680450439453,40.76245880126953,-73.95481109619139,40.77736282348633,279.97,4702,4702,-1.0,-1.0,-1,-1,0.0
34935,-73.98067474365234,40.76033401489258,-74.0079574584961,40.73555374145508,975.19,4702,4702,-1.0,-1.0,-1,-1,0.0
34936,-73.99142456054686,40.75529861450195,-73.94825744628906,40.77455139160156,1196.09,4702,4702,-1.0,-1.0,-1,-1,0.0
34937,-74.00721740722656,40.7408447265625,-73.98553466796875,40.727699279785156,806.7,4702,4702,4756.33,5563.03,54.32999999999993,-2.2737367544323206e-13,0.9999999999999997
34938,-73.97785186767578,40.75822067260742,-74.01662445068358,40.711402893066406,1293.67,4702,4702,-1.0,-1.0,-1,-1,0.0
34939,-73.97461700439453,40.777679443359375,-73.96119689941406,40.77162170410156,478.38,4703,4703,4726.78,5221.24,23.779999999999745,16.08000000000004,1.0336134453781514
34940,-73.98411560058595,40.74333190917969,-73.99123382568358,40.750450134277344,428.21,4703,4703,-1.0,-1.0,-1,-1,0.0
34941,-73.98233795166014,40.76868438720703,-73.97025299072266,40.78395080566406,421.99,4703,4703,-1.0,-1.0,-1,-1,0.0
34942,-73.99241638183594,40.74237060546875,-74.00483703613281,40.74176025390625,320.65,4703,4703,-1.0,-1.0,-1,-1,0.0
34943,-74.00243377685547,40.71888732910156,-73.98322296142578,40.72117614746094,692.27,4703,4703,-1.0,-1.0,-1,-1,0.0
34944,-74.00489044189453,40.729896545410156,-73.99402618408203,40.73619842529297,334.62,4703,4703,-1.0,-1.0,-1,-1,0.0
34945,-73.95636749267578,40.76318740844727,-73.97997283935547,40.730293273925774,587.56,4703,4703,4749.32,5336.88,46.31999999999971,4.547473508864641e-13,1.0000000000000007
34946,-73.99824523925781,40.74057388305664,-73.99209594726562,40.74912643432617,391.13,4703,4703,-1.0,-1.0,-1,-1,0.0
34947,-73.97985076904298,40.74985885620117,-73.95755767822266,40.76865005493164,683.76,4703,4703,-1.0,-1.0,-1,-1,0.0
34948,-73.97593688964845,40.74671173095703,-73.96553802490234,40.75852584838867,505.34,4704,4704,-1.0,-1.0,-1,-1,0.0
34949,-73.9776840209961,40.78899765014648,-74.0004348754883,40.76276397705078,601.14,4704,4704,4718.07,5417.49,14.069999999999709,98.28000000000009,1.1634893701966265
34950,-73.97418975830078,40.75745010375977,-73.99423217773438,40.75014114379883,798.79,4704,4704,-1.0,-1.0,-1,-1,0.0
34951,-73.99150085449219,40.7501106262207,-73.9783706665039,40.7656364440918,690.97,4704,4704,4763.76,5485.89,59.76000000000022,31.160000000000082,1.0450960244294254
34952,-73.97237396240234,40.75659942626953,-74.00467681884766,40.72900390625,983.95,4704,4704,4729.51,5794.32,25.51000000000022,80.85999999999945,1.0821789725087652
34953,-73.97305297851562,40.79535675048828,-74.00768280029298,40.74095916748047,1202.08,4704,4704,4916.96,6119.040000000001,212.96000000000004,9.094947017729282e-13,1.0000000000000007
34954,-73.99983978271484,40.7589225769043,-74.00581359863281,40.74112319946289,409.82,4704,4704,4824.34,5234.16,120.34000000000015,-2.8421709430404007e-13,0.9999999999999993
34955,-73.96784210205078,40.765380859375,-73.96003723144531,40.7753791809082,237.41,4705,4705,-1.0,-1.0,-1,-1,0.0
34956,-74.00939178466798,40.715091705322266,-74.01463317871094,40.70367813110352,414.57,4705,4705,4738.42,5152.99,33.42000000000007,-2.8421709430404007e-13,0.9999999999999993
34957,-73.97260284423827,40.79342651367188,-73.98393249511719,40.75732803344727,1071.69,4705,4705,4764.0,5835.6900000000005,59.0,4.547473508864641e-13,1.0000000000000004
34958,-73.97119140625,40.76126098632813,-73.97586822509766,40.75532913208008,196.5,4705,4705,-1.0,-1.0,-1,-1,0.0
34959,-73.97197723388672,40.75422286987305,-73.96607208251955,40.75884628295898,213.59,4706,4706,-1.0,-1.0,-1,-1,0.0
34960,-73.99627685546875,40.73807144165039,-73.96998596191406,40.75210952758789,820.43,4706,4706,4753.13,5635.61,47.13000000000011,62.04999999999961,1.0756310715112802
34961,-73.98638916015625,40.75531005859375,-73.96662139892578,40.7623291015625,685.04,4706,4706,-1.0,-1.0,-1,-1,0.0
34962,-73.99146270751955,40.739219665527344,-73.98761749267578,40.73281478881836,311.46,4706,4706,-1.0,-1.0,-1,-1,0.0
34963,-73.96624755859375,40.76198959350585,-73.98251342773438,40.76813888549805,549.34,4706,4706,-1.0,-1.0,-1,-1,0.0
34964,-73.9920883178711,40.75400924682617,-73.98342895507811,40.766426086425774,307.1,4706,4706,4761.89,5068.99,55.89000000000033,-5.684341886080801e-13,0.9999999999999981
34965,-73.95136260986328,40.76995086669922,-73.95436096191406,40.78062057495117,357.99,4706,4706,-1.0,-1.0,-1,-1,0.0
34966,-73.97377014160156,40.76412963867188,-73.98130798339844,40.7581901550293,391.91,4706,4706,-1.0,-1.0,-1,-1,0.0
34967,-73.99433135986328,40.761043548583984,-73.96725463867188,40.76091384887695,787.03,4706,4706,4739.03,5577.35,33.029999999999745,51.290000000000646,1.065169053276242
34968,-73.9824676513672,40.76580810546875,-73.97111511230467,40.76371765136719,348.9,4707,4707,-1.0,-1.0,-1,-1,0.0
34969,-73.95109558105469,40.82561111450195,-73.96308135986328,40.77064514160156,1225.99,4707,4707,4749.95,5999.31,42.94999999999982,23.370000000000573,1.0190621456945004
34970,-74.008544921875,40.7159538269043,-74.01446533203125,40.71393585205078,181.5,4707,4707,4751.29,4932.79,44.289999999999964,0.0,1.0
34971,-73.98195648193358,40.75751876831055,-73.9903793334961,40.75748062133789,300.57,4707,4707,-1.0,-1.0,-1,-1,0.0
34972,-73.97511291503906,40.75286102294922,-73.98262786865234,40.76123809814453,575.63,4707,4707,-1.0,-1.0,-1,-1,0.0
34973,-73.96014404296875,40.78170776367188,-73.95090484619139,40.779144287109375,271.12,4707,4707,4830.51,5101.63,123.51000000000022,-1.1368683772161603e-13,0.9999999999999996
34974,-73.96753692626955,40.75592041015625,-73.97735595703125,40.754154205322266,402.41,4708,4708,4725.64,5199.72,17.640000000000327,71.6699999999999,1.1781019358365843
34975,-73.99707794189453,40.72235870361328,-73.98639678955078,40.74639129638672,758.29,4708,4708,-1.0,-1.0,-1,-1,0.0
34976,-73.97577667236328,40.75768280029297,-73.95914459228516,40.77180480957031,498.55,4708,4708,4724.68,5260.99,16.68000000000029,37.75999999999948,1.075739644970413
34977,-73.9873504638672,40.7705307006836,-73.97208404541014,40.79415512084961,456.75,4708,4708,4747.36,5204.11,39.35999999999967,0.0,1.0
34978,-73.99594116210938,40.73991394042969,-74.00397491455078,40.7197151184082,639.24,4708,4708,4752.5599999999995,5391.8,44.55999999999949,6.821210263296962e-13,1.000000000000001
34979,-73.98535919189453,40.75865173339844,-73.98426818847656,40.75470352172852,191.87,4708,4708,4719.41,4911.28,11.409999999999854,-1.1368683772161603e-13,0.9999999999999994
34980,-73.99323272705078,40.74721908569336,-74.0047378540039,40.74153900146485,297.19,4708,4708,-1.0,-1.0,-1,-1,0.0
34981,-74.00469207763672,40.71902847290039,-73.9835205078125,40.76604080200195,1155.78,4709,4709,4710.0,5870.69,1.0,4.909999999999627,1.0042482133277957
34982,-73.99067687988281,40.73139953613281,-73.96431732177734,40.770179748535156,1030.6,4709,4709,4753.45,5845.47,44.44999999999982,61.42000000000053,1.059596351639822
34983,-74.00630950927734,40.704368591308594,-73.97467803955078,40.75851440429688,1186.93,4709,4709,-1.0,-1.0,-1,-1,0.0
34984,-73.97496795654298,40.79056167602539,-74.00775909423827,40.741943359375,1155.92,4709,4709,4772.91,5928.83,63.909999999999854,0.0,1.0
34985,-73.97264862060547,40.796241760253906,-73.98433685302734,40.77399444580078,462.7,4709,4709,4717.72,5266.46,8.720000000000255,86.0399999999998,1.1859520207477843
34986,-74.00457000732422,40.74790954589844,-73.96029663085938,40.77013778686523,1126.16,4709,4709,-1.0,-1.0,-1,-1,0.0
34987,-73.97530364990234,40.75545883178711,-73.98697662353516,40.769355773925774,719.47,4709,4709,4734.07,5497.03,25.06999999999971,43.49000000000001,1.0604472736875756
34988,-73.97516632080078,40.7554817199707,-74.010986328125,40.71381759643555,1244.75,4709,4709,4724.03,6028.68,15.029999999999745,59.900000000000546,1.0481221128740716
34989,-74.0164337158203,40.71540832519531,-74.00691986083984,40.71619033813477,232.12,4709,4709,4726.73,4958.85,17.729999999999563,7.958078640513122e-13,1.0000000000000033
34990,-73.97191619873048,40.75408172607422,-73.9782943725586,40.76276016235352,550.6,4709,4709,-1.0,-1.0,-1,-1,0.0
34991,-73.95323181152342,40.77576065063477,-73.96018981933594,40.7737693786621,197.37,4710,4710,4737.59,4934.96,27.590000000000146,-1.1368683772161603e-13,0.9999999999999994
34992,-73.99515533447266,40.76443862915039,-73.98099517822266,40.76566696166992,409.23,4710,4710,4747.56,5156.79,37.5600000000004,-4.547473508864641e-13,0.9999999999999989
34993,-73.98217010498048,40.740089416503906,-74.0067367553711,40.74417114257813,703.23,4710,4710,-1.0,-1.0,-1,-1,0.0
34994,-73.9618911743164,40.77954864501953,-73.9710464477539,40.76713180541992,322.62,4710,4710,4723.08,5045.7,13.079999999999927,-1.1368683772161603e-13,0.9999999999999997
34995,-73.94955444335938,40.77267837524415,-73.94796752929686,40.79552459716797,576.28,4710,4710,4710.0,5286.28,0.0,-2.2737367544323206e-13,0.9999999999999996
34996,-74.0075912475586,40.72475051879883,-74.00234985351562,40.727989196777344,190.07,4710,4710,4762.62,4952.69,52.61999999999989,-2.8421709430404007e-13,0.9999999999999986
34997,-73.95361328125,40.7849006652832,-73.97997283935547,40.784080505371094,587.8,4710,4710,4744.58,5415.69,34.57999999999993,83.30999999999972,1.1417318815923778
34998,-73.96952056884766,40.76029968261719,-73.97505187988281,40.75248336791992,212.76,4711,4711,-1.0,-1.0,-1,-1,0.0
34999,-73.97323608398438,40.75774383544922,-74.00250244140625,40.74723815917969,874.88,4711,4711,-1.0,-1.0,-1,-1,0.0
35000,-73.98293304443358,40.755855560302734,-73.94647979736328,40.77684020996094,1032.81,4711,4711,4762.3,5818.82,51.30000000000018,23.70999999999958,1.0229567877925267
35001,-73.96603393554686,40.76813888549805,-73.98524475097656,40.73905563354492,787.79,4711,4711,4832.08,5619.87,121.07999999999993,0.0,1.0
35002,-73.98448944091797,40.753883361816406,-73.96755981445312,40.788738250732415,875.64,4712,4712,-1.0,-1.0,-1,-1,0.0
35003,-73.96778869628906,40.802940368652344,-73.97783660888672,40.789283752441406,259.73,4712,4712,4839.13,5098.86,127.13000000000011,-4.547473508864641e-13,0.9999999999999982
35004,-73.97911834716798,40.74440383911133,-73.96815490722656,40.75629425048828,419.36,4712,4712,4758.57,5237.56,46.56999999999971,59.63000000000068,1.1421928653185822
35005,-73.95635986328125,40.771568298339844,-73.9808349609375,40.754539489746094,885.86,4712,4712,4749.81,5635.67,37.8100000000004,-3.410605131648481e-13,0.9999999999999997
35006,-73.99354553222656,40.75192642211913,-73.9818801879883,40.76472091674805,446.81,4712,4712,-1.0,-1.0,-1,-1,0.0
35007,-73.99588012695312,40.73859024047852,-73.99015045166014,40.7566032409668,573.92,4712,4712,4769.79,5355.2,57.789999999999964,11.489999999999895,1.0200202118762196
35008,-73.98822784423827,40.74821853637695,-73.98150634765625,40.758888244628906,373.67,4713,4713,-1.0,-1.0,-1,-1,0.0
35009,-73.9879150390625,40.73279571533203,-73.9926528930664,40.71343994140625,745.22,4713,4713,-1.0,-1.0,-1,-1,0.0
35010,-73.94986724853516,40.772159576416016,-73.98408508300781,40.76744079589844,975.98,4713,4713,-1.0,-1.0,-1,-1,0.0
35011,-73.98262023925781,40.76297378540039,-73.9639892578125,40.76797866821289,680.8,4713,4713,-1.0,-1.0,-1,-1,0.0
35012,-73.98641967773438,40.73474884033203,-73.97469329833984,40.72132873535156,535.79,4713,4713,-1.0,-1.0,-1,-1,0.0
35013,-73.96087646484375,40.77507019042969,-73.95403289794923,40.78458023071289,235.24,4713,4713,4802.0,5037.24,89.0,-2.2737367544323206e-13,0.999999999999999
35014,-73.98844146728516,40.746002197265625,-74.00306701660156,40.72438049316406,660.17,4713,4713,-1.0,-1.0,-1,-1,0.0
35015,-73.99029541015625,40.74946594238281,-73.95364379882812,40.78814315795898,1204.98,4713,4713,-1.0,-1.0,-1,-1,0.0
35016,-73.96652221679686,40.761024475097656,-73.95538330078125,40.77685928344727,284.68,4713,4713,-1.0,-1.0,-1,-1,0.0
35017,-73.97419738769531,40.76141357421875,-73.97867584228516,40.747703552246094,479.3,4714,4714,-1.0,-1.0,-1,-1,0.0
35018,-74.01213073730467,40.7087516784668,-74.00737762451173,40.74319839477539,600.89,4714,4714,-1.0,-1.0,-1,-1,0.0
35019,-73.99282836914062,40.75828170776367,-73.95283508300781,40.77654266357422,1121.6,4714,4714,-1.0,-1.0,-1,-1,0.0
35020,-74.00904083251955,40.71687316894531,-73.94384002685547,40.78295135498047,1679.94,4714,4714,4898.5,6578.44,184.5,-4.547473508864641e-13,0.9999999999999998
35021,-73.98588562011719,40.73527908325195,-73.99256896972656,40.730464935302734,247.76,4714,4714,-1.0,-1.0,-1,-1,0.0
35022,-73.95990753173827,40.77653884887695,-73.9637222290039,40.76137161254883,528.44,4714,4714,4941.71,5470.15,227.71000000000004,-4.547473508864641e-13,0.9999999999999991
35023,-73.97344970703125,40.79228973388672,-73.95213317871094,40.79888534545898,477.13,4714,4714,4968.77,5445.9,254.77000000000044,-7.958078640513122e-13,0.9999999999999983
35024,-73.99662780761719,40.732246398925774,-73.99114990234375,40.74917602539063,553.32,4714,4714,-1.0,-1.0,-1,-1,0.0
35025,-73.98084259033203,40.74462890625,-73.98597717285155,40.730918884277344,303.4,4714,4714,-1.0,-1.0,-1,-1,0.0
35026,-73.97895812988281,40.76208877563477,-73.98239135742188,40.768230438232415,263.88,4714,4714,-1.0,-1.0,-1,-1,0.0
35027,-73.96011352539062,40.77045822143555,-73.95233917236328,40.766277313232415,274.13,4715,4715,4820.62,5094.75,105.61999999999989,1.1368683772161603e-13,1.0000000000000004
35028,-73.9772186279297,40.742919921875,-73.9865951538086,40.7299919128418,220.24,4715,4715,4769.12,4989.36,54.11999999999989,-2.2737367544323206e-13,0.999999999999999
35029,-73.97950744628906,40.74496841430664,-73.99032592773438,40.74032974243164,392.66,4715,4715,4752.5,5145.16,37.5,-1.7053025658242404e-13,0.9999999999999996
35030,-73.98265075683594,40.731178283691406,-73.99658203125,40.7193603515625,620.69,4715,4715,4808.67,5429.36,93.67000000000007,-4.547473508864641e-13,0.9999999999999992
35031,-73.98125457763672,40.75291442871094,-73.98768615722656,40.7254753112793,763.27,4715,4715,-1.0,-1.0,-1,-1,0.0
35032,-73.96681976318358,40.76132583618164,-73.94124603271484,40.78685760498047,560.54,4716,4716,4771.37,5358.36,55.36999999999989,26.449999999999818,1.0471866414528843
35033,-73.97515869140625,40.75614929199219,-73.95426940917969,40.778568267822266,627.09,4716,4716,-1.0,-1.0,-1,-1,0.0
35034,-73.95751190185547,40.77970886230469,-73.969970703125,40.765525817871094,501.16,4716,4716,4804.29,5305.45,88.28999999999996,-1.7053025658242404e-13,0.9999999999999997
35035,-73.98827362060547,40.73760986328125,-73.96749114990234,40.76029968261719,709.28,4716,4716,4755.11,5491.53,39.10999999999967,27.1400000000001,1.0382641551996392
35036,-74.00192260742188,40.75070190429688,-73.95530700683594,40.80276107788085,1116.61,4716,4716,-1.0,-1.0,-1,-1,0.0
35037,-73.96893310546875,40.76123046875,-73.9888687133789,40.76103210449219,729.42,4716,4716,-1.0,-1.0,-1,-1,0.0
35038,-74.008056640625,40.722969055175774,-73.98473358154298,40.72418975830078,725.37,4716,4716,-1.0,-1.0,-1,-1,0.0
35039,-74.00074768066406,40.757637023925774,-73.98800659179686,40.73792266845703,697.51,4717,4717,4878.75,5576.26,161.75,2.2737367544323206e-13,1.0000000000000002
35040,-73.9822540283203,40.76940155029297,-73.96228790283203,40.76755142211913,590.56,4717,4717,4802.88,5393.44,85.88000000000011,-4.547473508864641e-13,0.9999999999999992
35041,-73.99567413330078,40.76457595825195,-74.00299072265625,40.73346328735352,749.99,4717,4717,4750.08,5569.78,33.07999999999993,69.70999999999981,1.0929479059720795
35042,-73.97763061523438,40.773902893066406,-73.97795867919923,40.766361236572266,215.33,4717,4717,-1.0,-1.0,-1,-1,0.0
35043,-73.97805023193358,40.75444030761719,-73.9736099243164,40.74797058105469,397.75,4717,4717,-1.0,-1.0,-1,-1,0.0
35044,-73.97798156738281,40.75251007080078,-73.97753143310547,40.76404571533203,443.8,4717,4717,4769.08,5212.88,52.07999999999993,1.7053025658242404e-13,1.0000000000000004
35045,-74.00821685791014,40.71552276611328,-74.01524353027342,40.714447021484375,280.79,4718,4718,4895.34,5176.13,177.34000000000015,-5.684341886080802e-14,0.9999999999999998
35046,-73.98503875732422,40.74699783325195,-73.98217010498048,40.756004333496094,389.97,4718,4718,-1.0,-1.0,-1,-1,0.0
35047,-73.98212432861328,40.770263671875,-73.97930145263672,40.78364181518555,344.48,4718,4718,4755.51,5099.99,37.51000000000022,-4.547473508864641e-13,0.9999999999999987
35048,-73.9538803100586,40.78809356689453,-73.99119567871094,40.75622940063477,1192.98,4718,4718,4789.41,5982.39,71.40999999999985,4.547473508864641e-13,1.0000000000000004
35049,-73.97245025634766,40.761985778808594,-73.95170593261719,40.77194595336913,539.52,4718,4718,-1.0,-1.0,-1,-1,0.0
35050,-73.99008178710938,40.76183700561523,-73.9835205078125,40.78545379638672,524.29,4718,4718,-1.0,-1.0,-1,-1,0.0
35051,-73.98580932617188,40.76176071166992,-74.00753784179686,40.74089050292969,810.59,4718,4718,-1.0,-1.0,-1,-1,0.0
35052,-73.97737884521484,40.7491569519043,-73.98966979980467,40.729637145996094,496.02,4718,4718,4764.01,5260.03,46.01000000000022,-4.547473508864641e-13,0.9999999999999991
35053,-74.00167846679686,40.73742294311523,-74.00254821777344,40.74612045288085,287.5,4719,4719,-1.0,-1.0,-1,-1,0.0
35054,-74.00724792480467,40.72817993164063,-73.99404907226562,40.7328987121582,392.5,4719,4719,-1.0,-1.0,-1,-1,0.0
35055,-73.97451782226562,40.76298904418945,-74.00810241699219,40.738075256347656,1093.72,4719,4719,-1.0,-1.0,-1,-1,0.0
35056,-73.94857025146483,40.773921966552734,-73.98686218261719,40.7212028503418,1026.94,4719,4719,4740.0,5766.9400000000005,21.0,4.547473508864641e-13,1.0000000000000004
35057,-73.98539733886719,40.76301193237305,-73.97285461425781,40.791816711425774,616.55,4719,4719,4772.75,5393.19,53.75,3.8899999999996453,1.0063093017597917
35058,-73.9719467163086,40.75690078735352,-73.98417663574219,40.74036026000977,377.38,4719,4719,-1.0,-1.0,-1,-1,0.0
35059,-73.99736785888672,40.72125244140625,-74.00947570800781,40.73537063598633,560.88,4719,4719,4772.12,5333.0,53.11999999999989,1.1368683772161603e-13,1.0000000000000002
35060,-73.99283599853516,40.76176071166992,-73.9449234008789,40.83334732055664,929.17,4719,4719,-1.0,-1.0,-1,-1,0.0
35061,-73.9900131225586,40.74182891845703,-74.00908660888672,40.74673843383789,515.85,4719,4719,-1.0,-1.0,-1,-1,0.0
35062,-73.98348999023438,40.76131057739258,-73.99056243896483,40.75215148925781,308.41,4720,4720,-1.0,-1.0,-1,-1,0.0
35063,-73.9693832397461,40.749271392822266,-73.9684066772461,40.79227066040039,1105.9,4720,4720,-1.0,-1.0,-1,-1,0.0
35064,-73.99481964111328,40.74005126953125,-73.98424530029298,40.74334335327149,339.87,4720,4720,4754.96,5135.8,34.960000000000036,40.97000000000014,1.1205460911524998
35065,-73.9915542602539,40.74493408203125,-73.9798355102539,40.75329208374024,404.96,4720,4720,4779.95,5184.91,59.94999999999982,5.684341886080802e-14,1.0000000000000002
35066,-73.99364471435547,40.72728729248047,-73.98040771484375,40.75524520874024,871.6,4720,4720,5058.88,5930.48,338.8800000000001,-5.684341886080801e-13,0.9999999999999993
35067,-73.96772766113281,40.78763198852539,-73.97237396240234,40.76530838012695,585.61,4720,4720,4813.37,5398.98,93.36999999999989,-3.410605131648481e-13,0.9999999999999994
35068,-73.96488189697266,40.75997924804688,-73.97804260253906,40.75239181518555,474.21,4721,4721,-1.0,-1.0,-1,-1,0.0
35069,-73.97611999511719,40.75931167602539,-73.94618225097656,40.77569961547852,811.16,4721,4721,-1.0,-1.0,-1,-1,0.0
35070,-73.98234558105469,40.745582580566406,-74.00051116943358,40.72731399536133,574.52,4721,4721,4745.23,5319.75,24.229999999999563,4.547473508864641e-13,1.0000000000000009
35071,-73.9767074584961,40.76483917236328,-73.98307037353516,40.763031005859375,300.09,4721,4721,-1.0,-1.0,-1,-1,0.0
35072,-73.97148895263672,40.75850296020508,-73.9767074584961,40.75096130371094,207.02,4721,4721,4767.07,4974.09,46.06999999999971,4.263256414560601e-13,1.000000000000002
35073,-73.99797821044923,40.72444915771485,-73.98111724853516,40.75033950805664,912.01,4721,4721,-1.0,-1.0,-1,-1,0.0
35074,-73.98848724365234,40.74856185913085,-73.9900894165039,40.75674057006836,337.08,4721,4721,-1.0,-1.0,-1,-1,0.0
35075,-74.00396728515625,40.71317672729492,-73.98394775390625,40.74170684814453,908.96,4722,4722,4866.34,5775.3,144.34000000000015,0.0,1.0
35076,-73.98184967041014,40.75152969360352,-73.98760986328125,40.71976852416992,957.68,4722,4722,4769.8,5786.179999999999,47.80000000000018,58.69999999999925,1.0612939604043097
35077,-73.97968292236328,40.74647521972656,-73.99044799804686,40.75104522705078,362.49,4722,4722,-1.0,-1.0,-1,-1,0.0
35078,-73.97962188720702,40.764930725097656,-73.98070526123048,40.78761672973633,713.28,4722,4722,4768.96,5482.24,46.960000000000036,-2.2737367544323206e-13,0.9999999999999997
35079,-74.00596618652342,40.74506759643555,-73.99362182617188,40.72822189331055,682.84,4722,4722,4813.0,5495.84,91.0,1.1368683772161603e-13,1.0000000000000002
35080,-73.98136901855469,40.769081115722656,-73.95310974121094,40.780120849609375,713.13,4722,4722,4843.88,5557.01,121.88000000000011,1.1368683772161603e-13,1.0000000000000002
35081,-73.98421478271484,40.758602142333984,-73.97666931152342,40.76462173461913,331.54,4723,4723,-1.0,-1.0,-1,-1,0.0
35082,-74.00246429443358,40.750091552734375,-73.97808074951173,40.75134658813477,714.96,4723,4723,-1.0,-1.0,-1,-1,0.0
35083,-73.95116424560547,40.771888732910156,-74.01007843017578,40.7120246887207,1292.64,4723,4723,4764.2,6056.84,41.19999999999982,2.2737367544323206e-13,1.0000000000000002
35084,-73.93863677978516,40.821510314941406,-73.94715118408203,40.82508087158203,268.84,4723,4723,5149.69,5418.53,426.6899999999996,1.7053025658242404e-13,1.0000000000000007
35085,-73.98223876953125,40.76789855957031,-73.9456329345703,40.775390625,936.36,4723,4723,4766.16,5702.5199999999995,43.159999999999854,-3.410605131648481e-13,0.9999999999999997
35086,-73.9548568725586,40.77764129638672,-73.97662353515625,40.790489196777344,576.57,4723,4723,5008.62,5585.1900000000005,285.6199999999999,5.684341886080801e-13,1.0000000000000009
35087,-73.98876190185547,40.75021743774415,-73.97521209716798,40.76535034179688,444.06,4723,4723,-1.0,-1.0,-1,-1,0.0
35088,-73.98577117919923,40.74061965942383,-73.9781723022461,40.76621627807617,897.13,4723,4723,4758.7,5655.83,35.69999999999982,1.1368683772161603e-13,1.0000000000000002
35089,-73.97532653808595,40.7598876953125,-73.99224853515625,40.74868774414063,587.2,4723,4723,-1.0,-1.0,-1,-1,0.0
35090,-73.98788452148438,40.74436569213867,-73.9837875366211,40.75227355957031,432.24,4723,4723,-1.0,-1.0,-1,-1,0.0
35091,-73.9844970703125,40.7455940246582,-73.98836517333984,40.754127502441406,387.67,4723,4723,-1.0,-1.0,-1,-1,0.0
35092,-73.95620727539062,40.767593383789055,-73.9386215209961,40.791446685791016,335.85,4724,4724,4772.7,5108.55,48.69999999999982,3.410605131648481e-13,1.000000000000001
35093,-73.94934844970702,40.78134536743164,-73.95304870605469,40.77150344848633,246.01,4724,4724,4768.84,5014.85,44.840000000000146,2.2737367544323206e-13,1.0000000000000009
35094,-73.98892974853516,40.74811172485352,-74.00739288330078,40.74102020263672,569.91,4724,4724,-1.0,-1.0,-1,-1,0.0
35095,-73.98213195800781,40.7783317565918,-73.98534393310547,40.76531982421875,438.76,4724,4724,4839.5,5278.26,115.5,2.2737367544323206e-13,1.0000000000000004
35096,-73.95384216308594,40.7749252319336,-73.98008728027342,40.74085235595703,834.08,4724,4724,-1.0,-1.0,-1,-1,0.0
35097,-73.95462036132812,40.7839241027832,-73.96035766601562,40.7754135131836,193.66,4724,4724,4772.0,4965.66,48.0,-1.4210854715202004e-13,0.9999999999999992
35098,-73.99781036376955,40.75144958496094,-74.00843048095702,40.73424911499024,456.86,4724,4724,-1.0,-1.0,-1,-1,0.0
35099,-73.97773742675781,40.75776672363281,-73.98714447021484,40.74480819702149,317.39,4724,4724,-1.0,-1.0,-1,-1,0.0
35100,-73.9806137084961,40.7385139465332,-73.99130249023438,40.75526428222656,823.07,4725,4725,-1.0,-1.0,-1,-1,0.0
35101,-73.97505950927734,40.755821228027344,-73.98757934570312,40.74847030639648,526.22,4725,4725,-1.0,-1.0,-1,-1,0.0
35102,-73.946533203125,40.77249526977539,-73.99239349365234,40.74943923950195,1226.91,4725,4725,-1.0,-1.0,-1,-1,0.0
35103,-73.98594665527344,40.757572174072266,-73.98996734619139,40.73891830444336,580.68,4725,4725,4775.04,5397.46,50.039999999999964,41.74000000000012,1.071881242680995
35104,-73.95499420166014,40.77346420288085,-73.98043823242188,40.74099349975585,865.75,4726,4726,4750.29,5639.69,24.289999999999964,23.649999999999636,1.0273173548945997
35105,-73.97476959228516,40.742088317871094,-73.99490356445312,40.75948715209961,915.58,4726,4726,4743.19,5658.77,17.1899999999996,7.958078640513122e-13,1.0000000000000009
35106,-74.00154113769531,40.72233963012695,-74.00021362304686,40.73286056518555,260.95,4726,4726,4893.49,5154.44,167.48999999999978,-1.7053025658242404e-13,0.9999999999999993
35107,-73.99264526367188,40.74544525146485,-73.98003387451173,40.7390251159668,449.04,4726,4726,-1.0,-1.0,-1,-1,0.0
35108,-74.00811004638672,40.73943328857422,-73.99040985107422,40.7346305847168,508.36,4726,4726,4776.21,5284.57,50.210000000000036,-3.410605131648481e-13,0.9999999999999993
35109,-73.97665405273438,40.75496292114258,-73.96481323242188,40.76409912109375,434.51,4726,4726,-1.0,-1.0,-1,-1,0.0
35110,-73.95732879638672,40.7745246887207,-73.99148559570312,40.74235534667969,1175.98,4727,4727,4802.33,5978.3099999999995,75.32999999999993,-4.547473508864641e-13,0.9999999999999997
35111,-73.9820785522461,40.76910781860352,-73.99018859863281,40.77151489257813,241.54,4727,4727,-1.0,-1.0,-1,-1,0.0
35112,-73.96842193603516,40.762073516845696,-73.99376678466798,40.73708724975585,809.55,4727,4727,4776.11,5603.36,49.10999999999967,17.700000000000045,1.0218639985176952
35113,-73.98600006103516,40.73514938354492,-74.00023651123048,40.72723388671875,464.68,4727,4727,4781.28,5250.79,54.279999999999745,4.8300000000002115,1.0103942498063188
35114,-73.99227905273438,40.74263381958008,-73.99247741699219,40.7495231628418,237.42,4727,4727,4781.42,5018.84,54.42000000000007,8.526512829121202e-14,1.0000000000000004
35115,-73.96308898925781,40.77151107788085,-73.98168182373048,40.75225067138672,728.69,4727,4727,4920.88,5649.57,193.8800000000001,-4.547473508864641e-13,0.9999999999999993
35116,-73.9666976928711,40.76985168457031,-73.95233917236328,40.76876831054688,408.51,4727,4727,4752.96,5161.47,25.960000000000036,2.2737367544323206e-13,1.0000000000000007
35117,-73.99356079101562,40.72454071044922,-74.00881958007811,40.71377182006836,553.64,4727,4727,4767.71,5321.35,40.710000000000036,3.410605131648481e-13,1.0000000000000007
35118,-73.97345733642578,40.76006317138672,-73.97447967529298,40.778228759765625,552.14,4727,4727,-1.0,-1.0,-1,-1,0.0
35119,-73.98262023925781,40.76093673706055,-73.96251678466798,40.77642822265625,667.09,4727,4727,-1.0,-1.0,-1,-1,0.0
35120,-73.99709320068358,40.74231338500977,-73.99172973632812,40.759578704833984,603.19,4728,4728,-1.0,-1.0,-1,-1,0.0
35121,-73.95917510986328,40.76250457763672,-73.96186065673827,40.75591659545898,280.91,4728,4728,-1.0,-1.0,-1,-1,0.0
35122,-73.9561996459961,40.763771057128906,-73.97499084472656,40.74617004394531,433.18,4728,4728,4751.55,5184.73,23.550000000000182,-6.252776074688882e-13,0.9999999999999986
35123,-73.98834228515625,40.734375,-74.00324249267578,40.72419738769531,528.38,4728,4728,-1.0,-1.0,-1,-1,0.0
35124,-73.98725891113281,40.7358512878418,-74.00567626953125,40.74039077758789,532.34,4728,4728,4770.63,5302.97,42.63000000000011,1.1368683772161603e-13,1.0000000000000002
35125,-74.0022735595703,40.75554275512695,-73.99956512451173,40.74566650390625,311.95,4728,4728,-1.0,-1.0,-1,-1,0.0
35126,-73.98331451416014,40.7662467956543,-73.96360015869139,40.77421569824219,528.98,4728,4728,-1.0,-1.0,-1,-1,0.0
35127,-73.98745727539062,40.76871109008789,-73.97161102294923,40.75099563598633,879.0,4728,4728,4825.95,5704.95,97.94999999999982,0.0,1.0
35128,-73.97459411621094,40.75337600708008,-73.97722625732422,40.74517440795898,232.54,4728,4728,-1.0,-1.0,-1,-1,0.0
35129,-74.003173828125,40.723182678222656,-73.99744415283203,40.72538375854492,207.21,4728,4728,-1.0,-1.0,-1,-1,0.0
35130,-73.98807525634766,40.74378967285156,-73.99931335449219,40.73923110961913,279.12,4728,4728,4755.26,5034.38,27.26000000000022,-1.1368683772161603e-13,0.9999999999999996
35131,-73.98368072509766,40.730079650878906,-73.998779296875,40.73398971557617,469.59,4728,4728,4951.87,5421.46,223.8699999999999,1.7053025658242404e-13,1.0000000000000004
35132,-73.98599243164062,40.75265884399415,-73.9659423828125,40.75611114501953,602.44,4728,4728,4770.03,5415.18,42.029999999999745,42.71000000000049,1.0708950268906454
35133,-73.98013305664062,40.754554748535156,-73.99586486816406,40.721107482910156,954.11,4729,4729,-1.0,-1.0,-1,-1,0.0
35134,-73.9925079345703,40.7242431640625,-73.97450256347656,40.72572326660156,519.65,4729,4729,4781.96,5301.61,52.960000000000036,-3.410605131648481e-13,0.9999999999999993
35135,-74.00276947021484,40.73376083374024,-74.01181030273438,40.70428085327149,846.38,4729,4729,-1.0,-1.0,-1,-1,0.0
35136,-74.01058959960938,40.703269958496094,-73.96143341064453,40.76520156860352,989.35,4729,4729,-1.0,-1.0,-1,-1,0.0
35137,-73.95825958251955,40.81083297729492,-73.95966339111328,40.77398300170898,846.04,4729,4729,4840.71,5686.75,111.71000000000004,0.0,1.0
35138,-73.9833984375,40.74378204345703,-73.98175048828125,40.72922897338867,474.5,4729,4729,-1.0,-1.0,-1,-1,0.0
35139,-73.97431182861328,40.73691940307617,-74.00719451904298,40.74061584472656,1058.59,4729,4729,-1.0,-1.0,-1,-1,0.0
35140,-73.98160552978516,40.77873611450195,-73.93929290771484,40.81605529785156,1021.82,4729,4729,4746.93,5838.5,17.93000000000029,69.74999999999966,1.0682605546965216
35141,-73.98867797851562,40.75363159179688,-73.98423767089844,40.774768829345696,624.04,4730,4730,-1.0,-1.0,-1,-1,0.0
35142,-73.9806137084961,40.75893020629883,-73.96702575683594,40.77252578735352,454.18,4730,4730,4787.41,5241.59,57.409999999999854,2.8421709430404007e-13,1.0000000000000007
35143,-73.97442626953125,40.794246673583984,-73.98025512695312,40.78036880493164,347.63,4730,4730,4762.49,5189.73,32.48999999999978,79.60999999999979,1.2290078531772282
35144,-73.98240661621094,40.73126602172852,-73.97602844238281,40.76561737060547,1030.58,4730,4730,5005.58,6036.160000000001,275.5799999999999,9.094947017729282e-13,1.0000000000000009
35145,-73.94647216796875,40.78527069091797,-73.95123291015625,40.77032852172852,343.74,4730,4730,4983.76,5327.5,253.76000000000022,-2.2737367544323206e-13,0.9999999999999993
35146,-73.98996734619139,40.741859436035156,-73.984375,40.74571990966797,188.93,4730,4730,-1.0,-1.0,-1,-1,0.0
35147,-73.98600006103516,40.73094177246094,-73.99070739746094,40.72438049316406,190.95,4730,4730,4740.96,4931.91,10.960000000000036,-1.7053025658242404e-13,0.9999999999999991
35148,-73.97623443603516,40.79106521606445,-73.9920196533203,40.76996612548828,400.75,4730,4730,4783.35,5184.1,53.350000000000364,0.0,1.0
35149,-73.99180603027342,40.7448844909668,-74.00754547119139,40.74094772338867,515.78,4730,4730,-1.0,-1.0,-1,-1,0.0
35150,-73.97720336914062,40.74907302856445,-73.98650360107422,40.73805236816406,298.83,4731,4731,-1.0,-1.0,-1,-1,0.0
35151,-73.99988555908203,40.72856521606445,-73.98687744140625,40.72106552124024,521.63,4731,4731,4796.75,5318.38,65.75,1.1368683772161603e-13,1.0000000000000002
35152,-73.98050689697266,40.7593002319336,-73.95565795898438,40.76867294311523,771.76,4731,4731,4747.83,5531.05,16.829999999999927,11.460000000000264,1.0148491759096097
35153,-73.9739990234375,40.78290939331055,-73.955322265625,40.78787612915039,457.91,4731,4731,4829.38,5287.29,98.38000000000011,-1.7053025658242404e-13,0.9999999999999997
35154,-73.98995971679686,40.73036575317383,-73.97891998291014,40.72011184692383,436.08,4731,4731,4791.42,5227.5,60.42000000000007,-5.684341886080802e-14,0.9999999999999999
35155,-74.00724029541014,40.71809768676758,-74.01351165771484,40.70730972290039,492.26,4731,4731,-1.0,-1.0,-1,-1,0.0
35156,-73.95457458496094,40.7778434753418,-73.93723297119139,40.79793167114258,349.83,4732,4732,-1.0,-1.0,-1,-1,0.0
35157,-73.99179077148438,40.72991943359375,-73.98391723632812,40.73801803588867,241.91,4732,4732,4762.37,5004.28,30.36999999999989,-1.4210854715202004e-13,0.9999999999999994
35158,-73.98674011230467,40.743690490722656,-73.96521759033203,40.80445098876953,1445.8,4732,4732,-1.0,-1.0,-1,-1,0.0
35159,-74.00078582763672,40.74737930297852,-73.99442291259766,40.72604751586913,736.29,4732,4732,4748.74,5499.66,16.73999999999978,14.63000000000011,1.0198698882233903
35160,-74.00408935546875,40.72201919555664,-73.99758911132812,40.72491836547852,328.3,4732,4732,4844.5,5172.8,112.5,1.7053025658242404e-13,1.0000000000000004
35161,-73.9487075805664,40.77766036987305,-73.94049072265625,40.81446075439453,613.81,4732,4732,4755.07,5368.88,23.06999999999971,4.547473508864641e-13,1.0000000000000007
35162,-73.98802947998048,40.71861267089844,-74.00508117675781,40.7229881286621,673.37,4732,4732,4759.82,5433.19,27.81999999999971,-1.1368683772161603e-13,0.9999999999999998
35163,-73.97428131103516,40.75197219848633,-73.95624542236328,40.7843017578125,784.44,4732,4732,-1.0,-1.0,-1,-1,0.0
35164,-73.9720001220703,40.75917053222656,-73.97765350341797,40.77785110473633,644.58,4732,4732,-1.0,-1.0,-1,-1,0.0
35165,-73.98802947998048,40.73843765258789,-74.00406646728516,40.7426643371582,475.54,4732,4732,-1.0,-1.0,-1,-1,0.0
35166,-74.00067901611328,40.74778366088867,-73.99160766601562,40.74794387817383,274.5,4732,4732,-1.0,-1.0,-1,-1,0.0
35167,-73.97409057617188,40.73111343383789,-73.98355865478516,40.71080017089844,382.5,4733,4733,4802.49,5184.99,69.48999999999978,0.0,1.0
35168,-74.00061798095702,40.75233840942383,-73.99877166748048,40.76380920410156,304.74,4733,4733,4752.2300000000005,5134.02,19.230000000000473,77.04999999999995,1.2528384852661283
35169,-73.98046875,40.774879455566406,-73.97037506103516,40.78490447998047,327.59,4733,4733,5039.4,5366.99,306.39999999999964,1.7053025658242404e-13,1.0000000000000004
35170,-73.98162841796875,40.74087524414063,-73.99134063720702,40.75350570678711,643.06,4733,4733,4750.11,5393.17,17.109999999999673,4.547473508864641e-13,1.0000000000000007
35171,-73.9743881225586,40.754173278808594,-73.99166870117188,40.74078369140625,507.96,4733,4733,-1.0,-1.0,-1,-1,0.0
35172,-73.98226165771484,40.76828002929688,-73.98365020751955,40.76133728027344,249.16,4733,4733,-1.0,-1.0,-1,-1,0.0
35173,-73.9864501953125,40.74011611938477,-73.96380615234375,40.75731658935547,549.52,4733,4733,4756.64,5306.16,23.640000000000327,-4.547473508864641e-13,0.9999999999999992
35174,-73.97830200195312,40.737129211425774,-73.98017883300781,40.76319122314453,1010.59,4733,4733,-1.0,-1.0,-1,-1,0.0
35175,-73.96997833251955,40.75297927856445,-73.9643325805664,40.76290512084961,316.21,4733,4733,4769.29,5085.5,36.289999999999964,5.684341886080802e-14,1.0000000000000002
35176,-73.98726654052734,40.73945236206055,-73.98798370361328,40.73215866088867,278.03,4733,4733,-1.0,-1.0,-1,-1,0.0
35177,-73.96623229980467,40.804786682128906,-73.97814178466798,40.78396987915039,492.45,4733,4733,4778.31,5287.38,45.3100000000004,16.61999999999972,1.0337496192506848
35178,-73.95587921142578,40.772159576416016,-73.96665954589844,40.75497817993164,566.56,4733,4733,-1.0,-1.0,-1,-1,0.0
35179,-73.99498748779298,40.72560501098633,-74.00200653076173,40.7508201599121,828.65,4733,4733,-1.0,-1.0,-1,-1,0.0
35180,-73.99285888671875,40.7254638671875,-73.98632049560547,40.72956085205078,226.16,4734,4734,4925.8,5151.96,191.80000000000018,-1.4210854715202004e-13,0.9999999999999993
35181,-73.97964477539062,40.755226135253906,-73.99454498291014,40.73235702514648,555.68,4734,4734,-1.0,-1.0,-1,-1,0.0
35182,-73.95140838623048,40.78521347045898,-73.95625305175781,40.77299880981445,328.42,4734,4734,4790.75,5119.17,56.75,5.684341886080802e-14,1.0000000000000002
35183,-73.99213409423827,40.73896026611328,-74.0047607421875,40.72960662841797,374.83,4734,4734,-1.0,-1.0,-1,-1,0.0
35184,-73.9892578125,40.747989654541016,-73.97808074951173,40.75249099731445,343.54,4734,4734,-1.0,-1.0,-1,-1,0.0
35185,-73.96659851074219,40.7617416381836,-73.98606109619139,40.76750183105469,691.62,4734,4734,-1.0,-1.0,-1,-1,0.0
35186,-73.98387908935547,40.76459884643555,-73.99109649658203,40.7334098815918,1060.93,4734,4734,-1.0,-1.0,-1,-1,0.0
35187,-73.97931671142578,40.75021362304688,-74.00790405273438,40.73943710327149,858.75,4735,4735,-1.0,-1.0,-1,-1,0.0
35188,-73.97601318359375,40.760337829589844,-73.9831771850586,40.75525665283203,288.5,4735,4735,-1.0,-1.0,-1,-1,0.0
35189,-73.98200988769531,40.768821716308594,-73.97518920898438,40.78759002685547,464.7,4735,4735,-1.0,-1.0,-1,-1,0.0
35190,-73.94451141357422,40.77936172485352,-73.95416259765625,40.78484725952149,303.78,4735,4735,4816.33,5120.11,81.32999999999993,-2.2737367544323206e-13,0.9999999999999992
35191,-73.9884262084961,40.74895095825195,-73.98422241210938,40.763771057128906,483.11,4735,4735,4773.6,5324.38,38.600000000000364,67.66999999999973,1.1400716192999518
35192,-74.00634002685547,40.75108337402344,-74.0038833618164,40.74209213256836,230.16,4735,4735,4784.32,5014.48,49.31999999999971,-1.4210854715202004e-13,0.9999999999999993
35193,-73.97428131103516,40.76152038574219,-73.97857666015625,40.74768829345703,479.3,4735,4735,-1.0,-1.0,-1,-1,0.0
35194,-73.99958801269531,40.72663879394531,-73.98857116699219,40.722938537597656,318.17,4735,4735,4746.41,5064.58,11.409999999999854,5.684341886080802e-14,1.0000000000000002
35195,-73.99092102050781,40.7564697265625,-73.99649810791014,40.72203063964844,1145.71,4736,4736,4740.0,5943.7300000000005,4.0,58.02000000000044,1.050641087186112
35196,-73.99147033691406,40.75005722045898,-74.00350189208984,40.72040939331055,628.39,4736,4736,-1.0,-1.0,-1,-1,0.0
35197,-73.9815902709961,40.773536682128906,-73.96714782714845,40.756813049316406,791.88,4736,4736,4769.03,5560.91,33.029999999999745,1.1368683772161603e-13,1.0000000000000002
35198,-73.98212432861328,40.76254653930664,-73.99845886230467,40.7243766784668,1112.1,4736,4736,-1.0,-1.0,-1,-1,0.0
35199,-73.98484802246094,40.74763107299805,-73.9940185546875,40.73291015625,339.21,4737,4737,-1.0,-1.0,-1,-1,0.0
35200,-73.97779083251955,40.78708267211913,-73.95304870605469,40.78680038452149,559.12,4737,4737,4774.68,5404.63,37.68000000000029,70.82999999999981,1.1266812133352408
35201,-73.9931411743164,40.722511291503906,-73.98375701904298,40.767189025878906,1306.99,4737,4737,5059.76,6366.75,322.7600000000002,-2.2737367544323206e-13,0.9999999999999998
35202,-74.01364135742188,40.71445846557617,-73.9865493774414,40.74635314941406,970.36,4737,4737,4749.29,5745.9800000000005,12.289999999999964,26.330000000000496,1.0271342594501014
35203,-73.9845199584961,40.74348831176758,-73.99198150634766,40.74882125854492,418.71,4737,4737,-1.0,-1.0,-1,-1,0.0
35204,-73.98502349853516,40.72195434570313,-73.99783325195312,40.72915649414063,398.38,4737,4737,4812.95,5211.33,75.94999999999982,1.1368683772161603e-13,1.0000000000000002
35205,-73.98872375488281,40.75355529785156,-73.99944305419923,40.73583221435547,399.72,4738,4738,4752.84,5152.56,14.840000000000146,2.2737367544323206e-13,1.0000000000000007
35206,-73.96607971191406,40.758613586425774,-73.97947692871094,40.72357177734375,762.51,4738,4738,4745.51,5580.5199999999995,7.510000000000218,72.49999999999932,1.0950807202528483
35207,-73.98690795898438,40.74480056762695,-73.99594116210938,40.732810974121094,240.33,4738,4738,4786.72,5027.05,48.720000000000255,-8.526512829121202e-14,0.9999999999999997
35208,-73.9970474243164,40.71464538574219,-73.99872589111328,40.73482131958008,635.29,4738,4738,4972.01,5607.3,234.01000000000022,0.0,1.0
35209,-73.9547576904297,40.76823806762695,-73.99028778076173,40.71898651123047,1087.12,4738,4738,4778.4,5865.52,40.399999999999636,9.094947017729282e-13,1.0000000000000009
35210,-74.00543975830078,40.73955535888672,-73.99989318847656,40.72852325439453,425.55,4738,4738,-1.0,-1.0,-1,-1,0.0
35211,-73.9798355102539,40.784004211425774,-74.0086441040039,40.72328567504883,1196.82,4738,4738,5318.9,6515.72,580.8999999999996,6.821210263296962e-13,1.0000000000000007
35212,-73.97805023193358,40.75300598144531,-73.9798583984375,40.74301528930664,487.46,4738,4738,4769.76,5257.22,31.76000000000022,5.684341886080802e-14,1.0000000000000002
35213,-73.99260711669923,40.72842788696289,-73.98790740966798,40.73815536499024,269.61,4738,4738,4783.04,5052.65,45.039999999999964,-3.410605131648481e-13,0.9999999999999988
35214,-73.96353912353516,40.768741607666016,-73.97856903076173,40.7480697631836,567.77,4739,4739,4794.18,5361.95,55.18000000000029,-4.547473508864641e-13,0.9999999999999992
35215,-74.01705169677734,40.7053108215332,-74.01451873779298,40.715492248535156,279.17,4739,4739,4888.42,5167.59,149.42000000000007,5.684341886080802e-14,1.0000000000000002
35216,-73.9913330078125,40.71694946289063,-73.97855377197266,40.74127960205078,557.92,4739,4739,4969.34,5527.26,230.34000000000015,1.1368683772161603e-13,1.0000000000000002
35217,-74.00172424316406,40.71958541870117,-73.9881591796875,40.7483787536621,731.33,4739,4739,-1.0,-1.0,-1,-1,0.0
35218,-73.98844146728516,40.75023651123047,-73.98928833007811,40.720378875732415,1192.9,4739,4739,-1.0,-1.0,-1,-1,0.0
35219,-73.96263885498048,40.77564239501953,-73.95352935791014,40.77686309814453,270.41,4740,4740,4762.96,5033.37,22.960000000000036,-1.7053025658242404e-13,0.9999999999999993
35220,-73.9757080078125,40.75802993774415,-73.95407104492188,40.78738021850585,598.6,4740,4740,4758.72,5357.32,18.720000000000255,-5.684341886080801e-13,0.999999999999999
35221,-73.9732894897461,40.76379013061523,-73.954833984375,40.783515930175774,553.14,4740,4740,4776.93,5330.07,36.93000000000029,-5.684341886080801e-13,0.999999999999999
35222,-73.94567108154298,40.77370834350585,-74.00299072265625,40.75051879882813,1461.51,4740,4740,-1.0,-1.0,-1,-1,0.0
35223,-73.97509765625,40.76118087768555,-73.97348022460938,40.78709030151367,754.55,4741,4741,-1.0,-1.0,-1,-1,0.0
35224,-74.00275421142578,40.71849822998047,-74.01580047607422,40.7115478515625,454.21,4741,4741,-1.0,-1.0,-1,-1,0.0
35225,-73.95652770996094,40.76696014404297,-73.9470977783203,40.77996063232422,198.46,4741,4741,4879.79,5078.25,138.78999999999996,2.842170943040401e-14,1.0000000000000002
35226,-73.98303985595702,40.731609344482415,-73.99610137939453,40.740398406982415,444.92,4741,4741,4884.96,5329.88,143.96000000000004,5.684341886080802e-14,1.0000000000000002
35227,-73.99568176269531,40.76435089111328,-73.97464752197266,40.76348876953125,589.99,4741,4741,4814.54,5404.53,73.53999999999996,-2.2737367544323206e-13,0.9999999999999997
35228,-73.96550750732422,40.75912857055664,-73.9838333129883,40.72224044799805,850.81,4742,4742,4770.0,5620.8099999999995,28.0,-4.547473508864641e-13,0.9999999999999994
35229,-73.96926879882812,40.76074981689453,-73.97528076171875,40.752689361572266,232.26,4742,4742,-1.0,-1.0,-1,-1,0.0
35230,-73.98928833007811,40.76293563842773,-74.0037384033203,40.74586868286133,534.91,4742,4742,-1.0,-1.0,-1,-1,0.0
35231,-73.98250579833984,40.764076232910156,-73.97184753417969,40.74353790283203,1003.59,4742,4742,4794.1,5797.69,52.100000000000364,-7.958078640513122e-13,0.9999999999999992
35232,-74.0040054321289,40.74205017089844,-73.98115539550781,40.76453399658203,886.03,4742,4742,4785.14,5745.18,43.14000000000033,74.00999999999999,1.0835299030506869
35233,-74.00557708740234,40.72579574584961,-73.98639678955078,40.731300354003906,580.2,4742,4742,4859.79,5439.99,117.78999999999996,-2.2737367544323206e-13,0.9999999999999996
35234,-73.97429656982422,40.75056838989258,-73.98409271240234,40.774429321289055,933.05,4742,4742,-1.0,-1.0,-1,-1,0.0
35235,-73.97538757324219,40.78784942626953,-73.95211029052734,40.78147888183594,540.2,4742,4742,4796.13,5392.66,54.13000000000011,56.3299999999997,1.1042761940022208
35236,-73.95896911621094,40.76354598999024,-73.94879913330078,40.77765274047852,223.5,4743,4743,4777.78,5001.28,34.779999999999745,0.0,1.0
35237,-74.00743865966798,40.705169677734375,-73.95164489746094,40.75963973999024,1316.41,4743,4743,5223.97,6540.38,480.97000000000025,-2.2737367544323206e-13,0.9999999999999998
35238,-73.97171783447266,40.763431549072266,-74.01174926757811,40.7203483581543,1421.08,4743,4743,-1.0,-1.0,-1,-1,0.0
35239,-73.96610260009766,40.794830322265625,-73.9587631225586,40.77868270874024,438.4,4743,4743,4770.35,5242.76,27.350000000000364,34.00999999999988,1.0775775547445252
35240,-74.01319122314453,40.71520614624024,-74.00809478759766,40.73759460449219,344.43,4743,4743,4864.08,5208.51,121.07999999999993,2.8421709430404007e-13,1.0000000000000009
35241,-73.9999008178711,40.731239318847656,-73.99608612060547,40.71998977661133,531.87,4743,4743,-1.0,-1.0,-1,-1,0.0
35242,-73.97956848144531,40.77202987670898,-73.99134063720702,40.75054931640625,781.57,4743,4743,4778.25,5584.43,35.25,24.61000000000024,1.0314879025551138
35243,-74.00541687011719,40.74052047729492,-73.97892761230467,40.75928115844727,804.63,4743,4743,-1.0,-1.0,-1,-1,0.0
35244,-73.99309539794923,40.73252868652344,-73.98070526123048,40.770809173583984,1113.22,4743,4743,-1.0,-1.0,-1,-1,0.0
35245,-73.99620056152342,40.73727035522461,-73.9998321533203,40.72677993774415,422.83,4744,4744,4787.41,5210.24,43.409999999999854,-5.684341886080802e-14,0.9999999999999999
35246,-73.97440338134766,40.76234817504883,-73.97206115722656,40.75743865966797,274.33,4744,4744,-1.0,-1.0,-1,-1,0.0
35247,-74.00275421142578,40.73567199707031,-73.97850036621094,40.752708435058594,804.68,4744,4744,-1.0,-1.0,-1,-1,0.0
35248,-73.99781036376955,40.73366928100585,-73.9990234375,40.7263298034668,267.34,4744,4744,4832.49,5099.83,88.48999999999978,1.7053025658242404e-13,1.0000000000000007
35249,-73.98544311523438,40.77324295043945,-73.97225952148438,40.79378509521485,406.91,4744,4744,4797.2,5204.11,53.19999999999982,-1.7053025658242404e-13,0.9999999999999996
35250,-73.99064636230467,40.7298583984375,-74.00955200195312,40.71500015258789,673.46,4745,4745,4880.37,5553.83,135.3699999999999,0.0,1.0
35251,-74.00226593017578,40.7293701171875,-73.98367309570312,40.72578430175781,520.59,4745,4745,-1.0,-1.0,-1,-1,0.0
35252,-73.99638366699219,40.75323486328125,-74.00386047363281,40.74208068847656,244.35,4745,4745,4770.0,5014.35,25.0,3.694822225952521e-13,1.0000000000000016
35253,-73.96495819091797,40.77151107788085,-73.95397186279298,40.77540969848633,321.28,4745,4745,4803.18,5124.46,58.18000000000029,-2.2737367544323206e-13,0.9999999999999993
35254,-73.95854187011719,40.77837371826172,-74.0100860595703,40.70444107055664,1378.73,4745,4745,-1.0,-1.0,-1,-1,0.0
35255,-73.96730041503906,40.78812026977539,-73.95594024658203,40.779640197753906,365.07,4746,4746,4793.87,5158.94,47.86999999999989,-2.8421709430404007e-13,0.9999999999999992
35256,-73.96236419677734,40.77587890625,-73.93807983398438,40.80458068847656,597.55,4746,4746,4791.34,5388.89,45.340000000000146,2.2737367544323206e-13,1.0000000000000004
35257,-73.9498519897461,40.78041076660156,-73.95994567871094,40.778892517089844,312.66,4746,4746,-1.0,-1.0,-1,-1,0.0
35258,-73.95433044433594,40.77006149291992,-73.98844146728516,40.72346115112305,1009.28,4746,4746,4864.24,5873.52,118.23999999999978,6.821210263296962e-13,1.0000000000000007
35259,-73.98731231689453,40.72243881225585,-73.98787689208984,40.74778366088867,913.97,4746,4746,4792.75,5706.72,46.75,2.2737367544323206e-13,1.0000000000000002
35260,-73.95237731933594,40.772560119628906,-73.9910659790039,40.76054763793945,1052.47,4746,4746,-1.0,-1.0,-1,-1,0.0
35261,-73.96919250488281,40.757637023925774,-74.00909423828125,40.706764221191406,1171.71,4746,4746,4951.79,6123.5,205.78999999999996,0.0,1.0
35262,-73.98921203613281,40.75851821899415,-73.97463989257811,40.76233291625977,462.46,4746,4746,-1.0,-1.0,-1,-1,0.0
35263,-73.98731994628906,40.7407112121582,-74.00572967529298,40.74010848999024,568.95,4746,4746,4783.62,5352.57,37.61999999999989,-2.2737367544323206e-13,0.9999999999999996
35264,-73.97614288330078,40.763008117675774,-73.96444702148438,40.76028442382813,498.15,4746,4746,-1.0,-1.0,-1,-1,0.0
35265,-73.95294189453125,40.79165267944336,-73.97476959228516,40.79304504394531,383.73,4747,4747,4903.04,5286.7699999999995,156.03999999999996,-4.547473508864641e-13,0.9999999999999988
35266,-73.98165130615234,40.75250244140625,-73.98890686035155,40.71915054321289,1030.96,4747,4747,4792.04,5886.66,45.039999999999964,63.659999999999854,1.0617482734538681
35267,-73.97365570068358,40.76070785522461,-73.95457458496094,40.78666687011719,522.43,4747,4747,-1.0,-1.0,-1,-1,0.0
35268,-73.97707366943358,40.76315307617188,-73.95021057128906,40.77568054199219,753.89,4747,4747,4798.78,5567.32,51.779999999999745,14.649999999999977,1.0194325432092215
35269,-74.00521850585938,40.74123764038085,-73.98999786376955,40.73335647583008,544.04,4747,4747,4783.87,5327.91,36.86999999999989,0.0,1.0
35270,-73.9939727783203,40.724647521972656,-74.0057601928711,40.74028015136719,586.67,4747,4747,4774.76,5438.51,27.76000000000022,77.08000000000004,1.1313856171271754
35271,-73.97245788574219,40.76324081420898,-74.00956726074219,40.710853576660156,1563.75,4748,4748,4777.73,6387.13,29.729999999999563,45.650000000000546,1.0291926458832936
35272,-73.97686767578125,40.75527572631836,-74.00323486328125,40.73298645019531,788.04,4748,4748,4785.3,5654.93,37.30000000000018,81.59000000000015,1.1035353535353538
35273,-73.95426940917969,40.77313232421875,-73.96075439453125,40.76155090332031,446.63,4748,4748,4786.02,5232.65,38.02000000000044,-7.958078640513122e-13,0.9999999999999982
35274,-73.97674560546875,40.7751579284668,-73.9449691772461,40.774803161621094,787.05,4748,4748,-1.0,-1.0,-1,-1,0.0
35275,-73.9645004272461,40.754791259765625,-73.97838592529298,40.737171173095696,561.38,4749,4749,4882.92,5444.3,133.92000000000007,1.1368683772161603e-13,1.0000000000000002
35276,-73.99736785888672,40.72613906860352,-73.9847412109375,40.72830581665039,351.78,4749,4749,4790.33,5169.95,41.32999999999993,27.839999999999918,1.0791403718232984
35277,-73.99044036865234,40.75609588623047,-73.9900131225586,40.76704025268555,342.51,4749,4749,4791.2,5133.71,42.19999999999982,2.2737367544323206e-13,1.0000000000000007
35278,-73.96420288085938,40.807823181152344,-73.96927642822266,40.80336380004883,284.21,4749,4749,4917.38,5201.59,168.3800000000001,5.684341886080802e-14,1.0000000000000002
35279,-73.97804260253906,40.74665451049805,-73.99015045166014,40.75119400024415,484.78,4749,4749,-1.0,-1.0,-1,-1,0.0
35280,-74.0019989013672,40.75593185424805,-73.96633148193358,40.805809020996094,896.01,4749,4749,-1.0,-1.0,-1,-1,0.0
35281,-73.9955520629883,40.76464080810547,-73.97669982910156,40.750709533691406,853.66,4749,4749,4781.47,5635.13,32.470000000000255,-1.1368683772161603e-13,0.9999999999999999
35282,-73.9538803100586,40.77493667602539,-73.96443939208984,40.77150344848633,294.47,4749,4749,4784.28,5078.75,35.279999999999745,2.2737367544323206e-13,1.0000000000000007
35283,-73.99219512939453,40.7475700378418,-73.99417877197266,40.72287368774415,861.81,4749,4749,4797.93,5659.74,48.93000000000029,-4.547473508864641e-13,0.9999999999999994
35284,-73.9883804321289,40.75468826293945,-73.99659729003906,40.7503318786621,297.86,4749,4749,-1.0,-1.0,-1,-1,0.0
35285,-73.99476623535155,40.74023818969727,-73.9924087524414,40.74929809570313,302.8,4750,4750,4887.83,5190.63,137.82999999999993,1.7053025658242404e-13,1.0000000000000007
35286,-74.00645446777344,40.74868392944336,-73.9840087890625,40.775482177734375,573.28,4750,4750,-1.0,-1.0,-1,-1,0.0
35287,-73.97924041748048,40.77683639526367,-73.98213958740234,40.76511001586913,354.11,4750,4750,-1.0,-1.0,-1,-1,0.0
35288,-73.9831771850586,40.73877716064453,-73.9908676147461,40.72432327270508,372.14,4750,4750,-1.0,-1.0,-1,-1,0.0
35289,-73.98696899414062,40.74508666992188,-73.9918212890625,40.72723388671875,525.71,4750,4750,-1.0,-1.0,-1,-1,0.0
35290,-73.95333862304686,40.779632568359375,-73.94682312011719,40.77340698242188,281.24,4750,4750,-1.0,-1.0,-1,-1,0.0
35291,-73.97158813476562,40.7819938659668,-73.95882415771484,40.7780876159668,328.83,4750,4750,5039.66,5368.49,289.65999999999985,-5.684341886080802e-14,0.9999999999999998
35292,-73.96090698242188,40.76653671264648,-73.99076080322266,40.72963333129883,1011.91,4750,4750,4791.57,5847.07,41.56999999999971,43.59000000000003,1.0430769534840054
35293,-73.95519256591797,40.78020858764648,-73.9627456665039,40.77556610107422,278.26,4750,4750,4894.91,5173.17,144.90999999999985,2.2737367544323206e-13,1.0000000000000009
35294,-73.99806976318358,40.7542839050293,-73.96443176269531,40.76446914672852,1096.99,4750,4750,-1.0,-1.0,-1,-1,0.0
35295,-73.99447631835938,40.71958923339844,-73.99175262451173,40.7151756286621,324.24,4750,4750,4923.24,5247.4800000000005,173.23999999999978,6.821210263296962e-13,1.000000000000002
35296,-73.9949493408203,40.76179885864258,-73.99260711669923,40.75516128540039,335.12,4750,4750,-1.0,-1.0,-1,-1,0.0
35297,-73.99845886230467,40.75542831420898,-73.97663116455078,40.75121307373047,687.39,4750,4750,-1.0,-1.0,-1,-1,0.0
35298,-73.99365234375,40.741714477539055,-74.00487518310547,40.74176788330078,300.94,4750,4750,-1.0,-1.0,-1,-1,0.0
35299,-73.95549011230467,40.77949142456055,-73.94094085693358,40.79333114624024,321.87,4751,4751,4945.57,5267.44,194.5699999999997,-1.1368683772161603e-13,0.9999999999999997
35300,-73.98179626464844,40.75185012817383,-74.00334930419923,40.74410629272461,550.29,4751,4751,4805.09,5410.69,54.090000000000146,55.30999999999949,1.1005106398444446
35301,-73.98434448242188,40.759761810302734,-73.98667907714845,40.7641716003418,272.96,4751,4751,-1.0,-1.0,-1,-1,0.0
35302,-73.95111846923827,40.80269241333008,-73.9419937133789,40.81727600097656,365.98,4751,4751,5162.66,5528.64,411.65999999999985,4.547473508864641e-13,1.0000000000000013
35303,-73.98202514648438,40.74052810668945,-73.99097442626955,40.75601196289063,725.57,4751,4751,-1.0,-1.0,-1,-1,0.0
35304,-73.97579956054686,40.7578353881836,-73.94772338867188,40.77098083496094,765.75,4751,4751,4783.05,5585.96,32.05000000000018,37.159999999999854,1.0485275873326803
35305,-73.98439025878906,40.76192092895508,-74.0020980834961,40.74685668945313,618.99,4751,4751,-1.0,-1.0,-1,-1,0.0
35306,-73.98963165283203,40.73564147949219,-73.97998809814453,40.74879837036133,380.23,4752,4752,4803.45,5215.18,51.44999999999982,31.500000000000455,1.0828445940614904
35307,-74.00695037841797,40.73052978515625,-74.00062561035155,40.73474884033203,258.0,4752,4752,-1.0,-1.0,-1,-1,0.0
35308,-73.98373413085938,40.746971130371094,-73.97398376464845,40.76005172729492,342.14,4752,4752,-1.0,-1.0,-1,-1,0.0
35309,-73.9732666015625,40.744178771972656,-73.98757934570312,40.75033950805664,569.86,4752,4752,4788.21,5358.07,36.210000000000036,-3.410605131648481e-13,0.9999999999999994
35310,-73.96287536621094,40.76345825195313,-73.96096038818358,40.76676940917969,203.16,4752,4752,-1.0,-1.0,-1,-1,0.0
35311,-73.95958709716798,40.77502822875977,-73.96383666992188,40.76774978637695,186.07,4752,4752,4786.41,4972.48,34.409999999999854,-2.8421709430404007e-13,0.9999999999999984
35312,-73.97833251953125,40.753433227539055,-73.98120880126955,40.738868713378906,553.09,4752,4752,4808.14,5387.48,56.14000000000033,26.249999999999204,1.0474606302771687
35313,-73.98111724853516,40.737510681152344,-74.00021362304686,40.74764633178711,684.03,4753,4753,-1.0,-1.0,-1,-1,0.0
35314,-73.97894287109375,40.7503318786621,-73.96681976318358,40.803470611572266,1308.16,4753,4753,-1.0,-1.0,-1,-1,0.0
35315,-73.96974182128906,40.7532615661621,-73.98442840576173,40.723289489746094,675.18,4753,4753,-1.0,-1.0,-1,-1,0.0
35316,-73.95630645751955,40.76706314086913,-74.00569915771484,40.74111557006836,1322.21,4753,4753,-1.0,-1.0,-1,-1,0.0
35317,-74.00267028808594,40.73976516723633,-73.99198150634766,40.73838806152344,288.5,4753,4753,-1.0,-1.0,-1,-1,0.0
35318,-73.9383087158203,40.82294464111328,-73.98385620117188,40.71512222290039,1946.72,4753,4753,-1.0,-1.0,-1,-1,0.0
35319,-73.99491119384766,40.74003982543945,-73.98914337158203,40.7435417175293,207.54,4753,4753,4795.96,5003.5,42.960000000000036,-2.842170943040401e-14,0.9999999999999999
35320,-73.9810562133789,40.76359939575195,-73.99898529052734,40.73234176635742,897.47,4753,4753,-1.0,-1.0,-1,-1,0.0
35321,-73.98760986328125,40.77061080932617,-73.96218872070312,40.80516052246094,583.04,4753,4753,4853.33,5436.37,100.32999999999993,0.0,1.0
35322,-73.98583984375,40.75627899169922,-74.00251770019531,40.734031677246094,508.44,4753,4753,4813.92,5322.36,60.92000000000007,-3.979039320256561e-13,0.9999999999999992
35323,-73.9658203125,40.76852798461913,-73.97810363769531,40.75754165649415,513.1,4753,4753,-1.0,-1.0,-1,-1,0.0
35324,-73.9781265258789,40.75315475463867,-73.9920654296875,40.75412368774415,466.94,4754,4754,-1.0,-1.0,-1,-1,0.0
35325,-73.98812866210938,40.727989196777344,-73.9972915649414,40.72547912597656,300.5,4754,4754,4787.27,5106.3,33.27000000000044,18.529999999999745,1.0616638935108145
35326,-73.9767837524414,40.75430679321289,-73.9684066772461,40.767066955566406,369.68,4754,4754,-1.0,-1.0,-1,-1,0.0
35327,-73.99259948730467,40.74861145019531,-74.00787353515625,40.75129318237305,413.0,4754,4754,4785.62,5198.62,31.61999999999989,0.0,1.0
35328,-73.95315551757811,40.77178192138672,-73.96015930175781,40.7730827331543,225.58,4754,4754,4847.59,5073.17,93.59000000000015,-8.526512829121202e-14,0.9999999999999997
35329,-73.99340057373048,40.76705932617188,-73.98461151123048,40.764869689941406,298.42,4754,4754,4779.25,5077.67,25.25,5.684341886080802e-14,1.0000000000000002
35330,-73.97423553466798,40.76466751098633,-73.96295166015625,40.76948547363281,377.81,4754,4754,-1.0,-1.0,-1,-1,0.0
35331,-73.9725341796875,40.758888244628906,-73.99121856689453,40.73409652709961,725.73,4755,4755,-1.0,-1.0,-1,-1,0.0
35332,-73.96784973144531,40.75870132446289,-73.9582748413086,40.772945404052734,291.15,4755,4755,-1.0,-1.0,-1,-1,0.0
35333,-73.98097991943358,40.77436065673828,-73.98970031738281,40.77627182006836,244.17,4755,4755,-1.0,-1.0,-1,-1,0.0
35334,-73.98355865478516,40.76071548461913,-73.9910888671875,40.75048828125,336.07,4755,4755,-1.0,-1.0,-1,-1,0.0
35335,-73.95562744140625,40.77862930297852,-73.9656982421875,40.76562881469727,347.2,4755,4755,-1.0,-1.0,-1,-1,0.0
35336,-73.98684692382812,40.76150131225585,-73.99473571777342,40.75449752807617,332.87,4755,4755,4872.42,5205.29,117.42000000000007,-1.1368683772161603e-13,0.9999999999999997
35337,-73.99267578125,40.74318313598633,-73.96302795410156,40.7940673828125,1255.23,4755,4755,4810.82,6124.68,55.81999999999971,58.630000000000564,1.0467085713375242
35338,-73.99066162109375,40.75095748901367,-74.0027084350586,40.76060485839844,464.88,4755,4755,4810.12,5309.48,55.11999999999989,34.47999999999968,1.074169678196523
35339,-73.9823226928711,40.76838302612305,-73.96112060546875,40.79851531982422,708.76,4756,4756,4792.63,5571.35,36.63000000000011,69.96000000000026,1.098707602009143
35340,-73.97966003417969,40.735206604003906,-74.00382232666014,40.73707580566406,691.82,4756,4756,4795.27,5554.98,39.27000000000044,67.88999999999908,1.0981324622011492
35341,-73.992919921875,40.754493713378906,-73.98218536376955,40.7706184387207,429.67,4756,4756,-1.0,-1.0,-1,-1,0.0
35342,-73.97467803955078,40.75922393798828,-73.95404815673827,40.7736701965332,583.67,4756,4756,-1.0,-1.0,-1,-1,0.0
35343,-73.99154663085938,40.76522445678711,-74.00825500488281,40.74887466430664,414.28,4756,4756,4795.33,5229.61,39.32999999999993,19.999999999999773,1.0482765279521091
35344,-73.98319244384766,40.75580596923828,-73.97956085205078,40.7711181640625,456.91,4756,4756,4796.8,5306.02,40.80000000000018,52.31000000000023,1.1144864415311555
35345,-73.97516632080078,40.76150131225585,-73.98800659179686,40.74369812011719,458.27,4757,4757,-1.0,-1.0,-1,-1,0.0
35346,-73.9835205078125,40.73434829711913,-74.00055694580078,40.7300033569336,469.61,4757,4757,-1.0,-1.0,-1,-1,0.0
35347,-73.98357391357422,40.781063079833984,-73.97232818603516,40.7964096069336,342.27,4757,4757,4807.81,5203.36,50.8100000000004,53.27999999999929,1.1556665790165639
35348,-74.01605224609375,40.71492004394531,-74.01689910888672,40.70499801635742,202.04,4757,4757,4807.07,5041.41,50.06999999999971,32.30000000000015,1.1598693328053857
35349,-73.99221038818358,40.72658157348633,-74.00685882568358,40.74073028564453,740.42,4757,4757,4816.12,5556.54,59.11999999999989,1.1368683772161603e-13,1.0000000000000002
35350,-73.97794342041014,40.751426696777344,-74.00920867919923,40.71875381469727,1175.66,4757,4757,-1.0,-1.0,-1,-1,0.0
35351,-73.97925567626955,40.752784729003906,-73.99630737304686,40.7431526184082,478.43,4757,4757,-1.0,-1.0,-1,-1,0.0
35352,-73.9851837158203,40.72765731811523,-73.97644805908203,40.74509048461913,393.9,4757,4757,4804.96,5220.94,47.960000000000036,22.079999999999586,1.056054836252855
35353,-73.9940185546875,40.73537063598633,-73.9986801147461,40.72319030761719,397.97,4758,4758,4889.21,5287.18,131.21000000000004,2.2737367544323206e-13,1.0000000000000007
35354,-73.98177337646483,40.75581741333008,-74.00337982177734,40.72399520874024,974.68,4758,4758,-1.0,-1.0,-1,-1,0.0
35355,-73.98387145996094,40.74745559692383,-74.00579833984375,40.72594833374024,685.87,4758,4758,-1.0,-1.0,-1,-1,0.0
35356,-73.96424102783203,40.77103042602539,-73.98158264160156,40.751480102539055,716.52,4758,4758,-1.0,-1.0,-1,-1,0.0
35357,-73.9950180053711,40.74495315551758,-73.97402954101562,40.76517868041992,854.31,4758,4758,-1.0,-1.0,-1,-1,0.0
35358,-73.96210479736328,40.77379989624024,-73.9681625366211,40.75967025756836,477.97,4758,4758,4771.72,5263.67,13.720000000000255,13.97999999999979,1.0292486976170048
35359,-73.96285247802734,40.76321792602539,-73.97645568847656,40.76423263549805,512.74,4758,4758,-1.0,-1.0,-1,-1,0.0
35360,-73.98429870605469,40.743324279785156,-74.00527954101562,40.73595428466797,578.71,4758,4758,-1.0,-1.0,-1,-1,0.0
35361,-73.99105834960938,40.75015640258789,-74.00735473632812,40.75225830078125,473.25,4758,4758,-1.0,-1.0,-1,-1,0.0
35362,-73.99344635009766,40.751968383789055,-73.99567413330078,40.76420593261719,437.09,4759,4759,-1.0,-1.0,-1,-1,0.0
35363,-73.98054504394531,40.76333618164063,-73.971923828125,40.75291442871094,649.51,4759,4759,-1.0,-1.0,-1,-1,0.0
35364,-73.99002838134766,40.73463821411133,-73.98503875732422,40.72404098510742,428.31,4759,4759,-1.0,-1.0,-1,-1,0.0
35365,-73.95659637451173,40.771160125732415,-74.00249481201173,40.75032043457031,1354.23,4759,4759,-1.0,-1.0,-1,-1,0.0
35366,-73.99403381347656,40.74106979370117,-73.99427032470702,40.760990142822266,596.16,4759,4759,-1.0,-1.0,-1,-1,0.0
35367,-73.98091888427734,40.7825584411621,-73.96604919433594,40.80517959594727,499.32,4759,4759,4896.36,5395.68,137.35999999999967,6.252776074688882e-13,1.0000000000000013
35368,-73.9778060913086,40.78382110595703,-73.98146057128906,40.778717041015625,220.08,4759,4759,4793.42,5056.51,34.42000000000007,43.01000000000013,1.1954289349327523
35369,-73.98480224609375,40.77412414550781,-73.9618911743164,40.764198303222656,619.67,4759,4759,4957.59,5577.26,198.59000000000015,1.1368683772161603e-13,1.0000000000000002
35370,-73.95552062988281,40.76438903808594,-73.99179077148438,40.74914169311523,1044.02,4760,4760,4785.29,5829.31,25.289999999999964,4.547473508864641e-13,1.0000000000000004
35371,-73.97502899169923,40.75288391113281,-73.99149322509766,40.74914169311523,571.98,4760,4760,-1.0,-1.0,-1,-1,0.0
35372,-73.96575164794923,40.77413558959961,-73.97431945800781,40.7551155090332,706.9,4760,4760,-1.0,-1.0,-1,-1,0.0
35373,-73.98161315917969,40.7415771484375,-73.99091339111328,40.73888778686523,331.36,4760,4760,-1.0,-1.0,-1,-1,0.0
35374,-73.97977447509766,40.74613571166992,-73.98681640625,40.73663330078125,301.24,4760,4760,-1.0,-1.0,-1,-1,0.0
35375,-73.96942138671875,40.74932098388672,-73.98822021484375,40.77934265136719,1255.11,4761,4761,4797.33,6060.08,36.32999999999993,7.6400000000001,1.0060871158703222
35376,-73.98150634765625,40.76166915893555,-73.94828033447266,40.7705307006836,1040.44,4761,4761,-1.0,-1.0,-1,-1,0.0
35377,-73.97642517089844,40.75101089477539,-73.99342346191406,40.72986221313477,526.58,4761,4761,4778.83,5305.41,17.829999999999927,-1.1368683772161603e-13,0.9999999999999998
35378,-73.9812774658203,40.75321960449219,-73.94718170166014,40.78017044067383,902.5,4761,4761,-1.0,-1.0,-1,-1,0.0
35379,-73.9926528930664,40.738975524902344,-73.9972915649414,40.72572326660156,396.22,4761,4761,4785.7300000000005,5198.91,24.730000000000473,16.959999999999354,1.0428045025490873
35380,-73.99269104003906,40.753013610839844,-73.98793029785155,40.75972366333008,214.52,4761,4761,4817.21,5031.73,56.210000000000036,-4.831690603168681e-13,0.9999999999999978
35381,-73.99394226074219,40.75142288208008,-73.96515655517578,40.763633728027344,982.21,4761,4761,-1.0,-1.0,-1,-1,0.0
35382,-73.94525146484375,40.77853012084961,-73.99028778076173,40.74066925048828,1163.53,4761,4761,4853.67,6017.2,92.67000000000007,-2.2737367544323206e-13,0.9999999999999998
35383,-73.97578430175781,40.75787734985352,-73.97268676757811,40.74927520751953,419.59,4762,4762,-1.0,-1.0,-1,-1,0.0
35384,-74.01014709472656,40.71162033081055,-73.98313140869139,40.76066970825195,1226.12,4762,4762,-1.0,-1.0,-1,-1,0.0
35385,-73.98416137695312,40.75995635986328,-74.00904083251955,40.71612548828125,986.71,4762,4762,-1.0,-1.0,-1,-1,0.0
35386,-73.9947280883789,40.73149108886719,-73.98841857910156,40.73136901855469,189.7,4762,4762,-1.0,-1.0,-1,-1,0.0
35387,-73.97531890869139,40.7877311706543,-73.96044921875,40.7764892578125,432.09,4762,4762,4808.84,5295.55,46.840000000000146,54.62000000000006,1.1264088500081002
35388,-73.97269439697266,40.753902435302734,-73.96324920654298,40.764259338378906,269.0,4762,4762,4776.41,5045.41,14.409999999999854,0.0,1.0
35389,-73.96896362304686,40.7574462890625,-73.94962310791014,40.78473663330078,503.88,4762,4762,4770.11,5273.99,8.109999999999673,1.1368683772161603e-13,1.0000000000000002
35390,-73.97644805908203,40.751708984375,-73.95403289794923,40.78472900390625,827.22,4763,4763,-1.0,-1.0,-1,-1,0.0
35391,-73.98027801513672,40.754409790039055,-73.99603271484375,40.74103927612305,475.97,4763,4763,-1.0,-1.0,-1,-1,0.0
35392,-73.97052001953125,40.7523307800293,-73.98594665527344,40.74724960327149,508.74,4763,4763,4806.54,5315.28,43.539999999999964,-2.2737367544323206e-13,0.9999999999999996
35393,-73.98387145996094,40.77197647094727,-73.9910430908203,40.75062942504883,719.92,4763,4763,4839.66,5559.58,76.65999999999985,1.1368683772161603e-13,1.0000000000000002
35394,-73.9781723022461,40.75212478637695,-73.97772979736328,40.74226379394531,368.34,4763,4763,4798.83,5193.67,35.82999999999993,26.50000000000017,1.071944399196395
35395,-73.95655059814453,40.78682327270508,-73.9719467163086,40.76572799682617,494.09,4763,4763,4816.79,5310.88,53.789999999999964,1.7053025658242404e-13,1.0000000000000004
35396,-73.9670639038086,40.7725944519043,-74.00544738769531,40.73992538452149,1182.12,4764,4764,4791.18,5973.3,27.18000000000029,0.0,1.0
35397,-73.97236633300781,40.786399841308594,-73.9864501953125,40.77778244018555,436.99,4764,4764,4794.3,5248.99,30.300000000000182,17.69999999999959,1.0405043593674903
35398,-73.94468688964844,40.77928924560547,-73.9632568359375,40.770111083984375,482.44,4764,4764,-1.0,-1.0,-1,-1,0.0
35399,-73.97181701660156,40.757148742675774,-73.987060546875,40.736412048339844,562.71,4764,4764,-1.0,-1.0,-1,-1,0.0
35400,-73.97672271728516,40.76547622680664,-73.9836654663086,40.77523040771485,370.28,4764,4764,4790.42,5160.7,26.420000000000073,-2.2737367544323206e-13,0.9999999999999993
35401,-73.96864318847656,40.798973083496094,-73.95460510253906,40.789886474609375,584.9,4764,4764,4801.7,5406.84,37.69999999999982,20.24000000000035,1.034604205847154
35402,-73.96990203857422,40.78987503051758,-73.95697784423827,40.78335571289063,377.73,4764,4764,4829.58,5207.31,65.57999999999993,4.547473508864641e-13,1.000000000000001
35403,-74.00592041015625,40.70466613769531,-74.00950622558595,40.729774475097656,662.54,4764,4764,-1.0,-1.0,-1,-1,0.0
35404,-73.98143768310547,40.74711990356445,-74.00530242919923,40.72446823120117,799.76,4764,4764,4803.16,5628.57,39.159999999999854,25.649999999999864,1.0320721216364908
35405,-73.99453735351562,40.73944091796875,-73.95365905761719,40.76647186279297,1054.17,4764,4764,4805.77,5935.43,41.77000000000044,75.48999999999978,1.0716108407562346
35406,-73.96317291259766,40.77766036987305,-73.97589111328125,40.785560607910156,320.17,4765,4765,-1.0,-1.0,-1,-1,0.0
35407,-74.0052261352539,40.721622467041016,-73.96598052978516,40.76537322998047,1331.22,4765,4765,4815.48,6207.0,50.47999999999956,60.30000000000041,1.0452967954207422
35408,-73.98368835449219,40.7653923034668,-73.98148345947266,40.77885055541992,343.27,4765,4765,-1.0,-1.0,-1,-1,0.0
35409,-73.9752655029297,40.78999328613281,-73.98831176757811,40.77810287475585,371.29,4765,4765,4902.25,5273.54,137.25,-5.684341886080802e-14,0.9999999999999999
35410,-73.97886657714845,40.73637771606445,-73.982421875,40.77241516113281,1117.71,4765,4765,5143.0,6260.71,378.0,0.0,1.0
35411,-73.95301818847656,40.783027648925774,-73.95191955566406,40.77282333374024,315.82,4765,4765,4816.28,5132.1,51.279999999999745,6.252776074688882e-13,1.000000000000002
35412,-74.00428771972656,40.73807144165039,-74.00830841064453,40.735511779785156,182.12,4766,4766,4874.95,5057.07,108.94999999999982,-1.1368683772161603e-13,0.9999999999999993
35413,-73.98052978515625,40.76507186889648,-73.98456573486328,40.75923156738281,192.58,4766,4766,4808.63,5001.21,42.63000000000011,-8.526512829121202e-14,0.9999999999999996
35414,-73.98847198486328,40.7589225769043,-73.97148895263672,40.75601196289063,665.6,4766,4766,4804.76,5550.77,38.76000000000022,80.4100000000002,1.1208082932692311
35415,-73.96394348144531,40.77381896972656,-73.96012878417969,40.77024841308594,258.58,4766,4766,-1.0,-1.0,-1,-1,0.0
35416,-73.98125457763672,40.73761367797852,-73.96727752685547,40.75668716430664,473.4,4766,4766,-1.0,-1.0,-1,-1,0.0
35417,-74.00363159179686,40.72634506225585,-74.00746154785155,40.74093627929688,446.86,4766,4766,-1.0,-1.0,-1,-1,0.0
35418,-73.9809036254883,40.74191284179688,-73.99088287353516,40.75004959106445,542.6,4766,4766,-1.0,-1.0,-1,-1,0.0
35419,-73.96829986572266,40.76130294799805,-73.98722839355469,40.76860046386719,633.09,4767,4767,-1.0,-1.0,-1,-1,0.0
35420,-73.9453125,40.83369827270508,-73.95712280273438,40.81753921508789,286.14,4767,4767,5286.85,5572.99,519.8500000000004,-5.684341886080801e-13,0.999999999999998
35421,-73.97355651855469,40.75053024291992,-73.95011901855469,40.77132034301758,593.77,4767,4767,-1.0,-1.0,-1,-1,0.0
35422,-73.97222900390625,40.781116485595696,-73.98213195800781,40.77129364013672,334.63,4767,4767,4820.66,5155.29,53.659999999999854,1.1368683772161603e-13,1.0000000000000004
35423,-74.00264739990234,40.714271545410156,-73.99351501464844,40.7408447265625,658.58,4767,4767,4845.54,5504.12,78.53999999999996,-1.1368683772161603e-13,0.9999999999999998
35424,-73.9842529296875,40.76433181762695,-73.9833984375,40.7777214050293,319.95,4767,4767,4814.62,5134.57,47.61999999999989,-1.7053025658242404e-13,0.9999999999999994
35425,-73.99053192138672,40.76655578613281,-73.98017883300781,40.73054504394531,1260.18,4767,4767,4792.59,6120.11,25.590000000000146,67.33999999999946,1.0534368106143563
35426,-74.00521087646483,40.72277450561523,-73.99433898925781,40.73217010498047,322.37,4768,4768,4881.76,5204.13,113.76000000000022,-1.1368683772161603e-13,0.9999999999999997
35427,-73.97342681884766,40.76103210449219,-73.98570251464844,40.73587036132813,728.96,4768,4768,-1.0,-1.0,-1,-1,0.0
35428,-74.01146697998048,40.70269012451172,-73.97412109375,40.75419998168945,918.63,4768,4768,-1.0,-1.0,-1,-1,0.0
35429,-73.95039367675781,40.77960586547852,-73.95519256591797,40.76747512817383,312.88,4768,4768,-1.0,-1.0,-1,-1,0.0
35430,-73.99054718017578,40.7565803527832,-73.99363708496094,40.74087142944336,569.14,4768,4768,4809.96,5379.1,41.960000000000036,3.410605131648481e-13,1.0000000000000007
35431,-73.97393035888672,40.763099670410156,-73.97904968261719,40.77349853515625,368.07,4768,4768,4782.15,5150.22,14.149999999999636,6.252776074688882e-13,1.0000000000000018
35432,-73.98082733154298,40.76290893554688,-73.9990234375,40.73487091064453,801.52,4768,4768,4778.53,5580.05,10.529999999999745,4.547473508864641e-13,1.0000000000000007
35433,-73.97692108154298,40.76152038574219,-73.9783935546875,40.754310607910156,251.42,4768,4768,-1.0,-1.0,-1,-1,0.0
35434,-73.95071411132812,40.82619857788085,-73.94454193115234,40.82394790649415,186.12,4769,4769,4912.53,5098.65,143.52999999999975,-1.1368683772161603e-13,0.9999999999999993
35435,-73.98213195800781,40.740135192871094,-73.95922088623048,40.763572692871094,564.62,4769,4769,4799.49,5364.110000000001,30.48999999999978,7.958078640513122e-13,1.0000000000000013
35436,-73.99139404296875,40.75485229492188,-73.97303771972656,40.74368286132813,676.37,4769,4769,-1.0,-1.0,-1,-1,0.0
35437,-73.978271484375,40.76391220092773,-73.96047973632812,40.77149200439453,508.21,4769,4769,4827.37,5335.58,58.36999999999989,5.684341886080802e-14,1.0000000000000002
35438,-73.96395111083984,40.76812744140625,-73.99861907958984,40.733924865722656,1143.14,4769,4769,4812.1,5967.2,43.100000000000364,11.959999999999354,1.0104624105533875
35439,-73.96915435791014,40.76116561889648,-73.98033905029298,40.737586975097656,555.3,4770,4770,4787.34,5342.64,17.340000000000146,2.2737367544323206e-13,1.0000000000000004
35440,-73.96510314941406,40.76346969604492,-73.95736694335938,40.774131774902344,203.4,4770,4770,4813.43,5016.83,43.43000000000029,-3.694822225952521e-13,0.9999999999999982
35441,-73.98192596435547,40.778846740722656,-73.98138427734375,40.78657531738281,248.83,4770,4770,-1.0,-1.0,-1,-1,0.0
35442,-73.97338104248048,40.75600051879883,-73.9910430908203,40.7505111694336,624.66,4770,4770,-1.0,-1.0,-1,-1,0.0
35443,-73.97286987304686,40.76470947265625,-73.94618225097656,40.77381896972656,764.32,4770,4770,4867.39,5631.71,97.39000000000033,-3.410605131648481e-13,0.9999999999999996
35444,-73.98777770996094,40.76213073730469,-74.00199127197266,40.76136779785156,425.8,4770,4770,4812.05,5264.61,42.05000000000018,26.75999999999948,1.0628464067637375
35445,-73.95364379882812,40.81121826171875,-73.97270965576173,40.780738830566406,715.96,4770,4770,5069.51,5785.47,299.5100000000002,0.0,1.0
35446,-74.00674438476562,40.72024917602539,-74.01166534423827,40.70389938354492,581.34,4771,4771,-1.0,-1.0,-1,-1,0.0
35447,-73.9959716796875,40.743690490722656,-74.0042266845703,40.730751037597656,245.87,4771,4771,-1.0,-1.0,-1,-1,0.0
35448,-73.9828109741211,40.73523330688477,-73.99190521240234,40.71487045288085,675.4,4771,4771,-1.0,-1.0,-1,-1,0.0
35449,-73.95736694335938,40.77983093261719,-73.96399688720702,40.77457046508789,236.92,4771,4771,4909.95,5146.87,138.94999999999982,8.526512829121202e-14,1.0000000000000004
35450,-73.9749526977539,40.76214218139648,-73.98330688476562,40.72654724121094,1000.58,4771,4771,-1.0,-1.0,-1,-1,0.0
35451,-74.000244140625,40.74292755126953,-73.99289703369139,40.75342178344727,284.34,4771,4771,4815.75,5100.09,44.75,1.7053025658242404e-13,1.0000000000000007
35452,-74.00833892822266,40.71186065673828,-73.96926116943358,40.74868392944336,934.67,4771,4771,-1.0,-1.0,-1,-1,0.0
35453,-73.97537994384766,40.75310516357422,-73.95912170410156,40.76386260986328,457.99,4771,4771,-1.0,-1.0,-1,-1,0.0
35454,-73.98446655273438,40.73707580566406,-73.97419738769531,40.73710632324219,368.78,4771,4771,-1.0,-1.0,-1,-1,0.0
35455,-73.98368072509766,40.76567840576172,-73.97169494628906,40.78195190429688,375.07,4772,4772,4803.67,5178.74,31.670000000000073,-2.8421709430404007e-13,0.9999999999999992
35456,-73.97531890869139,40.75278091430664,-73.98686981201173,40.73944854736328,339.16,4772,4772,-1.0,-1.0,-1,-1,0.0
35457,-73.99771118164062,40.72084045410156,-74.0090103149414,40.71744155883789,411.3,4772,4772,4913.95,5325.25,141.94999999999982,1.7053025658242404e-13,1.0000000000000004
35458,-73.99072265625,40.7545280456543,-73.96495819091797,40.7557029724121,779.32,4772,4772,-1.0,-1.0,-1,-1,0.0
35459,-73.98355102539062,40.75444412231445,-73.95952606201173,40.762996673583984,710.85,4772,4772,-1.0,-1.0,-1,-1,0.0
35460,-73.96882629394531,40.76438903808594,-73.95191192626955,40.77960205078125,564.01,4772,4772,5019.91,5583.92,247.90999999999985,2.2737367544323206e-13,1.0000000000000004
35461,-73.95838165283203,40.76782989501953,-73.96797180175781,40.76276016235352,332.25,4772,4772,4822.83,5155.08,50.82999999999993,0.0,1.0
35462,-73.98038482666014,40.73050308227539,-73.98873901367188,40.741310119628906,485.48,4773,4773,4830.67,5316.15,57.67000000000007,-4.547473508864641e-13,0.9999999999999991
35463,-73.9771499633789,40.79004287719727,-73.98485565185547,40.74672317504883,1195.1,4773,4773,4868.87,6063.97,95.86999999999989,4.547473508864641e-13,1.0000000000000004
35464,-73.99162292480467,40.74465942382813,-73.96943664550781,40.75508117675781,769.87,4773,4773,-1.0,-1.0,-1,-1,0.0
35465,-73.98907470703125,40.76855850219727,-74.00758361816406,40.74518585205078,556.36,4773,4773,4914.41,5470.77,141.40999999999985,5.684341886080801e-13,1.000000000000001
35466,-74.00096130371094,40.74684524536133,-73.97920989990234,40.72808837890625,808.6,4773,4773,4801.14,5698.32,28.140000000000327,88.57999999999936,1.1095473658174615
35467,-73.96359252929686,40.7680892944336,-73.9841537475586,40.77473068237305,535.13,4773,4773,4870.41,5405.54,97.40999999999985,1.1368683772161603e-13,1.0000000000000002
35468,-73.97756195068358,40.74235916137695,-73.9834976196289,40.72623062133789,361.41,4773,4773,-1.0,-1.0,-1,-1,0.0
35469,-73.95208740234375,40.76926040649415,-73.96267700195312,40.7623405456543,371.46,4773,4773,-1.0,-1.0,-1,-1,0.0
35470,-74.00286102294923,40.76042938232422,-73.9896469116211,40.72317123413085,1189.67,4774,4774,4800.0,6082.13,26.0,92.46000000000004,1.0777190313280154
35471,-73.98348236083984,40.74824142456055,-73.9715576171875,40.74380111694336,411.55,4774,4774,-1.0,-1.0,-1,-1,0.0
35472,-73.9922866821289,40.7492790222168,-73.9415283203125,40.83436965942383,1467.17,4774,4774,-1.0,-1.0,-1,-1,0.0
35473,-73.97789001464844,40.736534118652344,-73.98257446289062,40.726917266845696,380.08,4774,4774,5164.29,5544.37,390.28999999999996,-5.684341886080802e-14,0.9999999999999999
35474,-73.99154663085938,40.7393684387207,-74.00347137451173,40.74742126464844,388.99,4774,4774,-1.0,-1.0,-1,-1,0.0
35475,-73.97636413574219,40.75993347167969,-73.98712158203125,40.75304794311523,419.96,4774,4774,-1.0,-1.0,-1,-1,0.0
35476,-73.98269653320312,40.76271438598633,-74.0168228149414,40.70791244506836,1361.5,4775,4775,-1.0,-1.0,-1,-1,0.0
35477,-73.9758529663086,40.74876022338867,-73.98038482666014,40.750892639160156,251.88,4775,4775,4843.17,5095.05,68.17000000000007,1.1368683772161603e-13,1.0000000000000004
35478,-73.97161102294923,40.76073455810547,-73.9861831665039,40.73067855834961,731.33,4775,4775,4812.94,5608.4,37.9399999999996,64.13,1.0876895519122693
35479,-73.9822998046875,40.75755310058594,-73.9625473022461,40.77573776245117,626.34,4775,4775,-1.0,-1.0,-1,-1,0.0
35480,-73.99852752685547,40.76107025146485,-73.96240997314453,40.76731872558594,953.21,4775,4775,4920.0,5873.209999999999,145.0,-9.094947017729282e-13,0.999999999999999
35481,-73.97795104980467,40.7458610534668,-73.9903564453125,40.75600814819336,614.91,4775,4775,4869.82,5484.73,94.81999999999971,-1.1368683772161603e-13,0.9999999999999998
35482,-73.96133422851562,40.771728515625,-73.97042083740234,40.76479721069336,350.15,4775,4775,-1.0,-1.0,-1,-1,0.0
35483,-73.98675537109375,40.73417663574219,-73.9886016845703,40.74540328979492,541.61,4775,4775,4818.37,5392.5,43.36999999999989,32.520000000000095,1.0600432045198576
35484,-73.94901275634766,40.783557891845696,-73.98329162597656,40.72137451171875,1147.6,4775,4775,4905.54,6053.140000000001,130.53999999999996,1.3642420526593924e-12,1.000000000000001
35485,-73.97481536865234,40.74229049682617,-73.98662567138672,40.74951934814453,516.31,4775,4775,-1.0,-1.0,-1,-1,0.0
35486,-74.00408935546875,40.742618560791016,-73.99398803710938,40.72052001953125,942.34,4775,4775,4905.21,5847.55,130.21000000000004,1.1368683772161603e-13,1.0000000000000002
35487,-73.97998046875,40.751548767089844,-73.98236083984375,40.75693130493164,238.63,4775,4775,4800.53,5099.49,25.529999999999745,60.33000000000004,1.2528181703893058
35488,-74.0022201538086,40.75553894042969,-73.99169158935547,40.7466049194336,489.71,4775,4775,-1.0,-1.0,-1,-1,0.0
35489,-73.95697021484375,40.77777099609375,-73.9509506225586,40.774879455566406,219.08,4776,4776,-1.0,-1.0,-1,-1,0.0
35490,-73.9804458618164,40.75600814819336,-73.98257446289062,40.7690658569336,613.42,4776,4776,4809.25,5501.45,33.25,78.77999999999986,1.1284275048091028
35491,-73.98345184326173,40.74300384521485,-73.9698257446289,40.761226654052734,540.6,4776,4776,-1.0,-1.0,-1,-1,0.0
35492,-73.94723510742188,40.790863037109375,-73.95550537109375,40.77971649169922,228.45,4776,4776,5246.77,5475.22,470.77000000000044,-1.7053025658242404e-13,0.9999999999999992
35493,-73.96399688720702,40.76807022094727,-73.98648834228516,40.73714065551758,860.88,4777,4777,4888.33,5749.21,111.32999999999993,1.1368683772161603e-13,1.0000000000000002
35494,-73.98744201660156,40.75600051879883,-73.96263122558594,40.76407241821289,826.7,4777,4777,4801.74,5714.110000000001,24.73999999999978,85.67000000000075,1.1036288859320198
35495,-73.95978546142578,40.78243637084961,-73.95578002929686,40.76957321166992,498.58,4777,4777,4900.93,5399.51,123.93000000000029,-5.684341886080802e-14,0.9999999999999999
35496,-73.96382141113281,40.754695892333984,-74.01068878173827,40.71459579467773,1360.41,4777,4777,-1.0,-1.0,-1,-1,0.0
35497,-74.00942993164062,40.715644836425774,-74.00846862792969,40.70876693725585,374.71,4777,4777,4978.2,5352.91,201.19999999999982,5.684341886080802e-14,1.0000000000000002
35498,-73.97552490234375,40.755126953125,-73.9417724609375,40.81768798828125,1354.05,4777,4777,-1.0,-1.0,-1,-1,0.0
35499,-73.99681091308595,40.72129821777344,-73.96631622314453,40.75914001464844,1075.85,4777,4777,4901.45,5977.3,124.44999999999982,4.547473508864641e-13,1.0000000000000004
35500,-73.98079681396483,40.78234100341797,-73.97190856933594,40.7970085144043,334.26,4778,4778,4957.19,5291.45,179.1899999999996,2.2737367544323206e-13,1.0000000000000007
35501,-73.96958923339844,40.76049041748047,-73.97576141357422,40.76008987426758,279.34,4778,4778,-1.0,-1.0,-1,-1,0.0
35502,-73.98574829101562,40.75853729248047,-73.9588394165039,40.76900100708008,868.42,4778,4778,4802.26,5763.68,24.26000000000022,93.00000000000011,1.1070910388982291
35503,-73.95482635498048,40.76556015014648,-73.97769165039062,40.74570083618164,580.58,4778,4778,4848.54,5429.12,70.53999999999996,-1.1368683772161603e-13,0.9999999999999998
35504,-73.9674072265625,40.771949768066406,-73.97570037841797,40.75476837158203,616.15,4778,4778,4809.99,5439.67,31.98999999999978,13.530000000000314,1.021958938570154
35505,-73.99889373779298,40.74477005004883,-73.98564910888672,40.77040100097656,601.62,4778,4778,-1.0,-1.0,-1,-1,0.0
35506,-74.01488494873048,40.70907974243164,-73.98059844970702,40.730201721191406,738.37,4779,4779,-1.0,-1.0,-1,-1,0.0
35507,-73.98426055908203,40.76498794555664,-73.97944641113281,40.78473663330078,497.63,4779,4779,4936.17,5433.8,157.17000000000007,1.1368683772161603e-13,1.0000000000000002
35508,-73.95126342773438,40.774227142333984,-73.96366882324219,40.75523376464844,525.69,4779,4779,4802.650000000001,5357.14,23.650000000000546,28.799999999999727,1.0547851395309018
35509,-73.98367309570312,40.74429321289063,-73.99152374267578,40.72721862792969,460.72,4779,4779,-1.0,-1.0,-1,-1,0.0
35510,-74.0042724609375,40.707420349121094,-74.01521301269531,40.71445846557617,487.23,4779,4779,-1.0,-1.0,-1,-1,0.0
35511,-73.96990966796875,40.75680923461913,-73.9544219970703,40.76374053955078,452.35,4779,4779,-1.0,-1.0,-1,-1,0.0
35512,-73.95446014404298,40.7641716003418,-73.96881103515625,40.768165588378906,457.86,4779,4779,-1.0,-1.0,-1,-1,0.0
35513,-73.97576904296875,40.754707336425774,-73.9580078125,40.78215408325195,676.36,4780,4780,-1.0,-1.0,-1,-1,0.0
35514,-73.97251892089844,40.75912857055664,-73.99746704101562,40.735111236572266,841.65,4780,4780,-1.0,-1.0,-1,-1,0.0
35515,-73.97620391845702,40.7760009765625,-73.9825439453125,40.77239608764648,199.54,4780,4780,-1.0,-1.0,-1,-1,0.0
35516,-74.00994873046875,40.72118377685547,-74.01744079589844,40.70482635498047,374.96,4780,4780,4910.8,5285.76,130.80000000000018,5.684341886080802e-14,1.0000000000000002
35517,-73.99597930908203,40.72300338745117,-74.00959014892578,40.732398986816406,504.41,4780,4780,4806.58,5310.99,26.579999999999927,-1.7053025658242404e-13,0.9999999999999997
35518,-73.98211669921875,40.76827621459961,-73.99754333496094,40.72584533691406,1298.34,4780,4780,4812.91,6155.62,32.909999999999854,44.37000000000012,1.0341744073201165
35519,-74.00574493408203,40.740100860595696,-73.99591064453125,40.73789596557617,307.13,4781,4781,4914.12,5221.25,133.1199999999999,1.1368683772161603e-13,1.0000000000000004
35520,-73.96903991699219,40.76139831542969,-73.99752807617188,40.72175216674805,1143.05,4781,4781,-1.0,-1.0,-1,-1,0.0
35521,-73.97059631347656,40.75608825683594,-73.97608947753906,40.788761138916016,948.19,4781,4781,-1.0,-1.0,-1,-1,0.0
35522,-73.97518920898438,40.76118087768555,-73.97571563720702,40.744644165039055,612.76,4782,4782,-1.0,-1.0,-1,-1,0.0
35523,-74.00685119628906,40.711875915527344,-73.98779296875,40.72116470336913,696.12,4782,4782,-1.0,-1.0,-1,-1,0.0
35524,-73.95767211914062,40.77038955688477,-73.97989654541014,40.75076293945313,900.6,4782,4782,4832.57,5766.47,50.56999999999971,33.30000000000052,1.0369753497668226
35525,-73.97830963134766,40.77283477783203,-73.9593048095703,40.78017807006836,465.55,4782,4782,4858.74,5324.29,76.73999999999978,1.7053025658242404e-13,1.0000000000000004
35526,-74.00321197509766,40.72687149047852,-74.01564025878906,40.71482849121094,495.54,4782,4782,-1.0,-1.0,-1,-1,0.0
35527,-73.99260711669923,40.74824905395508,-73.99463653564453,40.72854995727539,563.5,4782,4782,4802.18,5445.43,20.18000000000029,79.75,1.1415261756876665
35528,-73.97057342529298,40.76218032836913,-74.00251007080078,40.718788146972656,1229.98,4782,4782,-1.0,-1.0,-1,-1,0.0
35529,-74.00794982910156,40.746788024902344,-73.97665405273438,40.78242111206055,821.34,4783,4783,4812.39,5633.73,29.390000000000327,-7.958078640513122e-13,0.999999999999999
35530,-73.9872055053711,40.73936080932617,-73.97862243652342,40.75125122070313,367.83,4783,4783,-1.0,-1.0,-1,-1,0.0
35531,-73.98532104492188,40.7529411315918,-73.9988784790039,40.763648986816406,532.09,4783,4783,-1.0,-1.0,-1,-1,0.0
35532,-73.97300720214845,40.78536987304688,-73.9916000366211,40.764991760253906,584.99,4783,4783,4839.36,5424.35,56.35999999999967,6.821210263296962e-13,1.000000000000001
35533,-73.98861694335938,40.7783432006836,-73.99337768554686,40.752159118652344,744.76,4783,4783,-1.0,-1.0,-1,-1,0.0
35534,-73.979248046875,40.76129913330078,-73.98628997802734,40.77225112915039,437.58,4783,4783,-1.0,-1.0,-1,-1,0.0
35535,-73.98185729980467,40.752288818359375,-73.9867630004883,40.74285888671875,238.39,4783,4783,4814.2,5052.59,31.199999999999818,3.410605131648481e-13,1.0000000000000013
35536,-73.97463226318358,40.78313827514648,-73.98487091064453,40.7589111328125,690.28,4783,4783,4974.42,5664.7,191.42000000000007,-2.2737367544323206e-13,0.9999999999999997
35537,-73.95455932617188,40.77820205688477,-73.96163177490234,40.806068420410156,730.87,4783,4783,-1.0,-1.0,-1,-1,0.0
35538,-73.97863006591797,40.745025634765625,-73.96983337402342,40.75382614135742,318.7,4784,4784,4800.35,5119.05,16.350000000000364,-1.7053025658242404e-13,0.9999999999999994
35539,-73.97583770751955,40.75170135498047,-73.98616790771484,40.719818115234375,835.08,4784,4784,4947.43,5782.51,163.4300000000003,-1.1368683772161603e-13,0.9999999999999999
35540,-73.9831771850586,40.7765998840332,-73.96659851074219,40.79245376586913,365.07,4784,4784,-1.0,-1.0,-1,-1,0.0
35541,-74.0165023803711,40.70908737182617,-73.99493408203125,40.74988174438477,849.37,4784,4784,4826.58,5675.95,42.57999999999993,-1.1368683772161603e-13,0.9999999999999999
35542,-73.9908218383789,40.7282829284668,-73.97816467285155,40.7644920349121,1094.43,4784,4784,4854.71,5949.14,70.71000000000004,2.2737367544323206e-13,1.0000000000000002
35543,-73.97408294677734,40.756851196289055,-74.00121307373048,40.72918701171875,901.51,4784,4784,-1.0,-1.0,-1,-1,0.0
35544,-73.9828567504883,40.759071350097656,-73.99466705322266,40.72682189941406,982.1,4784,4784,-1.0,-1.0,-1,-1,0.0
35545,-74.00435638427734,40.71696472167969,-73.94992065429686,40.780521392822266,1545.87,4784,4784,4903.33,6449.2,119.32999999999993,0.0,1.0
35546,-73.99825286865234,40.71569442749024,-73.96210479736328,40.77911758422852,1610.34,4784,4784,-1.0,-1.0,-1,-1,0.0
35547,-73.95773315429686,40.76528549194336,-73.94207000732422,40.78689956665039,323.34,4785,4785,4840.54,5163.88,55.539999999999964,1.7053025658242404e-13,1.0000000000000004
35548,-73.95604705810547,40.781639099121094,-73.9931411743164,40.72626876831055,1551.46,4785,4785,4814.17,6367.070000000001,29.170000000000073,1.4400000000005093,1.0009281579931164
35549,-73.97393798828125,40.75374603271485,-73.96353149414062,40.75774383544922,309.83,4785,4785,-1.0,-1.0,-1,-1,0.0
35550,-73.95467376708984,40.7835807800293,-73.96534729003906,40.76935958862305,348.39,4785,4785,4891.82,5240.21,106.81999999999971,3.410605131648481e-13,1.0000000000000009
35551,-74.00887298583984,40.71875762939453,-73.98060607910156,40.75082778930664,1005.55,4785,4785,-1.0,-1.0,-1,-1,0.0
35552,-74.00399017333984,40.70726013183594,-73.98548889160156,40.72332763671875,468.49,4785,4785,-1.0,-1.0,-1,-1,0.0
35553,-73.98069763183594,40.77477264404297,-73.98970031738281,40.767932891845696,280.94,4785,4785,4875.91,5156.85,90.90999999999985,5.115907697472721e-13,1.0000000000000018
35554,-73.981201171875,40.77435302734375,-74.00836944580078,40.73554229736328,1036.04,4786,4786,-1.0,-1.0,-1,-1,0.0
35555,-73.97432708740234,40.75141906738281,-73.96736145019531,40.76086044311523,255.89,4786,4786,-1.0,-1.0,-1,-1,0.0
35556,-73.95874786376955,40.77507019042969,-73.95590209960938,40.784759521484375,241.18,4786,4786,4898.24,5139.42,112.23999999999978,2.8421709430404007e-13,1.000000000000001
35557,-73.93859100341797,40.79642105102539,-73.9384765625,40.80559158325195,280.93,4787,4787,4924.73,5205.66,137.72999999999956,2.8421709430404007e-13,1.000000000000001
35558,-73.98310852050781,40.73443984985352,-73.99501037597656,40.73909378051758,401.84,4787,4787,-1.0,-1.0,-1,-1,0.0
35559,-73.97535705566406,40.76100540161133,-74.00164031982422,40.740230560302734,783.93,4787,4787,-1.0,-1.0,-1,-1,0.0
35560,-73.97245788574219,40.76323699951172,-73.97946166992188,40.77682876586913,487.88,4787,4787,-1.0,-1.0,-1,-1,0.0
35561,-73.98136901855469,40.73302841186523,-73.96701049804686,40.75677108764648,445.12,4787,4787,4842.16,5287.28,55.159999999999854,-1.1368683772161603e-13,0.9999999999999998
35562,-74.00189208984375,40.75062942504883,-73.9797134399414,40.75293731689453,654.26,4787,4787,-1.0,-1.0,-1,-1,0.0
35563,-74.00619506835938,40.73294448852539,-74.00342559814453,40.74265670776367,259.37,4787,4787,-1.0,-1.0,-1,-1,0.0
35564,-73.99663543701173,40.742584228515625,-74.00415802001955,40.7310791015625,226.12,4787,4787,4829.01,5055.13,42.01000000000022,-1.1368683772161603e-13,0.9999999999999994
35565,-73.97319030761719,40.75423431396485,-73.98062896728516,40.73788833618164,413.62,4787,4787,-1.0,-1.0,-1,-1,0.0
35566,-73.97408294677734,40.79170608520508,-73.96966552734375,40.80014419555664,208.06,4787,4787,4803.45,5056.34,16.449999999999818,44.830000000000325,1.2154666923002995
35567,-73.97634887695312,40.780628204345696,-73.96649169921875,40.77334213256836,402.96,4787,4787,4800.0,5202.96,13.0,5.684341886080802e-14,1.0000000000000002
35568,-73.98106384277344,40.780574798583984,-73.94632720947266,40.804046630859375,868.67,4788,4788,4810.75,5679.42,22.75,1.1368683772161603e-13,1.0000000000000002
35569,-73.99465942382812,40.72578811645508,-73.99952697753906,40.73897933959961,452.45,4788,4788,4800.0,5252.45,12.0,-1.7053025658242404e-13,0.9999999999999997
35570,-73.97528839111328,40.75239181518555,-73.947021484375,40.7718505859375,750.83,4788,4788,-1.0,-1.0,-1,-1,0.0
35571,-74.00550842285155,40.72687911987305,-74.01457977294923,40.7169303894043,361.5,4788,4788,-1.0,-1.0,-1,-1,0.0
35572,-73.98421478271484,40.745750427246094,-74.00266265869139,40.76066207885742,748.59,4788,4788,-1.0,-1.0,-1,-1,0.0
35573,-74.01036834716798,40.718448638916016,-73.99832916259766,40.73523330688477,448.25,4789,4789,-1.0,-1.0,-1,-1,0.0
35574,-73.97550201416014,40.76117706298828,-73.97862243652342,40.72439956665039,1040.02,4789,4789,-1.0,-1.0,-1,-1,0.0
35575,-73.9984817504883,40.76051330566406,-74.00817108154298,40.73832702636719,599.36,4789,4789,4955.21,5554.57,166.21000000000004,-3.410605131648481e-13,0.9999999999999994
35576,-73.98413848876955,40.72932052612305,-73.98844909667969,40.748870849609375,710.13,4789,4789,4902.21,5612.34,113.21000000000004,1.1368683772161603e-13,1.0000000000000002
35577,-73.99612426757811,40.75346374511719,-74.00527954101562,40.74019241333008,311.73,4789,4789,-1.0,-1.0,-1,-1,0.0
35578,-73.94474029541014,40.77943420410156,-73.9553451538086,40.77344512939453,243.16,4789,4789,-1.0,-1.0,-1,-1,0.0
35579,-73.99346923828125,40.75191116333008,-73.99015045166014,40.76684188842773,400.42,4789,4789,4814.61,5215.03,25.609999999999673,5.684341886080802e-14,1.0000000000000002
35580,-73.9446792602539,40.77939987182617,-73.95489501953125,40.78507614135742,342.16,4789,4789,4825.45,5167.61,36.44999999999982,-1.7053025658242404e-13,0.9999999999999996
35581,-73.9806900024414,40.75089645385742,-73.95991516113281,40.81568145751953,1284.17,4789,4789,-1.0,-1.0,-1,-1,0.0
35582,-73.9767074584961,40.74428176879883,-73.9890899658203,40.75695037841797,719.42,4789,4789,4832.88,5622.8,43.88000000000011,70.50000000000011,1.097995607572767
35583,-73.9789047241211,40.76382827758789,-74.00669860839844,40.74435043334961,934.62,4790,4790,-1.0,-1.0,-1,-1,0.0
35584,-73.98786926269531,40.74089431762695,-73.9969482421875,40.74237823486328,253.03,4790,4790,4831.52,5084.55,41.52000000000044,-2.5579538487363607e-13,0.999999999999999
35585,-73.97414398193358,40.75441360473633,-73.98606872558594,40.75305557250977,422.51,4790,4790,-1.0,-1.0,-1,-1,0.0
35586,-73.97608947753906,40.75125122070313,-73.97230529785155,40.76510238647461,507.26,4790,4790,-1.0,-1.0,-1,-1,0.0
35587,-73.97803497314453,40.764747619628906,-73.9773941040039,40.7572135925293,273.41,4790,4790,-1.0,-1.0,-1,-1,0.0
35588,-73.98497772216798,40.74769592285156,-74.00253295898438,40.72771453857422,526.87,4791,4791,4836.42,5402.67,45.42000000000007,39.379999999999995,1.0747432953100384
35589,-73.9737319946289,40.79225540161133,-73.98126220703125,40.78268432617188,189.16,4791,4791,4838.13,5027.29,47.13000000000011,-1.4210854715202004e-13,0.9999999999999992
35590,-73.95423126220702,40.76715087890625,-73.97467803955078,40.7881088256836,752.75,4791,4791,-1.0,-1.0,-1,-1,0.0
35591,-73.99491119384766,40.726158142089844,-73.9833984375,40.760250091552734,1067.04,4791,4791,-1.0,-1.0,-1,-1,0.0
35592,-73.95557403564453,40.77964401245117,-73.9512176513672,40.78599166870117,192.36,4791,4791,4903.5,5095.86,112.5,-3.410605131648481e-13,0.9999999999999982
35593,-73.98971557617188,40.741458892822266,-73.98723602294923,40.720375061035156,762.46,4791,4791,4844.71,5607.17,53.710000000000036,0.0,1.0
35594,-73.97512817382812,40.755760192871094,-73.97920227050781,40.765079498291016,495.82,4791,4791,-1.0,-1.0,-1,-1,0.0
35595,-73.98270416259766,40.74509811401367,-73.94761657714845,40.77902603149415,909.58,4791,4791,-1.0,-1.0,-1,-1,0.0
35596,-73.9812240600586,40.75958633422852,-73.97859191894531,40.77654647827149,536.45,4791,4791,4836.05,5372.5,45.05000000000018,-2.2737367544323206e-13,0.9999999999999996
35597,-73.98215484619139,40.77413558959961,-73.96714782714845,40.80103302001953,514.55,4791,4791,-1.0,-1.0,-1,-1,0.0
35598,-73.98594665527344,40.76235961914063,-73.96340179443358,40.757808685302734,728.91,4792,4792,-1.0,-1.0,-1,-1,0.0
35599,-73.97411346435547,40.74702835083008,-73.99169158935547,40.74898910522461,641.18,4792,4792,4901.46,5542.64,109.46000000000004,3.410605131648481e-13,1.0000000000000004
35600,-74.0013427734375,40.74149703979492,-74.00762939453125,40.74279022216797,227.01,4792,4792,-1.0,-1.0,-1,-1,0.0
35601,-73.9900894165039,40.732337951660156,-73.98999786376955,40.74010848999024,359.94,4792,4792,-1.0,-1.0,-1,-1,0.0
35602,-73.97090148925781,40.7883415222168,-73.98895263671875,40.75878143310547,785.94,4792,4792,4968.2,5754.14,176.19999999999982,4.547473508864641e-13,1.0000000000000007
35603,-73.9803009033203,40.7654685974121,-73.9912109375,40.74982070922852,531.9,4792,4792,-1.0,-1.0,-1,-1,0.0
35604,-73.97319793701173,40.757568359375,-73.9800796508789,40.77368927001953,615.4,4792,4792,4831.88,5510.73,39.88000000000011,63.44999999999948,1.1031036724081889
35605,-73.9925079345703,40.71397018432617,-73.99124145507811,40.72378921508789,306.24,4792,4792,4993.12,5299.36,201.1199999999999,-2.2737367544323206e-13,0.9999999999999992
35606,-74.00656890869139,40.73236083984375,-73.99005889892578,40.73868942260742,498.58,4792,4792,4886.83,5385.41,94.82999999999993,-5.684341886080802e-14,0.9999999999999999
35607,-73.98019409179686,40.7549057006836,-73.99211120605469,40.74673080444336,437.41,4793,4793,4808.8,5309.41,15.800000000000182,63.19999999999965,1.1444868658695495
35608,-74.00696563720702,40.71652603149415,-74.00711059570312,40.74085235595703,596.15,4793,4793,4825.54,5452.4,32.539999999999964,30.709999999999695,1.051513880734714
35609,-73.96656036376955,40.76454162597656,-73.96717834472656,40.76942825317383,195.37,4793,4793,4842.34,5037.71,49.340000000000146,-1.1368683772161603e-13,0.9999999999999994
35610,-73.99236297607422,40.759071350097656,-73.98049926757811,40.74175643920898,764.29,4793,4793,4816.92,5581.21,23.920000000000073,0.0,1.0
35611,-73.97126770019531,40.78438186645508,-73.95854949951173,40.80266952514648,400.39,4793,4793,5015.99,5416.38,222.98999999999978,3.410605131648481e-13,1.0000000000000009
35612,-73.98590087890625,40.72264862060547,-73.9824676513672,40.73226165771485,212.74,4793,4793,4895.42,5108.16,102.42000000000007,-2.2737367544323206e-13,0.9999999999999989
35613,-73.9803237915039,40.7603645324707,-73.98208618164062,40.75185775756836,388.8,4793,4793,-1.0,-1.0,-1,-1,0.0
35614,-73.96855163574219,40.76492309570313,-73.97528839111328,40.75547409057617,332.37,4793,4793,-1.0,-1.0,-1,-1,0.0
35615,-73.9732437133789,40.75720977783203,-73.989990234375,40.75672912597656,606.92,4794,4794,-1.0,-1.0,-1,-1,0.0
35616,-73.97904205322266,40.75627899169922,-73.98792266845702,40.7438850402832,267.97,4794,4794,-1.0,-1.0,-1,-1,0.0
35617,-73.97618103027344,40.77637481689453,-73.97371673583984,40.78438186645508,200.56,4794,4794,-1.0,-1.0,-1,-1,0.0
35618,-73.9752655029297,40.755802154541016,-73.95291900634766,40.78024673461913,647.17,4794,4794,-1.0,-1.0,-1,-1,0.0
35619,-74.00395965576173,40.72390365600585,-73.99723052978516,40.74690246582031,568.95,4794,4794,4905.88,5474.83,111.88000000000011,-2.2737367544323206e-13,0.9999999999999996
35620,-73.9642562866211,40.76792526245117,-73.99137878417969,40.74995803833008,1003.87,4795,4795,4846.24,5883.5,51.23999999999978,33.390000000000214,1.0332612788508475
35621,-73.9730224609375,40.75865173339844,-73.97758483886719,40.74219131469727,517.22,4795,4795,-1.0,-1.0,-1,-1,0.0
35622,-73.94967651367188,40.79626083374024,-73.95953369140625,40.771011352539055,626.53,4795,4795,5212.69,5839.22,417.6899999999996,6.821210263296962e-13,1.000000000000001
35623,-73.962646484375,40.76295852661133,-73.97105407714845,40.75105667114258,313.26,4795,4795,-1.0,-1.0,-1,-1,0.0
35624,-73.98086547851562,40.72949981689453,-74.00337219238281,40.73248291015625,620.32,4795,4795,4949.08,5569.400000000001,154.07999999999993,5.684341886080801e-13,1.0000000000000009
35625,-73.97933959960938,40.74734115600585,-73.98335266113281,40.73123168945313,449.52,4795,4795,4933.83,5383.35,138.82999999999993,4.547473508864641e-13,1.000000000000001
35626,-73.9487075805664,40.77392959594727,-73.96087646484375,40.76892852783203,383.55,4795,4795,4821.92,5205.47,26.920000000000073,1.7053025658242404e-13,1.0000000000000004
35627,-73.9973907470703,40.72731018066406,-73.98241424560547,40.72105026245117,464.82,4796,4796,4907.04,5371.86,111.03999999999996,-2.8421709430404007e-13,0.9999999999999993
35628,-73.99581146240234,40.72697830200195,-73.97325134277344,40.76414108276367,1179.0,4796,4796,4828.21,6018.9400000000005,32.210000000000036,11.730000000000473,1.0099491094147586
35629,-73.99044036865234,40.740440368652344,-73.99169158935547,40.747989654541016,382.08,4796,4796,4939.0,5321.08,143.0,-5.684341886080802e-14,0.9999999999999999
35630,-74.0086669921875,40.720176696777344,-73.99818420410156,40.73528289794922,386.04,4796,4796,-1.0,-1.0,-1,-1,0.0
35631,-73.97842407226562,40.76663208007813,-73.95154571533203,40.75945663452149,1013.1,4796,4796,4810.95,5876.7,14.949999999999818,52.64999999999998,1.0519692034350014
35632,-73.99462890625,40.7354621887207,-73.99436950683594,40.75941467285156,764.48,4796,4796,-1.0,-1.0,-1,-1,0.0
35633,-73.98418426513672,40.75425338745117,-73.97380828857422,40.783027648925774,791.67,4796,4796,-1.0,-1.0,-1,-1,0.0
35634,-73.9687271118164,40.791282653808594,-73.97537994384766,40.77849578857422,277.8,4797,4797,4862.21,5140.01,65.21000000000004,1.7053025658242404e-13,1.0000000000000007
35635,-74.00083923339844,40.73597717285156,-73.95745849609375,40.76579666137695,1116.36,4797,4797,-1.0,-1.0,-1,-1,0.0
35636,-73.99500274658203,40.72558975219727,-73.98542022705078,40.73583984375,293.89,4797,4797,4809.58,5162.08,12.579999999999927,58.610000000000014,1.1994283575487428
35637,-73.96871948242188,40.75469970703125,-73.97996520996094,40.737648010253906,334.75,4798,4798,4813.4400000000005,5148.19,15.44000000000051,-9.094947017729282e-13,0.9999999999999973
35638,-73.99668884277344,40.72557067871094,-73.98766326904298,40.732337951660156,271.39,4798,4798,4826.42,5097.81,28.420000000000073,3.410605131648481e-13,1.0000000000000013
35639,-73.97591400146483,40.759578704833984,-73.99347686767578,40.740013122558594,559.3,4798,4798,-1.0,-1.0,-1,-1,0.0
35640,-74.00401306152342,40.73310089111328,-73.99966430664062,40.74321746826172,327.58,4798,4798,-1.0,-1.0,-1,-1,0.0
35641,-73.98477935791014,40.76852035522461,-73.96077728271484,40.75843811035156,784.44,4798,4798,4855.09,5639.53,57.090000000000146,-4.547473508864641e-13,0.9999999999999994
35642,-73.99490356445312,40.72779846191406,-73.9879379272461,40.74148178100585,511.86,4798,4798,4898.38,5410.24,100.38000000000011,-3.410605131648481e-13,0.9999999999999993
35643,-73.97537994384766,40.758548736572266,-74.01519775390625,40.71554946899415,1368.62,4798,4798,-1.0,-1.0,-1,-1,0.0
35644,-73.99302673339844,40.747703552246094,-73.9992446899414,40.73394012451172,321.58,4798,4798,-1.0,-1.0,-1,-1,0.0
35645,-73.97311401367188,40.75349426269531,-74.01004028320312,40.704902648925774,962.08,4798,4798,-1.0,-1.0,-1,-1,0.0
35646,-73.97376251220702,40.76380920410156,-73.97177124023438,40.756385803222656,321.83,4799,4799,-1.0,-1.0,-1,-1,0.0
35647,-73.95639038085938,40.77163314819336,-73.95552062988281,40.7786521911621,242.24,4799,4799,4825.4400000000005,5067.68,26.44000000000051,-2.2737367544323206e-13,0.9999999999999991
35648,-73.98165130615234,40.74948120117188,-73.9989013671875,40.73178482055664,512.78,4799,4799,-1.0,-1.0,-1,-1,0.0
35649,-73.95755004882812,40.77962112426758,-73.97271728515625,40.78668975830078,302.94,4799,4799,4837.2,5140.14,38.19999999999982,5.115907697472721e-13,1.0000000000000018
35650,-74.00334167480467,40.74880981445313,-74.01325988769531,40.709468841552734,911.6,4799,4799,-1.0,-1.0,-1,-1,0.0
35651,-73.98206329345702,40.77552795410156,-73.97187805175781,40.79723739624024,459.21,4799,4799,-1.0,-1.0,-1,-1,0.0
35652,-74.00263977050781,40.72032928466797,-74.00540924072266,40.73880004882813,628.76,4799,4799,4882.88,5511.64,83.88000000000011,2.2737367544323206e-13,1.0000000000000004
35653,-73.9920425415039,40.72389221191406,-73.97894287109375,40.73611068725585,380.99,4800,4800,4852.82,5233.81,52.81999999999971,6.821210263296962e-13,1.0000000000000018
35654,-73.96829986572266,40.76803588867188,-74.00433349609375,40.74616622924805,1074.65,4800,4800,-1.0,-1.0,-1,-1,0.0
35655,-73.99903106689453,40.74961853027344,-73.98081970214844,40.74180603027344,585.25,4800,4800,-1.0,-1.0,-1,-1,0.0
35656,-74.00592803955078,40.71211624145508,-73.98460388183594,40.75767135620117,1188.09,4800,4800,-1.0,-1.0,-1,-1,0.0
35657,-73.98126983642578,40.76199340820313,-73.96312713623048,40.76435470581055,627.98,4800,4800,-1.0,-1.0,-1,-1,0.0
35658,-73.99303436279298,40.72268295288085,-73.96288299560547,40.76645278930664,1035.79,4800,4800,-1.0,-1.0,-1,-1,0.0
35659,-74.00758361816406,40.75162124633789,-73.9915313720703,40.71945190429688,1242.36,4801,4801,4836.21,6078.57,35.210000000000036,-2.2737367544323206e-13,0.9999999999999998
35660,-73.96835327148438,40.76254653930664,-73.95779418945312,40.77449417114258,314.85,4801,4801,-1.0,-1.0,-1,-1,0.0
35661,-73.98542022705078,40.74459838867188,-73.96224975585938,40.77622985839844,757.7,4801,4801,-1.0,-1.0,-1,-1,0.0
35662,-73.95862579345702,40.77989196777344,-73.98177337646483,40.74912643432617,944.87,4801,4801,4926.92,5871.79,125.92000000000007,-1.1368683772161603e-13,0.9999999999999999
35663,-73.97121429443358,40.7638053894043,-73.96336364746094,40.774726867675774,229.56,4801,4801,4854.18,5083.74,53.18000000000029,-5.115907697472721e-13,0.9999999999999978
35664,-73.98239135742188,40.75156021118164,-73.978271484375,40.763031005859375,369.01,4801,4801,-1.0,-1.0,-1,-1,0.0
35665,-73.97184753417969,40.79719924926758,-73.9649887084961,40.79182434082031,227.87,4801,4801,4845.04,5072.91,44.039999999999964,-1.1368683772161603e-13,0.9999999999999996
35666,-73.98201751708984,40.752140045166016,-73.98737335205078,40.721900939941406,899.98,4801,4801,-1.0,-1.0,-1,-1,0.0
35667,-73.97889709472656,40.7515983581543,-73.97075653076173,40.755386352539055,289.34,4801,4801,4830.0,5119.34,29.0,1.7053025658242404e-13,1.0000000000000007
35668,-73.95487213134766,40.76726913452149,-73.97490692138672,40.76165008544922,716.47,4802,4802,-1.0,-1.0,-1,-1,0.0
35669,-73.95944213867188,40.77412414550781,-73.95556640625,40.78688430786133,377.3,4802,4802,-1.0,-1.0,-1,-1,0.0
35670,-73.95560455322266,40.779640197753906,-73.96265411376955,40.773231506347656,212.39,4802,4802,-1.0,-1.0,-1,-1,0.0
35671,-73.97078704833984,40.75991821289063,-73.98185729980467,40.74345397949219,399.38,4802,4802,4852.9,5252.28,50.899999999999636,1.1368683772161603e-13,1.0000000000000002
35672,-73.9962387084961,40.72547912597656,-74.00572967529298,40.73296356201172,317.43,4802,4802,4851.05,5168.48,49.05000000000018,-6.252776074688882e-13,0.999999999999998
35673,-73.99120330810547,40.75552749633789,-73.98250579833984,40.74251174926758,657.58,4802,4802,-1.0,-1.0,-1,-1,0.0
35674,-73.96595001220702,40.76214218139648,-73.9771728515625,40.76466751098633,421.62,4803,4803,4839.55,5261.17,36.55000000000018,-1.1368683772161603e-13,0.9999999999999998
35675,-73.97791290283203,40.75519180297852,-73.97191619873048,40.76321029663085,207.88,4803,4803,4855.62,5063.5,52.61999999999989,1.1368683772161603e-13,1.0000000000000004
35676,-73.97541046142578,40.78713989257813,-73.95023345947266,40.80602645874024,627.3,4803,4803,4833.52,5488.54,30.520000000000437,27.719999999999573,1.0441893830703006
35677,-73.96885681152342,40.786041259765625,-73.95326232910156,40.77682113647461,426.54,4803,4803,4831.99,5298.23,28.98999999999978,39.69999999999976,1.093074506494115
35678,-73.99709320068358,40.725494384765625,-74.0054702758789,40.71138381958008,562.9,4803,4803,-1.0,-1.0,-1,-1,0.0
35679,-73.9805679321289,40.74456405639648,-74.00682067871094,40.74894714355469,700.67,4804,4804,-1.0,-1.0,-1,-1,0.0
35680,-73.96661376953125,40.76420974731445,-73.97028350830078,40.76074981689453,201.28,4805,4805,-1.0,-1.0,-1,-1,0.0
35681,-73.96591186523438,40.805423736572266,-73.98162078857422,40.7674674987793,838.75,4805,4805,5097.29,5936.04,292.28999999999996,0.0,1.0
35682,-73.97273254394531,40.76218795776367,-73.94768524169923,40.77624893188477,666.89,4805,4805,-1.0,-1.0,-1,-1,0.0
35683,-73.96600341796875,40.80547332763672,-73.9482879638672,40.78480529785156,797.03,4805,4805,5740.41,6537.44,935.4099999999999,-2.2737367544323206e-13,0.9999999999999997
35684,-73.98326110839844,40.741565704345696,-73.9719009399414,40.75720596313477,541.28,4805,4805,-1.0,-1.0,-1,-1,0.0
35685,-74.00416564941406,40.73831176757813,-73.9933090209961,40.752437591552734,347.13,4805,4805,-1.0,-1.0,-1,-1,0.0
35686,-74.00550079345702,40.75096130371094,-73.98088836669923,40.74223327636719,682.74,4806,4806,-1.0,-1.0,-1,-1,0.0
35687,-73.94464874267578,40.77920913696289,-73.96240234375,40.77022933959961,463.15,4806,4806,-1.0,-1.0,-1,-1,0.0
35688,-74.00653839111328,40.70700073242188,-74.0043411254883,40.74779510498047,901.65,4806,4806,-1.0,-1.0,-1,-1,0.0
35689,-73.98793029785155,40.7495002746582,-73.98463439941406,40.76398086547852,463.03,4806,4806,-1.0,-1.0,-1,-1,0.0
35690,-74.00263214111328,40.7304916381836,-73.99620056152342,40.72602844238281,252.24,4806,4806,-1.0,-1.0,-1,-1,0.0
35691,-73.98390960693358,40.725399017333984,-73.98645782470702,40.746448516845696,772.11,4806,4806,4860.71,5632.82,54.710000000000036,-3.410605131648481e-13,0.9999999999999996
35692,-73.97235107421875,40.752601623535156,-73.98066711425781,40.757083892822266,455.78,4807,4807,5018.25,5474.03,211.25,-2.2737367544323206e-13,0.9999999999999996
35693,-74.01005554199219,40.72089767456055,-73.98603820800781,40.72940444946289,793.0,4807,4807,4852.5599999999995,5645.5599999999995,45.55999999999949,0.0,1.0
35694,-74.00807189941406,40.70465087890625,-74.00406646728516,40.73003387451172,703.62,4807,4807,4850.2,5591.41,43.19999999999982,37.59000000000003,1.0534237230323187
35695,-73.98259735107422,40.76131057739258,-73.97783660888672,40.75397872924805,408.2,4807,4807,-1.0,-1.0,-1,-1,0.0
35696,-73.97281646728516,40.75596618652344,-73.95211029052734,40.78155517578125,622.93,4807,4807,-1.0,-1.0,-1,-1,0.0
35697,-73.99820709228516,40.72625350952149,-74.00621032714845,40.733711242675774,284.1,4807,4807,-1.0,-1.0,-1,-1,0.0
35698,-74.0078125,40.73234176635742,-74.00494384765625,40.74649429321289,304.95,4807,4807,-1.0,-1.0,-1,-1,0.0
35699,-73.97278594970702,40.760597229003906,-73.96670532226562,40.78874588012695,660.94,4807,4807,-1.0,-1.0,-1,-1,0.0
35700,-73.9733123779297,40.758316040039055,-73.96400451660156,40.75682067871094,315.7,4807,4807,-1.0,-1.0,-1,-1,0.0
35701,-73.95552062988281,40.78277969360352,-73.99771118164062,40.74108123779297,1368.92,4807,4807,-1.0,-1.0,-1,-1,0.0
35702,-73.95415496826173,40.770320892333984,-73.9681625366211,40.75558471679688,566.34,4807,4807,-1.0,-1.0,-1,-1,0.0
35703,-73.95753479003906,40.77040481567383,-73.96278381347656,40.76560592651367,219.87,4807,4807,-1.0,-1.0,-1,-1,0.0
35704,-73.96685791015625,40.76708984375,-73.95561981201173,40.77246856689453,346.24,4808,4808,-1.0,-1.0,-1,-1,0.0
35705,-73.97512054443358,40.7528190612793,-73.98504638671875,40.7291145324707,580.81,4808,4808,-1.0,-1.0,-1,-1,0.0
35706,-73.97114562988281,40.78277969360352,-73.9493179321289,40.79715347290039,554.47,4808,4808,-1.0,-1.0,-1,-1,0.0
35707,-73.97794342041014,40.75845336914063,-73.99205017089844,40.7492561340332,512.49,4808,4808,-1.0,-1.0,-1,-1,0.0
35708,-73.95728302001955,40.77027893066406,-73.98486328125,40.747459411621094,996.05,4809,4809,4832.57,5913.76,23.56999999999971,85.14000000000055,1.0854776366648267
35709,-74.00424194335938,40.74761962890625,-73.99179077148438,40.74100112915039,349.88,4809,4809,4851.42,5201.3,42.42000000000007,1.1368683772161603e-13,1.0000000000000002
35710,-73.98700714111328,40.73871994018555,-74.00623321533203,40.7335090637207,546.45,4809,4809,-1.0,-1.0,-1,-1,0.0
35711,-73.98382568359375,40.765380859375,-73.97710418701173,40.789955139160156,609.85,4809,4809,-1.0,-1.0,-1,-1,0.0
35712,-73.98165130615234,40.77027893066406,-74.00788116455078,40.74264907836913,878.08,4809,4809,-1.0,-1.0,-1,-1,0.0
35713,-74.00377655029298,40.743011474609375,-73.97315979003906,40.78693771362305,941.32,4809,4809,-1.0,-1.0,-1,-1,0.0
35714,-73.97413635253906,40.78385925292969,-73.95978546142578,40.77536392211913,333.59,4809,4809,4858.75,5192.34,49.75,1.7053025658242404e-13,1.0000000000000004
35715,-73.98966979980467,40.756065368652344,-73.9782943725586,40.76646423339844,342.08,4809,4809,4834.89,5176.97,25.890000000000327,-5.684341886080802e-14,0.9999999999999999
35716,-73.98703002929686,40.75075149536133,-73.98921203613281,40.75835418701172,276.93,4809,4809,-1.0,-1.0,-1,-1,0.0
35717,-73.98121643066406,40.7504997253418,-73.9906234741211,40.75114440917969,328.74,4810,4810,-1.0,-1.0,-1,-1,0.0
35718,-73.96925354003906,40.76086807250977,-73.97427368164062,40.76005935668945,219.13,4810,4810,-1.0,-1.0,-1,-1,0.0
35719,-73.9676513671875,40.75606155395508,-73.98182678222656,40.74694442749024,474.95,4810,4810,5040.82,5515.77,230.8199999999997,7.389644451905042e-13,1.0000000000000016
35720,-73.9898910522461,40.73255157470703,-73.99272918701173,40.7238655090332,334.79,4810,4810,-1.0,-1.0,-1,-1,0.0
35721,-73.97469329833984,40.74210739135742,-73.99034118652342,40.748294830322266,609.73,4810,4810,-1.0,-1.0,-1,-1,0.0
35722,-73.97677612304686,40.749526977539055,-73.97875213623048,40.73705673217773,357.07,4811,4811,4843.17,5200.24,32.17000000000007,-2.8421709430404007e-13,0.9999999999999992
35723,-73.99325561523438,40.73333740234375,-74.0020980834961,40.73967361450195,286.79,4811,4811,-1.0,-1.0,-1,-1,0.0
35724,-74.00363159179686,40.72375106811523,-73.99373626708984,40.72726058959961,386.96,4811,4811,-1.0,-1.0,-1,-1,0.0
35725,-73.9879608154297,40.73202133178711,-73.9825210571289,40.741920471191406,279.03,4811,4811,4844.5,5123.53,33.5,-2.2737367544323206e-13,0.9999999999999992
35726,-74.00559997558595,40.74058532714844,-73.98238372802734,40.74260330200195,720.29,4811,4811,4863.95,5584.24,52.94999999999982,0.0,1.0
35727,-73.98755645751955,40.736026763916016,-74.00410461425781,40.742576599121094,518.96,4811,4811,-1.0,-1.0,-1,-1,0.0
35728,-73.99917602539062,40.72005081176758,-74.0035858154297,40.72917938232422,386.05,4811,4811,4841.5199999999995,5257.57,30.519999999999527,30.00000000000017,1.0777101411734236
35729,-73.97627258300781,40.759185791015625,-73.97290802001955,40.78559112548828,794.09,4811,4811,-1.0,-1.0,-1,-1,0.0
35730,-73.96974945068358,40.76310348510742,-73.95404052734375,40.782390594482415,518.25,4811,4811,-1.0,-1.0,-1,-1,0.0
35731,-73.96752166748048,40.759727478027344,-73.94801330566406,40.78696823120117,478.54,4811,4811,4836.49,5315.03,25.48999999999978,-5.684341886080802e-14,0.9999999999999999
35732,-73.98223876953125,40.73161315917969,-73.96662139892578,40.75645065307617,479.99,4811,4811,5057.71,5537.7,246.71000000000004,-2.2737367544323206e-13,0.9999999999999996
35733,-73.95545196533203,40.76860046386719,-73.94664764404298,40.78089141845703,186.5,4811,4811,4850.96,5037.46,39.960000000000036,0.0,1.0
35734,-73.99382019042969,40.75146484375,-73.99349975585938,40.721824645996094,1122.22,4812,4812,-1.0,-1.0,-1,-1,0.0
35735,-73.95085906982422,40.771671295166016,-73.9830780029297,40.77585983276367,857.44,4812,4812,4837.3099999999995,5726.5,25.30999999999949,31.750000000000455,1.0370288300055985
35736,-73.9539566040039,40.76642990112305,-73.97427368164062,40.7598991394043,697.5,4812,4812,-1.0,-1.0,-1,-1,0.0
35737,-74.00511932373048,40.720458984375,-74.00089263916014,40.73630905151367,325.21,4812,4812,-1.0,-1.0,-1,-1,0.0
35738,-73.99295806884766,40.75299835205078,-73.99147033691406,40.75973510742188,320.1,4812,4812,-1.0,-1.0,-1,-1,0.0
35739,-73.9838638305664,40.75500869750977,-73.9793472290039,40.77650451660156,643.57,4812,4812,-1.0,-1.0,-1,-1,0.0
35740,-73.96710205078125,40.7530403137207,-73.95796966552734,40.76933288574219,350.26,4813,4813,4830.0,5180.26,17.0,2.2737367544323206e-13,1.0000000000000007
35741,-73.94931030273438,40.78812789916992,-73.96954345703125,40.78627014160156,460.29,4813,4813,4987.45,5447.74,174.44999999999982,-5.684341886080802e-14,0.9999999999999999
35742,-73.97238922119139,40.7540168762207,-74.00177001953125,40.73563766479492,936.25,4813,4813,-1.0,-1.0,-1,-1,0.0
35743,-73.99266052246094,40.74813461303711,-73.98900604248048,40.7341194152832,483.62,4813,4813,4857.07,5362.98,44.06999999999971,22.28999999999985,1.0460899052975474
35744,-73.98624420166014,40.74663543701172,-73.9837417602539,40.7562255859375,377.68,4813,4813,-1.0,-1.0,-1,-1,0.0
35745,-73.98649597167969,40.74394989013672,-73.9809036254883,40.75895690917969,501.69,4813,4813,-1.0,-1.0,-1,-1,0.0
35746,-73.99430084228516,40.74446868896485,-73.95935821533203,40.7770881652832,1133.48,4813,4813,4851.49,5984.97,38.48999999999978,4.547473508864641e-13,1.0000000000000004
35747,-73.99373626708984,40.76726913452149,-73.98786926269531,40.75894165039063,421.13,4814,4814,4941.71,5362.84,127.71000000000004,1.1368683772161603e-13,1.0000000000000002
35748,-73.94876098632812,40.77764129638672,-73.94051361083984,40.81447982788085,613.81,4814,4814,4839.83,5453.64,25.829999999999927,4.547473508864641e-13,1.0000000000000007
35749,-73.97615814208984,40.78886032104492,-73.97427368164062,40.7647705078125,739.79,4814,4814,4840.38,5650.94,26.38000000000011,70.76999999999953,1.095662282539639
35750,-73.97753143310547,40.76648330688477,-73.96813201904298,40.75728225708008,562.92,4814,4814,-1.0,-1.0,-1,-1,0.0
35751,-73.98248291015625,40.76244735717773,-73.9660873413086,40.762020111083984,579.65,4814,4814,-1.0,-1.0,-1,-1,0.0
35752,-74.004150390625,40.74267578125,-73.98820495605469,40.72789001464844,700.5,4814,4814,4862.13,5562.63,48.13000000000011,0.0,1.0
35753,-74.00186920166014,40.75062942504883,-73.99416351318358,40.75075912475585,237.34,4814,4814,-1.0,-1.0,-1,-1,0.0
35754,-73.9773712158203,40.764324188232415,-73.9723129272461,40.78229522705078,467.42,4814,4814,-1.0,-1.0,-1,-1,0.0
35755,-73.96822357177734,40.76219177246094,-73.9749526977539,40.75357055664063,253.01,4814,4814,4851.09,5104.1,37.090000000000146,2.2737367544323206e-13,1.0000000000000009
35756,-73.98069763183594,40.745304107666016,-73.9836196899414,40.7236557006836,609.34,4814,4814,-1.0,-1.0,-1,-1,0.0
35757,-73.98050689697266,40.7598991394043,-73.97903442382812,40.78353118896485,649.12,4814,4814,4853.72,5548.96,39.720000000000255,46.11999999999978,1.0710500369731326
35758,-73.9974365234375,40.72507858276367,-73.9909896850586,40.71514892578125,606.75,4814,4814,4830.0,5436.75,16.0,0.0,1.0
35759,-73.96199035644531,40.80543899536133,-73.94000244140625,40.8088493347168,623.2,4815,4815,-1.0,-1.0,-1,-1,0.0
35760,-73.96649932861328,40.76762771606445,-73.95244598388672,40.78684616088867,425.32,4815,4815,4971.21,5396.53,156.21000000000004,-2.8421709430404007e-13,0.9999999999999993
35761,-74.00421142578125,40.70758056640625,-74.00877380371094,40.71913146972656,467.82,4815,4815,4918.41,5386.23,103.40999999999985,-2.8421709430404007e-13,0.9999999999999994
35762,-73.98392486572266,40.75525283813477,-73.95600128173827,40.77299118041992,869.76,4815,4815,-1.0,-1.0,-1,-1,0.0
35763,-73.97415161132812,40.78384017944336,-73.98107147216798,40.77420043945313,193.38,4816,4816,4862.07,5055.45,46.06999999999971,1.1368683772161603e-13,1.0000000000000007
35764,-73.95383453369139,40.778717041015625,-73.97086334228516,40.79431915283203,535.48,4816,4816,4830.0,5365.4800000000005,14.0,4.547473508864641e-13,1.0000000000000009
35765,-73.97122192382812,40.757713317871094,-73.9769058227539,40.750205993652344,202.89,4816,4816,4846.45,5049.34,30.449999999999818,3.410605131648481e-13,1.0000000000000018
35766,-73.99861907958984,40.761173248291016,-73.9850311279297,40.743816375732415,746.11,4816,4816,4985.21,5731.32,169.21000000000004,-3.410605131648481e-13,0.9999999999999996
35767,-73.99842071533203,40.72970962524415,-74.0146255493164,40.71145629882813,669.51,4817,4817,4830.0,5499.51,13.0,2.2737367544323206e-13,1.0000000000000004
35768,-74.01000213623048,40.7112693786621,-73.99059295654298,40.75608825683594,1006.3,4817,4817,-1.0,-1.0,-1,-1,0.0
35769,-73.9700469970703,40.749038696289055,-73.97348022460938,40.73807907104492,261.14,4817,4817,-1.0,-1.0,-1,-1,0.0
35770,-73.99446868896483,40.7406005859375,-74.00837707519531,40.73691177368164,431.75,4817,4817,-1.0,-1.0,-1,-1,0.0
35771,-73.982421875,40.751373291015625,-73.97560119628906,40.75675964355469,244.71,4817,4817,-1.0,-1.0,-1,-1,0.0
35772,-73.99896240234375,40.72304916381836,-74.00405883789062,40.73337173461913,495.62,4817,4817,-1.0,-1.0,-1,-1,0.0
35773,-74.01667022705078,40.70960235595703,-73.98955535888672,40.73980712890625,975.65,4817,4817,4984.26,5959.91,167.26000000000022,-3.410605131648481e-13,0.9999999999999997
35774,-73.97557067871094,40.76359939575195,-73.95317840576173,40.77259826660156,615.48,4817,4817,-1.0,-1.0,-1,-1,0.0
35775,-73.96714782714845,40.763671875,-73.9649429321289,40.753089904785156,395.77,4818,4818,-1.0,-1.0,-1,-1,0.0
35776,-73.97905731201173,40.74042892456055,-73.9852066040039,40.72902297973633,254.11,4818,4818,4875.95,5163.52,57.94999999999982,33.460000000000605,1.1316752587462147
35777,-73.94777679443358,40.78342056274415,-73.9625473022461,40.76642990112305,482.7,4818,4818,5095.64,5578.34,277.6400000000003,-1.7053025658242404e-13,0.9999999999999997
35778,-73.99046325683594,40.756290435791016,-73.97988891601562,40.763099670410156,426.4,4818,4818,4834.9800000000005,5341.360000000001,16.980000000000473,79.98000000000013,1.1875703564727957
35779,-74.00403594970702,40.71710205078125,-73.99044799804686,40.7249412536621,616.49,4818,4818,-1.0,-1.0,-1,-1,0.0
35780,-73.9966812133789,40.742767333984375,-74.00359344482422,40.72780990600585,369.95,4818,4818,-1.0,-1.0,-1,-1,0.0
35781,-73.97700500488281,40.75925827026367,-73.98157501220702,40.740718841552734,560.16,4818,4818,4830.5199999999995,5459.2,12.519999999999527,68.52000000000032,1.1223221936589551
35782,-73.97191619873048,40.76047134399415,-73.97216033935547,40.78562545776367,699.67,4818,4818,-1.0,-1.0,-1,-1,0.0
35783,-74.00550842285155,40.751014709472656,-73.98749542236328,40.7662353515625,502.92,4819,4819,-1.0,-1.0,-1,-1,0.0
35784,-74.00450897216798,40.72419357299805,-74.00051116943358,40.74614334106445,558.08,4819,4819,4950.97,5509.05,131.97000000000025,-1.1368683772161603e-13,0.9999999999999998
35785,-73.99365234375,40.729339599609375,-73.99980926513672,40.734539031982415,275.4,4819,4819,-1.0,-1.0,-1,-1,0.0
35786,-73.99138641357422,40.74988174438477,-73.93489837646483,40.79838943481445,1483.07,4819,4819,-1.0,-1.0,-1,-1,0.0
35787,-73.96939849853516,40.766502380371094,-73.97805023193358,40.788124084472656,639.3,4819,4819,-1.0,-1.0,-1,-1,0.0
35788,-74.00080108642578,40.75766372680664,-73.98544311523438,40.73180770874024,892.54,4820,4820,4927.25,5819.79,107.25,0.0,1.0
35789,-73.98467254638672,40.75394821166992,-73.99954223632812,40.72871017456055,756.38,4820,4820,-1.0,-1.0,-1,-1,0.0
35790,-73.96234130859375,40.77301406860352,-73.95317840576173,40.77700424194336,265.91,4820,4820,4871.92,5137.83,51.92000000000007,-1.7053025658242404e-13,0.9999999999999993
35791,-73.97929382324219,40.76054763793945,-73.95084381103516,40.77593612670898,845.52,4820,4820,4845.48,5724.09,25.479999999999563,33.0900000000006,1.0391356798183373
35792,-73.95962524414062,40.76266860961913,-73.95934295654298,40.77005004882813,221.16,4820,4820,4871.3099999999995,5092.47,51.30999999999949,7.673861546209082e-13,1.0000000000000036
35793,-73.994384765625,40.72843551635742,-73.99198150634766,40.743965148925774,487.94,4820,4820,4865.9,5353.84,45.899999999999636,5.115907697472721e-13,1.000000000000001
35794,-73.97914123535155,40.76654815673828,-74.01628875732422,40.71109008789063,1371.89,4820,4820,-1.0,-1.0,-1,-1,0.0
35795,-74.01565551757811,40.71066665649415,-74.0059814453125,40.73990249633789,599.01,4820,4820,-1.0,-1.0,-1,-1,0.0
35796,-73.98102569580078,40.76310729980469,-73.9705352783203,40.76405715942383,347.45,4821,4821,-1.0,-1.0,-1,-1,0.0
35797,-73.96151733398438,40.77434158325195,-73.95561981201173,40.76606750488281,393.63,4821,4821,-1.0,-1.0,-1,-1,0.0
35798,-73.98726654052734,40.76088333129883,-73.97467041015625,40.78587341308594,572.04,4821,4821,-1.0,-1.0,-1,-1,0.0
35799,-73.968017578125,40.762542724609375,-73.99634552001955,40.720306396484375,1189.9,4821,4821,-1.0,-1.0,-1,-1,0.0
35800,-73.96788024902342,40.80009460449219,-73.95594024658203,40.803653717041016,349.24,4821,4821,4954.2,5303.44,133.19999999999982,-2.2737367544323206e-13,0.9999999999999993
35801,-73.9770278930664,40.75656127929688,-73.99883270263672,40.73081970214844,769.55,4822,4822,4850.92,5691.85,28.920000000000073,71.38000000000034,1.0927555064648176
35802,-73.97142028808595,40.79796981811523,-73.98222351074219,40.78358840942383,270.87,4822,4822,4835.63,5174.78,13.63000000000011,68.27999999999963,1.2520766419315525
35803,-73.99433898925781,40.75921249389648,-74.00462341308595,40.741981506347656,435.89,4822,4822,-1.0,-1.0,-1,-1,0.0
35804,-73.99571990966798,40.727333068847656,-74.00430297851562,40.7525520324707,799.67,4822,4822,-1.0,-1.0,-1,-1,0.0
35805,-73.9840316772461,40.76131820678711,-73.96363067626955,40.75799179077149,711.76,4822,4822,-1.0,-1.0,-1,-1,0.0
35806,-73.97000122070312,40.799781799316406,-73.98204803466798,40.78057098388672,396.52,4822,4822,4840.17,5258.4800000000005,18.170000000000073,21.79000000000042,1.054953091899527
35807,-73.99806976318358,40.71704864501953,-73.98517608642578,40.75616836547852,1089.91,4822,4822,5046.45,6136.36,224.44999999999982,-2.2737367544323206e-13,0.9999999999999998
35808,-73.96055603027344,40.76563262939453,-73.97267913818358,40.74902725219727,435.35,4822,4822,-1.0,-1.0,-1,-1,0.0
35809,-73.97782135009766,40.758113861083984,-73.98531341552734,40.76327896118164,347.78,4823,4823,4843.72,5209.47,20.720000000000255,17.970000000000027,1.051670596354017
35810,-73.97041320800781,40.755332946777344,-74.0067367553711,40.73939514160156,1101.25,4823,4823,-1.0,-1.0,-1,-1,0.0
35811,-73.98204803466798,40.77392959594727,-73.97618103027344,40.78831100463867,307.63,4823,4823,4851.09,5187.25,28.090000000000146,28.52999999999986,1.0927412801092216
35812,-74.0001449584961,40.721527099609375,-73.97865295410156,40.71354675292969,765.08,4823,4823,-1.0,-1.0,-1,-1,0.0
35813,-73.94503021240234,40.77880096435547,-73.96978759765625,40.78548049926758,537.53,4823,4823,-1.0,-1.0,-1,-1,0.0
35814,-73.96412658691406,40.75640106201172,-73.94837951660156,40.77815628051758,354.23,4823,4823,4942.67,5296.9,119.67000000000007,-4.547473508864641e-13,0.9999999999999987
35815,-73.98181915283203,40.75250244140625,-73.99998474121094,40.727874755859375,615.46,4823,4823,-1.0,-1.0,-1,-1,0.0
35816,-73.99101257324219,40.745643615722656,-74.00111389160156,40.73923110961913,335.83,4823,4823,-1.0,-1.0,-1,-1,0.0
35817,-74.00602722167969,40.72563171386719,-73.99736022949219,40.72243881225585,338.99,4823,4823,4933.87,5272.86,110.86999999999989,-2.2737367544323206e-13,0.9999999999999993
35818,-74.00521850585938,40.740760803222656,-73.98497009277344,40.72412872314453,816.65,4823,4823,4875.16,5702.79,52.159999999999854,10.980000000000132,1.0134451723504563
35819,-74.00741577148438,40.70552444458008,-73.98888397216798,40.71410369873047,402.37,4823,4823,4894.18,5296.55,71.18000000000029,-1.1368683772161603e-13,0.9999999999999997
35820,-73.96869659423827,40.75638961791992,-73.97647094726562,40.74748992919922,341.75,4824,4824,4866.16,5207.91,42.159999999999854,0.0,1.0
35821,-74.00524139404298,40.74061965942383,-73.99541473388672,40.73064422607422,455.78,4824,4824,-1.0,-1.0,-1,-1,0.0
35822,-73.97392272949219,40.75177001953125,-74.01260375976562,40.71009063720703,1159.53,4824,4824,-1.0,-1.0,-1,-1,0.0
35823,-73.9915542602539,40.75502014160156,-73.97370910644531,40.791908264160156,883.64,4824,4824,4882.3,5812.07,58.30000000000018,46.12999999999954,1.0522045176768815
35824,-73.96831512451173,40.76517868041992,-73.95883178710938,40.78055191040039,377.84,4824,4824,-1.0,-1.0,-1,-1,0.0
35825,-73.98705291748048,40.74243927001953,-73.94934844970702,40.78691101074219,1093.88,4824,4824,4845.81,5939.69,21.8100000000004,-9.094947017729282e-13,0.9999999999999992
35826,-73.97367095947266,40.76478958129883,-73.97408294677734,40.79225158691406,760.38,4824,4824,-1.0,-1.0,-1,-1,0.0
35827,-74.01260375976562,40.706764221191406,-73.9726333618164,40.74504470825195,791.51,4824,4824,4868.31,5659.82,44.3100000000004,-6.821210263296962e-13,0.9999999999999991
35828,-73.9864730834961,40.740234375,-73.98872375488281,40.72433471679688,498.01,4824,4824,-1.0,-1.0,-1,-1,0.0
35829,-73.9757080078125,40.74386215209961,-73.99222564697266,40.72512817382813,449.19,4825,4825,4897.46,5346.650000000001,72.46000000000004,5.115907697472721e-13,1.000000000000001
35830,-73.98194122314453,40.76850891113281,-73.96949768066406,40.7903709411621,544.73,4825,4825,4844.32,5466.87,19.31999999999971,77.82000000000016,1.1428597653883579
35831,-73.97882843017578,40.76273727416992,-73.98200988769531,40.77698135375977,452.95,4825,4825,4882.18,5335.13,57.18000000000029,-1.7053025658242404e-13,0.9999999999999997
35832,-73.98206329345702,40.76838684082031,-73.97808074951173,40.75234603881836,667.77,4825,4825,4875.33,5594.93,50.32999999999993,51.83000000000038,1.0776165446186567
35833,-73.96939086914062,40.76105880737305,-73.9751968383789,40.759441375732415,277.63,4825,4825,-1.0,-1.0,-1,-1,0.0
35834,-73.99134826660156,40.76026153564453,-73.97693634033203,40.74313735961913,829.0,4825,4825,4968.07,5797.07,143.0699999999997,0.0,1.0
35835,-73.97383117675781,40.761245727539055,-73.97847747802734,40.777435302734375,554.51,4826,4826,4864.24,5418.75,38.23999999999978,2.2737367544323206e-13,1.0000000000000004
35836,-73.98042297363281,40.748329162597656,-73.96975708007811,40.76020812988281,439.53,4826,4826,-1.0,-1.0,-1,-1,0.0
35837,-73.98755645751955,40.7579231262207,-73.96535491943358,40.77172470092773,658.07,4826,4826,4846.5,5504.57,20.5,-3.410605131648481e-13,0.9999999999999994
35838,-73.9922866821289,40.74760055541992,-74.00350952148438,40.72996520996094,382.96,4826,4826,4869.58,5252.54,43.57999999999993,5.684341886080802e-14,1.0000000000000002
35839,-73.9807357788086,40.78337478637695,-73.97123718261719,40.79264831542969,242.33,4826,4826,4866.7,5109.03,40.69999999999982,-8.526512829121202e-14,0.9999999999999997
35840,-74.00080108642578,40.73172378540039,-73.96619415283203,40.800697326660156,1417.33,4826,4826,4876.51,6293.84,50.51000000000022,0.0,1.0
35841,-73.97142791748048,40.75823974609375,-73.98770141601562,40.77775955200195,896.45,4827,4827,-1.0,-1.0,-1,-1,0.0
35842,-73.96179962158203,40.77690124511719,-73.97596740722656,40.78554153442383,391.67,4827,4827,4995.79,5387.46,168.78999999999996,5.684341886080802e-14,1.0000000000000002
35843,-73.99053955078125,40.73091125488281,-73.97761535644531,40.74646377563477,419.89,4827,4827,-1.0,-1.0,-1,-1,0.0
35844,-74.00274658203125,40.73386001586913,-74.00447845458984,40.71952819824219,370.2,4827,4827,4933.41,5303.61,106.40999999999985,-1.7053025658242404e-13,0.9999999999999996
35845,-73.95687103271484,40.7707405090332,-73.97538757324219,40.75210189819336,690.97,4827,4827,-1.0,-1.0,-1,-1,0.0
35846,-73.98297119140625,40.73154067993164,-73.99942016601562,40.72880172729492,500.54,4828,4828,4992.17,5492.71,164.17000000000007,-5.684341886080802e-14,0.9999999999999999
35847,-73.99554443359375,40.74949645996094,-73.98075103759766,40.76973342895508,553.59,4828,4828,4860.05,5413.64,32.05000000000018,1.1368683772161603e-13,1.0000000000000002
35848,-73.97400665283203,40.75725555419922,-74.00739288330078,40.706844329833984,1228.34,4828,4828,-1.0,-1.0,-1,-1,0.0
35849,-73.99339294433594,40.72452163696289,-74.0076904296875,40.73432922363281,466.6,4828,4828,4845.32,5402.8,17.31999999999971,90.88000000000045,1.1947706815259331
35850,-73.97272491455078,40.74929809570313,-73.980224609375,40.73876953125,194.17,4828,4828,4874.67,5068.84,46.67000000000007,8.526512829121202e-14,1.0000000000000004
35851,-73.9957504272461,40.76385498046875,-73.9832534790039,40.77629470825195,332.16,4828,4828,4841.38,5173.54,13.38000000000011,-1.7053025658242404e-13,0.9999999999999994
35852,-73.98146820068358,40.74134826660156,-73.95281219482422,40.772056579589844,715.05,4828,4828,4887.71,5604.39,59.710000000000036,1.6300000000003365,1.0022795608698698
35853,-73.99124145507811,40.75043487548828,-73.99063110351562,40.756256103515625,299.55,4829,4829,4839.49,5194.74,10.489999999999782,55.69999999999999,1.1859455850442329
35854,-73.98554229736328,40.75976943969727,-73.98236083984375,40.77035903930664,318.61,4829,4829,-1.0,-1.0,-1,-1,0.0
35855,-73.99502563476562,40.72480773925781,-73.9892349243164,40.736045837402344,280.04,4829,4829,5275.82,5555.860000000001,446.8199999999997,8.526512829121202e-13,1.000000000000003
35856,-73.98175048828125,40.74819946289063,-73.98342895507811,40.77608871459961,878.97,4829,4829,4865.91,5744.88,36.909999999999854,2.2737367544323206e-13,1.0000000000000002
35857,-73.98628234863281,40.734539031982415,-73.99286651611328,40.729995727539055,242.51,4829,4829,4861.07,5169.54,32.06999999999971,65.96000000000026,1.2719887839676725
35858,-73.98143768310547,40.75896072387695,-73.9752197265625,40.76520919799805,201.01,4829,4829,-1.0,-1.0,-1,-1,0.0
35859,-73.99363708496094,40.72126007080078,-73.98824310302734,40.72335815429688,227.36,4829,4829,5094.96,5322.32,265.96000000000004,-3.410605131648481e-13,0.9999999999999984
35860,-74.00602722167969,40.735111236572266,-74.007568359375,40.74094009399415,211.23,4829,4829,4841.53,5052.76,12.529999999999745,4.831690603168681e-13,1.0000000000000022
35861,-73.98270416259766,40.773338317871094,-73.95681762695312,40.77502059936523,658.99,4829,4829,4870.64,5593.84,41.64000000000033,64.20999999999981,1.0974369869042016
35862,-73.97803497314453,40.76283264160156,-73.9435806274414,40.77648162841797,912.62,4829,4829,4853.63,5777.71,24.63000000000011,11.459999999999923,1.0125572527448445
35863,-73.96759033203125,40.76040267944336,-73.94705200195312,40.83000946044922,1521.01,4830,4830,4845.01,6385.36,15.010000000000218,19.339999999999463,1.0127152352712996
35864,-73.95744323730467,40.77922058105469,-73.97499084472656,40.78767013549805,359.19,4830,4830,4837.2,5196.39,7.199999999999818,5.115907697472721e-13,1.0000000000000013
35865,-73.96524810791014,40.7593994140625,-73.98580932617188,40.745059967041016,628.91,4830,4830,-1.0,-1.0,-1,-1,0.0
35866,-73.97461700439453,40.74211120605469,-73.9920883178711,40.7362174987793,529.36,4830,4830,-1.0,-1.0,-1,-1,0.0
35867,-74.00507354736328,40.722740173339844,-73.98957061767578,40.740318298339844,491.4,4830,4830,4836.82,5328.22,6.819999999999709,5.684341886080801e-13,1.000000000000001
35868,-73.96607971191406,40.76483154296875,-73.9910888671875,40.75041961669922,887.5,4830,4830,-1.0,-1.0,-1,-1,0.0
35869,-73.98298645019531,40.77190017700195,-73.9666290283203,40.756431579589844,775.73,4830,4830,-1.0,-1.0,-1,-1,0.0
35870,-73.9566650390625,40.77802658081055,-73.98468017578125,40.719017028808594,1250.77,4831,4831,4862.79,6167.6,31.789999999999964,54.04000000000042,1.0432053854825432
35871,-73.9443130493164,40.77565002441406,-73.9661636352539,40.7647590637207,651.78,4831,4831,-1.0,-1.0,-1,-1,0.0
35872,-73.96206665039062,40.79973602294922,-73.94554138183594,40.80279541015625,485.59,4831,4831,5092.31,5577.900000000001,261.3100000000004,1.7053025658242404e-13,1.0000000000000004
35873,-73.95426177978516,40.76414108276367,-73.96428680419923,40.77379608154297,499.99,4831,4831,-1.0,-1.0,-1,-1,0.0
35874,-74.00768280029298,40.74288940429688,-74.010986328125,40.722312927246094,432.39,4831,4831,-1.0,-1.0,-1,-1,0.0
35875,-73.97393035888672,40.751331329345696,-73.9633255004883,40.771034240722656,529.79,4831,4831,-1.0,-1.0,-1,-1,0.0
35876,-73.96533966064453,40.76514053344727,-73.9672317504883,40.77003860473633,227.45,4831,4831,-1.0,-1.0,-1,-1,0.0
35877,-73.99996948242188,40.72542190551758,-74.00543975830078,40.73236846923828,274.83,4831,4831,-1.0,-1.0,-1,-1,0.0
35878,-73.97991943359375,40.73923110961913,-74.00060272216798,40.72991180419922,550.19,4831,4831,-1.0,-1.0,-1,-1,0.0
35879,-73.98123931884766,40.74737930297852,-74.00270080566406,40.76068878173828,766.75,4831,4831,-1.0,-1.0,-1,-1,0.0
35880,-73.98980712890625,40.75904083251953,-73.98126220703125,40.78076171875,562.08,4831,4831,-1.0,-1.0,-1,-1,0.0
35881,-74.0115737915039,40.71413040161133,-73.9802474975586,40.78546142578125,1210.68,4832,4832,4860.0,6100.2699999999995,28.0,29.589999999999463,1.024440810123236
35882,-74.00090789794923,40.73660278320313,-74.00148010253906,40.72615051269531,351.79,4832,4832,-1.0,-1.0,-1,-1,0.0
35883,-73.98186492919923,40.75221633911133,-73.9709243774414,40.75884628295898,443.25,4832,4832,-1.0,-1.0,-1,-1,0.0
35884,-74.0030517578125,40.74319076538085,-73.99324035644531,40.74547958374024,286.66,4833,4833,-1.0,-1.0,-1,-1,0.0
35885,-73.97087860107422,40.7849998474121,-73.9715805053711,40.79705047607422,337.41,4833,4833,4965.21,5302.62,132.21000000000004,-1.7053025658242404e-13,0.9999999999999994
35886,-74.008056640625,40.74617004394531,-73.98821258544923,40.73381042480469,726.46,4833,4833,-1.0,-1.0,-1,-1,0.0
35887,-73.9900665283203,40.73463821411133,-73.9571762084961,40.780269622802734,1184.65,4833,4833,4864.15,6120.76,31.149999999999636,71.96000000000049,1.0607436795678054
35888,-74.00556182861328,40.751068115234375,-73.9861068725586,40.74766159057617,602.57,4833,4833,-1.0,-1.0,-1,-1,0.0
35889,-74.00335693359375,40.72695541381836,-73.97909545898438,40.72366714477539,685.3,4833,4833,5032.78,5718.08,199.77999999999975,2.2737367544323206e-13,1.0000000000000002
35890,-74.00762176513672,40.73229598999024,-73.99456024169923,40.727012634277344,597.13,4833,4833,4886.75,5483.88,53.75,1.1368683772161603e-13,1.0000000000000002
35891,-73.97834014892578,40.76490020751953,-73.99073028564453,40.756019592285156,578.46,4833,4833,-1.0,-1.0,-1,-1,0.0
35892,-73.97036743164062,40.75833129882813,-73.99127960205078,40.7601318359375,777.42,4834,4834,-1.0,-1.0,-1,-1,0.0
35893,-74.00630187988281,40.74454879760742,-73.99067687988281,40.72438049316406,898.36,4834,4834,-1.0,-1.0,-1,-1,0.0
35894,-73.96469116210938,40.77587890625,-73.98516845703125,40.7453498840332,884.86,4834,4834,4860.0,5744.86,26.0,-3.410605131648481e-13,0.9999999999999997
35895,-73.9846954345703,40.74797058105469,-73.9888687133789,40.76581954956055,774.11,4834,4834,-1.0,-1.0,-1,-1,0.0
35896,-73.98445129394531,40.75915908813477,-73.98289489746094,40.74200820922852,639.62,4834,4834,-1.0,-1.0,-1,-1,0.0
35897,-73.98681640625,40.756290435791016,-73.98230743408203,40.7616081237793,338.92,4834,4834,-1.0,-1.0,-1,-1,0.0
35898,-73.98195648193358,40.763633728027344,-73.9825668334961,40.75688552856445,371.66,4834,4834,-1.0,-1.0,-1,-1,0.0
35899,-74.01142883300781,40.722900390625,-73.97870635986328,40.75278091430664,1050.06,4834,4834,4970.96,6021.02,136.96000000000004,4.547473508864641e-13,1.0000000000000004
35900,-73.9766616821289,40.739654541015625,-73.99124908447266,40.74863815307617,684.34,4834,4834,-1.0,-1.0,-1,-1,0.0
35901,-73.98342895507811,40.755592346191406,-73.97432708740234,40.74413299560547,630.5,4835,4835,-1.0,-1.0,-1,-1,0.0
35902,-73.98135375976562,40.77873992919922,-73.97176361083984,40.78644180297852,220.63,4835,4835,4882.79,5103.42,47.789999999999964,1.1368683772161603e-13,1.0000000000000004
35903,-73.98861694335938,40.758888244628906,-73.96038818359375,40.81074142456055,979.15,4835,4835,4861.58,5927.97,26.579999999999927,87.24000000000035,1.0890976867691369
35904,-73.98152923583984,40.7807731628418,-73.97603607177734,40.7898826599121,243.8,4835,4835,4974.78,5218.58,139.77999999999975,1.7053025658242404e-13,1.0000000000000007
35905,-74.00535583496094,40.746009826660156,-73.9768829345703,40.75712966918945,836.61,4835,4835,-1.0,-1.0,-1,-1,0.0
35906,-73.98332214355469,40.75450897216797,-74.00685119628906,40.7144889831543,1054.76,4835,4835,-1.0,-1.0,-1,-1,0.0
35907,-73.98530578613281,40.75055694580078,-73.99642944335938,40.73222732543945,454.21,4835,4835,-1.0,-1.0,-1,-1,0.0
35908,-73.97993469238281,40.77571105957031,-73.97520446777344,40.78625106811523,261.13,4835,4835,-1.0,-1.0,-1,-1,0.0
35909,-73.95870208740234,40.7725715637207,-73.96819305419923,40.79401016235352,608.18,4835,4835,-1.0,-1.0,-1,-1,0.0
35910,-74.01571655273438,40.71519088745117,-74.00408172607422,40.73308181762695,496.98,4835,4835,-1.0,-1.0,-1,-1,0.0
35911,-73.99240112304686,40.76364135742188,-73.97547912597656,40.76427841186523,503.41,4835,4835,4963.47,5466.88,128.47000000000025,-1.7053025658242404e-13,0.9999999999999997
35912,-74.00335693359375,40.74865341186523,-73.9803695678711,40.74848937988281,711.45,4836,4836,-1.0,-1.0,-1,-1,0.0
35913,-73.96785736083984,40.76244735717773,-73.9807357788086,40.74189758300781,560.63,4836,4836,-1.0,-1.0,-1,-1,0.0
35914,-73.97371673583984,40.75749206542969,-73.96193695068358,40.75566101074219,403.79,4836,4836,-1.0,-1.0,-1,-1,0.0
35915,-74.00662994384766,40.73101043701172,-73.95365905761719,40.77511978149415,1506.69,4836,4836,-1.0,-1.0,-1,-1,0.0
35916,-73.96443176269531,40.764591217041016,-73.98149871826173,40.77769088745117,617.11,4836,4836,-1.0,-1.0,-1,-1,0.0
35917,-73.9835205078125,40.76531982421875,-73.9770278930664,40.77671813964844,256.14,4836,4836,4881.07,5137.21,45.06999999999971,3.410605131648481e-13,1.0000000000000013
35918,-73.9554672241211,40.779609680175774,-73.97662353515625,40.78057098388672,435.05,4836,4836,4956.24,5391.29,120.23999999999978,1.7053025658242404e-13,1.0000000000000004
35919,-73.98892974853516,40.75331115722656,-73.98414611816406,40.74323654174805,440.5,4836,4836,4864.98,5305.4800000000005,28.979999999999563,9.094947017729282e-13,1.000000000000002
35920,-74.00257873535155,40.73049545288085,-73.98506164550781,40.73872756958008,524.62,4836,4836,4938.96,5463.58,102.96000000000004,-1.1368683772161603e-13,0.9999999999999998
35921,-73.97761535644531,40.75539016723633,-73.96271514892578,40.758804321289055,479.79,4837,4837,4895.33,5375.12,58.32999999999993,-5.684341886080802e-14,0.9999999999999999
35922,-73.98921203613281,40.74130630493164,-73.97871398925781,40.75259017944336,369.48,4837,4837,4873.04,5242.52,36.039999999999964,4.547473508864641e-13,1.0000000000000013
35923,-73.99552917480467,40.76437377929688,-73.98683929443358,40.751197814941406,594.75,4837,4837,4872.08,5466.83,35.07999999999993,0.0,1.0
35924,-74.0027847290039,40.73073959350585,-73.93333435058594,40.85517120361328,1847.32,4837,4837,-1.0,-1.0,-1,-1,0.0
35925,-73.961181640625,40.796531677246094,-73.9712905883789,40.79187393188477,226.11,4837,4837,4961.49,5187.6,124.48999999999978,5.684341886080801e-13,1.0000000000000024
35926,-73.9897232055664,40.75718307495117,-73.9783477783203,40.75259017944336,393.32,4837,4837,4881.79,5275.11,44.789999999999964,-2.8421709430404007e-13,0.9999999999999992
35927,-73.97664642333984,40.75947189331055,-73.9937973022461,40.76639938354492,559.38,4837,4837,-1.0,-1.0,-1,-1,0.0
35928,-73.98444366455078,40.76972961425781,-73.98812866210938,40.77928161621094,299.42,4837,4837,4860.0,5159.42,23.0,5.684341886080802e-14,1.0000000000000002
35929,-74.00397491455078,40.7200927734375,-73.98589324951173,40.73490524291992,671.51,4838,4838,-1.0,-1.0,-1,-1,0.0
35930,-73.99835205078125,40.73527908325195,-73.97051239013672,40.79998779296875,1308.85,4838,4838,4892.93,6219.7,54.93000000000029,17.919999999999618,1.0136914084883673
35931,-73.97665405273438,40.75041580200195,-73.96278381347656,40.7586669921875,375.65,4838,4838,-1.0,-1.0,-1,-1,0.0
35932,-73.9906692504883,40.755855560302734,-73.98626708984375,40.76818084716797,321.51,4838,4838,-1.0,-1.0,-1,-1,0.0
35933,-73.99752044677734,40.732688903808594,-73.98027801513672,40.74338150024415,547.61,4838,4838,4897.27,5444.88,59.27000000000044,-3.410605131648481e-13,0.9999999999999993
35934,-73.9879379272461,40.75429153442383,-73.96063995361328,40.780540466308594,943.51,4839,4839,-1.0,-1.0,-1,-1,0.0
35935,-73.96772003173827,40.792911529541016,-73.95398712158203,40.78211975097656,504.94,4839,4839,4860.0,5364.94,21.0,-3.979039320256561e-13,0.9999999999999992
35936,-74.00638580322266,40.74448013305664,-73.99124908447266,40.75386047363281,427.93,4839,4839,-1.0,-1.0,-1,-1,0.0
35937,-73.95535278320312,40.77985000610352,-73.95079040527342,40.771671295166016,329.25,4839,4839,4873.04,5202.29,34.039999999999964,0.0,1.0
35938,-73.98280334472656,40.75611114501953,-73.9990692138672,40.73945999145508,584.94,4839,4839,-1.0,-1.0,-1,-1,0.0
35939,-73.98335266113281,40.74422073364258,-74.00325775146483,40.73297119140625,570.67,4839,4839,-1.0,-1.0,-1,-1,0.0
35940,-74.00843811035155,40.7143783569336,-74.00631713867188,40.733619689941406,409.78,4839,4839,-1.0,-1.0,-1,-1,0.0
35941,-73.98149108886719,40.76865005493164,-73.95874786376955,40.77576065063477,620.69,4840,4840,4882.91,5507.03,42.909999999999854,3.4299999999998363,1.005526108041051
35942,-73.94977569580078,40.78071975708008,-73.96003723144531,40.77373504638672,285.95,4840,4840,-1.0,-1.0,-1,-1,0.0
35943,-73.98208618164062,40.7684440612793,-73.9571533203125,40.780372619628906,693.9,4840,4840,-1.0,-1.0,-1,-1,0.0
35944,-73.9544677734375,40.789710998535156,-73.94434356689453,40.776458740234375,487.73,4840,4840,4955.26,5442.99,115.26000000000022,-4.547473508864641e-13,0.9999999999999991
35945,-74.00682067871094,40.73009872436523,-73.98999786376955,40.757190704345696,642.43,4840,4840,4891.51,5533.94,51.51000000000022,-5.684341886080801e-13,0.9999999999999991
35946,-73.9674530029297,40.75624465942383,-74.00775909423827,40.70501327514648,943.13,4840,4840,-1.0,-1.0,-1,-1,0.0
35947,-73.96397399902342,40.7746467590332,-73.9744415283203,40.76264572143555,455.06,4840,4840,-1.0,-1.0,-1,-1,0.0
35948,-73.9832763671875,40.7301139831543,-74.00153350830078,40.730628967285156,574.24,4840,4840,4887.08,5529.89,47.07999999999993,68.57000000000039,1.119410002786292
35949,-73.95632934570312,40.77874374389648,-73.95868682861328,40.7723388671875,218.0,4841,4841,-1.0,-1.0,-1,-1,0.0
35950,-73.98293304443358,40.73899841308594,-73.95680236816406,40.77157211303711,788.76,4841,4841,-1.0,-1.0,-1,-1,0.0
35951,-73.9874267578125,40.73324966430664,-73.99040222167969,40.7139892578125,707.33,4841,4841,5224.54,5931.87,383.53999999999996,-1.1368683772161603e-13,0.9999999999999999
35952,-73.99263000488281,40.73015975952149,-73.9842529296875,40.74334335327149,425.57,4841,4841,4899.46,5325.03,58.460000000000036,-2.8421709430404007e-13,0.9999999999999993
35953,-73.98841094970702,40.73779296875,-74.01177978515625,40.710365295410156,861.66,4841,4841,-1.0,-1.0,-1,-1,0.0
35954,-73.9835433959961,40.7649040222168,-73.96876525878906,40.76339340209961,454.58,4841,4841,4971.62,5426.2,130.6199999999999,-5.684341886080802e-14,0.9999999999999999
35955,-73.98988342285155,40.74845886230469,-73.98996734619139,40.76705932617188,587.66,4841,4841,-1.0,-1.0,-1,-1,0.0
35956,-73.99504089355469,40.7401123046875,-73.95684814453125,40.78188705444336,1227.26,4842,4842,-1.0,-1.0,-1,-1,0.0
35957,-73.97968292236328,40.76057815551758,-73.95247650146483,40.78948593139648,784.18,4842,4842,-1.0,-1.0,-1,-1,0.0
35958,-74.00415802001955,40.742618560791016,-73.99494171142578,40.75027847290039,316.22,4842,4842,-1.0,-1.0,-1,-1,0.0
35959,-73.94461822509766,40.77938461303711,-73.98505401611328,40.780311584472656,934.64,4842,4842,-1.0,-1.0,-1,-1,0.0
35960,-73.98722076416014,40.74245071411133,-73.98856353759766,40.75096893310547,355.44,4842,4842,-1.0,-1.0,-1,-1,0.0
35961,-73.9898910522461,40.73305892944336,-73.97960662841797,40.7364501953125,331.59,4842,4842,-1.0,-1.0,-1,-1,0.0
35962,-74.00868225097656,40.73204040527344,-73.99170684814453,40.74000930786133,550.79,4842,4842,4874.17,5424.96,32.17000000000007,0.0,1.0
35963,-73.98780822753906,40.74105072021485,-73.96344757080078,40.75448989868164,619.52,4843,4843,-1.0,-1.0,-1,-1,0.0
35964,-73.95983123779298,40.76933288574219,-73.96783447265625,40.76274108886719,272.71,4843,4843,4938.32,5211.03,95.31999999999971,5.684341886080802e-14,1.0000000000000002
35965,-73.98152160644531,40.75884246826172,-73.95828247070312,40.76609802246094,756.44,4843,4843,-1.0,-1.0,-1,-1,0.0
35966,-73.97483825683594,40.7610740661621,-74.01612854003906,40.70674133300781,1302.89,4843,4843,-1.0,-1.0,-1,-1,0.0
35967,-73.99147033691406,40.7500114440918,-73.99246215820312,40.75680160522461,449.17,4843,4843,4861.11,5310.28,18.109999999999673,5.684341886080802e-14,1.0000000000000002
35968,-73.97374725341797,40.76353454589844,-74.00242614746094,40.734241485595696,900.25,4843,4843,-1.0,-1.0,-1,-1,0.0
35969,-73.96926116943358,40.76633071899415,-73.98516082763672,40.77883911132813,543.88,4843,4843,4880.2,5474.37,37.19999999999982,50.29000000000008,1.0924652496874312
35970,-73.97712707519531,40.75381851196289,-73.99249267578125,40.74192810058594,515.48,4843,4843,4863.41,5378.89,20.409999999999854,4.547473508864641e-13,1.0000000000000009
35971,-73.98226928710938,40.76367950439453,-74.00154113769531,40.7358283996582,773.14,4843,4843,-1.0,-1.0,-1,-1,0.0
35972,-73.9950942993164,40.74482345581055,-73.98350524902342,40.74687194824219,377.31,4843,4843,-1.0,-1.0,-1,-1,0.0
35973,-73.9822006225586,40.76827621459961,-73.94076538085938,40.80558776855469,1051.91,4843,4843,4901.24,6009.2,58.23999999999978,56.049999999999955,1.05328402619996
35974,-73.9787826538086,40.78242874145508,-73.98539733886719,40.76829147338867,355.86,4843,4843,4868.98,5315.26,25.979999999999563,90.42000000000064,1.254088686562133
35975,-73.95013427734375,40.77566146850585,-73.95149993896483,40.783557891845696,190.82,4843,4843,4865.59,5056.41,22.590000000000146,-2.8421709430404007e-13,0.9999999999999986
35976,-73.96009826660156,40.77306365966797,-73.99195098876955,40.7695541381836,808.84,4843,4843,-1.0,-1.0,-1,-1,0.0
35977,-73.97077941894531,40.75522994995117,-73.97197723388672,40.78226852416992,741.48,4844,4844,4873.75,5615.23,29.75,-4.547473508864641e-13,0.9999999999999993
35978,-73.98453521728516,40.73695373535156,-73.95479583740234,40.76940155029297,710.88,4844,4844,4877.64,5588.52,33.64000000000033,1.1368683772161603e-13,1.0000000000000002
35979,-73.97855377197266,40.78308868408203,-73.95608520507811,40.804725646972656,530.33,4844,4844,4883.8,5414.13,39.80000000000018,-1.1368683772161603e-13,0.9999999999999998
35980,-73.99812316894531,40.76108932495117,-73.97181701660156,40.7625389099121,744.91,4844,4844,4891.4,5636.31,47.399999999999636,7.958078640513122e-13,1.000000000000001
35981,-73.9857864379883,40.73836135864258,-73.98110961914062,40.74951934814453,430.55,4844,4844,-1.0,-1.0,-1,-1,0.0
35982,-73.9740982055664,40.7506103515625,-74.00405883789062,40.72977066040039,896.52,4844,4844,-1.0,-1.0,-1,-1,0.0
35983,-73.9758071899414,40.75476837158203,-73.98290252685547,40.7692985534668,701.59,4845,4845,-1.0,-1.0,-1,-1,0.0
35984,-73.97042846679686,40.75880813598633,-73.97039031982422,40.78485870361328,758.32,4845,4845,-1.0,-1.0,-1,-1,0.0
35985,-73.9563217163086,40.767253875732415,-73.95236206054686,40.78377151489258,349.66,4845,4845,4871.58,5221.24,26.579999999999927,-1.7053025658242404e-13,0.9999999999999996
35986,-73.97224426269531,40.79401016235352,-73.97846221923827,40.77789306640625,339.01,4845,4845,-1.0,-1.0,-1,-1,0.0
35987,-73.97698974609375,40.72662353515625,-74.00999450683594,40.705997467041016,656.2,4845,4845,4917.09,5573.29,72.09000000000015,-2.2737367544323206e-13,0.9999999999999997
35988,-73.9664764404297,40.76478958129883,-73.97605895996094,40.780628204345696,618.54,4845,4845,-1.0,-1.0,-1,-1,0.0
35989,-73.99225616455078,40.73639297485352,-73.98000335693358,40.727703094482415,520.33,4845,4845,4997.67,5518.0,152.67000000000007,-1.1368683772161603e-13,0.9999999999999998
35990,-73.97946166992188,40.76173782348633,-73.96766662597656,40.76696395874024,393.54,4845,4845,4878.9,5291.62,33.899999999999636,19.180000000000234,1.0487371042333695
35991,-73.97442626953125,40.794898986816406,-73.94992065429686,40.82192993164063,593.03,4846,4846,5143.41,5736.4400000000005,297.40999999999985,6.821210263296962e-13,1.000000000000001
35992,-73.97886657714845,40.75021362304688,-73.98226165771484,40.73599624633789,384.24,4846,4846,-1.0,-1.0,-1,-1,0.0
35993,-73.97654724121094,40.76374816894531,-73.95709228515625,40.80516815185547,925.14,4846,4846,4875.48,5839.79,29.479999999999563,39.170000000000414,1.042339537799685
35994,-74.0042266845703,40.70711135864258,-73.99282836914062,40.723880767822266,457.09,4846,4846,4966.71,5423.8,120.71000000000004,1.7053025658242404e-13,1.0000000000000004
35995,-74.0079574584961,40.7387924194336,-73.99227905273438,40.73695755004883,410.12,4846,4846,-1.0,-1.0,-1,-1,0.0
35996,-73.97168731689453,40.75759887695313,-73.96341705322266,40.7713737487793,451.34,4846,4846,-1.0,-1.0,-1,-1,0.0
35997,-73.98847961425781,40.759929656982415,-73.97403717041014,40.77975845336913,450.07,4846,4846,-1.0,-1.0,-1,-1,0.0
35998,-73.98149108886719,40.74407958984375,-73.99797058105469,40.73588943481445,486.08,4846,4846,4866.28,5364.32,20.279999999999745,11.95999999999998,1.0246050032916392
35999,-73.94889831542969,40.7817611694336,-73.97481536865234,40.74186706542969,924.79,4846,4846,-1.0,-1.0,-1,-1,0.0
36000,-73.97605895996094,40.78114318847656,-73.9476318359375,40.79617309570313,695.84,4847,4847,4941.14,5636.98,94.14000000000033,-7.958078640513122e-13,0.9999999999999989
36001,-74.00691986083984,40.71617889404297,-74.0047607421875,40.74798202514648,614.15,4847,4847,-1.0,-1.0,-1,-1,0.0
36002,-74.00012969970702,40.71982955932617,-73.97528839111328,40.765708923339844,1249.23,4847,4847,-1.0,-1.0,-1,-1,0.0
36003,-73.98087310791014,40.767677307128906,-74.00495147705078,40.746559143066406,825.73,4847,4847,-1.0,-1.0,-1,-1,0.0
36004,-73.9683837890625,40.77075958251953,-73.97360229492188,40.7879753112793,585.37,4847,4847,-1.0,-1.0,-1,-1,0.0
36005,-73.98963165283203,40.758880615234375,-73.98568725585938,40.76792526245117,241.8,4847,4847,4903.7300000000005,5145.53,56.73000000000047,-7.389644451905042e-13,0.9999999999999969
36006,-73.97929382324219,40.7356071472168,-73.96525573730467,40.7558822631836,332.32,4847,4847,4883.71,5216.03,36.710000000000036,-2.8421709430404007e-13,0.9999999999999991
36007,-73.9805908203125,40.75248336791992,-73.96595001220702,40.76244354248047,531.5,4848,4848,-1.0,-1.0,-1,-1,0.0
36008,-73.99085998535155,40.7563705444336,-73.98239135742188,40.723648071289055,1199.06,4848,4848,-1.0,-1.0,-1,-1,0.0
36009,-73.9859848022461,40.743446350097656,-73.97888946533203,40.75080490112305,262.56,4849,4849,-1.0,-1.0,-1,-1,0.0
36010,-73.9993896484375,40.73372650146485,-73.9955825805664,40.753265380859375,576.67,4849,4849,-1.0,-1.0,-1,-1,0.0
36011,-73.97462463378906,40.7620964050293,-73.96651458740234,40.76096725463867,269.63,4849,4849,-1.0,-1.0,-1,-1,0.0
36012,-74.00888061523438,40.72594833374024,-74.00589752197266,40.74013900756836,358.49,4849,4849,-1.0,-1.0,-1,-1,0.0
36013,-73.985107421875,40.720436096191406,-73.93580627441406,40.79875564575195,1411.62,4849,4849,4994.99,6406.610000000001,145.98999999999978,9.094947017729282e-13,1.0000000000000007
36014,-73.97826385498048,40.74593353271485,-73.97225952148438,40.75444793701172,223.2,4850,4850,4908.16,5131.36,58.159999999999854,-1.7053025658242404e-13,0.9999999999999992
36015,-73.9983673095703,40.74543762207031,-73.98251342773438,40.78254318237305,848.54,4850,4850,4961.62,5810.16,111.61999999999989,0.0,1.0
36016,-73.94615173339844,40.781551361083984,-73.9699478149414,40.762859344482415,750.9,4850,4850,-1.0,-1.0,-1,-1,0.0
36017,-73.97655487060547,40.750892639160156,-73.9889144897461,40.73110580444336,476.48,4850,4850,-1.0,-1.0,-1,-1,0.0
36018,-73.96883392333984,40.76994323730469,-73.9782943725586,40.75029754638672,708.48,4850,4850,-1.0,-1.0,-1,-1,0.0
36019,-73.9666519165039,40.761474609375,-73.94705963134766,40.77980422973633,467.45,4850,4850,4882.22,5355.34,32.220000000000255,5.669999999999902,1.0121296395336397
36020,-73.97322845458984,40.764068603515625,-73.98246002197266,40.75117111206055,392.71,4850,4850,4896.7,5289.41,46.69999999999982,5.684341886080802e-14,1.0000000000000002
36021,-73.9549102783203,40.76520156860352,-73.96537780761719,40.75761032104492,402.22,4850,4850,-1.0,-1.0,-1,-1,0.0
36022,-73.96427917480467,40.7679443359375,-73.98390960693358,40.77516555786133,529.54,4850,4850,4888.33,5417.87,38.32999999999993,0.0,1.0
36023,-73.97003936767578,40.78430557250977,-73.96370697021484,40.76833724975585,539.15,4850,4850,4886.61,5425.76,36.60999999999967,5.684341886080801e-13,1.000000000000001
36024,-73.96338653564453,40.774505615234375,-73.97525024414062,40.782093048095696,301.57,4851,4851,-1.0,-1.0,-1,-1,0.0
36025,-73.98153686523438,40.76855850219727,-73.9493637084961,40.77342987060547,842.95,4851,4851,-1.0,-1.0,-1,-1,0.0
36026,-74.00733184814453,40.70486068725585,-73.9947280883789,40.740249633789055,887.31,4851,4851,4885.06,5772.37,34.0600000000004,-4.547473508864641e-13,0.9999999999999994
36027,-73.96070098876955,40.76988220214844,-74.00460052490234,40.72589111328125,1533.22,4851,4851,4896.82,6444.5199999999995,45.81999999999971,14.47999999999979,1.0094441763086834
36028,-74.00220489501955,40.72473526000977,-73.97472381591797,40.75059509277344,891.9,4851,4851,4883.0599999999995,5774.96,32.05999999999949,5.684341886080801e-13,1.0000000000000007
36029,-73.99440002441406,40.74061584472656,-73.99085235595702,40.76261520385742,707.41,4851,4851,-1.0,-1.0,-1,-1,0.0
36030,-73.98004150390625,40.76748275756836,-73.95887756347656,40.78064727783203,590.18,4852,4852,-1.0,-1.0,-1,-1,0.0
36031,-74.0054702758789,40.71783828735352,-73.9912567138672,40.7277717590332,557.18,4852,4852,-1.0,-1.0,-1,-1,0.0
36032,-73.9915771484375,40.73152160644531,-74.0108413696289,40.71662902832031,648.38,4852,4852,4867.46,5515.84,15.460000000000036,1.1368683772161603e-13,1.0000000000000002
36033,-73.9884033203125,40.74922561645508,-73.99032592773438,40.75657653808594,318.25,4852,4852,4873.79,5192.04,21.789999999999964,0.0,1.0
36034,-73.97865295410156,40.759101867675774,-73.99365234375,40.75899124145508,541.92,4852,4852,-1.0,-1.0,-1,-1,0.0
36035,-73.95736694335938,40.77425003051758,-73.95668029785155,40.76824188232422,235.25,4852,4852,4905.34,5140.59,53.340000000000146,0.0,1.0
36036,-73.96121215820312,40.76509094238281,-73.96099853515625,40.75728988647461,302.51,4852,4852,-1.0,-1.0,-1,-1,0.0
36037,-73.96900939941406,40.76164245605469,-73.97634887695312,40.75062942504883,301.1,4852,4852,4869.71,5170.81,17.710000000000036,3.410605131648481e-13,1.000000000000001
36038,-73.97019958496094,40.75659942626953,-74.00333404541014,40.751686096191406,1044.75,4852,4852,-1.0,-1.0,-1,-1,0.0
36039,-73.9778060913086,40.76332092285156,-73.98198699951173,40.731948852539055,1006.96,4853,4853,-1.0,-1.0,-1,-1,0.0
36040,-73.98255920410156,40.76195907592773,-73.99040985107422,40.7582893371582,275.07,4853,4853,4910.13,5185.2,57.13000000000011,-2.8421709430404007e-13,0.999999999999999
36041,-73.9885025024414,40.77800750732422,-73.96528625488281,40.77181243896485,647.12,4853,4853,4885.62,5532.74,32.61999999999989,-1.1368683772161603e-13,0.9999999999999998
36042,-73.97743225097656,40.784385681152344,-73.9532470703125,40.783599853515625,555.34,4853,4853,4865.13,5512.5,12.13000000000011,92.02999999999986,1.1657182986998953
36043,-73.97850799560547,40.77281188964844,-73.96440887451173,40.76617813110352,475.5,4854,4854,-1.0,-1.0,-1,-1,0.0
36044,-73.99694061279298,40.72396087646485,-74.00397491455078,40.74810028076172,746.22,4854,4854,-1.0,-1.0,-1,-1,0.0
36045,-73.99092102050781,40.733863830566406,-73.97834014892578,40.7515869140625,621.39,4854,4854,4914.71,5536.1,60.710000000000036,3.410605131648481e-13,1.0000000000000004
36046,-73.98558807373048,40.75252151489258,-73.99638366699219,40.76351165771485,534.48,4854,4854,-1.0,-1.0,-1,-1,0.0
36047,-73.97169494628906,40.756778717041016,-74.01778411865234,40.706356048583984,1184.29,4855,4855,4864.87,6089.36,9.86999999999989,40.19999999999982,1.0339443886210302
36048,-73.99441528320312,40.73207473754883,-73.98297119140625,40.726875305175774,353.25,4855,4855,-1.0,-1.0,-1,-1,0.0
36049,-73.98878479003906,40.737266540527344,-73.96946716308594,40.78533172607422,1261.47,4855,4855,4874.07,6169.63,19.06999999999971,34.09000000000037,1.0270240275234452
36050,-73.97720336914062,40.75201416015625,-73.97481536865234,40.74195861816406,436.71,4855,4855,-1.0,-1.0,-1,-1,0.0
36051,-73.997802734375,40.72592544555664,-74.00521850585938,40.740699768066406,485.26,4856,4856,4871.55,5386.6,15.550000000000182,29.79000000000019,1.0613897704323458
36052,-73.97216796875,40.78226852416992,-73.95549774169923,40.77603530883789,381.17,4856,4856,4883.4800000000005,5264.65,27.480000000000473,-8.526512829121202e-13,0.9999999999999978
36053,-73.97781372070312,40.73785781860352,-73.98760223388672,40.74094772338867,353.71,4856,4856,4968.67,5322.38,112.67000000000007,5.684341886080802e-14,1.0000000000000002
36054,-73.96388244628906,40.77128982543945,-73.98590850830078,40.77206039428711,574.33,4856,4856,4891.79,5498.7,35.789999999999964,32.579999999999814,1.0567269688158372
36055,-74.0027084350586,40.72866821289063,-74.00105285644531,40.74157333374024,334.04,4856,4856,4894.04,5228.08,38.039999999999964,-5.684341886080802e-14,0.9999999999999998
36056,-73.95439910888672,40.78683853149415,-73.97072601318358,40.785980224609375,297.89,4856,4856,4889.97,5187.86,33.970000000000255,-5.684341886080801e-13,0.9999999999999981
36057,-73.99481964111328,40.76059341430664,-73.98629760742188,40.77221298217773,207.42,4856,4856,4882.39,5089.81,26.390000000000327,8.526512829121202e-14,1.0000000000000004
36058,-74.0159454345703,40.71546173095703,-73.98855590820312,40.721290588378906,896.42,4856,4856,-1.0,-1.0,-1,-1,0.0
36059,-73.9896469116211,40.75798034667969,-73.97920227050781,40.765449523925774,285.05,4856,4856,4877.27,5162.32,21.270000000000437,-7.389644451905042e-13,0.9999999999999974
36060,-73.9885482788086,40.72321319580078,-73.9769973754883,40.751712799072266,680.42,4856,4856,5020.26,5700.68,164.26000000000022,1.1368683772161603e-13,1.0000000000000002
36061,-73.95333099365234,40.78255081176758,-73.96405792236328,40.765586853027344,459.4,4856,4856,4871.62,5331.02,15.61999999999989,5.684341886080801e-13,1.0000000000000013
36062,-73.99246215820312,40.76005172729492,-74.0002670288086,40.73775100708008,563.5,4857,4857,4898.51,5462.01,41.51000000000022,0.0,1.0
36063,-73.99121856689453,40.72403335571289,-73.97902679443358,40.736183166503906,340.54,4857,4857,4880.13,5220.67,23.13000000000011,-5.684341886080802e-14,0.9999999999999998
36064,-73.99269866943358,40.743370056152344,-73.9786605834961,40.7476921081543,446.9,4857,4857,4910.21,5357.11,53.210000000000036,-3.410605131648481e-13,0.9999999999999992
36065,-73.97286987304686,40.75325775146485,-73.9755859375,40.74517440795898,235.25,4857,4857,-1.0,-1.0,-1,-1,0.0
36066,-73.97748565673827,40.74917602539063,-74.00059509277344,40.72722625732422,690.13,4857,4857,-1.0,-1.0,-1,-1,0.0
36067,-73.959716796875,40.76280212402344,-73.94144439697266,40.79355239868164,491.93,4857,4857,4913.82,5405.75,56.81999999999971,2.8421709430404007e-13,1.0000000000000007
36068,-73.98104858398438,40.74775314331055,-73.9801254272461,40.72644805908203,647.02,4857,4857,-1.0,-1.0,-1,-1,0.0
36069,-73.97891235351562,40.75003051757813,-73.95601654052734,40.76811599731445,632.92,4857,4857,-1.0,-1.0,-1,-1,0.0
36070,-73.99102020263672,40.7301139831543,-73.9798126220703,40.73506164550781,293.05,4857,4857,5047.96,5341.01,190.96000000000004,1.7053025658242404e-13,1.0000000000000007
36071,-73.9813232421875,40.74732971191406,-73.9600067138672,40.78211975097656,870.15,4857,4857,4872.63,5742.78,15.63000000000011,-3.410605131648481e-13,0.9999999999999996
36072,-73.97989654541014,40.74322509765625,-74.00749969482422,40.71177291870117,1066.7,4857,4857,4872.79,5971.99,15.789999999999964,32.49999999999977,1.030467797881316
36073,-73.97615051269531,40.775638580322266,-73.99120330810547,40.7654685974121,444.94,4857,4857,4893.81,5338.75,36.8100000000004,-3.979039320256561e-13,0.9999999999999991
36074,-74.00421905517578,40.7070426940918,-73.98678588867188,40.73150253295898,576.57,4857,4857,5102.67,5679.24,245.67000000000007,-3.410605131648481e-13,0.9999999999999994
36075,-73.9887466430664,40.72240829467773,-73.99932861328125,40.73828887939453,602.42,4858,4858,4937.21,5539.63,79.21000000000004,1.1368683772161603e-13,1.0000000000000002
36076,-73.99514007568358,40.73984146118164,-73.96884155273438,40.79573059082031,1197.62,4858,4858,-1.0,-1.0,-1,-1,0.0
36077,-74.00626373291014,40.73376846313477,-73.99170684814453,40.72659301757813,601.54,4858,4858,-1.0,-1.0,-1,-1,0.0
36078,-73.95361328125,40.77539443969727,-73.95849609375,40.76390075683594,382.05,4858,4858,4872.5,5254.55,14.5,1.7053025658242404e-13,1.0000000000000004
36079,-73.98995208740234,40.73251724243164,-73.98172760009766,40.74684524536133,385.9,4858,4858,4892.0,5277.9,34.0,-3.410605131648481e-13,0.9999999999999991
36080,-73.9936294555664,40.76205825805664,-73.98456573486328,40.77444839477539,212.87,4858,4858,4866.03,5078.9,8.029999999999745,-1.1368683772161603e-13,0.9999999999999994
36081,-73.9667739868164,40.80434036254883,-73.97624969482422,40.781044006347656,491.34,4858,4858,5278.9,5770.24,420.89999999999964,1.7053025658242404e-13,1.0000000000000004
36082,-73.98456573486328,40.74281692504883,-73.9904556274414,40.75474548339844,561.3,4859,4859,-1.0,-1.0,-1,-1,0.0
36083,-73.99137878417969,40.7446517944336,-73.96705627441406,40.752586364746094,697.97,4859,4859,4881.92,5638.37,22.920000000000073,58.47999999999979,1.0837858360674524
36084,-73.99044799804686,40.73872375488281,-73.99202728271484,40.72378540039063,529.8,4859,4859,-1.0,-1.0,-1,-1,0.0
36085,-73.96597290039062,40.77404022216797,-73.9783477783203,40.75423049926758,625.8,4859,4859,-1.0,-1.0,-1,-1,0.0
36086,-73.98213195800781,40.77729797363281,-73.97551727294923,40.792156219482415,366.51,4859,4859,4894.32,5260.83,35.31999999999971,2.2737367544323206e-13,1.0000000000000007
36087,-73.98828125,40.769264221191406,-73.95059204101562,40.779163360595696,906.4,4859,4859,4914.49,5830.56,55.48999999999978,9.670000000000641,1.0106685789938223
36088,-73.95951843261719,40.75904083251953,-73.98107147216798,40.7377815246582,524.6,4859,4859,-1.0,-1.0,-1,-1,0.0
36089,-73.98330688476562,40.74734115600585,-73.96279907226562,40.76733016967773,706.74,4860,4860,-1.0,-1.0,-1,-1,0.0
36090,-74.00503540039062,40.71707153320313,-73.9803237915039,40.72239685058594,731.77,4860,4860,-1.0,-1.0,-1,-1,0.0
36091,-73.99109649658203,40.73817825317383,-73.9812774658203,40.738128662109375,343.31,4860,4860,4869.77,5213.08,9.770000000000437,-5.115907697472721e-13,0.9999999999999986
36092,-73.97335052490234,40.757728576660156,-73.9483871459961,40.783069610595696,682.42,4860,4860,-1.0,-1.0,-1,-1,0.0
36093,-73.96937561035155,40.75796127319336,-73.9875717163086,40.75064468383789,696.4,4860,4860,-1.0,-1.0,-1,-1,0.0
36094,-73.98612213134766,40.75627136230469,-74.00322723388672,40.73918914794922,582.24,4860,4860,-1.0,-1.0,-1,-1,0.0
36095,-73.99382019042969,40.7467041015625,-74.00394439697266,40.73814392089844,281.67,4860,4860,-1.0,-1.0,-1,-1,0.0
36096,-74.00198364257811,40.73273086547852,-73.99462127685547,40.726810455322266,361.75,4861,4861,4932.46,5294.21,71.46000000000004,0.0,1.0
36097,-73.97598266601562,40.765785217285156,-73.97013854980467,40.75549697875977,495.12,4861,4861,-1.0,-1.0,-1,-1,0.0
36098,-73.99093627929686,40.750831604003906,-74.00521850585938,40.748390197753906,351.8,4861,4861,4910.3,5290.58,49.30000000000018,28.479999999999734,1.0809550881182481
36099,-73.95008087158203,40.77212524414063,-73.95537567138672,40.78266525268555,432.19,4861,4861,4981.59,5413.78,120.59000000000015,-3.979039320256561e-13,0.9999999999999991
36100,-73.98533630371094,40.75788879394531,-73.9852066040039,40.74747085571289,386.56,4861,4861,-1.0,-1.0,-1,-1,0.0
36101,-73.97509765625,40.750991821289055,-73.98335266113281,40.75912857055664,554.12,4861,4861,-1.0,-1.0,-1,-1,0.0
36102,-73.99159240722656,40.73937225341797,-73.9996795654297,40.76109313964844,684.31,4861,4861,-1.0,-1.0,-1,-1,0.0
36103,-74.01737213134766,40.70491409301758,-73.9757080078125,40.77783203125,1417.37,4861,4861,4912.21,6329.58,51.210000000000036,0.0,1.0
36104,-73.95614624023438,40.763450622558594,-73.97325134277344,40.75935363769531,570.17,4861,4861,-1.0,-1.0,-1,-1,0.0
36105,-73.9776382446289,40.75464630126953,-73.9711685180664,40.763984680175774,239.84,4861,4861,4919.23,5159.07,58.22999999999956,1.4210854715202004e-13,1.0000000000000007
36106,-73.97769165039062,40.75928115844727,-73.95075225830078,40.77165222167969,796.46,4861,4861,-1.0,-1.0,-1,-1,0.0
36107,-74.00540924072266,40.75147247314453,-74.00831604003906,40.734954833984375,457.32,4861,4861,-1.0,-1.0,-1,-1,0.0
36108,-73.98230743408203,40.74579620361328,-73.9827651977539,40.75578308105469,415.55,4861,4861,-1.0,-1.0,-1,-1,0.0
36109,-73.96669006347656,40.75745010375977,-73.99471282958984,40.72503280639648,832.03,4861,4861,-1.0,-1.0,-1,-1,0.0
36110,-73.95199584960938,40.76911163330078,-73.95301818847656,40.77928924560547,293.24,4862,4862,-1.0,-1.0,-1,-1,0.0
36111,-73.9871597290039,40.761131286621094,-73.98204803466798,40.776870727539055,396.18,4862,4862,5034.58,5430.76,172.57999999999993,2.8421709430404007e-13,1.0000000000000007
36112,-73.95436096191406,40.76367950439453,-73.9666290283203,40.76322937011719,446.91,4862,4862,-1.0,-1.0,-1,-1,0.0
36113,-73.97991943359375,40.7589225769043,-73.98157501220702,40.77593612670898,518.37,4862,4862,-1.0,-1.0,-1,-1,0.0
36114,-73.9993896484375,40.73849868774415,-73.97389221191406,40.74400329589844,717.5,4862,4862,-1.0,-1.0,-1,-1,0.0
36115,-73.97393035888672,40.7630615234375,-73.9820327758789,40.75153350830078,340.55,4862,4862,-1.0,-1.0,-1,-1,0.0
36116,-73.97720336914062,40.76396942138672,-73.9848098754883,40.75911712646485,311.25,4862,4862,-1.0,-1.0,-1,-1,0.0
36117,-73.99954986572266,40.732688903808594,-74.0078125,40.7124137878418,617.37,4863,4863,-1.0,-1.0,-1,-1,0.0
36118,-73.96923828125,40.8034782409668,-73.93448638916014,40.8593635559082,968.79,4863,4863,5525.89,6494.68,662.8900000000003,0.0,1.0
36119,-73.99342346191406,40.74094009399415,-73.98092651367188,40.73560333251953,477.75,4863,4863,-1.0,-1.0,-1,-1,0.0
36120,-73.98933410644531,40.76796340942383,-73.95279693603516,40.76655960083008,916.17,4863,4863,5990.849999999999,6907.0199999999995,1127.8499999999995,1.1368683772161603e-13,1.0000000000000002
36121,-74.00505065917969,40.72282409667969,-73.99148559570312,40.74904251098633,632.45,4863,4863,4891.69,5524.14,28.6899999999996,6.821210263296962e-13,1.000000000000001
36122,-73.98985290527344,40.75198745727539,-74.00897979736328,40.70463562011719,1253.19,4863,4863,-1.0,-1.0,-1,-1,0.0
36123,-73.95481872558594,40.77899932861328,-73.94515228271484,40.77845001220703,205.54,4863,4863,4912.0,5117.54,49.0,-2.842170943040401e-14,0.9999999999999999
36124,-73.97547149658203,40.765151977539055,-73.9726333618164,40.780967712402344,428.75,4864,4864,4914.15,5342.9,50.149999999999636,0.0,1.0
36125,-73.96917724609375,40.76076126098633,-74.00255584716798,40.73904418945313,992.63,4864,4864,-1.0,-1.0,-1,-1,0.0
36126,-73.99381256103516,40.73864364624024,-74.00332641601562,40.72536087036133,448.63,4864,4864,-1.0,-1.0,-1,-1,0.0
36127,-73.98938751220702,40.75286102294922,-73.98493194580078,40.74531173706055,370.16,4864,4864,-1.0,-1.0,-1,-1,0.0
36128,-73.95069885253906,40.786380767822266,-73.95780181884766,40.77000045776367,422.75,4865,4865,5009.2,5431.95,144.19999999999982,0.0,1.0
36129,-73.94583129882812,40.773521423339844,-73.96357727050781,40.77225112915039,480.29,4865,4865,-1.0,-1.0,-1,-1,0.0
36130,-74.01490020751955,40.714256286621094,-73.98873901367188,40.745304107666016,894.48,4865,4865,-1.0,-1.0,-1,-1,0.0
36131,-73.97273254394531,40.78582763671875,-73.9180679321289,40.87184143066406,1141.74,4865,4865,5265.69,6407.429999999999,400.6899999999996,-2.2737367544323206e-13,0.9999999999999998
36132,-73.95710754394531,40.77421188354492,-73.95317840576173,40.76794815063477,267.95,4865,4865,4918.41,5198.25,53.409999999999854,11.890000000000157,1.0443739503638745
36133,-73.97560882568358,40.75244140625,-73.95606231689453,40.78318405151367,872.28,4865,4865,-1.0,-1.0,-1,-1,0.0
36134,-74.00081634521484,40.74715042114258,-73.9906234741211,40.75596237182617,366.64,4865,4865,-1.0,-1.0,-1,-1,0.0
36135,-73.98375701904298,40.74383163452149,-73.95900726318358,40.7696647644043,840.46,4865,4865,-1.0,-1.0,-1,-1,0.0
36136,-73.9763946533203,40.76098251342773,-73.99258422851562,40.75098037719727,695.05,4865,4865,-1.0,-1.0,-1,-1,0.0
36137,-73.9491958618164,40.77314376831055,-73.94371795654298,40.784446716308594,383.96,4865,4865,6069.46,6453.42,1204.46,5.684341886080802e-14,1.0000000000000002
36138,-73.9622802734375,40.75939559936523,-73.97991180419923,40.74072647094727,574.06,4866,4866,-1.0,-1.0,-1,-1,0.0
36139,-73.9791030883789,40.753242492675774,-73.9923324584961,40.769134521484375,719.81,4866,4866,4907.49,5676.95,41.48999999999978,49.65000000000009,1.0689765354746392
36140,-74.01016235351562,40.7204704284668,-73.97784423828125,40.74866104125977,1116.69,4866,4866,-1.0,-1.0,-1,-1,0.0
36141,-73.9980239868164,40.74580764770508,-74.00540924072266,40.75094223022461,249.44,4866,4866,4946.13,5195.57,80.13000000000011,-3.979039320256561e-13,0.9999999999999984
36142,-73.99190521240234,40.743873596191406,-73.98322296142578,40.730323791503906,607.77,4866,4866,-1.0,-1.0,-1,-1,0.0
36143,-73.96298217773438,40.77202606201172,-73.97362518310547,40.74790573120117,759.06,4866,4866,-1.0,-1.0,-1,-1,0.0
36144,-73.96726989746094,40.763370513916016,-73.9915771484375,40.72684860229492,946.75,4866,4866,-1.0,-1.0,-1,-1,0.0
36145,-73.97252655029298,40.75907516479492,-73.98039245605469,40.748477935791016,392.8,4867,4867,-1.0,-1.0,-1,-1,0.0
36146,-73.9808349609375,40.758731842041016,-73.99078369140625,40.73466110229492,742.01,4867,4867,-1.0,-1.0,-1,-1,0.0
36147,-73.9593734741211,40.78290939331055,-73.9800796508789,40.75447082519531,769.5,4867,4867,4997.96,5767.46,130.96000000000004,0.0,1.0
36148,-73.96993255615234,40.76885223388672,-73.98101043701173,40.77350616455078,231.96,4867,4867,4923.38,5155.34,56.38000000000011,2.842170943040401e-14,1.0000000000000002
36149,-74.01480102539062,40.71421432495117,-74.00851440429686,40.70413589477539,327.99,4867,4867,4891.5,5289.25,24.5,69.75999999999999,1.2126894112625384
36150,-73.97380828857422,40.74766159057617,-73.98856353759766,40.74312973022461,459.59,4867,4867,-1.0,-1.0,-1,-1,0.0
36151,-73.9776382446289,40.74627685546875,-73.96275329589844,40.76689147949219,517.16,4867,4867,4922.28,5439.44,55.279999999999745,-1.1368683772161603e-13,0.9999999999999998
36152,-73.98751068115234,40.75013732910156,-73.98615264892578,40.72652816772461,766.85,4867,4867,-1.0,-1.0,-1,-1,0.0
36153,-73.95560455322266,40.78225326538085,-73.96814727783203,40.76536178588867,442.79,4867,4867,4960.8,5403.59,93.80000000000018,-5.684341886080802e-14,0.9999999999999999
36154,-73.98551940917969,40.74721908569336,-73.99871063232422,40.76393127441406,877.96,4867,4867,-1.0,-1.0,-1,-1,0.0
36155,-73.9678955078125,40.76567840576172,-74.00386810302734,40.743019104003906,1165.09,4868,4868,-1.0,-1.0,-1,-1,0.0
36156,-73.98780822753906,40.72145080566406,-73.98397827148438,40.71561813354492,305.71,4868,4868,4930.42,5236.13,62.42000000000007,5.684341886080802e-14,1.0000000000000002
36157,-73.98346710205078,40.73011016845703,-73.96460723876955,40.80688095092773,1653.02,4868,4868,4917.08,6570.1,49.07999999999993,4.547473508864641e-13,1.0000000000000002
36158,-73.98603820800781,40.77857208251953,-73.98515319824219,40.75947952270508,633.32,4868,4868,4897.28,5594.22,29.279999999999745,63.62000000000046,1.1004547464157148
36159,-73.9981460571289,40.72031784057617,-73.95206451416014,40.77804946899415,1359.08,4868,4868,-1.0,-1.0,-1,-1,0.0
36160,-73.96994018554686,40.799598693847656,-73.97151947021484,40.78242874145508,440.86,4868,4868,4910.63,5392.82,42.63000000000011,41.329999999999586,1.0937485823163806
36161,-73.98810577392578,40.74911880493164,-73.96476745605469,40.75316619873047,683.62,4868,4868,4892.07,5617.54,24.06999999999971,41.85000000000025,1.061218220648899
36162,-73.97453308105469,40.76144790649415,-73.99359130859375,40.745948791503906,657.93,4868,4868,-1.0,-1.0,-1,-1,0.0
36163,-73.98699951171875,40.738975524902344,-73.97820281982422,40.75098419189453,302.34,4868,4868,-1.0,-1.0,-1,-1,0.0
36164,-73.99259185791014,40.73051834106445,-73.99308776855469,40.7706184387207,1168.42,4868,4868,4921.24,6089.66,53.23999999999978,0.0,1.0
36165,-73.9846954345703,40.768421173095696,-74.00376892089844,40.72980880737305,1017.44,4868,4868,4914.94,6005.32,46.9399999999996,72.94000000000005,1.0716897310897942
36166,-73.99176025390625,40.735389709472656,-74.00747680664062,40.74660110473633,598.06,4868,4868,4928.0,5542.81,60.0,16.750000000000455,1.0280072233555169
36167,-73.96393585205078,40.76787567138672,-73.95823669433594,40.768959045410156,185.5,4868,4868,-1.0,-1.0,-1,-1,0.0
36168,-74.00794219970702,40.70794677734375,-74.00968170166014,40.72222137451172,533.17,4869,4869,-1.0,-1.0,-1,-1,0.0
36169,-74.0050277709961,40.74153137207031,-74.00440216064453,40.7333984375,242.68,4869,4869,-1.0,-1.0,-1,-1,0.0
36170,-73.99661254882812,40.73754119873047,-73.9764175415039,40.78062057495117,1105.81,4869,4869,4896.28,6027.27,27.279999999999745,25.180000000000746,1.022770638717321
36171,-73.98554992675781,40.75218963623047,-73.99403381347656,40.720008850097656,978.44,4869,4869,4928.96,5938.36,59.960000000000036,30.95999999999958,1.0316422059605082
36172,-73.98835754394531,40.748756408691406,-73.97826385498048,40.759780883789055,470.26,4869,4869,-1.0,-1.0,-1,-1,0.0
36173,-73.95621490478516,40.77871322631836,-73.94951629638672,40.774513244628906,294.22,4869,4869,4909.1,5255.05,40.100000000000364,51.72999999999979,1.1758208143566031
36174,-73.98648071289062,40.74516296386719,-73.99087524414062,40.75580596923828,517.54,4869,4869,4899.42,5474.39,30.420000000000073,57.43000000000029,1.1109672682304754
36175,-74.00479125976562,40.75202941894531,-74.00865936279298,40.71231460571289,829.88,4869,4869,5018.12,5848.0,149.1199999999999,1.1368683772161603e-13,1.0000000000000002
36176,-73.96392059326173,40.7746467590332,-74.00251007080078,40.72888565063477,1379.49,4870,4870,-1.0,-1.0,-1,-1,0.0
36177,-73.97791290283203,40.74589157104492,-73.96370697021484,40.756126403808594,377.64,4870,4870,-1.0,-1.0,-1,-1,0.0
36178,-73.98224639892578,40.76830673217773,-73.98013305664062,40.78570938110352,530.05,4870,4870,-1.0,-1.0,-1,-1,0.0
36179,-73.98343658447266,40.76909255981445,-73.96803283691406,40.767181396484375,405.52,4871,4871,-1.0,-1.0,-1,-1,0.0
36180,-73.95954132080078,40.771278381347656,-73.944091796875,40.77635955810547,356.22,4871,4871,-1.0,-1.0,-1,-1,0.0
36181,-73.98341369628906,40.76649475097656,-73.97103118896483,40.79583740234375,651.13,4871,4871,4902.72,5631.23,31.720000000000255,77.37999999999931,1.1188395558490614
36182,-73.97257232666014,40.752532958984375,-73.95772552490234,40.773380279541016,465.16,4871,4871,-1.0,-1.0,-1,-1,0.0
36183,-73.99445343017578,40.73508834838867,-74.00194549560547,40.72789001464844,253.21,4871,4871,4900.65,5153.86,29.649999999999636,2.842170943040401e-14,1.0000000000000002
36184,-73.96334075927734,40.77172088623047,-73.97786712646483,40.788978576660156,582.37,4871,4871,-1.0,-1.0,-1,-1,0.0
36185,-73.95899963378906,40.77590560913085,-73.94621276855469,40.77902221679688,317.02,4871,4871,-1.0,-1.0,-1,-1,0.0
36186,-73.9793243408203,40.76625442504883,-73.97776794433594,40.75392532348633,533.59,4871,4871,4907.41,5492.83,36.409999999999854,51.83000000000004,1.0971345040199405
36187,-74.01033782958984,40.708961486816406,-73.97901153564453,40.74142837524415,916.38,4871,4871,-1.0,-1.0,-1,-1,0.0
36188,-73.9818115234375,40.75720977783203,-74.0082015991211,40.74882888793945,737.84,4871,4871,-1.0,-1.0,-1,-1,0.0
36189,-74.00081634521484,40.74195861816406,-73.98780059814453,40.74974060058594,378.5,4872,4872,-1.0,-1.0,-1,-1,0.0
36190,-73.97098541259766,40.755126953125,-73.9862060546875,40.76813888549805,740.46,4872,4872,-1.0,-1.0,-1,-1,0.0
36191,-74.00570678710938,40.738746643066406,-74.00255584716798,40.76073455810547,560.79,4872,4872,4918.11,5518.150000000001,46.10999999999967,39.25000000000091,1.069990549046882
36192,-73.95760345458984,40.769691467285156,-73.96381378173827,40.77450180053711,259.63,4872,4872,4907.42,5184.0,35.42000000000007,16.949999999999932,1.0652852135731616
36193,-74.00203704833984,40.76066970825195,-73.9727020263672,40.79265594482422,603.2,4872,4872,4919.7699999999995,5522.97,47.76999999999953,6.821210263296962e-13,1.000000000000001
36194,-73.97303771972656,40.78532409667969,-74.00252532958984,40.76067352294922,781.44,4872,4872,4902.71,5741.3,30.710000000000036,57.15000000000009,1.073134213759214
36195,-73.98262786865234,40.76402282714844,-73.97467803955078,40.75655746459961,523.29,4872,4872,-1.0,-1.0,-1,-1,0.0
36196,-73.97322845458984,40.724136352539055,-73.98062896728516,40.767433166503906,1456.85,4872,4872,5105.95,6562.8,233.94999999999982,4.547473508864641e-13,1.0000000000000002
36197,-73.97711944580078,40.7589111328125,-73.98959350585938,40.74630737304688,477.22,4872,4872,-1.0,-1.0,-1,-1,0.0
36198,-73.97750091552734,40.76453018188477,-73.9693832397461,40.76108169555664,266.45,4872,4872,4893.96,5160.41,21.960000000000036,-1.7053025658242404e-13,0.9999999999999993
36199,-73.97466278076173,40.76082992553711,-73.9920196533203,40.76966094970703,609.21,4872,4872,4924.67,5600.55,52.67000000000007,66.67000000000007,1.1094368116084767
36200,-74.01004791259766,40.72090148925781,-73.99708557128906,40.72554016113281,519.56,4872,4872,-1.0,-1.0,-1,-1,0.0
36201,-73.9745864868164,40.75688934326172,-73.97863006591797,40.7749252319336,636.72,4873,4873,-1.0,-1.0,-1,-1,0.0
36202,-73.97141265869139,40.76625061035156,-73.96150207519531,40.77518844604492,320.05,4873,4873,-1.0,-1.0,-1,-1,0.0
36203,-73.99472045898438,40.75544357299805,-74.00473022460938,40.741947174072266,302.69,4873,4873,-1.0,-1.0,-1,-1,0.0
36204,-74.00321960449219,40.75163650512695,-74.00760650634766,40.7430076599121,366.62,4873,4873,-1.0,-1.0,-1,-1,0.0
36205,-73.9688491821289,40.758827209472656,-73.97545623779298,40.73006820678711,729.52,4873,4873,-1.0,-1.0,-1,-1,0.0
36206,-74.00566101074219,40.740421295166016,-73.9888687133789,40.74550247192383,549.75,4873,4873,4981.7,5531.45,108.69999999999982,0.0,1.0
36207,-73.9724884033203,40.759803771972656,-73.9796142578125,40.74851989746094,427.22,4873,4873,-1.0,-1.0,-1,-1,0.0
36208,-73.9695816040039,40.75276184082031,-73.97785186767578,40.725410461425774,595.71,4873,4873,4980.54,5576.25,107.53999999999996,0.0,1.0
36209,-73.97848510742188,40.7620964050293,-74.00640869140625,40.71915817260742,1267.17,4873,4873,-1.0,-1.0,-1,-1,0.0
36210,-73.99178314208984,40.7488670349121,-73.98126983642578,40.77952575683594,813.77,4874,4874,4890.0,5703.77,16.0,4.547473508864641e-13,1.0000000000000007
36211,-74.00536346435547,40.73675155639648,-73.99195861816406,40.727405548095696,563.25,4874,4874,4939.66,5502.91,65.65999999999985,0.0,1.0
36212,-73.96968078613281,40.76369094848633,-73.95909118652342,40.77775192260742,401.02,4874,4874,-1.0,-1.0,-1,-1,0.0
36213,-73.97733306884766,40.75790786743164,-74.00076293945312,40.733211517333984,691.96,4874,4874,-1.0,-1.0,-1,-1,0.0
36214,-73.98878479003906,40.737159729003906,-74.00858306884766,40.71370315551758,740.57,4874,4874,-1.0,-1.0,-1,-1,0.0
36215,-73.95587158203125,40.77926254272461,-73.96681213378906,40.79347610473633,466.96,4874,4874,4967.86,5434.82,93.85999999999967,5.684341886080802e-14,1.0000000000000002
36216,-73.9822006225586,40.74847030639648,-73.96807861328125,40.75611114501953,515.41,4875,4875,-1.0,-1.0,-1,-1,0.0
36217,-73.98194885253906,40.765869140625,-73.99219512939453,40.740325927734375,804.72,4875,4875,4920.19,5727.03,45.1899999999996,2.1200000000001182,1.0026344567054382
36218,-74.00474548339844,40.75204086303711,-73.98600006103516,40.73489761352539,754.69,4875,4875,-1.0,-1.0,-1,-1,0.0
36219,-74.00977325439453,40.71353530883789,-74.01736450195312,40.70675659179688,367.58,4875,4875,-1.0,-1.0,-1,-1,0.0
36220,-73.96986389160156,40.76289367675781,-73.97386932373048,40.75541687011719,265.26,4875,4875,-1.0,-1.0,-1,-1,0.0
36221,-73.9598617553711,40.77048110961913,-73.9640121459961,40.7764892578125,259.7,4875,4875,-1.0,-1.0,-1,-1,0.0
36222,-73.98158264160156,40.7637939453125,-73.9532470703125,40.78351974487305,846.64,4876,4876,-1.0,-1.0,-1,-1,0.0
36223,-73.95690155029298,40.77769088745117,-73.97686767578125,40.78253555297852,416.08,4876,4876,5055.08,5471.16,179.07999999999993,-5.684341886080802e-14,0.9999999999999999
36224,-73.96980285644531,40.76597213745117,-73.95111846923827,40.78603744506836,451.47,4876,4876,-1.0,-1.0,-1,-1,0.0
36225,-73.98333740234375,40.72676467895508,-74.00486755371094,40.72854614257813,649.43,4876,4876,4890.0,5578.81,14.0,39.38000000000045,1.0606377900620552
36226,-74.00187683105469,40.73030090332031,-73.99749755859375,40.751461029052734,617.92,4876,4876,4900.18,5607.66,24.18000000000029,89.5599999999996,1.144937856033143
36227,-73.99365997314453,40.751968383789055,-73.95565032958984,40.78453826904297,1085.04,4876,4876,4905.44,5990.48,29.4399999999996,0.0,1.0
36228,-73.99172973632812,40.731536865234375,-73.99069213867188,40.742088317871094,517.57,4876,4876,-1.0,-1.0,-1,-1,0.0
36229,-73.97730255126955,40.77249145507813,-74.00348663330078,40.72277450561523,1358.89,4876,4876,-1.0,-1.0,-1,-1,0.0
36230,-73.9940185546875,40.7564582824707,-73.95156860351562,40.781959533691406,1195.48,4876,4876,4907.43,6102.91,31.43000000000029,-4.547473508864641e-13,0.9999999999999997
36231,-73.98095703125,40.78466033935547,-74.00567626953125,40.7376365661621,976.96,4876,4876,5042.5,6019.46,166.5,0.0,1.0
36232,-73.95221710205078,40.76633071899415,-73.96389007568358,40.76081848144531,410.83,4876,4876,4895.78,5306.61,19.779999999999745,-5.684341886080802e-14,0.9999999999999999
36233,-74.01324462890625,40.71673583984375,-73.94734954833984,40.776084899902344,1433.39,4877,4877,5000.54,6433.929999999999,123.53999999999996,-6.821210263296962e-13,0.9999999999999996
36234,-73.98236846923827,40.772308349609375,-73.96141052246094,40.76015090942383,792.29,4877,4877,5077.94,5870.2300000000005,200.9399999999996,9.094947017729282e-13,1.000000000000001
36235,-73.95974731445312,40.76679229736328,-73.9542236328125,40.77865982055664,265.61,4877,4877,-1.0,-1.0,-1,-1,0.0
36236,-73.99015045166014,40.731895446777344,-74.00531005859375,40.73816680908203,528.33,4877,4877,-1.0,-1.0,-1,-1,0.0
36237,-73.9554672241211,40.77922821044922,-73.94609832763672,40.77294158935547,325.66,4877,4877,4936.61,5262.2699999999995,59.60999999999967,-1.7053025658242404e-13,0.9999999999999994
36238,-73.9600067138672,40.77360916137695,-73.94242095947266,40.78636169433594,446.91,4877,4877,-1.0,-1.0,-1,-1,0.0
36239,-73.98308563232422,40.76512145996094,-74.00730895996094,40.74116516113281,850.59,4877,4877,-1.0,-1.0,-1,-1,0.0
36240,-73.9972152709961,40.7221565246582,-73.9771957397461,40.76422882080078,1139.56,4877,4877,-1.0,-1.0,-1,-1,0.0
36241,-73.99024963378906,40.75188827514648,-74.00010681152342,40.73131561279297,510.16,4878,4878,5030.33,5540.49,152.32999999999993,-1.7053025658242404e-13,0.9999999999999997
36242,-73.98888397216798,40.71896362304688,-73.99971008300781,40.716957092285156,414.97,4878,4878,5146.05,5561.02,268.0500000000002,2.2737367544323206e-13,1.0000000000000004
36243,-74.01535797119139,40.711341857910156,-73.99703979492188,40.763648986816406,918.6,4878,4878,-1.0,-1.0,-1,-1,0.0
36244,-73.95851898193358,40.76862335205078,-73.98114776611328,40.74148559570313,766.77,4878,4878,-1.0,-1.0,-1,-1,0.0
36245,-73.9776840209961,40.75508499145508,-73.99825286865234,40.72305679321289,948.3,4878,4878,-1.0,-1.0,-1,-1,0.0
36246,-73.97300720214845,40.74848175048828,-73.96376037597656,40.75712585449219,246.73,4878,4878,-1.0,-1.0,-1,-1,0.0
36247,-73.98004913330078,40.7647705078125,-73.95446014404298,40.77804183959961,755.02,4878,4878,4933.5,5688.5199999999995,55.5,-4.547473508864641e-13,0.9999999999999994
36248,-73.95939636230467,40.77415084838867,-73.9664764404297,40.75712585449219,540.7,4878,4878,4929.95,5470.65,51.94999999999982,-2.2737367544323206e-13,0.9999999999999996
36249,-73.94577026367188,40.80774688720703,-73.99111938476562,40.75101089477539,1610.66,4878,4878,4909.25,6519.91,31.25,-2.2737367544323206e-13,0.9999999999999999
36250,-73.96709442138672,40.77251434326172,-73.98857116699219,40.74289321899415,791.49,4878,4878,4893.95,5685.4400000000005,15.949999999999818,6.821210263296962e-13,1.0000000000000009
36251,-73.9615707397461,40.77141189575195,-73.97540283203125,40.76332092285156,444.94,4878,4878,4914.44,5359.38,36.4399999999996,5.115907697472721e-13,1.000000000000001
36252,-73.99795532226562,40.75589370727539,-73.99980926513672,40.761474609375,231.16,4878,4878,4924.78,5155.9400000000005,46.779999999999745,7.673861546209082e-13,1.0000000000000033
36253,-73.94831848144531,40.78223037719727,-73.96012115478516,40.77608108520508,314.99,4878,4878,5200.33,5515.32,322.3299999999999,-2.2737367544323206e-13,0.9999999999999992
36254,-73.9851837158203,40.7475814819336,-73.97893524169923,40.75178146362305,285.22,4879,4879,-1.0,-1.0,-1,-1,0.0
36255,-73.98238372802734,40.76094055175781,-73.96589660644531,40.76606750488281,594.42,4879,4879,-1.0,-1.0,-1,-1,0.0
36256,-73.9927978515625,40.71417236328125,-73.97383880615234,40.76438903808594,1352.97,4879,4879,4944.63,6297.6,65.63000000000011,2.2737367544323206e-13,1.0000000000000002
36257,-73.95990753173827,40.77281951904297,-73.9498291015625,40.76860046386719,360.16,4879,4879,-1.0,-1.0,-1,-1,0.0
36258,-73.96492767333984,40.79172134399415,-73.9449234008789,40.774600982666016,714.06,4879,4879,4921.96,5677.06,42.960000000000036,41.04000000000042,1.0574741618351404
36259,-73.98827362060547,40.74660873413085,-73.969482421875,40.75875854492188,698.42,4879,4879,-1.0,-1.0,-1,-1,0.0
36260,-73.95340728759766,40.77513122558594,-73.9452896118164,40.778541564941406,200.41,4879,4879,4929.12,5129.53,50.11999999999989,-1.4210854715202004e-13,0.9999999999999993
36261,-73.9720687866211,40.75798416137695,-73.99839782714845,40.74689102172852,812.43,4879,4879,4906.61,5719.04,27.609999999999673,3.410605131648481e-13,1.0000000000000004
36262,-73.97029113769531,40.75590896606445,-73.95677185058595,40.77742004394531,503.22,4879,4879,-1.0,-1.0,-1,-1,0.0
36263,-73.96833801269531,40.75899124145508,-73.95891571044923,40.772136688232415,280.32,4879,4879,4911.37,5191.69,32.36999999999989,-2.8421709430404007e-13,0.999999999999999
36264,-73.97537231445312,40.75202178955078,-73.99591827392578,40.72285842895508,821.46,4879,4879,-1.0,-1.0,-1,-1,0.0
36265,-74.00070953369139,40.74211883544922,-73.9969482421875,40.72544860839844,589.96,4879,4879,-1.0,-1.0,-1,-1,0.0
36266,-73.97416687011719,40.76295852661133,-73.99610137939453,40.743408203125,708.18,4879,4879,4932.3,5640.48,53.30000000000018,-5.684341886080801e-13,0.9999999999999992
36267,-73.98893737792969,40.74148178100585,-73.97964477539062,40.73330307006836,419.61,4879,4879,4929.17,5348.78,50.17000000000007,-3.410605131648481e-13,0.9999999999999992
36268,-73.9924545288086,40.75353622436523,-73.98339080810547,40.730247497558594,896.62,4880,4880,-1.0,-1.0,-1,-1,0.0
36269,-73.99480438232422,40.73980712890625,-73.9830322265625,40.75581359863281,438.47,4880,4880,4912.47,5350.94,32.470000000000255,-6.821210263296962e-13,0.9999999999999984
36270,-73.96662139892578,40.76150131225585,-73.95314025878906,40.7869529724121,511.5,4880,4880,-1.0,-1.0,-1,-1,0.0
36271,-73.98594665527344,40.74113464355469,-73.94682312011719,40.77925109863281,916.85,4880,4880,4912.93,5829.78,32.93000000000029,-5.684341886080801e-13,0.9999999999999993
36272,-73.97891235351562,40.763938903808594,-74.00868225097656,40.73288345336913,1144.05,4880,4880,-1.0,-1.0,-1,-1,0.0
36273,-74.00450134277344,40.74788665771485,-73.98979187011719,40.725410461425774,837.89,4880,4880,4937.12,5802.67,57.11999999999989,27.660000000000196,1.0330114931554264
36274,-73.9918212890625,40.74985122680664,-73.98069763183594,40.74289321899415,512.37,4881,4881,4921.36,5433.73,40.35999999999967,-1.1368683772161603e-13,0.9999999999999998
36275,-74.01280212402342,40.706558227539055,-73.99189758300781,40.74992752075195,1090.56,4881,4881,-1.0,-1.0,-1,-1,0.0
36276,-73.95732879638672,40.76251602172852,-73.95252990722656,40.76861572265625,181.46,4881,4881,-1.0,-1.0,-1,-1,0.0
36277,-73.95520782470702,40.77236557006836,-73.95124816894531,40.80358123779297,755.12,4881,4881,4931.12,5686.24,50.11999999999989,-1.1368683772161603e-13,0.9999999999999999
36278,-73.98390197753906,40.749656677246094,-74.00328063964845,40.742488861083984,524.04,4881,4881,4893.429999999999,5417.469999999999,12.429999999999382,0.0,1.0
36279,-73.99820709228516,40.7176628112793,-73.97533416748048,40.71791458129883,797.55,4881,4881,-1.0,-1.0,-1,-1,0.0
36280,-73.99132537841797,40.73249816894531,-73.9786376953125,40.746002197265625,458.02,4881,4881,-1.0,-1.0,-1,-1,0.0
36281,-74.00556945800781,40.745750427246094,-73.99291229248048,40.7254638671875,811.18,4881,4881,-1.0,-1.0,-1,-1,0.0
36282,-73.99795532226562,40.74044799804688,-74.00428009033203,40.7474365234375,267.87,4882,4882,-1.0,-1.0,-1,-1,0.0
36283,-73.9776840209961,40.738189697265625,-73.947509765625,40.77938461303711,672.3,4882,4882,5014.63,5686.93,132.6300000000001,2.2737367544323206e-13,1.0000000000000004
36284,-73.97505187988281,40.75556182861328,-73.97731018066406,40.7486686706543,238.46,4882,4882,-1.0,-1.0,-1,-1,0.0
36285,-73.98716735839844,40.75537872314453,-74.00269317626955,40.7606315612793,436.99,4882,4882,-1.0,-1.0,-1,-1,0.0
36286,-73.96661376953125,40.75731658935547,-73.98282623291014,40.75498962402344,630.34,4882,4882,4912.28,5542.62,30.279999999999745,1.1368683772161603e-13,1.0000000000000002
36287,-73.98126983642578,40.78105163574219,-73.97615814208984,40.79159164428711,254.78,4882,4882,4925.62,5180.4,43.61999999999989,-2.5579538487363607e-13,0.999999999999999
36288,-73.98197174072266,40.77265167236328,-73.95064544677734,40.79748916625977,849.12,4882,4882,4928.55,5847.42,46.55000000000018,69.74999999999989,1.0821438665912944
36289,-73.9732666015625,40.76105117797852,-73.98148345947266,40.76858139038085,367.42,4882,4882,-1.0,-1.0,-1,-1,0.0
36290,-73.96934509277344,40.76145553588867,-73.9863739013672,40.73202896118164,665.58,4882,4882,4929.23,5659.43,47.22999999999956,64.62000000000069,1.0970882538537827
36291,-73.98239135742188,40.73178482055664,-73.9886016845703,40.72586059570313,208.4,4882,4882,4915.04,5123.44,33.039999999999964,-3.694822225952521e-13,0.9999999999999982
36292,-73.95216369628906,40.77723693847656,-73.95929718017578,40.763198852539055,410.72,4882,4882,4919.66,5330.38,37.659999999999854,2.2737367544323206e-13,1.0000000000000004
36293,-73.97816467285155,40.75719451904297,-73.96036529541014,40.76200866699219,581.42,4882,4882,-1.0,-1.0,-1,-1,0.0
36294,-73.94918060302734,40.78507995605469,-73.97605895996094,40.71783065795898,1076.22,4882,4882,4988.5,6064.72,106.5,2.2737367544323206e-13,1.0000000000000002
36295,-73.98468017578125,40.77995681762695,-73.98209381103516,40.76755142211913,355.36,4883,4883,4932.92,5295.78,49.92000000000007,7.499999999999659,1.0211053579468699
36296,-73.94378662109375,40.77643203735352,-73.97108459472656,40.7952537536621,817.69,4883,4883,5873.62,6691.31,990.6199999999999,4.547473508864641e-13,1.0000000000000007
36297,-73.98983001708984,40.735435485839844,-73.9788589477539,40.75078582763672,502.61,4883,4883,-1.0,-1.0,-1,-1,0.0
36298,-73.98224639892578,40.75187683105469,-73.97423553466798,40.7465934753418,303.67,4883,4883,-1.0,-1.0,-1,-1,0.0
36299,-73.97138977050781,40.76528930664063,-73.9939193725586,40.72473907470703,1130.4,4883,4883,4933.49,6073.6,50.48999999999978,9.710000000000491,1.0085898796886061
36300,-73.9593048095703,40.76329040527344,-73.95027923583984,40.783504486083984,391.87,4883,4883,4929.59,5321.46,46.590000000000146,-1.1368683772161603e-13,0.9999999999999997
36301,-73.9954376220703,40.723304748535156,-73.99735260009766,40.73649597167969,394.0,4883,4883,5099.88,5493.88,216.8800000000001,0.0,1.0
36302,-73.98860931396483,40.76002883911133,-73.970947265625,40.76398086547852,511.24,4883,4883,4924.69,5435.93,41.6899999999996,6.821210263296962e-13,1.0000000000000013
36303,-73.97398376464845,40.76290893554688,-73.99066162109375,40.75530624389648,604.76,4883,4883,-1.0,-1.0,-1,-1,0.0
36304,-73.98014068603516,40.78591918945313,-73.97972869873048,40.76472854614258,587.37,4883,4883,4950.97,5538.34,67.97000000000025,-1.1368683772161603e-13,0.9999999999999998
36305,-73.99490356445312,40.7256088256836,-73.9920196533203,40.749229431152344,767.12,4884,4884,4897.09,5756.28,13.090000000000146,92.0699999999996,1.1200203358014387
36306,-73.98187255859375,40.743446350097656,-74.00733184814453,40.71560287475585,886.65,4884,4884,-1.0,-1.0,-1,-1,0.0
36307,-73.98412322998048,40.72630310058594,-73.98599243164062,40.73097610473633,198.21,4884,4884,4913.67,5111.88,29.670000000000073,2.842170943040401e-14,1.0000000000000002
36308,-74.0081787109375,40.74574279785156,-73.98928070068358,40.73040390014648,749.17,4884,4884,4897.1,5687.98,13.100000000000364,41.70999999999924,1.0556749469412807
36309,-73.9822006225586,40.77524185180664,-73.96034240722656,40.75800704956055,923.97,4884,4884,4991.92,5915.89,107.92000000000007,2.2737367544323206e-13,1.0000000000000002
36310,-73.98487091064453,40.74723815917969,-73.9737548828125,40.7485466003418,455.38,4884,4884,-1.0,-1.0,-1,-1,0.0
36311,-74.00869750976562,40.72898864746094,-74.00923919677734,40.713691711425774,443.72,4885,4885,-1.0,-1.0,-1,-1,0.0
36312,-73.94526672363281,40.77845764160156,-73.9637222290039,40.76150131225585,589.74,4885,4885,4942.2300000000005,5531.97,57.23000000000047,-2.2737367544323206e-13,0.9999999999999997
36313,-73.9818801879883,40.75767135620117,-73.99578094482422,40.76445007324219,484.87,4885,4885,-1.0,-1.0,-1,-1,0.0
36314,-73.99454498291014,40.74566268920898,-73.99879455566406,40.7635498046875,588.85,4885,4885,4927.15,5564.65,42.149999999999636,48.64999999999998,1.082618663496646
36315,-74.00276947021484,40.76055908203125,-73.97088623046875,40.79840850830078,598.25,4885,4885,-1.0,-1.0,-1,-1,0.0
36316,-73.95578765869139,40.7727165222168,-73.99149322509766,40.74856567382813,1298.7,4885,4885,4942.18,6260.78,57.18000000000029,19.89999999999941,1.0153230153230148
36317,-73.94921112060547,40.77313232421875,-73.9593505859375,40.76435089111328,325.36,4885,4885,-1.0,-1.0,-1,-1,0.0
36318,-73.9942626953125,40.72271728515625,-74.00392150878906,40.72005462646485,509.66,4885,4885,4998.71,5508.37,113.71000000000004,-1.7053025658242404e-13,0.9999999999999997
36319,-73.97181701660156,40.791858673095696,-73.96051025390625,40.79759979248047,224.8,4885,4885,4918.35,5163.3,33.350000000000364,20.149999999999807,1.089635231316725
36320,-73.9686050415039,40.76177978515625,-73.99057006835938,40.7513427734375,755.17,4886,4886,4944.93,5700.1,58.93000000000029,1.1368683772161603e-13,1.0000000000000002
36321,-74.0018539428711,40.750694274902344,-73.99449157714845,40.72821807861328,747.59,4886,4886,4941.58,5689.17,55.57999999999993,1.1368683772161603e-13,1.0000000000000002
36322,-73.9782943725586,40.763763427734375,-73.99168395996094,40.745765686035156,687.18,4886,4886,-1.0,-1.0,-1,-1,0.0
36323,-73.96843719482422,40.765625,-73.98934936523438,40.74175643920898,779.98,4886,4886,4932.71,5712.69,46.710000000000036,-4.547473508864641e-13,0.9999999999999994
36324,-73.98379516601562,40.76186752319336,-73.98873901367188,40.74253845214844,651.76,4886,4886,-1.0,-1.0,-1,-1,0.0
36325,-73.99156188964845,40.74470138549805,-73.97881317138672,40.76285171508789,477.84,4887,4887,-1.0,-1.0,-1,-1,0.0
36326,-73.98019409179686,40.78373336791992,-73.98571014404298,40.77207946777344,334.19,4887,4887,5391.9400000000005,5726.13,504.9400000000005,-3.979039320256561e-13,0.9999999999999988
36327,-74.01463317871094,40.71799850463867,-74.00491333007811,40.72555923461913,354.7,4887,4887,-1.0,-1.0,-1,-1,0.0
36328,-73.97139739990234,40.76028823852539,-73.99304962158203,40.733299255371094,830.01,4887,4887,-1.0,-1.0,-1,-1,0.0
36329,-74.0068817138672,40.73029708862305,-74.00404357910156,40.71760177612305,479.65,4887,4887,4978.03,5457.68,91.02999999999975,5.684341886080801e-13,1.000000000000001
36330,-73.9690933227539,40.757911682128906,-73.97339630126955,40.7647705078125,442.31,4887,4887,4921.88,5364.19,34.88000000000011,-5.115907697472721e-13,0.9999999999999989
36331,-73.9901351928711,40.74180221557617,-73.9981918334961,40.7327880859375,324.99,4887,4887,4945.1,5270.09,58.100000000000364,-2.2737367544323206e-13,0.9999999999999993
36332,-73.9920654296875,40.75430679321289,-73.98584747314453,40.770751953125,478.7,4887,4887,-1.0,-1.0,-1,-1,0.0
36333,-73.98990631103516,40.75651931762695,-73.9469223022461,40.83132934570313,1175.46,4887,4887,-1.0,-1.0,-1,-1,0.0
36334,-73.99388885498048,40.74144744873047,-74.00635528564453,40.74618148803711,301.48,4887,4887,-1.0,-1.0,-1,-1,0.0
36335,-73.96724700927734,40.79374313354492,-73.9330825805664,40.852516174316406,888.65,4887,4887,4893.16,5874.59,6.1599999999998545,92.78000000000031,1.10440555899398
36336,-73.96308135986328,40.77523040771485,-73.9545669555664,40.80501556396485,647.93,4888,4888,4944.8,5592.73,56.80000000000018,-5.684341886080801e-13,0.9999999999999991
36337,-74.00086212158203,40.731758117675774,-74.00602722167969,40.73981094360352,402.49,4888,4888,4894.67,5383.64,6.670000000000073,86.48000000000025,1.2148624810554305
36338,-73.9817123413086,40.76639938354492,-73.99208068847656,40.759239196777344,357.69,4888,4888,4923.0,5280.6900000000005,35.0,5.115907697472721e-13,1.0000000000000013
36339,-73.98275756835938,40.76221084594727,-73.9896011352539,40.74724960327149,568.81,4888,4888,-1.0,-1.0,-1,-1,0.0
36340,-73.96683502197266,40.77260971069336,-73.96566772460938,40.76565170288085,284.25,4888,4888,-1.0,-1.0,-1,-1,0.0
36341,-73.9544906616211,40.76404571533203,-73.94996643066406,40.78547668457031,518.48,4889,4889,-1.0,-1.0,-1,-1,0.0
36342,-73.9452896118164,40.78680419921875,-73.96748352050781,40.769134521484375,667.88,4889,4889,5109.88,5777.76,220.8800000000001,1.1368683772161603e-13,1.0000000000000002
36343,-74.00060272216798,40.72576904296875,-73.96292877197266,40.76504135131836,1215.37,4889,4889,4929.35,6144.72,40.350000000000364,0.0,1.0
36344,-73.96709442138672,40.76644134521485,-74.01048278808594,40.719444274902344,1485.26,4889,4889,4911.55,6396.81,22.550000000000182,2.2737367544323206e-13,1.0000000000000002
36345,-73.99335479736328,40.75227355957031,-73.98428344726562,40.76461791992188,351.77,4889,4889,4940.47,5292.24,51.470000000000255,-4.547473508864641e-13,0.9999999999999987
36346,-73.97166442871094,40.74372863769531,-73.98094940185547,40.77344512939453,970.71,4889,4889,4985.17,5955.88,96.17000000000007,0.0,1.0
36347,-73.98580932617188,40.74420166015625,-73.97518157958984,40.75764083862305,362.61,4889,4889,4900.94,5263.55,11.9399999999996,5.684341886080801e-13,1.0000000000000016
36348,-73.97152709960938,40.75054931640625,-73.98741149902342,40.72882461547852,410.82,4889,4889,4914.0199999999995,5324.84,25.019999999999527,6.252776074688882e-13,1.0000000000000016
36349,-73.97177124023438,40.7605094909668,-73.9887161254883,40.745460510253906,660.72,4889,4889,4921.589999999999,5599.5599999999995,32.589999999999236,17.250000000000227,1.0261078823102074
36350,-73.98313140869139,40.74744033813477,-73.97323608398438,40.74894332885742,341.08,4889,4889,-1.0,-1.0,-1,-1,0.0
36351,-74.00698852539062,40.70571517944336,-73.98847961425781,40.72176742553711,519.37,4890,4890,-1.0,-1.0,-1,-1,0.0
36352,-73.97080993652342,40.76424026489258,-73.94841003417969,40.7747917175293,613.57,4890,4890,-1.0,-1.0,-1,-1,0.0
36353,-73.97942352294923,40.75254821777344,-73.95958709716798,40.76776123046875,661.38,4890,4890,4949.67,5665.28,59.67000000000007,54.22999999999968,1.0819952221113425
36354,-73.9836196899414,40.760963439941406,-73.97799682617188,40.78350067138672,651.11,4890,4890,-1.0,-1.0,-1,-1,0.0
36355,-74.01567840576173,40.71553039550781,-74.01053619384766,40.71882629394531,231.62,4890,4890,4963.88,5195.5,73.88000000000011,-1.1368683772161603e-13,0.9999999999999996
36356,-73.99331665039062,40.724365234375,-73.98810577392578,40.72050857543945,280.82,4890,4890,4928.8,5209.62,38.80000000000018,-2.8421709430404007e-13,0.999999999999999
36357,-73.9763412475586,40.7540397644043,-73.96927642822266,40.76451110839844,376.86,4890,4890,-1.0,-1.0,-1,-1,0.0
36358,-73.98069763183594,40.7504768371582,-73.96578216552734,40.754493713378906,452.98,4891,4891,4926.74,5391.77,35.73999999999978,12.050000000000637,1.0266016159653861
36359,-74.01618194580078,40.71004867553711,-73.98000335693358,40.74824142456055,1078.42,4891,4891,-1.0,-1.0,-1,-1,0.0
36360,-73.98139190673827,40.73300552368164,-73.9434814453125,40.78691864013672,854.24,4891,4891,4937.46,5791.7,46.460000000000036,-2.2737367544323206e-13,0.9999999999999998
36361,-73.96668243408203,40.78870010375977,-73.9627685546875,40.7991600036621,231.25,4891,4891,4920.0,5151.25,29.0,0.0,1.0
36362,-73.98180389404298,40.77226257324219,-73.99492645263672,40.73463821411133,1105.04,4891,4891,5270.76,6375.8,379.7600000000002,0.0,1.0
36363,-73.97547149658203,40.74970626831055,-73.97047424316406,40.7676887512207,675.54,4891,4891,4955.41,5630.95,64.40999999999985,0.0,1.0
36364,-73.96469116210938,40.77524948120117,-73.9834442138672,40.76803588867188,554.46,4892,4892,4920.0,5474.46,28.0,0.0,1.0
36365,-73.97212219238281,40.75003051757813,-73.97673034667969,40.73244857788085,418.81,4892,4892,4950.43,5382.49,58.43000000000029,13.249999999999488,1.031637257945129
36366,-73.99614715576173,40.76391220092773,-74.0001220703125,40.73817443847656,646.24,4893,4893,4929.18,5575.42,36.18000000000029,-2.2737367544323206e-13,0.9999999999999997
36367,-73.97367858886719,40.77920150756836,-73.94316864013672,40.80213165283203,677.09,4893,4893,5437.55,6114.639999999999,544.5500000000002,-7.958078640513122e-13,0.9999999999999988
36368,-73.99588012695312,40.74380111694336,-74.00184631347656,40.73794937133789,185.67,4893,4893,-1.0,-1.0,-1,-1,0.0
36369,-73.96485900878906,40.771690368652344,-73.97256469726562,40.764854431152344,266.1,4893,4893,-1.0,-1.0,-1,-1,0.0
36370,-73.95398712158203,40.76668167114258,-73.99391174316406,40.75661087036133,1195.22,4893,4893,-1.0,-1.0,-1,-1,0.0
36371,-73.97343444824219,40.74819564819336,-73.98968505859375,40.7333869934082,406.45,4893,4893,-1.0,-1.0,-1,-1,0.0
36372,-73.97599029541014,40.75979232788085,-74.01076507568358,40.723628997802734,1148.21,4894,4894,-1.0,-1.0,-1,-1,0.0
36373,-73.95668029785155,40.7752685546875,-73.96672821044923,40.76720428466797,374.38,4894,4894,-1.0,-1.0,-1,-1,0.0
36374,-73.97882080078125,40.758880615234375,-73.95459747314453,40.77233123779297,676.88,4894,4894,-1.0,-1.0,-1,-1,0.0
36375,-73.98131561279298,40.766426086425774,-73.9920425415039,40.76959609985352,257.0,4894,4894,-1.0,-1.0,-1,-1,0.0
36376,-73.98320770263672,40.760501861572266,-73.95674896240234,40.78362655639648,857.73,4894,4894,-1.0,-1.0,-1,-1,0.0
36377,-73.99114990234375,40.736328125,-73.97451782226562,40.7363510131836,599.92,4894,4894,-1.0,-1.0,-1,-1,0.0
36378,-73.9793930053711,40.77096557617188,-73.9808349609375,40.78593063354492,422.56,4894,4894,4934.83,5357.39,40.82999999999993,3.979039320256561e-13,1.0000000000000009
36379,-73.98550415039062,40.747032165527344,-74.00469970703125,40.748741149902344,477.84,4894,4894,-1.0,-1.0,-1,-1,0.0
36380,-74.00211334228516,40.740318298339844,-73.97171020507811,40.75622177124024,945.32,4894,4894,5045.45,5990.7699999999995,151.44999999999982,-3.410605131648481e-13,0.9999999999999997
36381,-74.00105285644531,40.73155212402344,-74.011474609375,40.70859146118164,784.36,4895,4895,-1.0,-1.0,-1,-1,0.0
36382,-73.96292877197266,40.77416610717773,-73.98117828369139,40.76905059814453,638.09,4895,4895,5125.57,5763.66,230.5699999999997,1.1368683772161603e-13,1.0000000000000002
36383,-73.99339294433594,40.74224090576172,-73.96437835693358,40.80332565307617,1281.06,4895,4895,-1.0,-1.0,-1,-1,0.0
36384,-73.99146270751955,40.74901580810547,-73.99768829345702,40.7258186340332,626.08,4895,4895,-1.0,-1.0,-1,-1,0.0
36385,-73.97445678710938,40.75333786010742,-73.94940185546875,40.78521347045898,745.22,4895,4895,-1.0,-1.0,-1,-1,0.0
36386,-73.96945190429686,40.80064010620117,-73.96632385253906,40.792457580566406,240.12,4895,4895,4944.79,5184.91,49.789999999999964,-1.1368683772161603e-13,0.9999999999999996
36387,-73.95878601074219,40.774993896484375,-73.94638061523438,40.78073501586913,281.9,4895,4895,-1.0,-1.0,-1,-1,0.0
36388,-73.99275970458984,40.75281143188477,-73.98341369628906,40.75801086425781,394.02,4895,4895,5025.54,5419.5599999999995,130.53999999999996,-4.547473508864641e-13,0.9999999999999989
36389,-73.97254180908203,40.78593063354492,-73.95325469970702,40.77588272094727,538.18,4895,4895,5269.9,5808.08,374.89999999999964,3.410605131648481e-13,1.0000000000000007
36390,-73.969970703125,40.75328826904297,-73.98370361328125,40.72586059570313,590.57,4895,4895,-1.0,-1.0,-1,-1,0.0
36391,-73.96598815917969,40.76844024658203,-73.9832992553711,40.72597122192383,1066.06,4895,4895,-1.0,-1.0,-1,-1,0.0
36392,-73.9703826904297,40.78918838500977,-73.99064636230467,40.76123046875,633.98,4895,4895,5141.99,5775.97,246.98999999999978,4.547473508864641e-13,1.0000000000000007
36393,-73.99405670166014,40.73537063598633,-73.98565673828125,40.72769165039063,372.17,4896,4896,-1.0,-1.0,-1,-1,0.0
36394,-73.99495697021484,40.740058898925774,-73.97335052490234,40.75146865844727,649.51,4896,4896,-1.0,-1.0,-1,-1,0.0
36395,-73.95075988769531,40.7710189819336,-73.96153259277344,40.759590148925774,432.69,4896,4896,-1.0,-1.0,-1,-1,0.0
36396,-74.01261138916014,40.70259475708008,-73.95801544189453,40.76622772216797,961.77,4896,4896,-1.0,-1.0,-1,-1,0.0
36397,-73.95216369628906,40.77745819091797,-73.96156311035155,40.75883483886719,553.27,4896,4896,5406.54,5959.81,510.53999999999996,4.547473508864641e-13,1.0000000000000009
36398,-73.9832992553711,40.74211120605469,-73.95565795898438,40.770179748535156,707.99,4896,4896,5004.42,5712.41,108.42000000000007,-2.2737367544323206e-13,0.9999999999999997
36399,-73.97560119628906,40.75588989257813,-74.00634765625,40.74385452270508,947.67,4897,4897,-1.0,-1.0,-1,-1,0.0
36400,-73.97154235839844,40.75543594360352,-73.99079895019531,40.75120544433594,671.87,4897,4897,-1.0,-1.0,-1,-1,0.0
36401,-73.99319458007811,40.73696899414063,-74.00389862060547,40.73727416992188,325.04,4897,4897,-1.0,-1.0,-1,-1,0.0
36402,-74.0044937133789,40.72848129272461,-74.00390625,40.74837112426758,435.41,4897,4897,4921.71,5412.37,24.710000000000036,55.24999999999983,1.1268918949955211
36403,-74.00341796875,40.72032165527344,-73.96478271484375,40.75502014160156,1090.81,4897,4897,-1.0,-1.0,-1,-1,0.0
36404,-73.9905776977539,40.75620651245117,-73.9813003540039,40.78103637695313,624.19,4897,4897,4922.43,5564.22,25.43000000000029,17.59999999999991,1.0281965427193642
36405,-74.01383972167969,40.71434020996094,-73.97944641113281,40.771839141845696,1115.02,4897,4897,4950.49,6096.84,53.48999999999978,31.330000000000382,1.0280981507058173
36406,-73.9777603149414,40.73401641845703,-73.98224639892578,40.745918273925774,466.05,4897,4897,4920.0,5386.05,23.0,1.7053025658242404e-13,1.0000000000000004
36407,-73.95480346679686,40.78013229370117,-73.97614288330078,40.735023498535156,905.08,4897,4897,4922.57,5908.76,25.56999999999971,81.11000000000047,1.0896163875016578
36408,-73.95475006103516,40.76556396484375,-73.9742889404297,40.77856063842773,693.31,4898,4898,4955.92,5649.23,57.92000000000007,-4.547473508864641e-13,0.9999999999999993
36409,-73.99668884277344,40.7376365661621,-74.0112075805664,40.72863388061523,414.07,4898,4898,-1.0,-1.0,-1,-1,0.0
36410,-74.0073013305664,40.72790908813477,-73.98345184326173,40.73020935058594,662.0,4898,4898,-1.0,-1.0,-1,-1,0.0
36411,-73.98165130615234,40.74667739868164,-73.98503875732422,40.74957656860352,195.66,4898,4898,-1.0,-1.0,-1,-1,0.0
36412,-73.95550537109375,40.77691268920898,-73.9530029296875,40.78757095336913,294.2,4898,4898,4921.21,5215.52,23.210000000000036,0.11000000000041155,1.0003738953093149
36413,-73.99948120117188,40.74391174316406,-73.96542358398438,40.7552604675293,843.98,4898,4898,-1.0,-1.0,-1,-1,0.0
36414,-73.99246215820312,40.73746109008789,-73.9784927368164,40.7425193786621,563.83,4898,4898,-1.0,-1.0,-1,-1,0.0
36415,-73.9676742553711,40.766883850097656,-73.95098114013672,40.77482223510742,423.09,4898,4898,4926.46,5349.55,28.460000000000036,1.7053025658242404e-13,1.0000000000000004
36416,-73.98110961914062,40.75297927856445,-73.9971694946289,40.7315788269043,444.67,4899,4899,-1.0,-1.0,-1,-1,0.0
36417,-73.97298431396483,40.76152038574219,-73.97313690185547,40.75536346435547,259.09,4899,4899,-1.0,-1.0,-1,-1,0.0
36418,-73.96983337402342,40.76298904418945,-73.98802947998048,40.74359130859375,678.06,4899,4899,-1.0,-1.0,-1,-1,0.0
36419,-73.97434234619139,40.76498794555664,-73.98682403564453,40.739593505859375,704.76,4899,4899,-1.0,-1.0,-1,-1,0.0
36420,-73.98287200927734,40.767738342285156,-73.97637176513672,40.79323959350585,667.32,4899,4899,-1.0,-1.0,-1,-1,0.0
36421,-73.97679138183594,40.7393913269043,-73.989013671875,40.73966979980469,461.21,4899,4899,5128.97,5590.18,229.97000000000025,5.684341886080802e-14,1.0000000000000002
36422,-73.97293090820312,40.75558853149415,-73.98995208740234,40.75632858276367,604.93,4899,4899,4927.18,5532.11,28.18000000000029,-5.684341886080801e-13,0.9999999999999991
36423,-73.98136901855469,40.773887634277344,-73.97512817382812,40.7560920715332,754.81,4899,4899,5631.97,6386.78,732.9700000000003,-4.547473508864641e-13,0.9999999999999994
36424,-73.99143981933594,40.75017166137695,-73.99727630615234,40.7224006652832,822.89,4900,4900,4955.68,5778.57,55.68000000000029,-5.684341886080801e-13,0.9999999999999993
36425,-74.00885772705078,40.71091842651367,-74.01750946044923,40.70500946044922,259.53,4900,4900,5018.05,5277.58,118.05000000000018,-2.2737367544323206e-13,0.9999999999999991
36426,-73.96754455566406,40.76615905761719,-73.98863220214844,40.74543380737305,833.3,4900,4900,-1.0,-1.0,-1,-1,0.0
36427,-73.97843933105469,40.7410545349121,-73.97969818115234,40.722820281982415,460.07,4900,4900,4924.74,5410.86,24.73999999999978,26.049999999999898,1.056621818418936
36428,-73.99884033203125,40.7607307434082,-73.98436737060547,40.7470588684082,735.8,4900,4900,4948.34,5719.5,48.340000000000146,35.3599999999999,1.0480565371024733
36429,-73.98748016357422,40.748252868652344,-73.97875213623048,40.74502182006836,392.16,4900,4900,-1.0,-1.0,-1,-1,0.0
36430,-73.9796371459961,40.75532531738281,-73.95357513427734,40.77283096313477,809.27,4900,4900,-1.0,-1.0,-1,-1,0.0
36431,-73.98410034179686,40.75947189331055,-73.99488830566406,40.73475646972656,711.67,4900,4900,-1.0,-1.0,-1,-1,0.0
36432,-73.959716796875,40.76288604736328,-73.97464752197266,40.73667526245117,399.93,4901,4901,-1.0,-1.0,-1,-1,0.0
36433,-73.96898651123048,40.79086685180664,-73.99821472167969,40.75677490234375,897.37,4901,4901,5090.29,5987.66,189.28999999999996,-1.1368683772161603e-13,0.9999999999999999
36434,-73.97513580322266,40.7524642944336,-73.95458984375,40.77752304077149,612.11,4901,4901,-1.0,-1.0,-1,-1,0.0
36435,-73.95587921142578,40.782020568847656,-73.96363067626955,40.76361846923828,573.6,4901,4901,4928.45,5512.28,27.449999999999818,10.229999999999905,1.0178347280334727
36436,-73.9733123779297,40.76395034790039,-73.94908142089844,40.77064895629883,683.1,4901,4901,-1.0,-1.0,-1,-1,0.0
36437,-73.98252868652342,40.7683982849121,-73.98986053466798,40.75232315063477,568.15,4902,4902,4948.33,5516.48,46.32999999999993,-3.410605131648481e-13,0.9999999999999994
36438,-73.95929718017578,40.777698516845696,-73.9902801513672,40.75624084472656,1085.39,4902,4902,4983.96,6069.35,81.96000000000004,2.2737367544323206e-13,1.0000000000000002
36439,-73.98272705078125,40.76750946044922,-73.99755859375,40.74641036987305,764.68,4902,4902,-1.0,-1.0,-1,-1,0.0
36440,-73.99441528320312,40.74046325683594,-73.97776794433594,40.72666931152344,709.82,4902,4902,-1.0,-1.0,-1,-1,0.0
36441,-73.986328125,40.74320983886719,-73.98336791992188,40.72632598876953,593.61,4902,4902,-1.0,-1.0,-1,-1,0.0
36442,-74.01070404052734,40.713680267333984,-73.98794555664062,40.759578704833984,1012.81,4902,4902,4973.67,5986.48,71.67000000000007,-4.547473508864641e-13,0.9999999999999996
36443,-74.00442504882812,40.74774932861328,-73.98706817626955,40.73932647705078,444.29,4902,4902,-1.0,-1.0,-1,-1,0.0
36444,-74.0094223022461,40.706451416015625,-74.00230407714845,40.72467422485352,619.96,4903,4903,-1.0,-1.0,-1,-1,0.0
36445,-74.00875091552734,40.7454948425293,-73.9870834350586,40.73980712890625,573.67,4903,4903,-1.0,-1.0,-1,-1,0.0
36446,-73.98457336425781,40.75422286987305,-73.97738647460938,40.78423309326172,793.08,4903,4903,4950.94,5773.69,47.9399999999996,29.66999999999996,1.0374111060674838
36447,-73.9747314453125,40.753719329833984,-73.99227905273438,40.76918029785156,901.37,4903,4903,4922.2300000000005,5866.7300000000005,19.230000000000473,43.129999999999995,1.0478493848253214
36448,-73.96089172363281,40.76914978027344,-73.96466827392578,40.77400207519531,205.96,4903,4903,-1.0,-1.0,-1,-1,0.0
36449,-73.97516632080078,40.75051498413085,-73.98247528076173,40.764812469482415,760.96,4903,4903,4960.87,5765.81,57.86999999999989,43.98000000000047,1.0577954163162326
36450,-73.96868896484375,40.76707077026367,-73.9457778930664,40.77545928955078,578.84,4903,4903,-1.0,-1.0,-1,-1,0.0
36451,-74.01058197021484,40.71760559082031,-74.00897979736328,40.73884963989258,563.07,4903,4903,-1.0,-1.0,-1,-1,0.0
36452,-74.00098419189453,40.72062301635742,-73.99735260009766,40.73756790161133,475.0,4903,4903,4960.42,5435.42,57.42000000000007,0.0,1.0
36453,-73.95591735839844,40.76794052124024,-73.93885803222656,40.80493927001953,651.28,4904,4904,4961.8,5613.08,57.80000000000018,-2.2737367544323206e-13,0.9999999999999997
36454,-73.96642303466798,40.760154724121094,-73.9647445678711,40.75667572021485,192.78,4904,4904,4936.46,5129.24,32.460000000000036,-2.5579538487363607e-13,0.9999999999999987
36455,-74.00199127197266,40.72808837890625,-74.00537872314453,40.73691940307617,246.5,4904,4904,4952.69,5199.19,48.6899999999996,0.0,1.0
36456,-73.98542785644531,40.768081665039055,-73.99497985839844,40.74997329711913,576.23,4904,4904,5035.32,5611.55,131.3199999999997,4.547473508864641e-13,1.0000000000000009
36457,-73.98995208740234,40.741661071777344,-74.0052490234375,40.72872924804688,443.19,4904,4904,4928.9,5432.18,24.899999999999636,60.09000000000066,1.1355851891965085
36458,-73.98361206054686,40.75001907348633,-74.0035400390625,40.72257995605469,786.63,4904,4904,4940.91,5785.17,36.909999999999854,57.63000000000022,1.0732618893253503
36459,-73.97952270507811,40.760520935058594,-73.9581298828125,40.80223083496094,983.64,4904,4904,-1.0,-1.0,-1,-1,0.0
36460,-73.9786148071289,40.785888671875,-73.97555541992188,40.762638092041016,733.83,4904,4904,4958.8,5692.63,54.80000000000018,-1.1368683772161603e-13,0.9999999999999999
36461,-73.98876953125,40.74879455566406,-73.95591735839844,40.77477264404297,1001.34,4904,4904,-1.0,-1.0,-1,-1,0.0
36462,-73.98688507080078,40.733562469482415,-73.9727554321289,40.75333786010742,496.93,4904,4904,5061.33,5558.26,157.32999999999993,2.8421709430404007e-13,1.0000000000000007
36463,-73.98750305175781,40.72272109985352,-73.9955062866211,40.725261688232415,243.5,4905,4905,5171.28,5414.78,266.27999999999975,0.0,1.0
36464,-73.97933959960938,40.7531623840332,-73.99110412597656,40.7233772277832,798.23,4905,4905,-1.0,-1.0,-1,-1,0.0
36465,-73.9793472290039,40.781837463378906,-73.94113159179686,40.80798721313477,902.39,4905,4905,4945.91,5850.21,40.909999999999854,1.9100000000001955,1.0021166014694314
36466,-73.97142791748048,40.765419006347656,-73.98298645019531,40.75638961791992,474.38,4905,4905,-1.0,-1.0,-1,-1,0.0
36467,-73.98898315429686,40.75786972045898,-74.01715087890625,40.70920944213867,1132.91,4905,4905,4952.71,6096.41,47.710000000000036,10.789999999999736,1.0095241457838662
36468,-73.9886016845703,40.74879837036133,-73.95934295654298,40.80923080444336,1306.77,4905,4905,-1.0,-1.0,-1,-1,0.0
36469,-73.98081970214844,40.7535285949707,-73.9798126220703,40.77531051635742,716.24,4905,4905,4963.22,5735.31,58.220000000000255,55.850000000000136,1.0779766558695412
36470,-73.96845245361328,40.76160430908203,-73.98584747314453,40.726768493652344,843.61,4905,4905,-1.0,-1.0,-1,-1,0.0
36471,-73.9947967529297,40.72482681274415,-73.96736907958984,40.75244903564453,725.23,4905,4905,5072.58,5797.8099999999995,167.57999999999993,-4.547473508864641e-13,0.9999999999999993
36472,-73.97782897949219,40.78902053833008,-73.99461364746094,40.75940704345703,641.93,4905,4905,4942.7,5584.63,37.69999999999982,3.410605131648481e-13,1.0000000000000004
36473,-73.99333953857422,40.73643112182617,-74.00801849365234,40.74826049804688,540.1,4905,4905,-1.0,-1.0,-1,-1,0.0
36474,-73.9822006225586,40.73192596435547,-73.96568298339844,40.80461502075195,1578.19,4906,4906,4925.45,6558.85,19.449999999999818,55.21000000000049,1.034983113566808
36475,-73.98944091796875,40.73826217651367,-73.99171447753906,40.74883270263672,434.05,4906,4906,-1.0,-1.0,-1,-1,0.0
36476,-74.01710510253906,40.70565414428711,-74.00386047363281,40.73546600341797,719.7,4906,4906,-1.0,-1.0,-1,-1,0.0
36477,-73.99387359619139,40.74658203125,-74.00984954833984,40.734539031982415,488.79,4906,4906,4945.25,5501.83,39.25,67.7899999999999,1.1386894167229278
36478,-73.96363067626955,40.75691223144531,-73.95497131347656,40.769187927246094,202.24,4906,4906,4932.12,5134.36,26.11999999999989,-2.2737367544323206e-13,0.9999999999999989
36479,-73.99794006347656,40.756172180175774,-73.9787826538086,40.78734970092773,657.12,4906,4906,-1.0,-1.0,-1,-1,0.0
36480,-73.9692153930664,40.76116180419922,-73.99918365478516,40.731727600097656,927.04,4906,4906,-1.0,-1.0,-1,-1,0.0
36481,-73.9715805053711,40.757118225097656,-73.98487091064453,40.76292037963867,554.63,4906,4906,-1.0,-1.0,-1,-1,0.0
36482,-74.00334167480467,40.74361038208008,-74.00344848632812,40.72998809814453,431.08,4906,4906,4949.81,5392.01,43.8100000000004,11.119999999999834,1.0257956759766165
36483,-73.97386169433594,40.757118225097656,-74.00753784179686,40.705467224121094,1118.47,4906,4906,-1.0,-1.0,-1,-1,0.0
36484,-73.99497985839844,40.74002075195313,-74.00416564941406,40.742149353027344,279.91,4907,4907,-1.0,-1.0,-1,-1,0.0
36485,-73.95437622070312,40.774131774902344,-73.96772766113281,40.75590896606445,515.98,4907,4907,4946.12,5462.1,39.11999999999989,4.547473508864641e-13,1.0000000000000009
36486,-73.97775268554686,40.752288818359375,-74.00606536865234,40.7534065246582,817.29,4907,4907,-1.0,-1.0,-1,-1,0.0
36487,-74.00859832763672,40.74615859985352,-73.98226928710938,40.76588821411133,739.87,4907,4907,5118.46,5858.33,211.46000000000004,-1.1368683772161603e-13,0.9999999999999999
36488,-74.00798797607422,40.72317123413085,-73.995361328125,40.74165344238281,470.78,4907,4907,-1.0,-1.0,-1,-1,0.0
36489,-74.00289154052734,40.760414123535156,-73.98278045654298,40.74223709106445,876.99,4907,4907,-1.0,-1.0,-1,-1,0.0
36490,-73.98675537109375,40.75543594360352,-73.98088836669923,40.78242492675781,752.68,4908,4908,-1.0,-1.0,-1,-1,0.0
36491,-73.9822998046875,40.757240295410156,-74.00852203369139,40.71995162963867,1031.83,4908,4908,-1.0,-1.0,-1,-1,0.0
36492,-73.99031829833984,40.75652694702149,-73.95333862304686,40.81721496582031,1104.17,4908,4908,-1.0,-1.0,-1,-1,0.0
36493,-74.01068115234375,40.71062850952149,-73.99285125732422,40.74266815185547,662.11,4908,4908,-1.0,-1.0,-1,-1,0.0
36494,-74.0011215209961,40.73168563842773,-74.00225830078125,40.75040054321289,529.15,4908,4908,-1.0,-1.0,-1,-1,0.0
36495,-74.00853729248048,40.704437255859375,-73.99288177490234,40.713172912597656,316.04,4908,4908,-1.0,-1.0,-1,-1,0.0
36496,-73.97607421875,40.74036026000977,-73.98046875,40.74421310424805,242.12,4908,4908,4939.52,5181.64,31.520000000000437,-1.1368683772161603e-13,0.9999999999999996
36497,-73.95801544189453,40.76952362060547,-73.96833038330078,40.755069732666016,423.93,4908,4908,-1.0,-1.0,-1,-1,0.0
36498,-74.00755310058594,40.72608184814453,-74.005126953125,40.71878051757813,272.9,4908,4908,-1.0,-1.0,-1,-1,0.0
36499,-73.98271942138672,40.75659942626953,-73.98107147216798,40.76408386230469,264.5,4909,4909,-1.0,-1.0,-1,-1,0.0
36500,-73.98789978027342,40.76630783081055,-73.9683609008789,40.767860412597656,534.39,4909,4909,-1.0,-1.0,-1,-1,0.0
36501,-73.9772186279297,40.75408935546875,-74.00012969970702,40.73052978515625,714.55,4909,4909,-1.0,-1.0,-1,-1,0.0
36502,-73.97623443603516,40.75967025756836,-73.95992279052734,40.76620864868164,537.8,4909,4909,-1.0,-1.0,-1,-1,0.0
36503,-73.99798583984375,40.74112319946289,-73.98734283447266,40.73670959472656,337.79,4909,4909,-1.0,-1.0,-1,-1,0.0
36504,-73.98761749267578,40.721641540527344,-73.99929809570312,40.72140502929688,475.2,4909,4909,-1.0,-1.0,-1,-1,0.0
36505,-73.95867919921875,40.76910018920898,-73.97506713867188,40.7529296875,632.76,4909,4909,4960.08,5592.84,51.07999999999993,2.2737367544323206e-13,1.0000000000000004
36506,-74.00768280029298,40.74310302734375,-73.95435333251955,40.78812026977539,1302.6,4909,4909,-1.0,-1.0,-1,-1,0.0
36507,-73.97171783447266,40.79217147827149,-73.96226501464845,40.804908752441406,192.26,4909,4909,4993.95,5186.21,84.94999999999982,2.2737367544323206e-13,1.000000000000001
36508,-73.97354888916014,40.75769424438477,-73.99424743652342,40.76005554199219,749.55,4909,4909,4963.19,5764.15,54.1899999999996,51.41000000000008,1.0685878193582818
36509,-73.98299407958984,40.76675415039063,-73.98223114013672,40.77467727661133,231.56,4909,4909,-1.0,-1.0,-1,-1,0.0
36510,-73.98428344726562,40.7573127746582,-73.9530258178711,40.79170227050781,1012.92,4910,4910,4966.58,5979.5,56.57999999999993,1.1368683772161603e-13,1.0000000000000002
36511,-73.980712890625,40.7536506652832,-73.99295806884766,40.770179748535156,655.48,4910,4910,4962.68,5618.16,52.68000000000029,-4.547473508864641e-13,0.9999999999999993
36512,-73.97830963134766,40.7526741027832,-73.9617691040039,40.75581741333008,528.79,4910,4910,-1.0,-1.0,-1,-1,0.0
36513,-73.98027038574219,40.761573791503906,-73.98033142089844,40.74870300292969,522.0,4910,4910,-1.0,-1.0,-1,-1,0.0
36514,-73.97029113769531,40.75625991821289,-73.94882202148438,40.78002166748047,548.43,4910,4910,-1.0,-1.0,-1,-1,0.0
36515,-73.98339080810547,40.760650634765625,-73.9742889404297,40.76308059692383,374.88,4910,4910,-1.0,-1.0,-1,-1,0.0
36516,-73.9666290283203,40.77001953125,-73.95625305175781,40.76626968383789,332.04,4910,4910,-1.0,-1.0,-1,-1,0.0
36517,-73.98165130615234,40.752872467041016,-73.989013671875,40.75677490234375,330.26,4910,4910,4938.01,5353.6,28.01000000000022,85.33000000000015,1.2583721916066135
36518,-73.9895782470703,40.75255966186523,-73.98292541503906,40.72283554077149,1011.36,4910,4910,4921.67,6011.530000000001,11.670000000000073,78.50000000000057,1.0776182566049681
36519,-73.97467041015625,40.75657653808594,-73.98685455322266,40.74377059936523,515.5,4910,4910,-1.0,-1.0,-1,-1,0.0
36520,-73.99127197265625,40.7552604675293,-74.00393676757811,40.748062133789055,392.47,4911,4911,-1.0,-1.0,-1,-1,0.0
36521,-74.0130844116211,40.70244598388672,-73.9876708984375,40.75971984863281,1233.04,4911,4911,-1.0,-1.0,-1,-1,0.0
36522,-73.98230743408203,40.76776123046875,-73.96605682373048,40.79494094848633,671.48,4911,4911,-1.0,-1.0,-1,-1,0.0
36523,-73.97769165039062,40.749595642089844,-73.99878692626955,40.71361541748047,957.49,4911,4911,4935.55,5929.59,24.550000000000182,36.549999999999955,1.0381727224305215
36524,-73.96930694580078,40.75780487060547,-73.94671630859375,40.776275634765625,560.94,4911,4911,-1.0,-1.0,-1,-1,0.0
36525,-73.99024963378906,40.737098693847656,-73.97241973876955,40.75619888305664,881.78,4912,4912,-1.0,-1.0,-1,-1,0.0
36526,-73.9926528930664,40.72425842285156,-73.9860076904297,40.73277282714844,324.99,4912,4912,4939.84,5351.12,27.840000000000146,86.28999999999974,1.265515862026523
36527,-73.99333190917969,40.74214172363281,-73.99150848388672,40.74911880493164,255.5,4912,4912,4933.54,5189.04,21.539999999999964,0.0,1.0
36528,-73.97112274169923,40.75756072998047,-73.982421875,40.73979949951172,456.97,4912,4912,4967.29,5424.26,55.289999999999964,2.2737367544323206e-13,1.0000000000000004
36529,-74.00347900390625,40.72276306152344,-73.99356079101562,40.72098159790039,440.33,4912,4912,-1.0,-1.0,-1,-1,0.0
36530,-73.95482635498048,40.78033828735352,-73.97511291503906,40.75282287597656,749.21,4912,4912,5195.21,5944.42,283.21000000000004,0.0,1.0
36531,-73.98966217041014,40.740013122558594,-74.00141906738281,40.729167938232415,364.2,4912,4912,4965.21,5329.41,53.210000000000036,-1.7053025658242404e-13,0.9999999999999996
36532,-73.97142028808595,40.75537109375,-73.98533630371094,40.75109100341797,619.84,4912,4912,-1.0,-1.0,-1,-1,0.0
36533,-74.00739288330078,40.74177932739258,-73.94566345214845,40.77534866333008,1550.64,4912,4912,4924.82,6573.62,12.819999999999709,98.16000000000008,1.0633028942888099
36534,-73.99767303466798,40.74119567871094,-73.95004272460938,40.77175521850585,1206.93,4912,4912,-1.0,-1.0,-1,-1,0.0
36535,-73.96727752685547,40.76026153564453,-73.95880889892578,40.77219009399415,246.65,4912,4912,4945.04,5191.69,33.039999999999964,-3.694822225952521e-13,0.9999999999999986
36536,-73.98941040039062,40.735931396484375,-73.9861831665039,40.7513542175293,564.86,4913,4913,-1.0,-1.0,-1,-1,0.0
36537,-73.96916198730467,40.78576278686523,-73.95563507080078,40.772552490234375,495.54,4913,4913,4946.04,5441.58,33.039999999999964,-5.684341886080802e-14,0.9999999999999999
36538,-74.00362396240234,40.7321891784668,-73.98375701904298,40.74699020385742,655.8,4913,4913,5093.31,5749.11,180.3100000000004,-6.821210263296962e-13,0.999999999999999
36539,-73.97288513183594,40.75962829589844,-73.93333435058594,40.79511260986328,940.22,4913,4913,-1.0,-1.0,-1,-1,0.0
36540,-73.97691345214844,40.74925231933594,-73.98605346679686,40.76234817504883,648.58,4913,4913,4929.71,5578.29,16.710000000000036,-1.1368683772161603e-13,0.9999999999999998
36541,-73.96759796142578,40.756107330322266,-73.99274444580078,40.74279403686523,739.58,4913,4913,4940.8,5715.72,27.800000000000182,35.34000000000003,1.0477838773357853
36542,-74.00003051757811,40.743160247802734,-74.00447082519531,40.75254821777344,299.72,4913,4913,-1.0,-1.0,-1,-1,0.0
36543,-74.00127410888672,40.73674774169922,-73.99069213867188,40.7192497253418,780.74,4913,4913,4939.6,5763.04,26.600000000000364,42.69999999999959,1.0546917027435505
36544,-73.94991302490234,40.772178649902344,-73.9578628540039,40.781959533691406,414.16,4913,4913,4932.54,5346.7,19.539999999999964,-1.7053025658242404e-13,0.9999999999999996
36545,-73.95545959472656,40.78857803344727,-73.97167205810547,40.79869842529297,489.44,4914,4914,4920.0,5409.44,6.0,-3.979039320256561e-13,0.9999999999999992
36546,-74.0038833618164,40.74198913574219,-73.9787368774414,40.745262145996094,728.32,4914,4914,4965.83,5694.15,51.82999999999993,-3.410605131648481e-13,0.9999999999999996
36547,-74.0052490234375,40.72088623046875,-74.0042266845703,40.73026657104492,202.63,4914,4914,-1.0,-1.0,-1,-1,0.0
36548,-74.00411224365234,40.750091552734375,-73.99459838867188,40.75040817260742,224.67,4914,4914,5098.84,5323.51,184.84000000000015,8.526512829121202e-14,1.0000000000000004
36549,-74.00588989257811,40.740142822265625,-73.97635650634766,40.748291015625,884.44,4914,4914,5069.94,5954.38,155.9399999999996,4.547473508864641e-13,1.0000000000000004
36550,-73.99948120117188,40.73377990722656,-73.99698638916014,40.72515869140625,316.25,4915,4915,5071.21,5387.46,156.21000000000004,0.0,1.0
36551,-74.00273132324219,40.76054000854492,-73.99497985839844,40.74985885620117,420.66,4915,4915,-1.0,-1.0,-1,-1,0.0
36552,-73.98346710205078,40.75566864013672,-73.98616790771484,40.76168441772461,285.35,4915,4915,4948.72,5234.07,33.720000000000255,-5.684341886080801e-13,0.999999999999998
36553,-73.96262359619139,40.76278305053711,-73.99311828613281,40.721546173095696,1014.9,4915,4915,-1.0,-1.0,-1,-1,0.0
36554,-73.98141479492188,40.764251708984375,-73.99043273925781,40.75178527832031,412.5,4915,4915,4944.34,5356.84,29.340000000000146,0.0,1.0
36555,-73.97826385498048,40.74872589111328,-73.9561996459961,40.77549362182617,721.4,4915,4915,-1.0,-1.0,-1,-1,0.0
36556,-73.976318359375,40.7548828125,-73.97550201416014,40.73022079467773,737.68,4916,4916,-1.0,-1.0,-1,-1,0.0
36557,-73.98529815673827,40.76865768432617,-73.99404907226562,40.75114440917969,626.27,4916,4916,4981.61,5607.88,65.60999999999967,4.547473508864641e-13,1.0000000000000007
36558,-73.99137115478516,40.75574493408203,-73.98500061035155,40.764305114746094,228.31,4916,4916,-1.0,-1.0,-1,-1,0.0
36559,-73.96990203857422,40.75339126586913,-73.97549438476562,40.75527572631836,246.08,4916,4916,-1.0,-1.0,-1,-1,0.0
36560,-73.98211669921875,40.76959609985352,-73.96155548095702,40.77140808105469,603.56,4916,4916,-1.0,-1.0,-1,-1,0.0
36561,-73.97534942626955,40.76020431518555,-73.97455596923827,40.76530456542969,327.01,4916,4916,-1.0,-1.0,-1,-1,0.0
36562,-73.96700286865234,40.76042556762695,-73.94690704345702,40.780853271484375,493.36,4916,4916,4934.58,5522.37,18.579999999999927,94.42999999999995,1.1914018161180475
36563,-73.97988891601562,40.76068115234375,-73.95597076416014,40.76613998413085,715.64,4916,4916,-1.0,-1.0,-1,-1,0.0
36564,-73.9891128540039,40.77333068847656,-73.98149871826173,40.7810173034668,262.78,4916,4916,4934.96,5264.36,18.960000000000036,66.61999999999966,1.2535200547986898
36565,-73.98379516601562,40.765640258789055,-73.9939956665039,40.766998291015625,269.33,4917,4917,-1.0,-1.0,-1,-1,0.0
36566,-73.99800872802734,40.71960067749024,-73.98572540283203,40.756290435791016,1157.31,4917,4917,5248.17,6405.48,331.1700000000001,-4.547473508864641e-13,0.9999999999999996
36567,-73.98788452148438,40.74397659301758,-73.9817886352539,40.72928237915039,531.32,4917,4917,4920.89,5452.21,3.8900000000003274,-3.410605131648481e-13,0.9999999999999993
36568,-73.97476196289062,40.7563705444336,-73.98066711425781,40.743408203125,431.49,4917,4917,-1.0,-1.0,-1,-1,0.0
36569,-73.99250030517578,40.72671890258789,-73.95993041992188,40.80545043945313,1817.4,4918,4918,4935.07,6825.14,17.06999999999971,72.67000000000053,1.0399856938483552
36570,-74.00852966308595,40.71954727172852,-74.00607299804686,40.73474502563477,270.09,4918,4918,-1.0,-1.0,-1,-1,0.0
36571,-74.0025863647461,40.749961853027344,-73.98667907714845,40.7301139831543,798.73,4918,4918,5109.59,5908.32,191.59000000000015,-4.547473508864641e-13,0.9999999999999994
36572,-73.99598693847656,40.74328994750977,-73.98381805419923,40.74322891235352,350.37,4918,4918,-1.0,-1.0,-1,-1,0.0
36573,-73.9819107055664,40.76198196411133,-74.00245666503906,40.76078414916992,622.81,4918,4918,-1.0,-1.0,-1,-1,0.0
36574,-73.95384216308594,40.76708221435547,-73.98174285888672,40.7761344909668,800.08,4918,4918,-1.0,-1.0,-1,-1,0.0
36575,-73.9666976928711,40.7574462890625,-74.00277709960938,40.73382186889648,965.32,4918,4918,4947.8,5947.37,29.800000000000182,34.24999999999966,1.0354804624373262
36576,-73.99171447753906,40.72628784179688,-73.98943328857422,40.73440170288085,220.11,4918,4918,5101.96,5322.07,183.96000000000004,-3.410605131648481e-13,0.9999999999999984
36577,-73.97235107421875,40.74993515014648,-73.97987365722656,40.73929977416992,201.96,4918,4918,4928.69,5130.65,10.6899999999996,2.842170943040401e-14,1.0000000000000002
36578,-74.00275421142578,40.760536193847656,-73.95169067382812,40.77347183227539,1161.59,4918,4918,-1.0,-1.0,-1,-1,0.0
36579,-74.0043716430664,40.72564697265625,-73.98738098144531,40.75012969970703,551.65,4918,4918,-1.0,-1.0,-1,-1,0.0
36580,-73.9649429321289,40.75998306274415,-73.99564361572266,40.759071350097656,1046.52,4919,4919,-1.0,-1.0,-1,-1,0.0
36581,-73.96619415283203,40.80466842651367,-73.97399139404298,40.79399871826172,221.31,4919,4919,4920.0,5141.31,1.0,3.979039320256561e-13,1.0000000000000018
36582,-74.008056640625,40.740211486816406,-74.0048599243164,40.73017883300781,396.83,4919,4919,-1.0,-1.0,-1,-1,0.0
36583,-73.97687530517578,40.726726531982415,-73.97715759277344,40.744441986083984,425.0,4919,4919,4977.09,5402.09,58.090000000000146,0.0,1.0
36584,-73.98616790771484,40.736152648925774,-73.97745513916014,40.72189331054688,551.82,4919,4919,-1.0,-1.0,-1,-1,0.0
36585,-73.98779296875,40.72259140014648,-74.00025939941406,40.729042053222656,445.47,4920,4920,5101.9,5547.37,181.89999999999964,2.2737367544323206e-13,1.0000000000000004
36586,-73.98948669433594,40.760536193847656,-73.98536682128906,40.747276306152344,588.21,4920,4920,4964.37,5552.58,44.36999999999989,0.0,1.0
36587,-73.98149108886719,40.7503776550293,-73.97595977783203,40.757957458496094,193.59,4920,4920,4956.18,5149.7699999999995,36.18000000000029,-7.673861546209082e-13,0.999999999999996
36588,-73.9817657470703,40.746788024902344,-73.98135375976562,40.759254455566406,477.25,4920,4920,-1.0,-1.0,-1,-1,0.0
36589,-73.9936294555664,40.75758361816406,-73.9622344970703,40.75973510742188,968.28,4920,4920,-1.0,-1.0,-1,-1,0.0
36590,-73.99432373046875,40.74609375,-73.93954467773438,40.79034423828125,1328.22,4920,4920,4920.0,6248.22,0.0,2.2737367544323206e-13,1.0000000000000002
36591,-73.97357177734375,40.75690460205078,-73.95596313476562,40.772327423095696,565.85,4921,4921,-1.0,-1.0,-1,-1,0.0
36592,-73.95153045654298,40.784889221191406,-74.01532745361328,40.71167755126953,1541.97,4921,4921,5271.84,6813.8099999999995,350.84000000000015,-6.821210263296962e-13,0.9999999999999996
36593,-73.99398040771484,40.74114990234375,-73.97088623046875,40.7830810546875,1123.26,4921,4921,-1.0,-1.0,-1,-1,0.0
36594,-73.97377014160156,40.755516052246094,-73.98934173583984,40.74299621582031,509.46,4921,4921,4950.0,5459.46,29.0,5.684341886080802e-14,1.0000000000000002
36595,-73.95474243164062,40.7804069519043,-73.95584106445312,40.77268981933594,242.92,4921,4921,5022.04,5264.96,101.03999999999996,8.526512829121202e-14,1.0000000000000004
36596,-73.96784973144531,40.7600212097168,-73.97779083251955,40.7304801940918,762.57,4921,4921,4977.03,5739.6,56.029999999999745,5.684341886080801e-13,1.0000000000000007
36597,-74.0043411254883,40.74226760864258,-74.00020599365234,40.73130416870117,434.69,4921,4921,-1.0,-1.0,-1,-1,0.0
36598,-73.98992919921875,40.75691223144531,-73.99739837646483,40.74656677246094,419.04,4921,4921,-1.0,-1.0,-1,-1,0.0
36599,-73.9937744140625,40.741565704345696,-73.9922866821289,40.74942398071289,271.96,4921,4921,-1.0,-1.0,-1,-1,0.0
36600,-73.9687271118164,40.76448822021485,-73.95539093017578,40.777828216552734,381.06,4922,4922,4995.46,5376.52,73.46000000000004,3.979039320256561e-13,1.000000000000001
36601,-73.97764587402342,40.74602127075195,-73.96630859375,40.75335311889648,326.87,4922,4922,-1.0,-1.0,-1,-1,0.0
36602,-73.989990234375,40.73771286010742,-73.95819091796875,40.781593322753906,1161.85,4922,4922,-1.0,-1.0,-1,-1,0.0
36603,-74.00833129882812,40.72003173828125,-73.98027801513672,40.78018569946289,1095.92,4922,4922,-1.0,-1.0,-1,-1,0.0
36604,-73.96359252929686,40.76167678833008,-73.97184753417969,40.75651931762695,323.75,4922,4922,-1.0,-1.0,-1,-1,0.0
36605,-73.96454620361328,40.76412582397461,-73.98221588134766,40.75735855102539,734.63,4922,4922,-1.0,-1.0,-1,-1,0.0
36606,-73.98519897460938,40.74187850952149,-73.99485015869139,40.71801376342773,734.02,4922,4922,-1.0,-1.0,-1,-1,0.0
36607,-73.99958801269531,40.75436019897461,-73.94866943359375,40.77389144897461,1284.4,4922,4922,5056.41,6340.8099999999995,134.40999999999985,-4.547473508864641e-13,0.9999999999999997
36608,-73.98028564453125,40.78067398071289,-73.94942474365234,40.78137588500977,728.95,4922,4922,4972.86,5701.81,50.85999999999967,6.821210263296962e-13,1.0000000000000009
36609,-73.95071411132812,40.776512145996094,-73.96077728271484,40.79757690429688,648.37,4922,4922,4970.14,5630.96,48.14000000000033,12.449999999999704,1.019201998858676
36610,-73.9996795654297,40.73368453979492,-73.96052551269531,40.81772232055664,1391.76,4923,4923,5009.67,6427.3,86.67000000000007,25.87000000000012,1.0185879749382079
36611,-73.97952270507811,40.76527404785156,-73.96035766601562,40.77302169799805,592.43,4923,4923,-1.0,-1.0,-1,-1,0.0
36612,-73.9831771850586,40.77119827270508,-73.9916000366211,40.75975036621094,316.55,4923,4923,4963.67,5280.22,40.67000000000007,1.7053025658242404e-13,1.0000000000000004
36613,-73.99146270751955,40.74993896484375,-73.98928070068358,40.74380111694336,246.54,4923,4923,-1.0,-1.0,-1,-1,0.0
36614,-73.98759460449219,40.74499130249024,-73.99987030029298,40.72679901123047,509.04,4924,4924,-1.0,-1.0,-1,-1,0.0
36615,-73.9945068359375,40.76617813110352,-73.99150848388672,40.73001098632813,1062.74,4924,4924,4975.07,6093.61,51.06999999999971,55.799999999999955,1.0525057869281291
36616,-73.9827651977539,40.75630569458008,-74.00729370117188,40.73947143554688,846.94,4924,4924,-1.0,-1.0,-1,-1,0.0
36617,-74.00645446777344,40.733074188232415,-73.99994659423827,40.71917343139648,667.14,4924,4924,5165.84,5832.9800000000005,241.84000000000015,3.410605131648481e-13,1.0000000000000004
36618,-74.01728057861328,40.70489501953125,-73.9779052734375,40.72532272338867,758.82,4924,4924,-1.0,-1.0,-1,-1,0.0
36619,-73.95762634277344,40.77000427246094,-73.98089599609375,40.734317779541016,898.26,4924,4924,-1.0,-1.0,-1,-1,0.0
36620,-73.95618438720702,40.77387237548828,-73.9569091796875,40.766448974609375,298.25,4924,4924,-1.0,-1.0,-1,-1,0.0
36621,-73.98084259033203,40.750648498535156,-73.97515869140625,40.76185607910156,340.01,4925,4925,-1.0,-1.0,-1,-1,0.0
36622,-73.97023010253906,40.76264572143555,-73.9613037109375,40.76687622070313,259.46,4925,4925,-1.0,-1.0,-1,-1,0.0
36623,-73.99215698242188,40.74382019042969,-74.0056381225586,40.73831558227539,430.3,4925,4925,-1.0,-1.0,-1,-1,0.0
36624,-74.00816345214845,40.71712112426758,-74.01593017578125,40.70769882202149,326.87,4925,4925,4971.71,5298.58,46.710000000000036,-1.1368683772161603e-13,0.9999999999999997
36625,-73.97515106201173,40.76535034179688,-73.97908020019531,40.76224136352539,334.66,4925,4925,-1.0,-1.0,-1,-1,0.0
36626,-73.96269226074219,40.75872039794922,-73.94486236572266,40.783119201660156,380.86,4925,4925,4967.25,5348.11,42.25,-3.410605131648481e-13,0.9999999999999991
36627,-74.00287628173827,40.760555267333984,-74.0168228149414,40.70623397827149,964.47,4925,4925,-1.0,-1.0,-1,-1,0.0
36628,-73.99105834960938,40.7652587890625,-73.97219085693358,40.79164123535156,465.77,4925,4925,4974.69,5440.46,49.6899999999996,4.547473508864641e-13,1.0000000000000009
36629,-74.0091094970703,40.7177848815918,-73.97396087646483,40.787147521972656,1269.97,4925,4925,5071.13,6341.1,146.1300000000001,2.2737367544323206e-13,1.0000000000000002
36630,-73.98368072509766,40.75469207763672,-73.98699188232422,40.76080703735352,250.27,4926,4926,-1.0,-1.0,-1,-1,0.0
36631,-73.98670959472656,40.73390579223633,-73.97499084472656,40.74764633178711,368.73,4926,4926,5133.62,5502.35,207.6199999999999,4.547473508864641e-13,1.0000000000000013
36632,-73.97856903076173,40.75049591064453,-73.96195220947266,40.75918197631836,479.06,4926,4926,-1.0,-1.0,-1,-1,0.0
36633,-73.99040222167969,40.737152099609375,-73.9950942993164,40.76360321044922,885.32,4926,4926,-1.0,-1.0,-1,-1,0.0
36634,-73.94519805908203,40.775150299072266,-73.95675659179686,40.77682113647461,311.68,4926,4926,5057.82,5369.5,131.8199999999997,2.8421709430404007e-13,1.0000000000000009
36635,-73.99365234375,40.72452163696289,-74.0049819946289,40.74078369140625,604.63,4926,4926,5031.05,5635.68,105.05000000000018,1.1368683772161603e-13,1.0000000000000002
36636,-73.97765350341797,40.75295639038085,-73.98563385009766,40.75517654418945,314.59,4926,4926,-1.0,-1.0,-1,-1,0.0
36637,-73.9911117553711,40.76052856445313,-74.00570678710938,40.73792266845703,544.86,4926,4926,-1.0,-1.0,-1,-1,0.0
36638,-74.00005340576173,40.7615623474121,-73.99285125732422,40.75936508178711,290.41,4926,4926,5051.96,5342.37,125.96000000000004,-1.7053025658242404e-13,0.9999999999999994
36639,-73.96827697753906,40.75411605834961,-73.9751968383789,40.75193786621094,216.42,4926,4926,4982.55,5198.97,56.55000000000018,8.526512829121202e-14,1.0000000000000004
36640,-73.99002838134766,40.761878967285156,-73.97894287109375,40.7345085144043,1026.51,4926,4926,4976.26,6002.77,50.26000000000022,2.2737367544323206e-13,1.0000000000000002
36641,-73.97830963134766,40.7370491027832,-73.97164916992188,40.75365829467773,371.5,4927,4927,4961.83,5333.33,34.82999999999993,0.0,1.0
36642,-73.94605255126955,40.80698013305664,-73.97525787353516,40.78683090209961,717.08,4927,4927,5244.55,5961.629999999999,317.5500000000002,-1.0231815394945443e-12,0.9999999999999986
36643,-74.00726318359375,40.743518829345696,-73.9771728515625,40.7895393371582,911.57,4927,4927,5082.71,5994.28,155.71000000000004,-3.410605131648481e-13,0.9999999999999997
36644,-74.00704193115234,40.74148178100585,-74.00166320800781,40.73550033569336,314.91,4927,4927,4981.12,5296.03,54.11999999999989,-1.7053025658242404e-13,0.9999999999999994
36645,-73.94989013671875,40.77643203735352,-73.96810150146483,40.80227661132813,818.66,4927,4927,4960.5,5779.16,33.5,-1.1368683772161603e-13,0.9999999999999999
36646,-73.98596954345702,40.73492050170898,-73.97966003417969,40.7397689819336,200.48,4927,4927,5169.38,5369.86,242.3800000000001,-4.263256414560601e-13,0.9999999999999979
36647,-73.98204040527344,40.7628288269043,-74.00860595703125,40.71957778930664,1089.8,4928,4928,4984.55,6090.51,56.55000000000018,16.160000000000082,1.0148284088823638
36648,-73.98658752441406,40.74296569824219,-73.98100280761719,40.76505661010742,792.78,4928,4928,4961.0,5814.11,33.0,60.3299999999997,1.076099296147733
36649,-73.97542572021484,40.755149841308594,-73.96242523193358,40.76470565795898,513.01,4928,4928,-1.0,-1.0,-1,-1,0.0
36650,-73.97286224365234,40.75615310668945,-74.00524139404298,40.7394905090332,963.43,4928,4928,4957.41,5982.6900000000005,29.409999999999854,61.850000000000705,1.0641977102643687
36651,-73.9659194946289,40.77404022216797,-74.01101684570312,40.71876907348633,1550.43,4928,4928,4979.34,6593.3099999999995,51.340000000000146,63.53999999999928,1.0409821791374
36652,-73.96347045898438,40.75431823730469,-73.958251953125,40.77859878540039,669.41,4928,4928,5033.03,5702.44,105.02999999999975,-1.1368683772161603e-13,0.9999999999999998
36653,-74.0028305053711,40.760520935058594,-73.98037719726562,40.74658584594727,793.29,4929,4929,-1.0,-1.0,-1,-1,0.0
36654,-73.9680404663086,40.78709030151367,-73.95626831054686,40.78851318359375,420.36,4929,4929,4970.820000000001,5391.18,41.82000000000062,-3.410605131648481e-13,0.9999999999999992
36655,-73.99217224121094,40.731117248535156,-74.0090103149414,40.73883056640625,580.71,4929,4929,5052.58,5633.29,123.57999999999993,0.0,1.0
36656,-73.9763946533203,40.75566864013672,-73.95280456542969,40.766616821289055,679.03,4929,4929,-1.0,-1.0,-1,-1,0.0
36657,-73.9819107055664,40.746673583984375,-73.96441650390625,40.77018737792969,665.03,4929,4929,-1.0,-1.0,-1,-1,0.0
36658,-73.96731567382812,40.758033752441406,-73.95687103271484,40.7665901184082,256.52,4929,4929,-1.0,-1.0,-1,-1,0.0
36659,-74.00361633300781,40.74016952514648,-73.985107421875,40.754730224609375,623.09,4929,4929,5127.0,5750.09,198.0,1.1368683772161603e-13,1.0000000000000002
36660,-73.97483825683594,40.754791259765625,-73.99083709716798,40.74554061889648,553.01,4929,4929,-1.0,-1.0,-1,-1,0.0
36661,-73.98027038574219,40.74295425415039,-73.991455078125,40.74893569946289,541.96,4929,4929,5034.51,5576.47,105.51000000000022,0.0,1.0
36662,-73.9983673095703,40.72602844238281,-73.99239349365234,40.74943923950195,640.89,4930,4930,5191.74,5832.63,261.7399999999998,3.410605131648481e-13,1.0000000000000004
36663,-73.97068786621094,40.75870895385742,-73.98845672607422,40.77448654174805,828.16,4930,4930,-1.0,-1.0,-1,-1,0.0
36664,-73.97127532958984,40.75768280029297,-73.97824859619139,40.74990463256836,292.93,4930,4930,-1.0,-1.0,-1,-1,0.0
36665,-73.97991943359375,40.77705001831055,-73.9558334350586,40.80362319946289,688.09,4930,4930,4965.09,5653.18,35.090000000000146,1.1368683772161603e-13,1.0000000000000002
36666,-73.98542022705078,40.76033020019531,-74.0064926147461,40.73381042480469,782.84,4930,4930,4950.0,5732.84,20.0,1.1368683772161603e-13,1.0000000000000002
36667,-73.98741912841797,40.73318099975585,-73.97541046142578,40.75239944458008,512.05,4930,4930,5062.42,5574.47,132.42000000000007,2.2737367544323206e-13,1.0000000000000004
36668,-73.99601745605469,40.76106643676758,-74.004150390625,40.75279998779297,299.8,4930,4930,4953.34,5282.85,23.340000000000146,29.710000000000207,1.0990993995997338
36669,-73.998779296875,40.7545051574707,-73.97952270507811,40.7896728515625,734.7,4930,4930,4961.4,5705.4800000000005,31.399999999999636,9.380000000000791,1.0127671158295914
36670,-73.96979522705078,40.78993225097656,-73.95672607421875,40.781753540039055,403.78,4930,4930,5244.28,5648.0599999999995,314.27999999999975,-2.2737367544323206e-13,0.9999999999999994
36671,-73.9900665283203,40.75679016113281,-73.98153686523438,40.75905990600585,304.39,4931,4931,-1.0,-1.0,-1,-1,0.0
36672,-73.97212982177734,40.78213119506836,-73.9500732421875,40.771671295166016,534.42,4931,4931,4976.64,5511.06,45.64000000000033,1.1368683772161603e-13,1.0000000000000002
36673,-73.99649047851562,40.72127151489258,-73.98439788818358,40.72041320800781,485.78,4931,4931,5193.67,5679.45,262.6700000000001,-2.2737367544323206e-13,0.9999999999999996
36674,-74.00443267822266,40.75220489501953,-73.99442291259766,40.74601745605469,329.71,4931,4931,4974.38,5326.58,43.38000000000011,22.48999999999984,1.0682114585544868
36675,-73.9822998046875,40.77788925170898,-74.00021362304686,40.76112747192383,502.01,4932,4932,4973.31,5526.53,41.3100000000004,51.209999999999354,1.1020099201211118
36676,-73.99776458740234,40.72578811645508,-74.0062026977539,40.73963928222656,478.54,4932,4932,5085.59,5564.13,153.59000000000015,-5.684341886080802e-14,0.9999999999999999
36677,-73.98512268066406,40.7574462890625,-74.00663757324219,40.74409103393555,636.14,4932,4932,4954.97,5591.11,22.970000000000255,-5.684341886080801e-13,0.9999999999999991
36678,-73.96966552734375,40.78538513183594,-73.95327758789062,40.783546447753906,375.37,4932,4932,4952.32,5327.69,20.31999999999971,-1.1368683772161603e-13,0.9999999999999997
36679,-73.97731018066406,40.7619514465332,-73.98914337158203,40.74214172363281,605.61,4932,4932,-1.0,-1.0,-1,-1,0.0
36680,-73.99046325683594,40.75613021850585,-74.0137710571289,40.71447372436523,1019.98,4932,4932,-1.0,-1.0,-1,-1,0.0
36681,-73.97417449951173,40.759849548339844,-73.95751953125,40.78278732299805,480.52,4932,4932,4974.77,5455.29,42.77000000000044,-4.547473508864641e-13,0.999999999999999
36682,-73.95369720458984,40.779239654541016,-73.94032287597656,40.82672882080078,939.77,4932,4932,4950.0,5889.7699999999995,18.0,-4.547473508864641e-13,0.9999999999999996
36683,-74.00481414794923,40.737464904785156,-73.980224609375,40.750038146972656,737.39,4932,4932,5013.7,5751.09,81.69999999999982,3.410605131648481e-13,1.0000000000000004
36684,-73.95623779296875,40.7789306640625,-73.96331024169923,40.76273727416992,503.91,4932,4932,-1.0,-1.0,-1,-1,0.0
36685,-73.9933853149414,40.72935104370117,-74.0118179321289,40.72273635864258,553.09,4932,4932,5060.29,5613.38,128.28999999999996,1.1368683772161603e-13,1.0000000000000002
36686,-73.99234771728516,40.75906372070313,-74.00399017333984,40.747779846191406,359.84,4932,4932,4956.8,5363.15,24.800000000000182,46.50999999999948,1.1292518897287669
36687,-73.97464752197266,40.75130081176758,-73.94868469238281,40.77239227294922,624.1,4933,4933,4953.91,5609.11,20.909999999999854,31.099999999999795,1.0498317577311325
36688,-74.00450134277344,40.716556549072266,-73.99665832519531,40.723392486572266,393.82,4933,4933,-1.0,-1.0,-1,-1,0.0
36689,-73.966552734375,40.76444625854492,-73.9539794921875,40.76715850830078,393.12,4933,4933,5055.83,5448.95,122.82999999999993,-1.1368683772161603e-13,0.9999999999999997
36690,-73.9759750366211,40.75338363647461,-73.95856475830078,40.77836227416992,637.31,4933,4933,-1.0,-1.0,-1,-1,0.0
36691,-73.98429107666014,40.74028396606445,-73.9914321899414,40.727363586425774,398.28,4933,4933,-1.0,-1.0,-1,-1,0.0
36692,-73.99553680419923,40.74896240234375,-74.00391387939453,40.72256088256836,694.74,4933,4933,-1.0,-1.0,-1,-1,0.0
36693,-74.00788879394531,40.711219787597656,-73.99183654785155,40.725669860839844,696.15,4933,4933,-1.0,-1.0,-1,-1,0.0
36694,-73.99971008300781,40.75393676757813,-73.9754867553711,40.750099182128906,733.95,4933,4933,-1.0,-1.0,-1,-1,0.0
36695,-73.9870834350586,40.75505828857422,-74.00599670410156,40.74028396606445,612.05,4934,4934,-1.0,-1.0,-1,-1,0.0
36696,-73.98726654052734,40.74966049194336,-73.99372863769531,40.75904083251953,417.76,4934,4934,-1.0,-1.0,-1,-1,0.0
36697,-73.96707153320312,40.756744384765625,-73.95825958251955,40.77298355102539,404.4,4934,4934,5117.7,5522.1,183.69999999999982,5.684341886080801e-13,1.0000000000000013
36698,-73.97471618652342,40.76161575317383,-73.9895782470703,40.74001693725585,554.68,4935,4935,4982.76,5537.44,47.76000000000022,-5.684341886080801e-13,0.999999999999999
36699,-74.00234985351562,40.75040054321289,-73.99408721923827,40.7514877319336,247.92,4935,4935,5079.0,5326.92,144.0,8.526512829121202e-14,1.0000000000000004
36700,-73.98828887939453,40.73503875732422,-73.97718048095702,40.75228118896485,507.4,4935,4935,-1.0,-1.0,-1,-1,0.0
36701,-73.97077178955078,40.788551330566406,-73.99188232421875,40.75006866455078,1079.88,4935,4935,5034.91,6114.79,99.90999999999985,0.0,1.0
36702,-73.99298858642578,40.75815200805664,-73.98126983642578,40.742271423339844,723.87,4935,4935,-1.0,-1.0,-1,-1,0.0
36703,-73.97440338134766,40.75693893432617,-73.9521255493164,40.77471160888672,654.85,4935,4935,-1.0,-1.0,-1,-1,0.0
36704,-73.97752380371094,40.76051330566406,-73.96349334716798,40.77398300170898,442.06,4935,4935,-1.0,-1.0,-1,-1,0.0
36705,-73.97545623779298,40.751991271972656,-73.98419189453125,40.74909973144531,329.42,4935,4935,-1.0,-1.0,-1,-1,0.0
36706,-73.98326873779298,40.76113510131836,-73.99082946777342,40.75076293945313,325.53,4936,4936,-1.0,-1.0,-1,-1,0.0
36707,-73.97967529296875,40.760643005371094,-73.9669418334961,40.772708892822266,419.26,4936,4936,-1.0,-1.0,-1,-1,0.0
36708,-73.98393249511719,40.73762893676758,-73.97686004638672,40.743309020996094,216.04,4936,4936,4989.66,5205.7,53.659999999999854,-2.842170943040401e-14,0.9999999999999999
36709,-73.99127197265625,40.75074005126953,-73.99059295654298,40.75848007202149,379.26,4936,4936,-1.0,-1.0,-1,-1,0.0
36710,-74.00137329101562,40.75155258178711,-73.99402618408203,40.75735092163085,233.49,4936,4936,5115.54,5349.03,179.53999999999996,-2.2737367544323206e-13,0.999999999999999
36711,-73.97396850585938,40.759708404541016,-73.96212005615234,40.7735710144043,388.26,4936,4936,-1.0,-1.0,-1,-1,0.0
36712,-73.9767074584961,40.755855560302734,-73.95327758789062,40.78365707397461,705.32,4936,4936,-1.0,-1.0,-1,-1,0.0
36713,-73.98588562011719,40.75767135620117,-73.98953247070312,40.7406005859375,514.77,4937,4937,4970.54,5485.31,33.539999999999964,4.547473508864641e-13,1.0000000000000009
36714,-73.97726440429686,40.78964614868164,-73.98233032226562,40.772071838378906,394.39,4937,4937,5014.63,5409.02,77.63000000000011,3.410605131648481e-13,1.0000000000000009
36715,-73.98143005371094,40.76342010498047,-73.9769287109375,40.774818420410156,414.84,4937,4937,-1.0,-1.0,-1,-1,0.0
36716,-73.9584732055664,40.77556991577149,-73.96205139160156,40.76451873779297,373.57,4938,4938,4988.92,5362.8,50.92000000000007,0.31000000000011596,1.0008298310892205
36717,-73.9506607055664,40.7711181640625,-73.9600601196289,40.7582893371582,370.39,4938,4938,4965.22,5370.86,27.220000000000255,35.24999999999943,1.095169955992331
36718,-73.9615249633789,40.7644157409668,-73.9750747680664,40.7496223449707,564.05,4938,4938,-1.0,-1.0,-1,-1,0.0
36719,-73.97447967529298,40.78850555419922,-73.9563217163086,40.76798629760742,794.84,4938,4938,5076.46,5871.3,138.46000000000004,1.1368683772161603e-13,1.0000000000000002
36720,-73.99231719970702,40.74362564086913,-73.99105072021484,40.755386352539055,421.75,4939,4939,-1.0,-1.0,-1,-1,0.0
36721,-73.95967102050781,40.77127456665039,-73.9656982421875,40.79029846191406,551.14,4939,4939,4979.46,5576.97,40.460000000000036,46.37000000000023,1.0841347026163954
36722,-73.99462890625,40.740638732910156,-73.99465179443358,40.7504997253418,316.38,4939,4939,-1.0,-1.0,-1,-1,0.0
36723,-73.9822769165039,40.77423095703125,-73.97962951660156,40.76706314086913,257.28,4939,4939,5030.54,5287.82,91.53999999999996,-2.2737367544323206e-13,0.9999999999999991
36724,-73.99105072021484,40.745361328125,-73.9529037475586,40.77201843261719,1065.71,4940,4940,-1.0,-1.0,-1,-1,0.0
36725,-73.98405456542969,40.72629165649415,-73.99069213867188,40.75587844848633,1087.4,4940,4940,5070.29,6157.69,130.28999999999996,-4.547473508864641e-13,0.9999999999999996
36726,-73.98550415039062,40.752601623535156,-73.97879028320312,40.76247787475585,252.01,4940,4940,4980.58,5232.59,40.57999999999993,2.2737367544323206e-13,1.0000000000000009
36727,-73.96855926513672,40.77019119262695,-73.97611236572266,40.76019287109375,315.26,4940,4940,4983.21,5298.47,43.210000000000036,2.2737367544323206e-13,1.0000000000000007
36728,-73.97062683105469,40.759132385253906,-74.0010757446289,40.74481964111328,942.85,4940,4940,-1.0,-1.0,-1,-1,0.0
36729,-73.96942901611328,40.7659912109375,-73.9573745727539,40.77517318725585,349.87,4940,4940,4987.39,5337.26,47.39000000000033,-1.1368683772161603e-13,0.9999999999999997
36730,-73.98646545410156,40.743553161621094,-73.98822784423827,40.73505783081055,389.21,4940,4940,-1.0,-1.0,-1,-1,0.0
36731,-73.97909545898438,40.76475524902344,-73.98539733886719,40.76036071777344,208.16,4940,4940,4966.55,5221.63,26.550000000000182,46.91999999999993,1.2254035357417368
36732,-73.96101379394531,40.760658264160156,-73.96090698242188,40.77005004882813,237.03,4940,4940,4986.73,5265.34,46.72999999999956,41.58000000000058,1.1754208328059763
36733,-73.98237609863281,40.73171997070313,-73.96524047851562,40.75505828857422,396.45,4940,4940,5005.04,5401.49,65.03999999999996,-1.7053025658242404e-13,0.9999999999999996
36734,-73.98213195800781,40.748741149902344,-74.0003204345703,40.7271842956543,694.68,4940,4940,-1.0,-1.0,-1,-1,0.0
36735,-73.96793365478516,40.76287841796875,-73.9846420288086,40.76937103271485,616.24,4940,4940,-1.0,-1.0,-1,-1,0.0
36736,-73.9699478149414,40.76879119873047,-73.9732666015625,40.78979110717773,560.37,4941,4941,-1.0,-1.0,-1,-1,0.0
36737,-73.98211669921875,40.74506759643555,-73.97673034667969,40.74973678588867,180.71,4941,4941,4964.73,5145.44,23.729999999999563,2.842170943040401e-14,1.0000000000000002
36738,-73.98976898193358,40.76224899291992,-74.00628662109375,40.749698638916016,455.61,4941,4941,-1.0,-1.0,-1,-1,0.0
36739,-74.0064468383789,40.74860000610352,-73.98957061767578,40.72306823730469,984.71,4942,4942,4992.2699999999995,5976.98,50.26999999999953,0.0,1.0
36740,-73.9886016845703,40.75373840332031,-74.00999450683594,40.73419189453125,675.81,4942,4942,-1.0,-1.0,-1,-1,0.0
36741,-73.9841537475586,40.76510238647461,-73.98605346679686,40.77089309692383,227.21,4942,4942,4971.7,5198.91,29.699999999999818,2.842170943040401e-14,1.0000000000000002
36742,-73.99156188964845,40.750267028808594,-73.97316741943358,40.753173828125,690.98,4942,4942,-1.0,-1.0,-1,-1,0.0
36743,-74.01484680175781,40.71440124511719,-73.98568725585938,40.73527145385742,917.24,4942,4942,-1.0,-1.0,-1,-1,0.0
36744,-73.97907257080078,40.74443054199219,-73.97632598876955,40.725433349609375,542.4,4942,4942,-1.0,-1.0,-1,-1,0.0
36745,-73.99791717529298,40.74021530151367,-73.9807357788086,40.78277587890625,951.05,4943,4943,-1.0,-1.0,-1,-1,0.0
36746,-73.99140930175781,40.73899459838867,-74.00357055664062,40.73346328735352,348.04,4943,4943,-1.0,-1.0,-1,-1,0.0
36747,-73.97357177734375,40.76373291015625,-74.01362609863281,40.71751403808594,1367.07,4943,4943,-1.0,-1.0,-1,-1,0.0
36748,-73.9932632446289,40.74221801757813,-73.9515609741211,40.77010726928711,1052.75,4943,4943,-1.0,-1.0,-1,-1,0.0
36749,-74.00627136230467,40.733795166015625,-73.99069213867188,40.728424072265625,535.07,4943,4943,4984.45,5530.23,41.44999999999982,10.709999999999695,1.0200160726633893
36750,-73.99515533447266,40.75215530395508,-73.97716522216798,40.77246856689453,565.95,4943,4943,-1.0,-1.0,-1,-1,0.0
36751,-73.98912811279298,40.7435417175293,-73.9547576904297,40.77788925170898,1082.58,4943,4943,-1.0,-1.0,-1,-1,0.0
36752,-73.96932983398438,40.76931381225585,-73.95402526855469,40.77543258666992,486.03,4944,4944,-1.0,-1.0,-1,-1,0.0
36753,-73.97696685791014,40.78498840332031,-73.98468017578125,40.7393913269043,1339.88,4944,4944,4953.1,6368.3,9.100000000000364,75.31999999999971,1.0562139893124756
36754,-73.95327758789062,40.782581329345696,-73.99111938476562,40.74275207519531,1295.91,4944,4944,-1.0,-1.0,-1,-1,0.0
36755,-74.00010681152342,40.742862701416016,-73.9845962524414,40.74578094482422,455.6,4944,4944,-1.0,-1.0,-1,-1,0.0
36756,-74.00566101074219,40.73680114746094,-73.99248504638672,40.74389266967773,333.75,4944,4944,5001.03,5334.78,57.029999999999745,0.0,1.0
36757,-73.97647094726562,40.77548599243164,-73.95679473876955,40.78369140625,463.8,4944,4944,-1.0,-1.0,-1,-1,0.0
36758,-73.99444580078125,40.72843933105469,-74.00335693359375,40.71781539916992,327.63,4945,4945,4956.3,5283.93,11.300000000000182,1.1368683772161603e-13,1.0000000000000004
36759,-73.97419738769531,40.75826644897461,-73.98624420166014,40.76177597045898,493.74,4945,4945,-1.0,-1.0,-1,-1,0.0
36760,-74.00704956054686,40.728458404541016,-73.99347686767578,40.72792434692383,479.96,4945,4945,-1.0,-1.0,-1,-1,0.0
36761,-74.0029296875,40.723411560058594,-73.99968719482422,40.73353958129883,229.79,4945,4945,-1.0,-1.0,-1,-1,0.0
36762,-73.99825286865234,40.71997833251953,-74.009521484375,40.71567153930664,450.13,4945,4945,5045.46,5495.59,100.46000000000004,1.1368683772161603e-13,1.0000000000000002
36763,-73.9918670654297,40.74383544921875,-73.99222564697266,40.75378036499024,364.41,4945,4945,-1.0,-1.0,-1,-1,0.0
36764,-73.96792602539062,40.762393951416016,-73.98147583007811,40.7802734375,785.7,4946,4946,-1.0,-1.0,-1,-1,0.0
36765,-73.99590301513672,40.73863220214844,-73.98445892333984,40.74253845214844,351.53,4946,4946,-1.0,-1.0,-1,-1,0.0
36766,-73.9804458618164,40.73863220214844,-73.98393249511719,40.730281829833984,212.44,4946,4946,-1.0,-1.0,-1,-1,0.0
36767,-73.97802734375,40.745704650878906,-73.98297882080078,40.73501205444336,241.12,4946,4946,-1.0,-1.0,-1,-1,0.0
36768,-74.0042953491211,40.72854232788085,-74.00404357910156,40.74773406982422,424.95,4946,4946,-1.0,-1.0,-1,-1,0.0
36769,-73.97440338134766,40.7784423828125,-73.95528411865234,40.77942276000977,464.12,4946,4946,4974.75,5438.87,28.75,-1.1368683772161603e-13,0.9999999999999998
36770,-73.98753356933594,40.750648498535156,-74.00894927978516,40.735435485839844,606.4,4946,4946,-1.0,-1.0,-1,-1,0.0
36771,-73.97636413574219,40.751461029052734,-73.98100280761719,40.76780319213867,710.84,4946,4946,4956.37,5667.21,10.36999999999989,1.1368683772161603e-13,1.0000000000000002
36772,-74.00463104248048,40.74782180786133,-73.98682403564453,40.734199523925774,650.63,4947,4947,-1.0,-1.0,-1,-1,0.0
36773,-73.97967529296875,40.7501106262207,-73.9912567138672,40.75047302246094,399.11,4947,4947,-1.0,-1.0,-1,-1,0.0
36774,-73.96782684326173,40.75954818725585,-73.94761657714845,40.77505874633789,510.34,4947,4947,-1.0,-1.0,-1,-1,0.0
36775,-73.97367858886719,40.74787902832031,-73.98780059814453,40.73114013671875,376.08,4947,4947,-1.0,-1.0,-1,-1,0.0
36776,-73.97862243652342,40.7520751953125,-73.9593276977539,40.77256393432617,672.01,4947,4947,-1.0,-1.0,-1,-1,0.0
36777,-73.9823226928711,40.76847457885742,-73.97315979003906,40.78962326049805,518.98,4947,4947,-1.0,-1.0,-1,-1,0.0
36778,-73.98585510253906,40.74073028564453,-73.9747543334961,40.75096130371094,375.72,4947,4947,-1.0,-1.0,-1,-1,0.0
36779,-73.96769714355469,40.79275894165039,-73.9801025390625,40.78049087524415,305.18,4947,4947,5136.13,5441.31,189.1300000000001,2.8421709430404007e-13,1.0000000000000009
36780,-73.95634460449219,40.76333618164063,-74.00460052490234,40.7309684753418,1160.83,4947,4947,4976.71,6175.2,29.710000000000036,37.659999999999854,1.0324423042133644
36781,-73.98741912841797,40.74388885498047,-74.00267028808594,40.72666931152344,550.25,4948,4948,-1.0,-1.0,-1,-1,0.0
36782,-73.98135375976562,40.74996948242188,-73.9480972290039,40.801490783691406,1085.29,4948,4948,4951.49,6097.11,3.4899999999997817,60.32999999999993,1.0555888287923043
36783,-73.97662353515625,40.76531219482422,-73.99136352539062,40.774768829345696,537.99,4948,4948,-1.0,-1.0,-1,-1,0.0
36784,-73.97158813476562,40.7627067565918,-73.96376037597656,40.774314880371094,243.85,4948,4948,4981.06,5224.91,33.0600000000004,-5.400124791776761e-13,0.9999999999999978
36785,-73.9818344116211,40.74639129638672,-73.9988555908203,40.7323112487793,525.45,4948,4948,-1.0,-1.0,-1,-1,0.0
36786,-74.01333618164062,40.70451354980469,-73.9716567993164,40.76277160644531,1268.94,4948,4948,5003.32,6272.26,55.31999999999971,4.547473508864641e-13,1.0000000000000004
36787,-73.98798370361328,40.759620666503906,-73.97998809814453,40.765830993652344,237.54,4949,4949,4958.0199999999995,5195.56,9.019999999999527,8.810729923425242e-13,1.0000000000000038
36788,-73.9852066040039,40.718711853027344,-73.97588348388672,40.723819732666016,295.85,4949,4949,5276.37,5572.22,327.3699999999999,3.410605131648481e-13,1.000000000000001
36789,-73.9503173828125,40.78330993652344,-73.94467163085938,40.81399154663085,665.39,4949,4949,4988.25,5653.64,39.25,3.410605131648481e-13,1.0000000000000004
36790,-73.98020172119139,40.75429153442383,-73.99730682373048,40.71934127807617,968.03,4949,4949,-1.0,-1.0,-1,-1,0.0
36791,-73.9769058227539,40.75367736816406,-73.987060546875,40.72251892089844,1040.56,4949,4949,4979.95,6050.06,30.949999999999818,29.550000000000637,1.028398170216038
36792,-73.97196960449219,40.79457092285156,-73.98488616943358,40.78581237792969,402.29,4949,4949,5191.92,5594.21,242.92000000000007,-5.684341886080802e-14,0.9999999999999999
36793,-73.99259185791014,40.74797058105469,-74.00135040283203,40.737022399902344,233.46,4950,4950,-1.0,-1.0,-1,-1,0.0
36794,-73.98542022705078,40.73199081420898,-73.99314880371094,40.73360061645508,277.3,4950,4950,4987.38,5264.68,37.38000000000011,1.7053025658242404e-13,1.0000000000000007
36795,-73.96041107177734,40.81629943847656,-73.95995330810547,40.80527877807617,268.04,4950,4950,5204.75,5472.79,254.75,-5.684341886080802e-14,0.9999999999999998
36796,-73.9960708618164,40.748359680175774,-73.97889709472656,40.75910949707031,546.25,4950,4950,-1.0,-1.0,-1,-1,0.0
36797,-73.96941375732422,40.78470993041992,-73.97044372558594,40.79662322998047,290.32,4950,4950,4988.22,5278.54,38.220000000000255,-2.8421709430404007e-13,0.999999999999999
36798,-73.99243927001955,40.74868774414063,-73.99776458740234,40.73752975463867,253.75,4950,4950,4980.45,5234.2,30.449999999999818,0.0,1.0
36799,-73.98152923583984,40.780288696289055,-73.98217010498048,40.76794052124024,322.4,4950,4950,5004.69,5327.09,54.6899999999996,5.684341886080801e-13,1.0000000000000018
36800,-73.97594451904298,40.75309753417969,-73.96776580810547,40.787296295166016,883.69,4950,4950,-1.0,-1.0,-1,-1,0.0
36801,-73.9875259399414,40.76026153564453,-73.96057891845702,40.7997932434082,889.63,4950,4950,-1.0,-1.0,-1,-1,0.0
36802,-73.97572326660156,40.75234603881836,-73.97380065917969,40.748207092285156,183.62,4951,4951,-1.0,-1.0,-1,-1,0.0
36803,-73.99454498291014,40.72493743896485,-73.982177734375,40.74007415771485,415.66,4951,4951,5037.16,5452.82,86.15999999999985,-1.7053025658242404e-13,0.9999999999999996
36804,-73.98334503173827,40.76630783081055,-73.96725463867188,40.78799819946289,489.25,4951,4951,-1.0,-1.0,-1,-1,0.0
36805,-73.98004150390625,40.77555847167969,-73.95891571044923,40.76354217529297,692.55,4951,4951,5111.24,5803.79,160.23999999999978,2.2737367544323206e-13,1.0000000000000002
36806,-73.96843719482422,40.79929733276367,-73.94416046142578,40.82126235961913,709.64,4951,4951,5265.28,5974.92,314.27999999999975,3.410605131648481e-13,1.0000000000000004
36807,-74.0054931640625,40.72761154174805,-74.00977325439453,40.720130920410156,228.41,4951,4951,-1.0,-1.0,-1,-1,0.0
36808,-73.98223876953125,40.775047302246094,-73.9681167602539,40.79325485229492,433.81,4952,4952,-1.0,-1.0,-1,-1,0.0
36809,-74.00640106201173,40.73342895507813,-74.00652313232422,40.73966979980469,189.32,4952,4952,-1.0,-1.0,-1,-1,0.0
36810,-73.98894500732422,40.72163009643555,-74.00116729736328,40.73156356811523,642.18,4952,4952,5140.55,5782.7300000000005,188.55000000000018,3.410605131648481e-13,1.0000000000000004
36811,-73.98161315917969,40.767127990722656,-73.955810546875,40.77216720581055,798.5,4952,4952,5074.58,5873.08,122.57999999999993,0.0,1.0
36812,-73.97725677490234,40.75774765014648,-73.9940414428711,40.74261474609375,513.93,4952,4952,5009.97,5551.36,57.970000000000255,27.459999999999468,1.0534314011635815
36813,-73.98796844482422,40.731948852539055,-73.99434661865234,40.72052383422852,407.38,4952,4952,5148.99,5556.37,196.98999999999978,1.1368683772161603e-13,1.0000000000000002
36814,-73.95978546142578,40.77383804321289,-73.9788360595703,40.74108123779297,875.67,4952,4952,-1.0,-1.0,-1,-1,0.0
36815,-74.0081329345703,40.74094772338867,-73.99168395996094,40.726646423339844,794.37,4952,4952,4985.07,5779.4400000000005,33.06999999999971,7.958078640513122e-13,1.000000000000001
36816,-74.00602722167969,40.71433639526367,-73.97528839111328,40.76374816894531,1313.08,4952,4952,-1.0,-1.0,-1,-1,0.0
36817,-74.01512145996094,40.70960998535156,-73.98005676269531,40.71226119995117,567.41,4952,4952,5000.33,5604.87,48.32999999999993,37.129999999999995,1.0654376905588552
36818,-73.9724884033203,40.75965118408203,-74.009033203125,40.716163635253906,1311.33,4952,4952,-1.0,-1.0,-1,-1,0.0
36819,-73.96700286865234,40.79383087158203,-73.97503662109375,40.793128967285156,194.36,4953,4953,5038.79,5233.15,85.78999999999996,-3.410605131648481e-13,0.9999999999999982
36820,-73.95166778564453,40.77002334594727,-73.9603271484375,40.77162170410156,332.76,4953,4953,5074.62,5407.38,121.61999999999989,2.2737367544323206e-13,1.0000000000000007
36821,-73.97686004638672,40.752418518066406,-73.97101593017578,40.74517822265625,380.25,4953,4953,-1.0,-1.0,-1,-1,0.0
36822,-74.00035858154298,40.74761962890625,-74.0006332397461,40.737300872802734,289.83,4953,4953,5003.09,5292.92,50.090000000000146,-5.684341886080802e-14,0.9999999999999998
36823,-73.97537231445312,40.754581451416016,-74.00210571289062,40.73870849609375,843.3,4953,4953,-1.0,-1.0,-1,-1,0.0
36824,-73.95880889892578,40.76419067382813,-73.97535705566406,40.7635498046875,575.09,4953,4953,5089.5,5664.59,136.5,1.1368683772161603e-13,1.0000000000000002
36825,-73.97520446777344,40.76129531860352,-73.97606658935547,40.75017166137695,428.09,4954,4954,-1.0,-1.0,-1,-1,0.0
36826,-73.9822006225586,40.76829528808594,-73.98487854003906,40.76017761230469,315.28,4954,4954,-1.0,-1.0,-1,-1,0.0
36827,-73.98397064208984,40.74441909790039,-73.99547576904298,40.743141174316406,365.59,4954,4954,5000.04,5393.09,46.039999999999964,27.460000000000207,1.0751114636614794
36828,-73.98243713378906,40.76257705688477,-73.98320770263672,40.73984146118164,825.83,4954,4954,-1.0,-1.0,-1,-1,0.0
36829,-74.00777435302734,40.74055099487305,-74.00003051757811,40.74761199951172,369.93,4955,4955,-1.0,-1.0,-1,-1,0.0
36830,-74.00222778320312,40.73205184936523,-73.99115753173827,40.728111267089844,378.66,4955,4955,-1.0,-1.0,-1,-1,0.0
36831,-73.97235107421875,40.76279067993164,-73.95863342285155,40.77383041381836,420.92,4955,4955,4992.07,5447.12,37.06999999999971,34.130000000000166,1.0810842915518393
36832,-73.97235870361328,40.759178161621094,-73.99508666992188,40.744728088378906,764.86,4955,4955,-1.0,-1.0,-1,-1,0.0
36833,-74.01445770263672,40.7154655456543,-74.0072708129883,40.70673370361328,473.95,4955,4955,-1.0,-1.0,-1,-1,0.0
36834,-73.98059844970702,40.76570129394531,-73.97915649414062,40.75533676147461,409.42,4955,4955,5012.69,5473.94,57.6899999999996,51.829999999999984,1.1265937179424552
36835,-73.99468994140625,40.7249755859375,-74.00830841064453,40.744407653808594,601.08,4955,4955,4991.45,5592.53,36.44999999999982,-1.1368683772161603e-13,0.9999999999999998
36836,-74.00755310058594,40.726478576660156,-73.99451446533203,40.74058151245117,407.36,4955,4955,-1.0,-1.0,-1,-1,0.0
36837,-74.00147247314453,40.74668884277344,-73.98360443115234,40.78022766113281,740.21,4955,4955,-1.0,-1.0,-1,-1,0.0
36838,-73.98458862304686,40.762031555175774,-73.98377227783203,40.74933242797852,531.37,4955,4955,-1.0,-1.0,-1,-1,0.0
36839,-73.97570037841797,40.76034927368164,-73.9729232788086,40.7469596862793,578.97,4956,4956,-1.0,-1.0,-1,-1,0.0
36840,-73.98253631591797,40.75127029418945,-73.9737319946289,40.74782943725585,341.37,4956,4956,4998.26,5394.22,42.26000000000022,54.59000000000003,1.1599144623136188
36841,-73.98796844482422,40.74995040893555,-73.95639038085938,40.779762268066406,959.82,4956,4956,-1.0,-1.0,-1,-1,0.0
36842,-73.9801025390625,40.76521301269531,-73.9825439453125,40.771331787109375,226.31,4956,4956,4986.91,5213.22,30.909999999999854,3.979039320256561e-13,1.0000000000000018
36843,-73.97506713867188,40.760162353515625,-74.00952911376955,40.72392272949219,1135.29,4956,4956,-1.0,-1.0,-1,-1,0.0
36844,-73.95326232910156,40.791053771972656,-73.97241973876955,40.764896392822266,584.55,4956,4956,5053.46,5638.01,97.46000000000004,2.2737367544323206e-13,1.0000000000000004
36845,-73.99365997314453,40.7517204284668,-73.99099731445312,40.760250091552734,352.6,4956,4956,-1.0,-1.0,-1,-1,0.0
36846,-74.01773834228516,40.70661163330078,-74.01009368896483,40.72148132324219,348.09,4957,4957,-1.0,-1.0,-1,-1,0.0
36847,-73.98175048828125,40.7591667175293,-73.98696899414062,40.72080612182617,1199.69,4957,4957,-1.0,-1.0,-1,-1,0.0
36848,-73.9873504638672,40.752220153808594,-73.98753356933594,40.7445182800293,266.63,4957,4957,-1.0,-1.0,-1,-1,0.0
36849,-73.97747802734375,40.77399826049805,-73.96382904052734,40.771278381347656,452.75,4957,4957,-1.0,-1.0,-1,-1,0.0
36850,-73.98213958740234,40.757545471191406,-73.97760009765625,40.77918243408203,645.08,4957,4957,-1.0,-1.0,-1,-1,0.0
36851,-73.98033905029298,40.72624969482422,-74.00821685791014,40.74870300292969,1027.28,4957,4957,5071.12,6098.4,114.11999999999989,-2.2737367544323206e-13,0.9999999999999998
36852,-73.9936294555664,40.72253036499024,-73.99684143066406,40.714805603027344,260.51,4957,4957,5040.04,5300.55,83.03999999999996,2.2737367544323206e-13,1.0000000000000009
36853,-73.98896789550781,40.74148178100585,-73.97197723388672,40.74588012695313,435.42,4957,4957,-1.0,-1.0,-1,-1,0.0
36854,-73.9877700805664,40.75931167602539,-73.95944213867188,40.777042388916016,787.52,4958,4958,-1.0,-1.0,-1,-1,0.0
36855,-74.01606750488281,40.71124649047852,-73.99166870117188,40.76446533203125,917.64,4958,4958,5007.39,5925.03,49.39000000000033,-5.684341886080801e-13,0.9999999999999993
36856,-73.95826721191406,40.78172302246094,-73.98088836669923,40.78087615966797,500.65,4958,4958,-1.0,-1.0,-1,-1,0.0
36857,-73.95784759521484,40.76929473876953,-73.96286010742188,40.76292419433594,196.67,4958,4958,-1.0,-1.0,-1,-1,0.0
36858,-73.94888305664062,40.78165054321289,-73.9556655883789,40.7685432434082,356.46,4958,4958,4980.0,5336.46,22.0,5.684341886080802e-14,1.0000000000000002
36859,-73.98432159423827,40.77027893066406,-73.93904876708984,40.81746292114258,1201.46,4958,4958,5143.53,6344.99,185.52999999999975,0.0,1.0
36860,-73.98800659179686,40.764591217041016,-73.9972915649414,40.750919342041016,385.47,4958,4958,4984.41,5369.88,26.409999999999854,2.2737367544323206e-13,1.0000000000000007
36861,-73.98714447021484,40.744930267333984,-73.97532653808595,40.73553466796875,494.86,4958,4958,-1.0,-1.0,-1,-1,0.0
36862,-73.97230529785155,40.782325744628906,-73.95461273193358,40.77083587646485,529.42,4958,4958,5524.09,6053.51,566.0900000000001,1.1368683772161603e-13,1.0000000000000002
36863,-73.99156951904298,40.74985885620117,-73.98046112060547,40.7419548034668,497.7,4958,4958,-1.0,-1.0,-1,-1,0.0
36864,-74.00637817382812,40.73310089111328,-73.9881591796875,40.72050857543945,860.56,4958,4958,5012.86,5873.42,54.85999999999967,4.547473508864641e-13,1.0000000000000004
36865,-73.99303436279298,40.72968673706055,-73.97110748291014,40.75127410888672,762.08,4959,4959,-1.0,-1.0,-1,-1,0.0
36866,-73.96893310546875,40.76411056518555,-73.9646224975586,40.772850036621094,220.84,4959,4959,-1.0,-1.0,-1,-1,0.0
36867,-74.00473022460938,40.74187850952149,-73.99433898925781,40.72230911254883,869.71,4959,4959,5001.15,5932.62,42.149999999999636,61.76000000000022,1.0710121764726175
36868,-74.00276947021484,40.76049423217773,-73.98916625976562,40.762020111083984,380.63,4959,4959,5062.38,5443.01,103.38000000000011,1.1368683772161603e-13,1.0000000000000002
36869,-73.97560882568358,40.75480651855469,-73.97384643554686,40.76036071777344,215.3,4959,4959,-1.0,-1.0,-1,-1,0.0
36870,-74.00754547119139,40.751441955566406,-73.97998046875,40.739524841308594,806.9,4960,4960,5034.55,5841.45,74.55000000000018,-3.410605131648481e-13,0.9999999999999996
36871,-73.98719024658203,40.7451057434082,-73.99973297119139,40.73430633544922,337.79,4960,4960,-1.0,-1.0,-1,-1,0.0
36872,-73.95639038085938,40.778186798095696,-73.96595764160156,40.765151977539055,332.82,4960,4960,5057.58,5390.4,97.57999999999993,-2.8421709430404007e-13,0.9999999999999991
36873,-73.9916458129883,40.74982070922852,-73.97442626953125,40.757591247558594,664.59,4961,4961,-1.0,-1.0,-1,-1,0.0
36874,-73.97105407714845,40.75565719604492,-73.9687271118164,40.76581573486328,328.46,4961,4961,-1.0,-1.0,-1,-1,0.0
36875,-73.9669189453125,40.76376724243164,-73.98635101318358,40.76983642578125,700.67,4961,4961,5094.25,5794.92,133.25,1.1368683772161603e-13,1.0000000000000002
36876,-73.96356201171875,40.77474212646485,-73.95346069335938,40.76764678955078,438.88,4961,4961,-1.0,-1.0,-1,-1,0.0
36877,-73.94499969482422,40.78024673461913,-73.98187255859375,40.731143951416016,994.91,4961,4961,5355.64,6350.55,394.6400000000003,-1.1368683772161603e-13,0.9999999999999999
36878,-73.98152160644531,40.71451187133789,-74.0158462524414,40.7147216796875,592.29,4962,4962,5198.08,5790.37,236.07999999999993,0.0,1.0
36879,-73.9974136352539,40.721229553222656,-73.98534393310547,40.738807678222656,524.66,4962,4962,5004.34,5564.04,42.340000000000146,35.03999999999985,1.0667861090992259
36880,-73.95713806152342,40.7741584777832,-73.97335052490234,40.782676696777344,392.79,4962,4962,4980.75,5373.54,18.75,-5.684341886080802e-14,0.9999999999999999
36881,-73.9770278930664,40.74937438964844,-73.99044036865234,40.75110626220703,425.7,4962,4962,-1.0,-1.0,-1,-1,0.0
36882,-73.96874237060547,40.76448059082031,-74.00672149658203,40.73025131225585,1210.34,4962,4962,-1.0,-1.0,-1,-1,0.0
36883,-73.9723129272461,40.75331115722656,-73.9810562133789,40.763580322265625,680.14,4962,4962,-1.0,-1.0,-1,-1,0.0
36884,-73.96121215820312,40.76055908203125,-73.96708679199219,40.760078430175774,259.71,4962,4962,4995.38,5255.09,33.38000000000011,5.684341886080802e-14,1.0000000000000002
36885,-73.9519805908203,40.76940155029297,-73.9957733154297,40.742618560791016,1154.08,4963,4963,5131.41,6285.49,168.40999999999985,0.0,1.0
36886,-73.96436309814453,40.77302932739258,-73.95191955566406,40.76593017578125,412.68,4963,4963,-1.0,-1.0,-1,-1,0.0
36887,-73.9861831665039,40.75918197631836,-73.98681640625,40.751243591308594,523.03,4963,4963,5014.45,5537.48,51.44999999999982,-2.2737367544323206e-13,0.9999999999999996
36888,-73.96912384033203,40.7851448059082,-73.96123504638672,40.76178741455078,907.85,4963,4963,4987.85,5900.0,24.850000000000364,4.2999999999996135,1.0047364652751
36889,-73.99015045166014,40.76165390014648,-73.98131561279298,40.7413444519043,875.03,4963,4963,5053.58,5928.61,90.57999999999993,-2.2737367544323206e-13,0.9999999999999998
36890,-73.97115325927734,40.75396728515625,-73.95978546142578,40.767974853515625,417.99,4963,4963,-1.0,-1.0,-1,-1,0.0
36891,-73.95381164550781,40.78377151489258,-73.95613861083984,40.77288818359375,332.33,4963,4963,5012.08,5397.66,49.07999999999993,53.24999999999994,1.160232299220654
36892,-73.96697998046875,40.80413436889648,-73.9607162475586,40.79834365844727,275.79,4964,4964,5058.95,5334.74,94.94999999999982,-5.684341886080802e-14,0.9999999999999998
36893,-73.98857879638672,40.74930953979492,-73.98751831054686,40.76295471191406,454.82,4964,4964,-1.0,-1.0,-1,-1,0.0
36894,-73.97470092773438,40.793399810791016,-73.98220825195312,40.776309967041016,360.91,4964,4964,4990.73,5396.72,26.729999999999563,45.080000000000666,1.1249064863816483
36895,-73.97666931152342,40.75873947143555,-73.96029663085938,40.76163864135742,566.5,4964,4964,-1.0,-1.0,-1,-1,0.0
36896,-73.98677825927734,40.73960876464844,-74.0037612915039,40.72845077514648,488.89,4964,4964,-1.0,-1.0,-1,-1,0.0
36897,-74.00874328613281,40.71894836425781,-73.9706039428711,40.76081085205078,1321.72,4964,4964,5167.08,6488.8,203.07999999999993,2.2737367544323206e-13,1.0000000000000002
36898,-74.00761413574219,40.72578430175781,-73.99219512939453,40.74929809570313,698.66,4964,4964,5007.38,5706.04,43.38000000000011,-1.1368683772161603e-13,0.9999999999999999
36899,-73.97796630859375,40.759559631347656,-73.94904327392578,40.77431869506836,856.62,4964,4964,-1.0,-1.0,-1,-1,0.0
36900,-73.96751403808595,40.76032638549805,-73.94898986816406,40.777442932128906,457.65,4964,4964,-1.0,-1.0,-1,-1,0.0
36901,-73.95443725585938,40.764068603515625,-73.98088836669923,40.741798400878906,651.97,4965,4965,-1.0,-1.0,-1,-1,0.0
36902,-73.98421478271484,40.742530822753906,-74.00528717041014,40.73800659179688,627.38,4965,4965,5008.67,5636.05,43.67000000000007,1.1368683772161603e-13,1.0000000000000002
36903,-73.99655151367188,40.7375602722168,-74.0032730102539,40.74385070800781,277.33,4965,4965,4987.04,5264.37,22.039999999999964,-5.684341886080802e-14,0.9999999999999998
36904,-73.96271514892578,40.76990127563477,-73.9685821533203,40.79155349731445,690.47,4965,4965,5006.19,5696.66,41.1899999999996,2.2737367544323206e-13,1.0000000000000002
36905,-73.98367309570312,40.74655151367188,-73.99266815185547,40.758522033691406,553.52,4965,4965,-1.0,-1.0,-1,-1,0.0
36906,-73.9553985595703,40.772964477539055,-73.96171569824219,40.76436996459961,243.63,4965,4965,5018.46,5262.09,53.460000000000036,1.1368683772161603e-13,1.0000000000000004
36907,-73.98402404785155,40.765541076660156,-73.95507049560547,40.773231506347656,766.34,4966,4966,5000.61,5766.95,34.60999999999967,1.1368683772161603e-13,1.0000000000000002
36908,-73.98258209228516,40.73952865600585,-73.98148345947266,40.74991989135742,380.82,4966,4966,5024.86,5410.91,58.85999999999967,5.230000000000189,1.0137335223990342
36909,-73.9844970703125,40.74925231933594,-73.98919677734375,40.76818466186523,672.0,4966,4966,-1.0,-1.0,-1,-1,0.0
36910,-74.0077896118164,40.74103927612305,-74.00263214111328,40.76063919067383,518.39,4966,4966,5002.65,5521.04,36.649999999999636,3.410605131648481e-13,1.0000000000000007
36911,-73.97017669677734,40.76322937011719,-73.98294067382812,40.74474334716797,599.96,4966,4966,-1.0,-1.0,-1,-1,0.0
36912,-73.98470306396483,40.74803161621094,-73.98052978515625,40.76508712768555,613.56,4966,4966,-1.0,-1.0,-1,-1,0.0
36913,-74.00896453857422,40.713623046875,-73.99081420898438,40.73823928833008,690.11,4966,4966,-1.0,-1.0,-1,-1,0.0
36914,-73.9947738647461,40.76057815551758,-73.97882843017578,40.730995178222656,1129.76,4966,4966,4987.19,6136.38,21.1899999999996,19.43000000000052,1.0171983430109055
36915,-73.95618438720702,40.771690368652344,-73.98905944824219,40.7266731262207,1057.87,4966,4966,4994.75,6052.62,28.75,0.0,1.0
36916,-74.00800323486328,40.74745178222656,-73.96666717529298,40.78894424438477,936.66,4966,4966,-1.0,-1.0,-1,-1,0.0
36917,-73.9822006225586,40.774070739746094,-73.99272155761719,40.76681900024415,285.17,4966,4966,5002.87,5288.04,36.86999999999989,5.684341886080802e-14,1.0000000000000002
36918,-73.97055053710938,40.7554817199707,-73.98056030273438,40.73524856567383,519.83,4966,4966,5015.57,5604.73,49.56999999999971,69.32999999999981,1.1333705249793198
36919,-74.00077056884766,40.74212646484375,-73.977783203125,40.77706527709961,836.26,4966,4966,-1.0,-1.0,-1,-1,0.0
36920,-73.99224090576173,40.754295349121094,-73.98365020751955,40.76618576049805,307.1,4966,4966,5008.68,5315.78,42.68000000000029,-5.684341886080801e-13,0.9999999999999981
36921,-73.96713256835938,40.79875183105469,-73.95392608642578,40.80650329589844,345.16,4966,4966,5012.72,5362.13,46.720000000000255,4.2499999999998295,1.012313130142542
36922,-73.96728515625,40.788169860839844,-74.00464630126955,40.726844787597656,1478.93,4967,4967,5131.37,6610.3,164.3699999999999,2.2737367544323206e-13,1.0000000000000002
36923,-73.97089385986328,40.79859161376953,-73.96489715576173,40.80985641479492,269.34,4967,4967,5022.51,5291.85,55.51000000000022,1.7053025658242404e-13,1.0000000000000007
36924,-74.00569915771484,40.71400833129883,-73.96534729003906,40.75492477416992,1115.74,4967,4967,-1.0,-1.0,-1,-1,0.0
36925,-73.9873046875,40.74078750610352,-74.00789642333984,40.73941040039063,583.12,4967,4967,-1.0,-1.0,-1,-1,0.0
36926,-73.97298431396483,40.76110076904297,-74.00577545166014,40.74133682250977,983.59,4967,4967,-1.0,-1.0,-1,-1,0.0
36927,-73.99058532714845,40.74582290649415,-74.01721954345702,40.711185455322266,991.03,4967,4967,-1.0,-1.0,-1,-1,0.0
36928,-73.9820556640625,40.774749755859375,-73.96905517578125,40.785457611083984,389.3,4968,4968,-1.0,-1.0,-1,-1,0.0
36929,-73.97367858886719,40.79436874389648,-73.96575927734375,40.790203094482415,191.58,4968,4968,5024.03,5215.61,56.029999999999745,-8.526512829121202e-14,0.9999999999999996
36930,-73.99260711669923,40.7535514831543,-73.97168731689453,40.74475860595703,734.85,4968,4968,-1.0,-1.0,-1,-1,0.0
36931,-73.98976135253906,40.74135208129883,-73.99651336669923,40.73196029663085,194.16,4968,4968,-1.0,-1.0,-1,-1,0.0
36932,-73.9981918334961,40.71353530883789,-73.99369812011719,40.75189971923828,1061.09,4968,4968,4991.92,6053.01,23.920000000000073,2.2737367544323206e-13,1.0000000000000002
36933,-74.01695251464845,40.70574188232422,-74.00580596923827,40.7411003112793,746.16,4968,4968,-1.0,-1.0,-1,-1,0.0
36934,-73.98139190673827,40.780460357666016,-73.96717071533203,40.80693054199219,555.86,4968,4968,5082.54,5638.4,114.53999999999996,-3.410605131648481e-13,0.9999999999999993
36935,-73.97578430175781,40.75487518310547,-73.97105407714845,40.76512908935547,335.05,4968,4968,-1.0,-1.0,-1,-1,0.0
36936,-73.99224853515625,40.72481155395508,-73.98358154296875,40.743873596191406,551.93,4968,4968,4982.58,5565.34,14.579999999999927,30.83000000000027,1.055858532784955
36937,-73.99289703369139,40.74792861938477,-73.98633575439453,40.73062133789063,580.98,4968,4968,4991.45,5652.82,23.449999999999818,80.38999999999987,1.1383696512788735
36938,-73.97188568115234,40.76133728027344,-73.97145080566406,40.78636169433594,684.12,4969,4969,5015.11,5711.23,46.10999999999967,11.999999999999886,1.0175407823188913
36939,-74.01081848144531,40.7114143371582,-73.97624969482422,40.765625,1284.83,4969,4969,-1.0,-1.0,-1,-1,0.0
36940,-73.99998474121094,40.72047424316406,-74.0033187866211,40.73760223388672,585.57,4969,4969,-1.0,-1.0,-1,-1,0.0
36941,-73.95330810546875,40.77596664428711,-73.95948028564453,40.78205490112305,323.75,4969,4969,4995.31,5319.06,26.3100000000004,0.0,1.0
36942,-74.00594329833984,40.74518203735352,-73.98123168945312,40.77913284301758,644.89,4969,4969,-1.0,-1.0,-1,-1,0.0
36943,-73.99736785888672,40.74182510375977,-74.00057220458984,40.73008346557617,323.97,4969,4969,-1.0,-1.0,-1,-1,0.0
36944,-73.994140625,40.75152206420898,-73.95574188232422,40.770111083984375,1135.85,4969,4969,5021.76,6198.78,52.76000000000022,41.16999999999962,1.036245983184399
36945,-73.98155212402342,40.756309509277344,-74.00019073486328,40.76250076293945,551.34,4969,4969,4993.87,5545.21,24.86999999999989,1.1368683772161603e-13,1.0000000000000002
36946,-73.98784637451173,40.743560791015625,-73.98907470703125,40.76279830932617,737.11,4970,4970,-1.0,-1.0,-1,-1,0.0
36947,-73.96012878417969,40.77307510375977,-73.98731231689453,40.74750900268555,1035.36,4970,4970,-1.0,-1.0,-1,-1,0.0
36948,-73.97013092041014,40.761436462402344,-73.96106719970702,40.76583862304688,335.65,4970,4970,-1.0,-1.0,-1,-1,0.0
36949,-73.98753356933594,40.75618743896485,-73.98816680908203,40.74881362915039,358.78,4970,4970,-1.0,-1.0,-1,-1,0.0
36950,-74.00652313232422,40.70676803588867,-73.9474868774414,40.77115249633789,1254.47,4970,4970,-1.0,-1.0,-1,-1,0.0
36951,-73.96283721923827,40.7686882019043,-73.98027801513672,40.780521392822266,653.33,4970,4970,5063.49,5719.81,93.48999999999978,2.9900000000005775,1.0045765539620108
36952,-73.97247314453125,40.74550247192383,-73.9573974609375,40.76591873168945,342.05,4970,4970,4999.19,5341.24,29.1899999999996,1.7053025658242404e-13,1.0000000000000004
36953,-73.95989990234375,40.76683044433594,-73.97718811035155,40.751800537109375,642.68,4970,4970,-1.0,-1.0,-1,-1,0.0
36954,-73.97250366210938,40.759761810302734,-73.95443725585938,40.78671646118164,596.5,4970,4970,-1.0,-1.0,-1,-1,0.0
36955,-73.97545623779298,40.74966049194336,-73.9898910522461,40.7567253112793,589.62,4970,4970,-1.0,-1.0,-1,-1,0.0
36956,-73.99263763427734,40.73754119873047,-73.98214721679686,40.73986053466797,419.07,4971,4971,-1.0,-1.0,-1,-1,0.0
36957,-73.97358703613281,40.76350402832031,-73.97654724121094,40.75396728515625,415.7,4971,4971,-1.0,-1.0,-1,-1,0.0
36958,-74.00183868408203,40.73528289794922,-74.01486206054686,40.71083450317383,582.41,4971,4971,5010.54,5655.99,39.539999999999964,63.03999999999985,1.1082398997269962
36959,-73.98211669921875,40.76226425170898,-73.97792053222656,40.77352523803711,386.01,4971,4971,-1.0,-1.0,-1,-1,0.0
36960,-73.97344970703125,40.76462173461913,-73.97013092041014,40.78398895263672,548.62,4971,4971,-1.0,-1.0,-1,-1,0.0
36961,-73.99388885498048,40.758880615234375,-73.9857177734375,40.7706298828125,262.09,4971,4971,-1.0,-1.0,-1,-1,0.0
36962,-74.0043716430664,40.70711135864258,-74.01788330078125,40.709339141845696,395.89,4972,4972,-1.0,-1.0,-1,-1,0.0
36963,-73.98825073242188,40.75452041625977,-73.9865493774414,40.734199523925774,687.77,4972,4972,5020.96,5775.93,48.960000000000036,67.20000000000027,1.0977070823094934
36964,-73.9707489013672,40.76171875,-73.9908905029297,40.7314682006836,861.97,4972,4972,-1.0,-1.0,-1,-1,0.0
36965,-73.98889923095702,40.74115753173828,-74.00849151611328,40.74219512939453,525.13,4972,4972,-1.0,-1.0,-1,-1,0.0
36966,-73.99225616455078,40.738731384277344,-73.94645690917969,40.77693557739258,1131.97,4972,4972,4988.2,6120.17,16.199999999999818,2.2737367544323206e-13,1.0000000000000002
36967,-73.98915100097656,40.743141174316406,-73.9864501953125,40.75650405883789,484.55,4972,4972,-1.0,-1.0,-1,-1,0.0
36968,-73.9709701538086,40.761905670166016,-73.959716796875,40.76764678955078,364.69,4972,4972,-1.0,-1.0,-1,-1,0.0
36969,-73.97887420654298,40.78520202636719,-73.93332672119139,40.85500717163085,902.49,4972,4972,5092.42,5994.91,120.42000000000007,-2.2737367544323206e-13,0.9999999999999998
36970,-73.98497009277344,40.7569694519043,-73.97779846191406,40.76394271850585,337.96,4972,4972,5030.46,5419.01,58.460000000000036,50.5900000000002,1.1496922712747077
36971,-73.9660415649414,40.77404403686523,-73.95269775390625,40.78044128417969,378.77,4973,4973,-1.0,-1.0,-1,-1,0.0
36972,-73.97335052490234,40.76174926757813,-73.98068237304686,40.77323913574219,445.22,4973,4973,-1.0,-1.0,-1,-1,0.0
36973,-73.95477294921875,40.769058227539055,-73.98380279541014,40.73398971557617,776.3,4973,4973,-1.0,-1.0,-1,-1,0.0
36974,-73.98619079589844,40.74036026000977,-73.99292755126955,40.7331657409668,231.88,4973,4973,-1.0,-1.0,-1,-1,0.0
36975,-73.9832763671875,40.762855529785156,-73.98638916015625,40.73639297485352,901.05,4973,4973,-1.0,-1.0,-1,-1,0.0
36976,-73.97853851318358,40.77780151367188,-73.98040008544923,40.76133728027344,600.69,4973,4973,5017.13,5617.82,44.13000000000011,-4.547473508864641e-13,0.9999999999999992
36977,-73.97755432128906,40.75715637207031,-73.97749328613281,40.78788375854492,927.31,4973,4973,4998.22,6011.75,25.220000000000255,86.2199999999998,1.0929786155654526
36978,-73.9817657470703,40.74668502807617,-73.96914672851562,40.76281356811523,441.4,4973,4973,-1.0,-1.0,-1,-1,0.0
36979,-73.98233795166014,40.745643615722656,-73.99700927734375,40.73750305175781,433.02,4973,4973,-1.0,-1.0,-1,-1,0.0
36980,-73.99726104736328,40.72510147094727,-73.99359130859375,40.71538162231445,486.68,4974,4974,4997.31,5551.05,23.3100000000004,67.05999999999977,1.1377907454590281
36981,-73.99092864990234,40.74564743041992,-73.97810363769531,40.75228118896485,432.54,4974,4974,-1.0,-1.0,-1,-1,0.0
36982,-73.96998596191406,40.76213836669922,-73.98754119873048,40.73921585083008,662.13,4974,4974,-1.0,-1.0,-1,-1,0.0
36983,-74.01004791259766,40.703269958496094,-73.9906997680664,40.724159240722656,543.99,4974,4974,5126.24,5670.2300000000005,152.23999999999978,6.821210263296962e-13,1.0000000000000013
36984,-74.00189208984375,40.72579574584961,-74.00126647949219,40.72007369995117,289.82,4974,4974,5106.92,5396.74,132.92000000000007,-2.8421709430404007e-13,0.999999999999999
36985,-73.95452117919923,40.7781982421875,-73.98106384277344,40.77842712402344,610.26,4974,4974,5022.76,5654.39,48.76000000000022,21.37000000000012,1.0350178612394718
36986,-73.99545288085938,40.76454162597656,-73.9876937866211,40.74375534057617,770.48,4974,4974,4980.0,5792.56,6.0,42.08000000000038,1.0546153047450946
36987,-73.95417785644531,40.76422882080078,-73.9636993408203,40.76818084716797,355.65,4975,4975,-1.0,-1.0,-1,-1,0.0
36988,-73.99488067626955,40.74370193481445,-73.98165893554686,40.729270935058594,631.65,4975,4975,4995.11,5683.01,20.109999999999673,56.25000000000057,1.0890524815958214
36989,-73.955322265625,40.763919830322266,-73.9717788696289,40.75074005126953,517.99,4975,4975,-1.0,-1.0,-1,-1,0.0
36990,-73.99401092529298,40.75135040283203,-73.99655151367188,40.728530883789055,774.13,4975,4975,5014.0,5788.13,39.0,1.1368683772161603e-13,1.0000000000000002
36991,-73.96279907226562,40.77405548095703,-73.97618865966798,40.76042175292969,516.06,4975,4975,-1.0,-1.0,-1,-1,0.0
36992,-73.97352600097656,40.748207092285156,-73.97152709960938,40.75444793701172,274.96,4976,4976,-1.0,-1.0,-1,-1,0.0
36993,-74.0017318725586,40.73062133789063,-74.01353454589844,40.71533966064453,614.27,4976,4976,5012.14,5699.07,36.14000000000033,72.6599999999994,1.1182867468702677
36994,-73.95328521728516,40.78272247314453,-73.98719024658203,40.71837997436523,1368.68,4976,4976,5092.09,6460.7699999999995,116.09000000000015,-6.821210263296962e-13,0.9999999999999996
36995,-73.97876739501955,40.75125122070313,-73.97772979736328,40.781192779541016,941.8,4976,4976,-1.0,-1.0,-1,-1,0.0
36996,-73.98542022705078,40.7397689819336,-74.005126953125,40.73995971679688,586.38,4976,4976,5008.11,5594.49,32.10999999999967,1.1368683772161603e-13,1.0000000000000002
36997,-73.98136901855469,40.77378845214844,-73.97097778320312,40.75176239013672,904.38,4976,4976,-1.0,-1.0,-1,-1,0.0
36998,-73.95754241943358,40.78269577026367,-73.98416900634766,40.78308486938477,606.49,4976,4976,5391.04,5997.53,415.03999999999996,-2.2737367544323206e-13,0.9999999999999997
36999,-73.9685287475586,40.76480102539063,-73.96926879882812,40.76005172729492,190.83,4976,4976,-1.0,-1.0,-1,-1,0.0
37000,-74.0038833618164,40.75305938720703,-73.98536682128906,40.75341796875,551.13,4976,4976,-1.0,-1.0,-1,-1,0.0
37001,-73.98926544189453,40.77285385131836,-73.97077178955078,40.78936004638672,473.86,4976,4976,5070.07,5543.93,94.06999999999971,5.684341886080801e-13,1.000000000000001
37002,-73.95854949951173,40.780738830566406,-73.95590209960938,40.77214050292969,329.87,4976,4976,5348.71,5678.58,372.71000000000004,-1.1368683772161603e-13,0.9999999999999997
37003,-73.98304748535155,40.771751403808594,-73.97802734375,40.75475692749024,754.22,4976,4976,-1.0,-1.0,-1,-1,0.0
37004,-73.97572326660156,40.740570068359375,-73.96051025390625,40.76176834106445,345.76,4976,4976,5026.66,5372.42,50.659999999999854,2.2737367544323206e-13,1.0000000000000007
37005,-73.96807861328125,40.76241683959961,-73.98079681396483,40.744834899902344,437.67,4977,4977,4987.48,5425.15,10.479999999999563,5.684341886080802e-14,1.0000000000000002
37006,-73.96092987060547,40.77509307861328,-73.95416259765625,40.76567077636719,393.19,4977,4977,5054.62,5447.8099999999995,77.61999999999989,-3.979039320256561e-13,0.999999999999999
37007,-73.9588394165039,40.775066375732415,-73.95330047607422,40.78343963623047,222.82,4977,4977,5024.75,5247.57,47.75,-2.8421709430404007e-13,0.9999999999999988
37008,-74.005859375,40.74559783935547,-73.99208068847656,40.75453567504883,417.97,4977,4977,-1.0,-1.0,-1,-1,0.0
37009,-73.95589447021484,40.776283264160156,-73.95606231689453,40.78458023071289,245.41,4977,4977,5031.07,5276.48,54.06999999999971,-1.4210854715202004e-13,0.9999999999999994
37010,-73.95452117919923,40.77486038208008,-73.95549774169923,40.78039932250977,193.49,4977,4977,5080.21,5273.7,103.21000000000004,-2.2737367544323206e-13,0.9999999999999988
37011,-74.0159454345703,40.71134567260742,-74.01390838623048,40.70236587524415,239.29,4977,4977,-1.0,-1.0,-1,-1,0.0
37012,-73.96127319335938,40.78039169311523,-73.95331573486328,40.78357696533203,214.17,4977,4977,5032.0,5246.17,55.0,8.526512829121202e-14,1.0000000000000004
37013,-73.99900817871094,40.72134017944336,-74.00839233398438,40.73408889770508,545.08,4977,4977,5131.87,5676.95,154.8699999999999,-1.1368683772161603e-13,0.9999999999999998
37014,-73.98368072509766,40.75511932373047,-73.9709243774414,40.75879669189453,504.62,4977,4977,5017.42,5522.04,40.42000000000007,-1.1368683772161603e-13,0.9999999999999998
37015,-73.9962158203125,40.74331665039063,-74.00526428222656,40.72880172729492,280.2,4978,4978,4997.4,5330.14,19.399999999999636,52.5400000000007,1.1875089221984323
37016,-74.0008544921875,40.74631881713867,-73.97370910644531,40.79191589355469,938.92,4978,4978,-1.0,-1.0,-1,-1,0.0
37017,-73.96285247802734,40.75848007202149,-73.9525833129883,40.77682113647461,352.87,4978,4978,5010.33,5363.2,32.32999999999993,-1.1368683772161603e-13,0.9999999999999997
37018,-73.99703216552734,40.72237014770508,-73.96736145019531,40.75593185424805,904.64,4978,4978,4980.0,5884.64,2.0,3.410605131648481e-13,1.0000000000000004
37019,-73.99791717529298,40.74945831298828,-73.98199462890625,40.74398040771485,620.08,4978,4978,-1.0,-1.0,-1,-1,0.0
37020,-73.97830963134766,40.75136184692383,-73.9669189453125,40.77241134643555,615.75,4978,4978,-1.0,-1.0,-1,-1,0.0
37021,-74.00601959228516,40.70597839355469,-73.9762191772461,40.748451232910156,876.12,4978,4978,-1.0,-1.0,-1,-1,0.0
37022,-73.9854507446289,40.75190353393555,-73.99351501464844,40.732765197753906,495.09,4979,4979,4990.71,5485.8,11.710000000000036,1.7053025658242404e-13,1.0000000000000004
37023,-73.9666976928711,40.75817108154297,-73.98595428466798,40.7609748840332,848.33,4979,4979,5001.04,5926.27,22.039999999999964,76.90000000000043,1.0906486862423825
37024,-73.99413299560547,40.756591796875,-74.0,40.73860168457031,456.12,4979,4979,4992.01,5448.13,13.010000000000218,-1.1368683772161603e-13,0.9999999999999998
37025,-74.00209045410156,40.72449111938477,-74.0001220703125,40.73051071166992,233.41,4979,4979,-1.0,-1.0,-1,-1,0.0
37026,-73.96913146972656,40.79847717285156,-73.98619842529298,40.76064682006836,914.44,4979,4979,5034.08,6005.73,55.07999999999993,57.20999999999958,1.0625628800139972
37027,-74.00205993652342,40.729888916015625,-74.00114440917969,40.73909759521485,248.5,4979,4979,-1.0,-1.0,-1,-1,0.0
37028,-73.97949981689453,40.75307083129883,-73.95458984375,40.76616668701172,729.19,4979,4979,-1.0,-1.0,-1,-1,0.0
37029,-73.99660491943358,40.72551727294922,-73.96626281738281,40.76176452636719,1003.91,4979,4979,5017.79,6021.7,38.789999999999964,-1.1368683772161603e-13,0.9999999999999999
37030,-73.98103332519531,40.78261947631836,-73.98592376708984,40.76315689086913,529.93,4980,4980,4992.83,5522.76,12.829999999999927,3.410605131648481e-13,1.0000000000000007
37031,-74.00946807861328,40.71472549438477,-73.97010040283203,40.74905014038085,1029.58,4980,4980,5021.17,6050.75,41.17000000000007,0.0,1.0
37032,-73.9799270629883,40.74873352050781,-73.97176361083984,40.76034164428711,372.07,4980,4980,-1.0,-1.0,-1,-1,0.0
37033,-73.99276733398438,40.734031677246094,-73.94303131103516,40.77731704711913,1257.26,4980,4980,-1.0,-1.0,-1,-1,0.0
37034,-74.006591796875,40.74433135986328,-73.98453521728516,40.767311096191406,522.66,4980,4980,4989.07,5511.73,9.069999999999709,-1.1368683772161603e-13,0.9999999999999998
37035,-73.98062896728516,40.748008728027344,-73.95358276367188,40.77539825439453,846.4,4980,4980,-1.0,-1.0,-1,-1,0.0
37036,-73.96514129638672,40.76419067382813,-73.99005889892578,40.75188064575195,940.92,4981,4981,-1.0,-1.0,-1,-1,0.0
37037,-73.97164916992188,40.75068283081055,-73.97945404052734,40.7398681640625,208.59,4981,4981,-1.0,-1.0,-1,-1,0.0
37038,-73.98049926757811,40.74551010131836,-73.98899078369139,40.7775993347168,1098.28,4981,4981,-1.0,-1.0,-1,-1,0.0
37039,-73.99054718017578,40.73054504394531,-73.99714660644531,40.72468948364258,408.12,4981,4981,5176.54,5584.66,195.53999999999996,-1.1368683772161603e-13,0.9999999999999997
37040,-74.0075912475586,40.72464370727539,-74.00605773925781,40.740421295166016,328.15,4981,4981,5103.29,5431.44,122.28999999999996,-3.410605131648481e-13,0.999999999999999
37041,-73.99495697021484,40.74528884887695,-73.98446655273438,40.72565078735352,713.09,4982,4982,-1.0,-1.0,-1,-1,0.0
37042,-73.97127532958984,40.75510787963867,-73.95816802978516,40.77302551269531,393.65,4982,4982,5119.22,5512.87,137.22000000000025,-3.410605131648481e-13,0.9999999999999991
37043,-73.98883819580078,40.75956344604492,-73.92829132080078,40.858558654785156,1384.73,4982,4982,-1.0,-1.0,-1,-1,0.0
37044,-73.98204803466798,40.75204086303711,-73.98950958251955,40.741600036621094,214.93,4982,4982,5027.63,5242.56,45.63000000000011,2.8421709430404007e-13,1.0000000000000013
37045,-73.9541473388672,40.76393127441406,-73.97480010986328,40.75343704223633,643.03,4982,4982,-1.0,-1.0,-1,-1,0.0
37046,-73.96146392822266,40.76867294311523,-73.95346069335938,40.78120803833008,256.94,4982,4982,5141.41,5398.35,159.40999999999985,5.115907697472721e-13,1.000000000000002
37047,-73.98666381835938,40.75760269165039,-73.98428344726562,40.711097717285156,1189.89,4982,4982,5027.47,6249.47,45.470000000000255,32.1099999999999,1.0269856877526493
37048,-74.00283813476562,40.760501861572266,-73.99474334716798,40.7503318786621,436.58,4982,4982,5092.38,5528.96,110.38000000000011,-5.684341886080802e-14,0.9999999999999999
37049,-74.01009368896483,40.72007369995117,-73.98869323730467,40.74862289428711,778.71,4983,4983,-1.0,-1.0,-1,-1,0.0
37050,-73.98831176757811,40.743667602539055,-73.9948959350586,40.7186393737793,818.35,4983,4983,-1.0,-1.0,-1,-1,0.0
37051,-73.97489929199219,40.75044631958008,-73.9786605834961,40.74170303344727,226.96,4983,4983,-1.0,-1.0,-1,-1,0.0
37052,-73.96337127685547,40.775169372558594,-73.99423217773438,40.72460174560547,1464.79,4983,4983,-1.0,-1.0,-1,-1,0.0
37053,-74.0053482055664,40.72845077514648,-73.99774932861328,40.73611068725585,240.54,4983,4983,-1.0,-1.0,-1,-1,0.0
37054,-74.00659942626955,40.712181091308594,-73.98692321777342,40.74836349487305,872.28,4983,4983,-1.0,-1.0,-1,-1,0.0
37055,-74.00723266601562,40.727535247802734,-73.98065948486328,40.73402404785156,748.79,4983,4983,-1.0,-1.0,-1,-1,0.0
37056,-73.9952621459961,40.73992156982422,-73.99629211425781,40.73249053955078,236.67,4983,4983,5137.87,5374.54,154.8699999999999,8.526512829121202e-14,1.0000000000000004
37057,-73.9946060180664,40.74038314819336,-73.99027252197266,40.75670623779297,530.72,4984,4984,-1.0,-1.0,-1,-1,0.0
37058,-73.9632339477539,40.77435302734375,-73.96532440185547,40.768455505371094,215.17,4984,4984,-1.0,-1.0,-1,-1,0.0
37059,-73.97377014160156,40.763179779052734,-73.99610137939453,40.763832092285156,594.13,4984,4984,-1.0,-1.0,-1,-1,0.0
37060,-73.9818344116211,40.773345947265625,-73.990234375,40.757530212402344,517.8,4984,4984,5806.17,6323.97,822.1700000000001,2.2737367544323206e-13,1.0000000000000004
37061,-73.98845672607422,40.7374382019043,-73.9669189453125,40.77251815795898,967.63,4984,4984,5017.45,5985.08,33.44999999999982,1.1368683772161603e-13,1.0000000000000002
37062,-73.97109985351562,40.7640037536621,-73.93719482421875,40.8509521484375,1448.66,4984,4984,-1.0,-1.0,-1,-1,0.0
37063,-73.95582580566406,40.76362228393555,-73.98184967041014,40.731163024902344,643.18,4984,4984,5017.97,5726.1,33.970000000000255,64.95000000000016,1.1009826176187074
37064,-73.97087860107422,40.75019073486328,-73.97905731201173,40.74052047729492,200.38,4984,4984,-1.0,-1.0,-1,-1,0.0
37065,-73.99501037597656,40.750312805175774,-74.01757049560547,40.71030044555664,994.21,4984,4984,-1.0,-1.0,-1,-1,0.0
37066,-73.97598266601562,40.76396942138672,-73.98384094238281,40.75705337524415,452.04,4984,4984,-1.0,-1.0,-1,-1,0.0
37067,-73.97022247314453,40.76227188110352,-73.97856903076173,40.778221130371094,579.38,4984,4984,-1.0,-1.0,-1,-1,0.0
37068,-73.9822006225586,40.772560119628906,-73.97471618652342,40.784141540527344,375.61,4985,4985,-1.0,-1.0,-1,-1,0.0
37069,-73.97966766357422,40.72759246826172,-73.9915542602539,40.72625350952149,358.81,4985,4985,-1.0,-1.0,-1,-1,0.0
37070,-73.95720672607422,40.783058166503906,-73.96097564697266,40.77546310424805,213.83,4985,4985,5599.03,5812.86,614.0299999999997,-8.526512829121202e-14,0.9999999999999996
37071,-73.98905944824219,40.77702331542969,-73.98114776611328,40.780704498291016,254.99,4985,4985,5424.59,5679.58,439.59000000000015,-2.2737367544323206e-13,0.9999999999999991
37072,-74.00963592529298,40.7154655456543,-73.99009704589844,40.76688003540039,926.19,4986,4986,-1.0,-1.0,-1,-1,0.0
37073,-74.01727294921875,40.70489883422852,-73.96575927734375,40.764549255371094,1291.02,4986,4986,-1.0,-1.0,-1,-1,0.0
37074,-73.99932861328125,40.743919372558594,-73.96524047851562,40.75519180297852,843.98,4986,4986,-1.0,-1.0,-1,-1,0.0
37075,-73.99933624267578,40.72457504272461,-74.00611114501955,40.74031066894531,514.12,4986,4986,5115.45,5629.57,129.44999999999982,-1.1368683772161603e-13,0.9999999999999998
37076,-73.97783660888672,40.76446533203125,-74.00811004638672,40.74040222167969,1066.05,4986,4986,-1.0,-1.0,-1,-1,0.0
37077,-73.9781494140625,40.75418090820313,-73.95090484619139,40.77904891967773,790.03,4986,4986,-1.0,-1.0,-1,-1,0.0
37078,-73.99211883544923,40.72918319702149,-74.00341033935547,40.73582077026367,448.72,4986,4986,-1.0,-1.0,-1,-1,0.0
37079,-73.97437286376955,40.79368209838867,-73.95774841308594,40.802101135253906,412.62,4987,4987,5034.3,5473.83,47.30000000000018,26.90999999999974,1.0652173913043472
37080,-73.99102020263672,40.74113845825195,-74.00342559814453,40.72392272949219,575.29,4987,4987,-1.0,-1.0,-1,-1,0.0
37081,-73.97322845458984,40.74910354614258,-73.98191833496094,40.73831558227539,203.25,4987,4987,-1.0,-1.0,-1,-1,0.0
37082,-73.98406982421875,40.76995849609375,-73.98648071289062,40.76233673095703,234.0,4987,4987,-1.0,-1.0,-1,-1,0.0
37083,-74.00244140625,40.72866821289063,-73.98363494873048,40.779483795166016,1104.02,4987,4987,-1.0,-1.0,-1,-1,0.0
37084,-73.99712371826173,40.72553253173828,-73.98725128173827,40.72224426269531,295.66,4987,4987,-1.0,-1.0,-1,-1,0.0
37085,-73.99301147460938,40.722843170166016,-73.97904968261719,40.73612594604492,418.53,4987,4987,5145.09,5563.62,158.09000000000015,-2.2737367544323206e-13,0.9999999999999994
37086,-73.98214721679686,40.740177154541016,-73.98646545410156,40.72654724121094,367.39,4987,4987,5198.05,5565.44,211.05000000000018,-5.684341886080801e-13,0.9999999999999984
37087,-73.99376678466798,40.727066040039055,-74.00169372558595,40.7509765625,776.52,4988,4988,5010.0,5856.41,22.0,69.88999999999987,1.0900041209498788
37088,-73.9842758178711,40.74589538574219,-73.9852294921875,40.75661087036133,455.97,4988,4988,-1.0,-1.0,-1,-1,0.0
37089,-73.98715209960938,40.7447395324707,-73.95008850097656,40.78371047973633,1129.55,4988,4988,-1.0,-1.0,-1,-1,0.0
37090,-74.00455474853516,40.737831115722656,-73.98665618896483,40.74623107910156,548.37,4988,4988,5013.7,5653.7,25.699999999999818,91.63,1.1670952094388825
37091,-73.99119567871094,40.723411560058594,-73.9895782470703,40.71410369873047,459.53,4988,4988,5021.84,5500.29,33.840000000000146,18.919999999999845,1.0411725023393463
37092,-73.98110961914062,40.76785278320313,-73.97244262695312,40.79574966430664,626.4,4989,4989,-1.0,-1.0,-1,-1,0.0
37093,-73.9815673828125,40.746665954589844,-73.95413970947266,40.7787971496582,848.06,4989,4989,-1.0,-1.0,-1,-1,0.0
37094,-74.00689697265625,40.71820068359375,-73.98956298828125,40.72631072998047,682.05,4989,4989,5016.22,5729.9,27.220000000000255,31.629999999999427,1.0463748992009374
37095,-73.97158813476562,40.750648498535156,-73.990478515625,40.75666809082031,631.34,4989,4989,-1.0,-1.0,-1,-1,0.0
37096,-73.95451354980467,40.785659790039055,-73.96546173095702,40.757789611816406,824.83,4990,4990,5114.16,5938.99,124.15999999999985,-1.1368683772161603e-13,0.9999999999999999
37097,-73.97746276855469,40.75259017944336,-73.96196746826173,40.75947952270508,449.03,4990,4990,5035.36,5484.39,45.35999999999967,6.821210263296962e-13,1.0000000000000016
37098,-73.97974395751955,40.73014831542969,-74.00128173828125,40.72751998901367,568.26,4990,4990,5196.62,5764.88,206.6199999999999,2.2737367544323206e-13,1.0000000000000004
37099,-73.9847183227539,40.74837112426758,-73.97320556640625,40.74539566040039,435.42,4990,4990,-1.0,-1.0,-1,-1,0.0
37100,-73.9982681274414,40.74523162841797,-74.0062484741211,40.74863052368164,206.96,4991,4991,-1.0,-1.0,-1,-1,0.0
37101,-73.95829772949219,40.77299880981445,-73.96510314941406,40.77341079711913,249.6,4991,4991,-1.0,-1.0,-1,-1,0.0
37102,-73.98119354248048,40.72512435913085,-73.97889709472656,40.74197006225585,418.43,4991,4991,-1.0,-1.0,-1,-1,0.0
37103,-73.97023773193358,40.75553894042969,-73.9877395629883,40.77948760986328,955.58,4991,4991,-1.0,-1.0,-1,-1,0.0
37104,-74.00082397460938,40.75759887695313,-73.98488616943358,40.75048828125,549.26,4991,4991,-1.0,-1.0,-1,-1,0.0
37105,-73.97476959228516,40.72990036010742,-73.98582458496094,40.74003601074219,477.57,4991,4991,5073.7,5551.27,82.69999999999982,6.252776074688882e-13,1.0000000000000013
37106,-74.00770568847656,40.74275588989258,-73.99097442626955,40.734878540039055,546.05,4991,4991,-1.0,-1.0,-1,-1,0.0
37107,-73.97432708740234,40.75072860717773,-73.95296478271484,40.78091049194336,640.27,4991,4991,5042.64,5682.91,51.64000000000033,-4.547473508864641e-13,0.9999999999999993
37108,-73.97744750976562,40.75593185424805,-73.96363067626955,40.77409744262695,418.02,4992,4992,-1.0,-1.0,-1,-1,0.0
37109,-73.97857666015625,40.7666015625,-73.95772552490234,40.780372619628906,638.68,4992,4992,5049.39,5688.07,57.39000000000033,-5.684341886080801e-13,0.9999999999999991
37110,-73.97776794433594,40.75514221191406,-73.98588562011719,40.71949768066406,1067.46,4992,4992,-1.0,-1.0,-1,-1,0.0
37111,-74.00763702392578,40.72507095336913,-73.98126220703125,40.750301361083984,862.71,4992,4992,-1.0,-1.0,-1,-1,0.0
37112,-74.00830841064453,40.71467971801758,-74.0032501220703,40.73537826538085,509.28,4992,4992,-1.0,-1.0,-1,-1,0.0
37113,-73.97589111328125,40.74458312988281,-73.98615264892578,40.73296737670898,224.79,4992,4992,-1.0,-1.0,-1,-1,0.0
37114,-74.00769805908203,40.74066925048828,-73.99188995361328,40.75952911376953,558.58,4992,4992,-1.0,-1.0,-1,-1,0.0
37115,-73.9903335571289,40.7314682006836,-73.97988891601562,40.73997116088867,357.98,4992,4992,5040.4,5429.38,48.399999999999636,31.000000000000455,1.086597016593107
37116,-73.96772766113281,40.76691818237305,-73.94664764404298,40.77653884887695,521.67,4992,4992,-1.0,-1.0,-1,-1,0.0
37117,-73.9691848754883,40.7983283996582,-73.97709655761719,40.789649963378906,238.53,4992,4992,5034.08,5272.61,42.07999999999993,-2.5579538487363607e-13,0.9999999999999989
37118,-73.97441101074219,40.76239013671875,-73.97928619384766,40.74699020385742,511.8,4992,4992,-1.0,-1.0,-1,-1,0.0
37119,-73.9747543334961,40.75542449951172,-73.9883804321289,40.744529724121094,556.22,4993,4993,-1.0,-1.0,-1,-1,0.0
37120,-73.97073364257811,40.76480484008789,-73.96228790283203,40.77810287475585,319.3,4993,4993,-1.0,-1.0,-1,-1,0.0
37121,-73.97998809814453,40.789798736572266,-73.95867156982422,40.7809944152832,472.57,4993,4993,5089.71,5562.28,96.71000000000004,-2.8421709430404007e-13,0.9999999999999994
37122,-73.99015808105469,40.73205947875977,-74.00379943847656,40.748268127441406,638.54,4993,4993,-1.0,-1.0,-1,-1,0.0
37123,-73.97805023193358,40.75395965576172,-73.9677734375,40.80216979980469,1115.81,4993,4993,5028.42,6214.23,35.42000000000007,69.99999999999955,1.0627346949749505
37124,-73.9726333618164,40.75957107543945,-74.00726318359375,40.74365997314453,1110.64,4993,4993,-1.0,-1.0,-1,-1,0.0
37125,-73.99217224121094,40.738182067871094,-73.9720230102539,40.74488830566406,636.06,4993,4993,-1.0,-1.0,-1,-1,0.0
37126,-73.9683609008789,40.76177978515625,-73.97356414794923,40.79286575317383,917.98,4993,4993,-1.0,-1.0,-1,-1,0.0
37127,-73.99594116210938,40.732810974121094,-73.99199676513672,40.72737884521485,273.92,4993,4993,5111.96,5385.88,118.96000000000004,5.684341886080802e-14,1.0000000000000002
37128,-73.98162078857422,40.764408111572266,-73.9894790649414,40.77664184570313,497.56,4993,4993,-1.0,-1.0,-1,-1,0.0
37129,-73.9937515258789,40.73596572875977,-74.00413513183594,40.72102737426758,546.35,4994,4994,5013.13,5607.41,19.13000000000011,47.92999999999972,1.0877276471126562
37130,-74.00718688964845,40.7417221069336,-73.98743438720702,40.74886322021485,571.97,4994,4994,-1.0,-1.0,-1,-1,0.0
37131,-73.9887161254883,40.73651885986328,-74.00452423095702,40.751991271972656,694.11,4994,4994,5044.66,5770.17,50.659999999999854,31.400000000000205,1.0452377865179874
37132,-73.95985412597656,40.773597717285156,-73.9513931274414,40.78232192993164,260.61,4994,4994,-1.0,-1.0,-1,-1,0.0
37133,-73.98908233642578,40.741661071777344,-74.00322723388672,40.723140716552734,596.66,4994,4994,-1.0,-1.0,-1,-1,0.0
37134,-73.98954772949219,40.74230194091797,-74.00109100341797,40.730865478515625,356.07,4994,4994,-1.0,-1.0,-1,-1,0.0
37135,-73.97268676757811,40.74654006958008,-73.96144866943358,40.7603874206543,286.06,4995,4995,-1.0,-1.0,-1,-1,0.0
37136,-73.99974060058595,40.73352813720703,-73.97860717773438,40.75282669067383,674.55,4995,4995,5176.13,5850.68,181.1300000000001,2.2737367544323206e-13,1.0000000000000004
37137,-73.96266174316406,40.79936218261719,-73.97735595703125,40.76213455200195,882.15,4995,4995,5139.39,6021.54,144.39000000000033,-3.410605131648481e-13,0.9999999999999997
37138,-73.98684692382812,40.75278854370117,-73.99128723144531,40.75006484985352,189.74,4995,4995,-1.0,-1.0,-1,-1,0.0
37139,-73.9850082397461,40.75066757202149,-74.01048278808594,40.71595764160156,930.82,4995,4995,5037.24,5998.13,42.23999999999978,30.070000000000277,1.0323048494875489
37140,-73.98076629638672,40.760009765625,-73.97525787353516,40.78759002685547,720.5,4995,4995,5047.28,5823.9800000000005,52.279999999999745,56.20000000000073,1.078001387925053
37141,-74.00865936279298,40.719181060791016,-73.98121643066406,40.77676010131836,1058.97,4995,4995,5075.25,6134.22,80.25,2.2737367544323206e-13,1.0000000000000002
37142,-73.9964599609375,40.73768615722656,-73.9520034790039,40.81462097167969,1537.08,4996,4996,5020.4,6603.870000000001,24.399999999999636,46.39000000000124,1.0301806021807591
37143,-73.99300384521484,40.734031677246094,-73.97600555419923,40.75141525268555,669.08,4996,4996,-1.0,-1.0,-1,-1,0.0
37144,-74.00596618652342,40.74013137817383,-73.99582672119139,40.7594108581543,446.58,4996,4996,5016.76,5463.34,20.76000000000022,-5.684341886080802e-14,0.9999999999999999
37145,-73.97090148925781,40.75904083251953,-73.9632110595703,40.776939392089844,551.53,4996,4996,-1.0,-1.0,-1,-1,0.0
37146,-73.97518920898438,40.75207901000977,-73.97760009765625,40.79227066040039,1266.05,4996,4996,5011.51,6334.4400000000005,15.510000000000218,56.88000000000034,1.0449271355791638
37147,-73.98006439208984,40.760475158691406,-73.94197082519531,40.85157012939453,1411.11,4996,4996,-1.0,-1.0,-1,-1,0.0
37148,-73.99664306640625,40.76340866088867,-73.99295806884766,40.75466918945313,345.92,4997,4997,5045.5,5391.42,48.5,5.684341886080802e-14,1.0000000000000002
37149,-73.9657974243164,40.768592834472656,-73.97376251220702,40.762996673583984,330.31,4997,4997,5115.71,5446.02,118.71000000000004,3.979039320256561e-13,1.000000000000001
37150,-73.95259857177734,40.777359008789055,-73.99181365966798,40.74998092651367,1343.47,4997,4997,5130.29,6473.76,133.28999999999996,2.2737367544323206e-13,1.0000000000000002
37151,-73.972412109375,40.79367065429688,-73.95536041259766,40.8202018737793,509.25,4997,4997,5192.58,5701.83,195.57999999999993,0.0,1.0
37152,-73.97838592529298,40.754558563232415,-73.96195220947266,40.76879119873047,549.92,4997,4997,-1.0,-1.0,-1,-1,0.0
37153,-73.99514007568358,40.75512313842773,-73.99256896972656,40.74539184570313,417.96,4997,4997,-1.0,-1.0,-1,-1,0.0
37154,-73.96944427490234,40.760833740234375,-73.97908020019531,40.74729919433594,359.97,4997,4997,5026.27,5386.24,29.270000000000437,-6.821210263296962e-13,0.9999999999999981
37155,-73.98368835449219,40.76213455200195,-73.99108123779298,40.750503540039055,423.36,4997,4997,-1.0,-1.0,-1,-1,0.0
37156,-73.9935302734375,40.757301330566406,-74.00881195068358,40.74631118774415,452.85,4997,4997,5015.05,5545.23,18.050000000000182,77.32999999999936,1.170762945787787
37157,-74.00093078613281,40.731948852539055,-73.99109649658203,40.73313903808594,302.15,4997,4997,5026.55,5336.05,29.550000000000182,7.350000000000023,1.024325666059904
37158,-73.97948455810547,40.783592224121094,-73.9448013305664,40.77331161499024,865.88,4997,4997,5081.5,5947.38,84.5,1.1368683772161603e-13,1.0000000000000002
37159,-73.95523071289062,40.76845169067383,-73.97196960449219,40.75783157348633,578.25,4998,4998,-1.0,-1.0,-1,-1,0.0
37160,-73.99681091308595,40.71913146972656,-73.99291229248048,40.760269165039055,1340.39,4998,4998,5315.17,6655.56,317.1700000000001,2.2737367544323206e-13,1.0000000000000002
37161,-73.98828887939453,40.7392463684082,-73.99211883544923,40.74917984008789,483.46,4998,4998,5120.87,5604.33,122.86999999999989,5.684341886080802e-14,1.0000000000000002
37162,-73.97977447509766,40.765621185302734,-73.98592376708984,40.75766372680664,289.45,4998,4998,5034.88,5324.33,36.88000000000011,-1.7053025658242404e-13,0.9999999999999994
37163,-74.01043701171875,40.71170043945313,-74.00659942626955,40.73116683959961,437.69,4998,4998,-1.0,-1.0,-1,-1,0.0
37164,-73.98200225830078,40.7311897277832,-74.00292205810547,40.731121063232415,605.4,4998,4998,-1.0,-1.0,-1,-1,0.0
37165,-73.98497009277344,40.74789810180664,-73.9869842529297,40.75628662109375,444.42,4998,4998,-1.0,-1.0,-1,-1,0.0
37166,-73.99236297607422,40.72488403320313,-73.99659729003906,40.72386932373047,198.74,4999,4999,5028.83,5227.57,29.829999999999927,-2.2737367544323206e-13,0.9999999999999989
37167,-73.99189758300781,40.74979782104492,-74.01026153564453,40.71432113647461,692.11,4999,4999,5025.37,5717.48,26.36999999999989,-3.410605131648481e-13,0.9999999999999996
37168,-73.99559783935547,40.71690368652344,-73.99372863769531,40.72254180908203,184.13,4999,4999,5088.12,5272.25,89.11999999999989,1.1368683772161603e-13,1.0000000000000007
37169,-73.97831726074219,40.74803161621094,-73.9883804321289,40.73149108886719,421.73,4999,4999,-1.0,-1.0,-1,-1,0.0
37170,-73.97318267822266,40.76345825195313,-73.98342895507811,40.74314880371094,640.46,5000,5000,-1.0,-1.0,-1,-1,0.0
37171,-73.99079895019531,40.755836486816406,-73.99436950683594,40.74606704711913,392.19,5000,5000,5059.2300000000005,5451.42,59.23000000000047,-3.979039320256561e-13,0.999999999999999
37172,-73.96700286865234,40.772605895996094,-73.97742462158203,40.75850296020508,420.06,5000,5000,5013.67,5433.73,13.670000000000073,-5.115907697472721e-13,0.9999999999999988
37173,-73.96797180175781,40.76219177246094,-73.95449829101562,40.76583862304688,412.2,5000,5000,-1.0,-1.0,-1,-1,0.0
37174,-74.01123046875,40.716472625732415,-73.98552703857422,40.77846145629883,1119.19,5000,5000,5168.46,6287.65,168.46000000000004,-4.547473508864641e-13,0.9999999999999996
37175,-73.9693374633789,40.757637023925774,-73.98169708251955,40.769737243652344,633.76,5000,5000,-1.0,-1.0,-1,-1,0.0
37176,-73.98800659179686,40.74417495727539,-73.98912048339844,40.75834655761719,561.17,5000,5000,-1.0,-1.0,-1,-1,0.0
37177,-73.98507690429686,40.76773071289063,-73.97557830810547,40.76520919799805,259.57,5000,5000,6345.370000000001,6604.9400000000005,1345.3700000000008,-2.8421709430404007e-13,0.9999999999999989
37178,-73.98336029052734,40.766357421875,-73.98036193847656,40.7352409362793,1116.37,5001,5001,5056.11,6237.1,55.10999999999967,64.6200000000008,1.057884034862994
37179,-73.9876937866211,40.73854446411133,-73.9520492553711,40.771881103515625,862.77,5001,5001,5204.41,6067.18,203.40999999999985,4.547473508864641e-13,1.0000000000000004
37180,-73.99263763427734,40.763347625732415,-73.9856185913086,40.77747344970703,318.08,5001,5001,5021.86,5339.94,20.859999999999673,-5.684341886080802e-14,0.9999999999999998
37181,-73.97933959960938,40.76402282714844,-73.97769927978516,40.75808715820313,337.75,5001,5001,5060.27,5398.0199999999995,59.27000000000044,-9.094947017729282e-13,0.9999999999999973
37182,-73.96589660644531,40.763084411621094,-73.94671630859375,40.77322769165039,501.0,5002,5002,5010.0,5511.0,8.0,0.0,1.0
37183,-73.99030303955078,40.75680541992188,-74.00426483154298,40.74543380737305,441.42,5002,5002,-1.0,-1.0,-1,-1,0.0
37184,-73.97564697265625,40.75115585327149,-73.996337890625,40.74305725097656,592.54,5002,5002,5054.67,5659.17,52.67000000000007,11.960000000000036,1.0201842913558579
37185,-73.95382690429686,40.774993896484375,-73.97380065917969,40.7793083190918,482.71,5002,5002,5059.75,5571.5,57.75,29.04000000000002,1.0601603447204326
37186,-73.94761657714845,40.78352737426758,-73.95770263671875,40.76976776123047,302.5,5002,5002,5667.47,5969.97,665.4700000000003,0.0,1.0
37187,-73.97237396240234,40.79140853881836,-73.95291900634766,40.78341674804688,569.08,5002,5002,5051.12,5637.04,49.11999999999989,16.840000000000032,1.0295916215646306
37188,-73.9693603515625,40.749610900878906,-73.95663452148438,40.76691055297852,478.22,5003,5003,-1.0,-1.0,-1,-1,0.0
37189,-73.96584320068358,40.7740592956543,-73.9816665649414,40.774280548095696,372.82,5003,5003,-1.0,-1.0,-1,-1,0.0
37190,-73.97531127929686,40.76537704467773,-73.98189544677734,40.7702522277832,181.83,5003,5003,-1.0,-1.0,-1,-1,0.0
37191,-74.00395965576173,40.750015258789055,-74.0062255859375,40.73411560058594,489.75,5003,5003,-1.0,-1.0,-1,-1,0.0
37192,-73.96849060058595,40.75838088989258,-73.98241424560547,40.745906829833984,538.42,5003,5003,-1.0,-1.0,-1,-1,0.0
37193,-73.978271484375,40.75250625610352,-73.94788360595702,40.77095413208008,835.07,5003,5003,-1.0,-1.0,-1,-1,0.0
37194,-73.96180725097656,40.800796508789055,-73.95431518554686,40.77227020263672,740.91,5003,5003,5038.47,5815.63,35.470000000000255,36.249999999999886,1.048926320335803
37195,-73.95894622802734,40.77198028564453,-73.95811462402342,40.78154754638672,271.28,5003,5003,5045.62,5316.9,42.61999999999989,-2.2737367544323206e-13,0.9999999999999991
37196,-73.97100830078125,40.76502990722656,-73.96026611328125,40.80787658691406,912.88,5003,5003,5050.9800000000005,6021.7,47.98000000000047,57.83999999999935,1.0633599158706504
37197,-73.95383453369139,40.76673889160156,-73.98410797119139,40.76030349731445,1050.64,5003,5003,5094.0,6144.64,91.0,2.2737367544323206e-13,1.0000000000000002
37198,-73.9797592163086,40.78103256225585,-73.96724700927734,40.78800964355469,272.87,5004,5004,5164.61,5437.4800000000005,160.60999999999967,7.958078640513122e-13,1.0000000000000029
37199,-73.98651123046875,40.72652053833008,-73.98521423339844,40.73981475830078,384.65,5004,5004,5036.0,5442.13,32.0,21.480000000000132,1.0558429741323285
37200,-73.9826431274414,40.73115539550781,-73.9779052734375,40.72141647338867,303.37,5004,5004,-1.0,-1.0,-1,-1,0.0
37201,-73.99854278564453,40.76411819458008,-73.9944610595703,40.75054931640625,513.26,5004,5004,-1.0,-1.0,-1,-1,0.0
37202,-73.99368286132812,40.74980163574219,-73.97550964355469,40.733341217041016,954.83,5004,5004,5013.2300000000005,5968.06,9.230000000000473,-1.1368683772161603e-13,0.9999999999999999
37203,-73.9764404296875,40.77648544311523,-73.95396423339844,40.78463363647461,522.84,5004,5004,5109.0,5631.84,105.0,1.1368683772161603e-13,1.0000000000000002
37204,-73.95215606689453,40.778114318847656,-73.9592514038086,40.7625732421875,444.27,5004,5004,5098.0,5542.27,94.0,4.547473508864641e-13,1.000000000000001
37205,-73.97146606445312,40.7574348449707,-73.9542465209961,40.77900314331055,499.51,5004,5004,-1.0,-1.0,-1,-1,0.0
37206,-73.99181365966798,40.7259521484375,-73.98658752441406,40.77177429199219,1238.93,5004,5004,5017.33,6256.43,13.329999999999927,0.17000000000030013,1.0001372151776131
37207,-73.96558380126955,40.765449523925774,-73.98538970947266,40.735511779785156,755.38,5005,5005,5015.49,5879.38,10.489999999999782,108.51000000000033,1.1436495538669282
37208,-73.99642944335938,40.72369003295898,-73.97796630859375,40.75117874145508,713.37,5005,5005,5054.92,5768.29,49.92000000000007,-1.1368683772161603e-13,0.9999999999999999
37209,-73.972412109375,40.76520156860352,-73.96898651123048,40.79093933105469,760.69,5005,5005,-1.0,-1.0,-1,-1,0.0
37210,-73.9775161743164,40.7740364074707,-73.95606994628906,40.78741836547852,564.01,5005,5005,5044.86,5608.87,39.85999999999967,2.2737367544323206e-13,1.0000000000000004
37211,-73.97254180908203,40.75650024414063,-73.98806762695312,40.72816848754883,656.28,5005,5005,5015.59,5695.67,10.590000000000146,23.799999999999955,1.0362650088376912
37212,-73.9727554321289,40.74921798706055,-73.99642944335938,40.722034454345696,849.27,5005,5005,-1.0,-1.0,-1,-1,0.0
37213,-73.96641540527342,40.75771713256836,-73.98207092285155,40.77633285522461,798.49,5005,5005,-1.0,-1.0,-1,-1,0.0
37214,-74.0081787109375,40.73806381225585,-73.9788589477539,40.783302307128906,948.03,5006,5006,5026.4,6053.150000000001,20.399999999999636,78.72000000000094,1.0830353469826914
37215,-74.00092315673827,40.7345085144043,-73.95916748046875,40.77505874633789,1361.41,5006,5006,-1.0,-1.0,-1,-1,0.0
37216,-73.93382263183594,40.80259323120117,-73.95259857177734,40.80211639404297,399.3,5006,5006,5414.21,5813.51,408.21000000000004,1.7053025658242404e-13,1.0000000000000004
37217,-74.00151062011719,40.72788619995117,-74.00389862060547,40.7476921081543,520.54,5006,5006,5017.62,5561.95,11.61999999999989,23.789999999999964,1.0457025396703423
37218,-73.97518157958984,40.75843811035156,-73.96082305908203,40.79757690429688,870.81,5006,5006,5016.32,5980.05,10.319999999999709,92.92000000000053,1.1067052514325748
37219,-73.96936798095702,40.75766372680664,-73.97045135498048,40.76457214355469,296.66,5006,5006,-1.0,-1.0,-1,-1,0.0
37220,-73.98174285888672,40.7578353881836,-73.93545532226562,40.8143310546875,1396.96,5006,5006,5053.58,6450.54,47.57999999999993,0.0,1.0
37221,-73.97846984863281,40.74506378173828,-73.9693832397461,40.75326919555664,318.7,5006,5006,-1.0,-1.0,-1,-1,0.0
37222,-73.96783447265625,40.7628173828125,-73.9813003540039,40.7412338256836,583.67,5007,5007,5053.61,5637.28,46.60999999999967,1.1368683772161603e-13,1.0000000000000002
37223,-74.01171112060547,40.7138786315918,-73.99247741699219,40.76357650756836,833.77,5007,5007,5043.0,5876.7699999999995,36.0,-4.547473508864641e-13,0.9999999999999994
37224,-73.97427368164062,40.75385284423828,-73.99070739746094,40.7510986328125,539.16,5007,5007,-1.0,-1.0,-1,-1,0.0
37225,-73.98607635498048,40.734710693359375,-73.97727203369139,40.73487091064453,254.3,5007,5007,5246.58,5500.88,239.57999999999993,1.7053025658242404e-13,1.0000000000000007
37226,-74.00263977050781,40.73392868041992,-73.99237823486328,40.7434959411621,328.24,5007,5007,-1.0,-1.0,-1,-1,0.0
37227,-73.9745864868164,40.7506217956543,-73.97024536132812,40.7529525756836,181.14,5007,5007,5060.58,5241.72,53.57999999999993,3.410605131648481e-13,1.0000000000000018
37228,-73.97441101074219,40.762428283691406,-73.96389007568358,40.76520538330078,360.26,5008,5008,-1.0,-1.0,-1,-1,0.0
37229,-73.97525787353516,40.750301361083984,-73.95372009277344,40.779460906982415,641.77,5008,5008,5063.54,5705.31,55.539999999999964,4.547473508864641e-13,1.0000000000000007
37230,-73.98020935058595,40.751712799072266,-73.99232482910156,40.730865478515625,558.04,5008,5008,5054.76,5653.92,46.76000000000022,41.11999999999989,1.0736864740878789
37231,-73.98985290527344,40.73432159423828,-73.9806137084961,40.7232551574707,509.37,5008,5008,5062.14,5571.51,54.14000000000033,-1.1368683772161603e-13,0.9999999999999998
37232,-74.00782775878906,40.711780548095696,-73.99404907226562,40.724769592285156,595.01,5008,5008,-1.0,-1.0,-1,-1,0.0
37233,-74.00504302978516,40.72927856445313,-73.97366333007811,40.76453018188477,1076.26,5008,5008,-1.0,-1.0,-1,-1,0.0
37234,-74.00473022460938,40.7522087097168,-73.99491882324219,40.75616836547852,261.54,5009,5009,-1.0,-1.0,-1,-1,0.0
37235,-73.95516204833984,40.76911163330078,-73.94581604003906,40.778785705566406,204.87,5009,5009,5017.06,5221.93,8.0600000000004,-1.1368683772161603e-13,0.9999999999999994
37236,-73.98576354980467,40.72708511352539,-73.97776794433594,40.76376724243164,1103.64,5009,5009,5010.0,6113.64,1.0,2.2737367544323206e-13,1.0000000000000002
37237,-73.98934173583984,40.777252197265625,-73.97443389892578,40.79150772094727,430.0,5009,5009,5652.2699999999995,6082.2699999999995,643.2699999999995,0.0,1.0
37238,-73.97999572753906,40.74350357055664,-73.9913330078125,40.74860000610352,551.3,5009,5009,5022.79,5574.09,13.789999999999964,2.2737367544323206e-13,1.0000000000000004
37239,-73.97087097167969,40.75157928466797,-73.98497009277344,40.74792861938477,482.08,5009,5009,5040.09,5522.3,31.090000000000146,0.1300000000000523,1.0002696647859277
37240,-73.95611572265625,40.778892517089844,-73.96893310546875,40.76580810546875,480.42,5009,5009,5098.46,5578.88,89.46000000000004,5.684341886080802e-14,1.0000000000000002
37241,-73.99581146240234,40.70932388305664,-73.98113250732422,40.7141990661621,424.95,5009,5009,5360.18,5785.13,351.1800000000003,-1.7053025658242404e-13,0.9999999999999996
37242,-74.00804901123048,40.7387924194336,-74.00740051269531,40.71924209594727,502.07,5009,5009,-1.0,-1.0,-1,-1,0.0
37243,-73.98588562011719,40.758583068847656,-73.98091125488281,40.76189804077149,369.92,5010,5010,5022.54,5448.22,12.539999999999964,55.760000000000275,1.1507352941176479
37244,-73.96121978759766,40.78030014038085,-73.9806137084961,40.774940490722656,440.82,5010,5010,5970.76,6411.58,960.7600000000002,-2.8421709430404007e-13,0.9999999999999993
37245,-73.98400115966798,40.72159194946289,-73.9762191772461,40.728721618652344,250.59,5010,5010,5219.66,5470.25,209.65999999999985,1.4210854715202004e-13,1.0000000000000007
37246,-73.96828460693358,40.7509651184082,-73.95418548583984,40.77902603149415,551.47,5010,5010,5059.39,5610.86,49.39000000000033,-6.821210263296962e-13,0.9999999999999988
37247,-73.98478698730467,40.764686584472656,-73.9817657470703,40.76885986328125,199.69,5010,5010,-1.0,-1.0,-1,-1,0.0
37248,-73.97828674316406,40.73727416992188,-73.96044921875,40.76167678833008,401.81,5011,5011,5055.42,5457.2300000000005,44.42000000000007,3.979039320256561e-13,1.0000000000000009
37249,-73.99512481689453,40.76032638549805,-73.98649597167969,40.76755905151367,212.17,5011,5011,-1.0,-1.0,-1,-1,0.0
37250,-73.99281311035155,40.73728561401367,-73.97681427001955,40.7568473815918,765.22,5011,5011,-1.0,-1.0,-1,-1,0.0
37251,-73.9515609741211,40.77825927734375,-73.9783935546875,40.74837112426758,939.05,5011,5011,6188.65,7127.7,1177.6499999999996,2.2737367544323206e-13,1.0000000000000002
37252,-73.99819946289062,40.72450637817383,-74.00574493408203,40.72611999511719,233.58,5011,5011,5154.33,5387.91,143.32999999999993,-8.526512829121202e-14,0.9999999999999997
37253,-73.9781723022461,40.72944259643555,-73.99230194091797,40.74899673461913,816.39,5011,5011,-1.0,-1.0,-1,-1,0.0
37254,-73.99549865722656,40.739013671875,-73.99153900146483,40.72703552246094,463.63,5012,5012,5040.91,5579.02,28.909999999999854,74.48000000000059,1.1606453421909726
37255,-73.95308685302734,40.77617263793945,-74.0074691772461,40.70738220214844,1310.94,5012,5012,5246.0,6556.9400000000005,234.0,4.547473508864641e-13,1.0000000000000004
37256,-73.9788818359375,40.750354766845696,-73.98186492919923,40.768516540527344,717.73,5012,5012,-1.0,-1.0,-1,-1,0.0
37257,-73.95764923095702,40.7735481262207,-73.94931030273438,40.78937149047852,256.73,5012,5012,5063.83,5320.56,51.82999999999993,4.547473508864641e-13,1.0000000000000018
37258,-73.9903564453125,40.74059295654297,-74.0101547241211,40.7144660949707,709.11,5012,5012,-1.0,-1.0,-1,-1,0.0
37259,-73.9935073852539,40.757118225097656,-73.9798583984375,40.72700119018555,1070.39,5012,5012,-1.0,-1.0,-1,-1,0.0
37260,-73.96112823486328,40.77751922607422,-73.94033813476562,40.803558349609375,507.06,5013,5013,-1.0,-1.0,-1,-1,0.0
37261,-73.97987365722656,40.75505065917969,-73.99075317382812,40.75047302246094,363.21,5013,5013,-1.0,-1.0,-1,-1,0.0
37262,-74.00556182861328,40.74575805664063,-74.0037612915039,40.73298645019531,409.57,5013,5013,-1.0,-1.0,-1,-1,0.0
37263,-74.00875091552734,40.71924591064453,-73.99444580078125,40.74448776245117,566.04,5013,5013,-1.0,-1.0,-1,-1,0.0
37264,-73.97734069824219,40.74692916870117,-73.99650573730467,40.75373840332031,622.2,5013,5013,5167.73,5789.93,154.72999999999956,6.821210263296962e-13,1.000000000000001
37265,-73.96825408935547,40.76238250732422,-73.98632049560547,40.73857498168945,606.92,5013,5013,-1.0,-1.0,-1,-1,0.0
37266,-73.9799575805664,40.75212097167969,-73.98870849609375,40.75828170776367,369.09,5013,5013,-1.0,-1.0,-1,-1,0.0
37267,-73.9881134033203,40.74352264404297,-73.99784851074219,40.74026870727539,259.24,5013,5013,-1.0,-1.0,-1,-1,0.0
37268,-74.0159912109375,40.71129989624024,-73.99953460693358,40.733562469482415,590.2,5013,5013,5046.76,5657.46,33.76000000000022,20.499999999999773,1.0347339884784814
37269,-73.96605682373048,40.76216506958008,-73.97929382324219,40.75027084350585,522.09,5013,5013,-1.0,-1.0,-1,-1,0.0
37270,-74.0060806274414,40.73989486694336,-73.9925537109375,40.739761352539055,456.37,5013,5013,5102.66,5559.03,89.65999999999985,-1.1368683772161603e-13,0.9999999999999998
37271,-73.9939193725586,40.74095153808594,-73.99195861816406,40.729339599609375,423.8,5014,5014,-1.0,-1.0,-1,-1,0.0
37272,-73.98623657226562,40.7624397277832,-73.98379516601562,40.76991271972656,265.01,5014,5014,5118.88,5383.89,104.88000000000011,2.2737367544323206e-13,1.0000000000000009
37273,-73.98587799072266,40.735145568847656,-74.00279998779298,40.70716857910156,874.75,5014,5014,5055.9,5995.16,41.899999999999636,64.51000000000022,1.073746784795656
37274,-74.01569366455078,40.71442031860352,-74.00154876708984,40.7358283996582,561.73,5014,5014,-1.0,-1.0,-1,-1,0.0
37275,-73.98171997070312,40.768211364746094,-73.9906005859375,40.750991821289055,617.52,5014,5014,-1.0,-1.0,-1,-1,0.0
37276,-73.9808349609375,40.744590759277344,-73.98065185546875,40.73529052734375,293.2,5014,5014,5051.1,5418.4800000000005,37.100000000000364,74.18000000000012,1.2530013642564806
37277,-73.98607635498048,40.75265502929688,-74.00714111328125,40.741397857666016,684.52,5014,5014,-1.0,-1.0,-1,-1,0.0
37278,-73.9808120727539,40.7573356628418,-73.99071502685547,40.75075149536133,367.11,5015,5015,-1.0,-1.0,-1,-1,0.0
37279,-73.97924041748048,40.755802154541016,-73.97037506103516,40.76111602783203,307.0,5015,5015,-1.0,-1.0,-1,-1,0.0
37280,-73.99501037597656,40.73416137695313,-74.00083923339844,40.725940704345696,329.42,5015,5015,5055.46,5384.88,40.460000000000036,5.684341886080802e-14,1.0000000000000002
37281,-74.00634002685547,40.74235916137695,-74.00959014892578,40.71799850463867,591.74,5015,5015,-1.0,-1.0,-1,-1,0.0
37282,-73.97931671142578,40.781604766845696,-73.97052764892578,40.78847122192383,210.87,5015,5015,5356.45,5567.32,341.4499999999998,-1.1368683772161603e-13,0.9999999999999994
37283,-73.96051025390625,40.80764389038085,-73.9796142578125,40.776382446289055,562.47,5015,5015,5204.33,5766.8,189.32999999999993,2.2737367544323206e-13,1.0000000000000004
37284,-74.00955963134766,40.70462036132813,-73.97093963623048,40.75859069824219,1027.49,5016,5016,5358.08,6385.57,342.0799999999999,-2.2737367544323206e-13,0.9999999999999998
37285,-73.97413635253906,40.75907897949219,-73.9845962524414,40.73683547973633,658.3,5016,5016,-1.0,-1.0,-1,-1,0.0
37286,-73.94766998291014,40.78362274169922,-73.96063995361328,40.77400588989258,406.32,5016,5016,5499.92,5906.24,483.9200000000001,-2.8421709430404007e-13,0.9999999999999993
37287,-73.9720001220703,40.75622177124024,-73.99097442626955,40.75653076171875,622.64,5016,5016,-1.0,-1.0,-1,-1,0.0
37288,-73.97434997558594,40.762489318847656,-73.9935531616211,40.73094940185547,792.23,5016,5016,5065.34,5857.57,49.340000000000146,-4.547473508864641e-13,0.9999999999999994
37289,-73.993896484375,40.74639129638672,-73.99630737304686,40.73627853393555,272.25,5016,5016,5088.54,5360.79,72.53999999999996,0.0,1.0
37290,-73.99078369140625,40.766746520996094,-74.00247955322266,40.7339973449707,865.07,5016,5016,-1.0,-1.0,-1,-1,0.0
37291,-73.9911880493164,40.7374382019043,-74.00103759765625,40.72946166992188,339.58,5016,5016,5040.0,5379.58,24.0,-5.684341886080802e-14,0.9999999999999998
37292,-74.00343322753906,40.743518829345696,-74.00521850585938,40.72866821289063,417.36,5016,5016,5054.17,5471.53,38.17000000000007,-3.410605131648481e-13,0.9999999999999992
37293,-73.95782470703125,40.77788543701172,-73.9685821533203,40.787506103515625,328.7,5017,5017,-1.0,-1.0,-1,-1,0.0
37294,-73.96047973632812,40.76298904418945,-73.98586273193358,40.74324035644531,777.23,5017,5017,5104.32,5881.55,87.31999999999971,4.547473508864641e-13,1.0000000000000007
37295,-73.98551940917969,40.74445724487305,-74.00193786621094,40.76133346557617,757.89,5017,5017,5040.74,5884.01,23.73999999999978,85.38000000000045,1.1126548707596096
37296,-73.95458221435547,40.7734375,-73.9710464477539,40.761207580566406,621.96,5017,5017,-1.0,-1.0,-1,-1,0.0
37297,-73.97707366943358,40.7389030456543,-73.97286987304686,40.76079177856445,678.45,5017,5017,-1.0,-1.0,-1,-1,0.0
37298,-73.97337341308594,40.78979110717773,-73.94155883789062,40.83955001831055,797.76,5017,5017,5058.53,5856.29,41.529999999999745,2.2737367544323206e-13,1.0000000000000002
37299,-73.99946594238281,40.727500915527344,-73.99767303466798,40.7226448059082,230.84,5017,5017,-1.0,-1.0,-1,-1,0.0
37300,-73.98812103271484,40.73473358154297,-73.99298095703125,40.74232482910156,371.26,5017,5017,-1.0,-1.0,-1,-1,0.0
37301,-73.97687530517578,40.75705337524415,-73.96162414550781,40.777191162109375,454.9,5017,5017,5076.01,5530.91,59.01000000000022,-3.410605131648481e-13,0.9999999999999992
37302,-73.98213958740234,40.773380279541016,-73.94994354248048,40.82209396362305,925.61,5018,5018,5064.25,6020.43,46.25,30.570000000000277,1.0330268687676238
37303,-73.9627914428711,40.77545928955078,-73.97931671142578,40.76541137695313,611.71,5018,5018,-1.0,-1.0,-1,-1,0.0
37304,-73.99018859863281,40.740135192871094,-74.00518035888672,40.73810195922852,436.04,5018,5018,-1.0,-1.0,-1,-1,0.0
37305,-73.95471954345702,40.76542663574219,-73.93933868408203,40.84185409545898,1343.83,5018,5018,-1.0,-1.0,-1,-1,0.0
37306,-73.99409484863281,40.73208999633789,-73.98120880126955,40.741546630859375,435.78,5018,5018,5077.03,5512.81,59.029999999999745,6.821210263296962e-13,1.0000000000000016
37307,-73.98467254638672,40.74847030639648,-73.97976684570312,40.73249816894531,547.96,5018,5018,-1.0,-1.0,-1,-1,0.0
37308,-73.96764373779298,40.768699645996094,-73.98908233642578,40.77685928344727,502.05,5018,5018,-1.0,-1.0,-1,-1,0.0
37309,-73.97051239013672,40.752540588378906,-74.01432037353516,40.715644836425774,1042.19,5018,5018,-1.0,-1.0,-1,-1,0.0
37310,-73.95440673828125,40.76430130004883,-73.97734069824219,40.73418426513672,592.47,5018,5018,-1.0,-1.0,-1,-1,0.0
37311,-73.97708892822266,40.726219177246094,-73.97837829589844,40.73691177368164,257.62,5018,5018,5264.26,5521.88,246.26000000000022,-1.1368683772161603e-13,0.9999999999999996
37312,-73.9886245727539,40.73717880249024,-73.99211120605469,40.7492561340332,536.3,5018,5018,-1.0,-1.0,-1,-1,0.0
37313,-73.98789978027342,40.73821258544922,-73.99039459228516,40.75130081176758,532.28,5018,5018,-1.0,-1.0,-1,-1,0.0
37314,-73.95237731933594,40.77380752563477,-73.95492553710938,40.779239654541016,196.79,5018,5018,-1.0,-1.0,-1,-1,0.0
37315,-73.95311737060547,40.77180862426758,-73.95401000976562,40.77969741821289,195.54,5019,5019,5061.05,5256.59,42.05000000000018,-2.842170943040401e-14,0.9999999999999999
37316,-73.98033905029298,40.765960693359375,-73.98075866699219,40.77939987182617,421.43,5019,5019,-1.0,-1.0,-1,-1,0.0
37317,-73.991943359375,40.75014877319336,-73.97222900390625,40.75703811645508,803.84,5019,5019,-1.0,-1.0,-1,-1,0.0
37318,-73.99909973144531,40.734073638916016,-73.9880599975586,40.72806167602539,366.24,5019,5019,5152.67,5518.91,133.67000000000007,-2.2737367544323206e-13,0.9999999999999993
37319,-73.96852111816406,40.7541389465332,-73.97417449951173,40.73701858520508,482.64,5019,5019,5067.42,5550.06,48.42000000000007,3.410605131648481e-13,1.0000000000000007
37320,-73.96570587158203,40.75959777832031,-73.96670532226562,40.80398178100585,1147.9,5020,5020,-1.0,-1.0,-1,-1,0.0
37321,-74.01505279541014,40.70952224731445,-74.00663757324219,40.733680725097656,483.14,5020,5020,-1.0,-1.0,-1,-1,0.0
37322,-73.99334716796875,40.749656677246094,-73.98345947265625,40.75701904296875,379.51,5020,5020,-1.0,-1.0,-1,-1,0.0
37323,-74.00284576416014,40.76041030883789,-73.97888946533203,40.759185791015625,665.09,5020,5020,5062.38,5738.59,42.38000000000011,11.120000000000005,1.0167195417161587
37324,-73.984375,40.72887420654297,-73.99059295654298,40.75632858276367,996.48,5020,5020,5051.54,6048.0199999999995,31.539999999999964,-4.547473508864641e-13,0.9999999999999996
37325,-73.9876937866211,40.744049072265625,-73.99954986572266,40.73875045776367,302.88,5020,5020,5065.76,5368.64,45.76000000000022,1.1368683772161603e-13,1.0000000000000004
37326,-73.97950744628906,40.7845458984375,-73.99221801757811,40.769309997558594,331.82,5020,5020,5054.4,5386.22,34.399999999999636,6.252776074688882e-13,1.0000000000000018
37327,-73.94739532470702,40.775840759277344,-73.95561218261719,40.77705001831055,241.05,5020,5020,5053.0,5294.05,33.0,1.7053025658242404e-13,1.0000000000000007
37328,-73.97306823730467,40.75511932373047,-73.97930908203125,40.78176879882813,970.67,5020,5020,-1.0,-1.0,-1,-1,0.0
37329,-73.99979400634766,40.72844314575195,-73.9642562866211,40.79246139526367,1495.37,5021,5021,-1.0,-1.0,-1,-1,0.0
37330,-73.98674774169923,40.742767333984375,-74.00899505615234,40.71236801147461,944.37,5021,5021,-1.0,-1.0,-1,-1,0.0
37331,-74.00798034667969,40.70581817626953,-73.97197723388672,40.75544738769531,916.33,5021,5021,-1.0,-1.0,-1,-1,0.0
37332,-73.9749984741211,40.7878303527832,-73.95764923095702,40.80852127075195,370.62,5021,5021,5143.88,5514.5,122.88000000000011,-1.1368683772161603e-13,0.9999999999999997
37333,-73.98362731933594,40.74370193481445,-73.99092864990234,40.72412490844727,545.07,5021,5021,-1.0,-1.0,-1,-1,0.0
37334,-73.98652648925781,40.733901977539055,-74.00125885009766,40.73640441894531,387.66,5021,5021,5053.0599999999995,5475.22,32.05999999999949,34.50000000000074,1.0889955115307246
37335,-73.97818756103516,40.75239944458008,-73.98255157470702,40.771881103515625,737.58,5022,5022,5058.62,5796.2,36.61999999999989,-1.1368683772161603e-13,0.9999999999999999
37336,-73.95237731933594,40.768646240234375,-73.95943450927734,40.75884246826172,281.03,5022,5022,5066.25,5347.28,44.25,-2.2737367544323206e-13,0.9999999999999992
37337,-73.98828887939453,40.73148727416992,-73.96635437011719,40.75901412963867,770.23,5022,5022,5056.33,5875.68,34.32999999999993,49.120000000000346,1.0637731586668921
37338,-73.98552703857422,40.74737930297852,-73.98883819580078,40.72705078125,562.06,5022,5022,-1.0,-1.0,-1,-1,0.0
37339,-73.9873046875,40.76591110229492,-74.009765625,40.72272872924805,959.25,5022,5022,5065.08,6088.05,43.07999999999993,63.720000000000255,1.06642689601251
37340,-73.97978973388672,40.75310134887695,-73.99199676513672,40.749778747558594,413.12,5022,5022,-1.0,-1.0,-1,-1,0.0
37341,-73.98246002197266,40.76829147338867,-73.9969711303711,40.74232864379883,800.5,5023,5023,-1.0,-1.0,-1,-1,0.0
37342,-73.98109436035155,40.7534408569336,-74.00531005859375,40.73998260498047,669.31,5023,5023,-1.0,-1.0,-1,-1,0.0
37343,-73.98824310302734,40.75028610229492,-73.97557830810547,40.758201599121094,639.67,5023,5023,-1.0,-1.0,-1,-1,0.0
37344,-73.95209503173827,40.76950073242188,-73.95314025878906,40.77849578857422,282.45,5023,5023,5061.52,5343.97,38.52000000000044,-1.7053025658242404e-13,0.9999999999999994
37345,-74.0017852783203,40.7351951599121,-73.9863052368164,40.72962188720703,460.74,5023,5023,5113.42,5574.16,90.42000000000007,-2.2737367544323206e-13,0.9999999999999996
37346,-73.97885131835938,40.75005340576172,-73.96988677978516,40.75391387939453,331.55,5023,5023,-1.0,-1.0,-1,-1,0.0
37347,-74.01420593261719,40.70476913452149,-73.99403381347656,40.77057266235352,1099.42,5023,5023,5133.08,6232.5,110.07999999999993,0.0,1.0
37348,-74.00533294677734,40.733158111572266,-74.0009765625,40.74193954467773,186.12,5024,5024,-1.0,-1.0,-1,-1,0.0
37349,-73.97148895263672,40.75751876831055,-73.95532989501955,40.77647018432617,467.39,5024,5024,-1.0,-1.0,-1,-1,0.0
37350,-73.97557067871094,40.760440826416016,-74.00109100341797,40.74153900146485,748.39,5024,5024,-1.0,-1.0,-1,-1,0.0
37351,-73.98540496826173,40.76875686645508,-74.0073013305664,40.7417106628418,772.76,5024,5024,6035.34,6808.099999999999,1011.3400000000001,-6.821210263296962e-13,0.9999999999999991
37352,-73.9848098754883,40.768550872802734,-73.95906829833984,40.76327133178711,728.31,5024,5024,6070.74,6799.05,1046.7399999999998,4.547473508864641e-13,1.0000000000000007
37353,-73.97183227539062,40.75690078735352,-73.98503875732422,40.73611068725585,487.88,5024,5024,-1.0,-1.0,-1,-1,0.0
37354,-74.00068664550781,40.72743606567383,-74.00371551513672,40.738487243652344,311.55,5024,5024,5060.66,5443.01,36.659999999999854,70.80000000000035,1.2272508425613877
37355,-74.00029754638672,40.73872756958008,-73.9865493774414,40.734539031982415,413.29,5024,5024,-1.0,-1.0,-1,-1,0.0
37356,-73.99357604980467,40.74717330932617,-73.98182678222656,40.73822784423828,433.07,5025,5025,5078.04,5511.11,53.039999999999964,-2.8421709430404007e-13,0.9999999999999993
37357,-73.97949981689453,40.752403259277344,-73.93964385986328,40.79193115234375,997.89,5026,5026,-1.0,-1.0,-1,-1,0.0
37358,-73.97386169433594,40.75551986694336,-73.9898681640625,40.75634002685547,588.01,5026,5026,-1.0,-1.0,-1,-1,0.0
37359,-73.96855163574219,40.75056076049805,-73.96328735351562,40.76179122924805,288.06,5026,5026,5246.67,5534.73,220.67000000000007,-5.115907697472721e-13,0.9999999999999982
37360,-73.97826385498048,40.76325225830078,-73.9560546875,40.77970504760742,672.34,5026,5026,-1.0,-1.0,-1,-1,0.0
37361,-73.995361328125,40.7445182800293,-74.00772857666014,40.739341735839844,380.95,5026,5026,-1.0,-1.0,-1,-1,0.0
37362,-73.95709228515625,40.77747344970703,-73.95695495605469,40.77080154418945,221.01,5027,5027,5142.29,5363.3,115.28999999999996,2.2737367544323206e-13,1.000000000000001
37363,-74.01615905761719,40.71554183959961,-73.97696685791014,40.73244094848633,794.88,5027,5027,-1.0,-1.0,-1,-1,0.0
37364,-74.00856018066406,40.70450973510742,-74.0000991821289,40.74435043334961,959.27,5027,5027,5127.0,6086.2699999999995,100.0,-4.547473508864641e-13,0.9999999999999996
37365,-73.98587799072266,40.756996154785156,-73.95484161376955,40.77775955200195,986.7,5027,5027,-1.0,-1.0,-1,-1,0.0
37366,-73.99416351318358,40.74627685546875,-74.01722717285155,40.70722579956055,893.32,5027,5027,5064.19,5971.59,37.1899999999996,14.080000000000496,1.0157614292750643
37367,-73.98052978515625,40.74834060668945,-73.9866485595703,40.7393913269043,221.79,5027,5027,-1.0,-1.0,-1,-1,0.0
37368,-73.95372772216798,40.7749137878418,-73.96829223632812,40.77074432373047,431.29,5028,5028,5291.95,5723.24,263.9499999999998,-5.684341886080802e-14,0.9999999999999999
37369,-73.98242950439453,40.76763153076172,-73.96011352539062,40.779609680175774,598.36,5028,5028,5055.63,5743.31,27.63000000000011,89.32000000000028,1.1492746841366406
37370,-73.98928833007811,40.74076461791992,-74.0025863647461,40.72844314575195,453.16,5028,5028,-1.0,-1.0,-1,-1,0.0
37371,-73.970703125,40.75825119018555,-73.9879150390625,40.74114990234375,545.26,5028,5028,5074.02,5619.28,46.02000000000044,-6.821210263296962e-13,0.9999999999999988
37372,-73.94355773925781,40.7891845703125,-73.96903991699219,40.7983627319336,667.64,5028,5028,5090.88,5758.52,62.88000000000011,3.410605131648481e-13,1.0000000000000004
37373,-73.97805023193358,40.73777770996094,-73.99079132080078,40.75783157348633,841.38,5028,5028,-1.0,-1.0,-1,-1,0.0
37374,-73.9584732055664,40.80043029785156,-73.95150756835938,40.7784423828125,623.91,5028,5028,5099.87,5723.78,71.86999999999989,-1.1368683772161603e-13,0.9999999999999998
37375,-73.99089813232422,40.73163986206055,-73.95532989501955,40.78252029418945,1300.35,5028,5028,-1.0,-1.0,-1,-1,0.0
37376,-74.00758361816406,40.74091339111328,-73.99456787109375,40.75059127807617,435.56,5029,5029,5135.16,5583.46,106.15999999999985,12.74000000000018,1.0292497015336581
37377,-73.98153686523438,40.75524139404297,-73.95894622802734,40.77783966064453,663.3,5029,5029,-1.0,-1.0,-1,-1,0.0
37378,-74.00526428222656,40.751289367675774,-74.00595092773438,40.73528671264648,523.13,5029,5029,-1.0,-1.0,-1,-1,0.0
37379,-73.95386505126955,40.787635803222656,-73.98063659667969,40.78069305419922,569.19,5029,5029,5291.53,5860.72,262.52999999999975,4.547473508864641e-13,1.0000000000000009
37380,-74.00385284423827,40.73263931274415,-73.984130859375,40.72148132324219,716.59,5029,5029,5053.25,5769.84,24.25,1.1368683772161603e-13,1.0000000000000002
37381,-73.95864868164062,40.76410675048828,-73.94728088378906,40.77430725097656,255.26,5030,5030,5057.2,5319.2699999999995,27.199999999999818,6.809999999999718,1.0266786805609955
37382,-73.9592056274414,40.78036880493164,-73.979736328125,40.75552749633789,746.08,5030,5030,5266.2,6012.28,236.19999999999982,-1.1368683772161603e-13,0.9999999999999999
37383,-73.96233367919923,40.77643585205078,-73.97293853759766,40.7843017578125,264.5,5030,5030,5077.7,5342.2,47.69999999999982,0.0,1.0
37384,-73.96808624267578,40.7652587890625,-73.98334503173827,40.77527618408203,491.66,5030,5030,-1.0,-1.0,-1,-1,0.0
37385,-74.00203704833984,40.72439193725585,-73.99671173095702,40.74266052246094,498.07,5030,5030,-1.0,-1.0,-1,-1,0.0
37386,-74.00248718261719,40.7552490234375,-73.9944610595703,40.7506103515625,297.88,5030,5030,5202.74,5500.62,172.73999999999978,1.1368683772161603e-13,1.0000000000000004
37387,-73.96063995361328,40.76655197143555,-73.97090911865234,40.76106262207031,432.98,5030,5030,5063.15,5496.13,33.149999999999636,4.547473508864641e-13,1.000000000000001
37388,-73.98519134521484,40.75371551513672,-73.9588851928711,40.7680549621582,853.47,5030,5030,-1.0,-1.0,-1,-1,0.0
37389,-74.00577545166014,40.70600509643555,-73.9605484008789,40.762367248535156,931.88,5030,5030,-1.0,-1.0,-1,-1,0.0
37390,-74.00395965576173,40.72525405883789,-73.95938873291014,40.77180099487305,1373.05,5030,5030,5089.42,6462.469999999999,59.42000000000007,-6.821210263296962e-13,0.9999999999999996
37391,-73.98200988769531,40.77138137817383,-73.97762298583984,40.78694915771485,372.29,5030,5030,-1.0,-1.0,-1,-1,0.0
37392,-74.00868225097656,40.7451286315918,-73.98930358886719,40.71871948242188,1096.16,5030,5030,5083.36,6179.52,53.35999999999967,6.821210263296962e-13,1.0000000000000007
37393,-73.9958724975586,40.72314834594727,-73.98358154296875,40.735008239746094,433.0,5030,5030,-1.0,-1.0,-1,-1,0.0
37394,-73.9709701538086,40.76517868041992,-73.95330810546875,40.76668930053711,472.39,5031,5031,-1.0,-1.0,-1,-1,0.0
37395,-74.00003814697266,40.743560791015625,-74.00787353515625,40.75141143798828,324.6,5031,5031,-1.0,-1.0,-1,-1,0.0
37396,-73.97806549072266,40.73757553100585,-73.98601531982422,40.76123428344727,930.94,5031,5031,5063.5,5994.44,32.5,-4.547473508864641e-13,0.9999999999999996
37397,-73.9586410522461,40.783939361572266,-73.96502685546875,40.77510070800781,198.61,5031,5031,5338.63,5537.24,307.6300000000001,-3.410605131648481e-13,0.9999999999999983
37398,-73.95616149902342,40.775638580322266,-73.9466781616211,40.77642059326172,244.86,5031,5031,5042.42,5305.28,11.420000000000073,17.99999999999966,1.0735113942661099
37399,-73.9898681640625,40.740760803222656,-73.97972869873048,40.73979187011719,336.87,5031,5031,-1.0,-1.0,-1,-1,0.0
37400,-73.97189331054686,40.76567077636719,-73.98439788818358,40.769779205322266,407.08,5031,5031,5082.87,5528.57,51.86999999999989,38.619999999999834,1.0948707870688803
37401,-73.96998596191406,40.76340103149415,-74.00320434570312,40.743988037109375,1050.42,5031,5031,-1.0,-1.0,-1,-1,0.0
37402,-73.97034454345702,40.75580978393555,-73.95992279052734,40.77716064453125,522.94,5031,5031,-1.0,-1.0,-1,-1,0.0
37403,-73.9578857421875,40.77976608276367,-73.97175598144531,40.78640747070313,293.16,5031,5031,5252.74,5545.9,221.73999999999978,-1.7053025658242404e-13,0.9999999999999994
37404,-73.9669189453125,40.76679611206055,-73.98236083984375,40.742820739746094,655.17,5032,5032,-1.0,-1.0,-1,-1,0.0
37405,-73.98519134521484,40.76055145263672,-74.00811004638672,40.75083923339844,695.43,5032,5032,-1.0,-1.0,-1,-1,0.0
37406,-73.98552703857422,40.75265121459961,-74.0087890625,40.717769622802734,903.63,5032,5032,-1.0,-1.0,-1,-1,0.0
37407,-73.98961639404298,40.74140930175781,-74.00101470947266,40.73674774169922,293.53,5032,5032,5047.96,5341.49,15.960000000000036,-2.2737367544323206e-13,0.9999999999999992
37408,-73.9783935546875,40.76194381713867,-73.98455047607422,40.748210906982415,488.93,5032,5032,-1.0,-1.0,-1,-1,0.0
37409,-73.9571762084961,40.781776428222656,-73.94896697998048,40.778236389160156,243.67,5032,5032,5107.75,5351.42,75.75,8.526512829121202e-14,1.0000000000000004
37410,-74.00518798828125,40.71992874145508,-73.9918212890625,40.74325942993164,463.74,5033,5033,-1.0,-1.0,-1,-1,0.0
37411,-73.96724700927734,40.763580322265625,-73.97930908203125,40.76691818237305,406.13,5033,5033,-1.0,-1.0,-1,-1,0.0
37412,-73.96331787109375,40.76198959350585,-74.01685333251955,40.71554946899415,1278.42,5033,5033,-1.0,-1.0,-1,-1,0.0
37413,-73.99842071533203,40.71982192993164,-73.99874114990234,40.73396301269531,439.55,5033,5033,-1.0,-1.0,-1,-1,0.0
37414,-73.96876525878906,40.763275146484375,-73.99304962158203,40.77021408081055,680.21,5033,5033,5044.45,5785.23,11.449999999999818,60.56999999999971,1.0890460299025297
37415,-73.95720672607422,40.78589630126953,-73.97274780273438,40.79326629638672,470.47,5033,5033,5242.45,5712.92,209.44999999999982,2.2737367544323206e-13,1.0000000000000004
37416,-73.99182891845702,40.744049072265625,-73.98819732666014,40.76491165161133,715.2,5033,5033,-1.0,-1.0,-1,-1,0.0
37417,-73.98070526123048,40.75925827026367,-73.97872924804686,40.7766227722168,536.45,5033,5033,-1.0,-1.0,-1,-1,0.0
37418,-73.99337768554686,40.72955322265625,-73.983154296875,40.72515869140625,348.46,5034,5034,5068.34,5500.09,34.340000000000146,83.29000000000002,1.2390231303449464
37419,-73.99512481689453,40.73982620239258,-73.97914123535155,40.77911376953125,1009.04,5034,5034,-1.0,-1.0,-1,-1,0.0
37420,-73.99514770507811,40.76028823852539,-73.9958724975586,40.7672119140625,240.13,5034,5034,-1.0,-1.0,-1,-1,0.0
37421,-73.9801254272461,40.75501251220703,-73.98357391357422,40.72605514526367,810.79,5034,5034,5055.45,5901.18,21.449999999999818,34.94000000000051,1.0430937727401677
37422,-74.00265502929686,40.73393630981445,-74.01277923583984,40.71847915649415,443.49,5034,5034,-1.0,-1.0,-1,-1,0.0
37423,-73.9813232421875,40.73759078979492,-73.97798919677734,40.71258163452149,441.36,5034,5034,5076.83,5518.19,42.82999999999993,-3.410605131648481e-13,0.9999999999999992
37424,-74.00718688964845,40.70566940307617,-73.9885482788086,40.72248840332031,404.74,5034,5034,-1.0,-1.0,-1,-1,0.0
37425,-73.97579956054686,40.75152969360352,-74.00962829589844,40.70669937133789,1002.54,5034,5034,5040.0,6042.54,6.0,0.0,1.0
37426,-73.9552230834961,40.76393127441406,-73.9613265991211,40.76528930664063,229.25,5034,5034,-1.0,-1.0,-1,-1,0.0
37427,-73.98502349853516,40.74802017211913,-74.00726318359375,40.70859146118164,1146.36,5034,5034,5078.98,6251.12,44.97999999999956,25.780000000000427,1.0224885725252106
37428,-73.99074554443358,40.74561309814453,-73.98082733154298,40.75923538208008,376.42,5034,5034,5054.47,5430.89,20.470000000000255,5.684341886080802e-14,1.0000000000000002
37429,-73.97928619384766,40.78356170654297,-73.98126983642578,40.74745178222656,1203.51,5035,5035,5087.89,6291.4,52.89000000000033,-6.821210263296962e-13,0.9999999999999994
37430,-73.97126007080078,40.76187515258789,-73.97118377685547,40.74815368652344,474.38,5035,5035,-1.0,-1.0,-1,-1,0.0
37431,-73.98680114746094,40.7666015625,-73.9769058227539,40.75502395629883,669.46,5035,5035,5041.46,5794.66,6.460000000000036,83.73999999999978,1.1250858901203953
37432,-73.98438262939453,40.775184631347656,-73.97846984863281,40.78812789916992,333.16,5035,5035,5062.75,5481.85,27.75,85.94000000000034,1.2579541361507993
37433,-73.9797592163086,40.73530578613281,-73.98839569091797,40.7241325378418,437.43,5035,5035,-1.0,-1.0,-1,-1,0.0
37434,-73.98106384277344,40.76352310180664,-74.0063247680664,40.73323822021485,876.18,5036,5036,-1.0,-1.0,-1,-1,0.0
37435,-73.98439025878906,40.74574279785156,-73.99468994140625,40.7404670715332,297.5,5036,5036,5121.18,5418.68,85.18000000000029,0.0,1.0
37436,-73.98162078857422,40.75178146362305,-73.99803924560547,40.74092102050781,426.59,5036,5036,5075.55,5502.14,39.55000000000018,1.7053025658242404e-13,1.0000000000000004
37437,-73.9593505859375,40.77721786499024,-73.99100494384766,40.75048065185547,1136.84,5036,5036,-1.0,-1.0,-1,-1,0.0
37438,-73.9527816772461,40.780437469482415,-73.94525146484375,40.78674697875977,198.99,5036,5036,5101.03,5300.0199999999995,65.02999999999975,-2.2737367544323206e-13,0.9999999999999989
37439,-73.9597396850586,40.76258850097656,-73.9796371459961,40.772857666015625,577.74,5037,5037,5062.76,5640.5,25.76000000000022,-2.2737367544323206e-13,0.9999999999999996
37440,-73.98703002929686,40.7504997253418,-73.98248291015625,40.7647590637207,490.1,5037,5037,5060.96,5551.06,23.960000000000036,3.410605131648481e-13,1.0000000000000007
37441,-74.00249481201173,40.73902893066406,-74.00196075439453,40.7294807434082,289.66,5037,5037,5265.12,5554.78,228.1199999999999,-1.7053025658242404e-13,0.9999999999999994
37442,-73.9967269897461,40.74264144897461,-73.99041748046875,40.7170295715332,1009.41,5037,5037,5073.93,6083.34,36.93000000000029,-1.1368683772161603e-13,0.9999999999999999
37443,-74.0099105834961,40.72195053100585,-74.01620483398438,40.708003997802734,354.93,5037,5037,-1.0,-1.0,-1,-1,0.0
37444,-73.96057891845702,40.757530212402344,-73.9690933227539,40.75423049926758,265.87,5037,5037,-1.0,-1.0,-1,-1,0.0
37445,-73.9939193725586,40.76655960083008,-73.9629364013672,40.75825881958008,917.65,5037,5037,5966.47,6884.12,929.4700000000003,-3.410605131648481e-13,0.9999999999999997
37446,-73.98092651367188,40.73809051513672,-73.97888946533203,40.72390365600585,394.53,5037,5037,5054.35,5510.7,17.350000000000364,61.81999999999948,1.1566927736800736
37447,-73.97957611083984,40.75544738769531,-73.98257446289062,40.730506896972656,747.12,5037,5037,5040.0,5787.12,3.0,-1.1368683772161603e-13,0.9999999999999999
37448,-73.96759033203125,40.767784118652344,-74.00725555419923,40.74124145507813,1230.62,5037,5037,5125.46,6356.08,88.46000000000004,0.0,1.0
37449,-73.95964813232422,40.774009704589844,-73.97113037109375,40.74824142456055,777.12,5038,5038,5041.8,5818.92,3.800000000000182,-1.1368683772161603e-13,0.9999999999999999
37450,-74.00762176513672,40.72494888305664,-73.9877395629883,40.719886779785156,737.95,5038,5038,-1.0,-1.0,-1,-1,0.0
37451,-74.00817108154298,40.71571731567383,-74.01184844970702,40.70893859863281,463.55,5038,5038,-1.0,-1.0,-1,-1,0.0
37452,-73.9592056274414,40.7724838256836,-73.96470642089844,40.75563430786133,602.36,5038,5038,-1.0,-1.0,-1,-1,0.0
37453,-73.97825622558594,40.7483787536621,-73.99919128417969,40.74443054199219,616.45,5038,5038,5068.83,5694.28,30.829999999999927,8.999999999999773,1.014599724227431
37454,-73.98297882080078,40.775779724121094,-73.9808120727539,40.78459167480469,246.81,5038,5038,5073.49,5320.3,35.48999999999978,3.979039320256561e-13,1.0000000000000016
37455,-73.98121643066406,40.75040817260742,-73.97087860107422,40.757808685302734,387.92,5038,5038,-1.0,-1.0,-1,-1,0.0
37456,-73.98260498046875,40.74467849731445,-73.9955062866211,40.74404525756836,384.09,5038,5038,-1.0,-1.0,-1,-1,0.0
37457,-73.96488952636719,40.79175567626953,-73.94754028320312,40.80109786987305,452.75,5038,5038,5072.91,5525.66,34.909999999999854,0.0,1.0
37458,-73.98509216308595,40.76911926269531,-73.98194885253906,40.75299072265625,671.03,5038,5038,5068.32,5739.35,30.31999999999971,6.821210263296962e-13,1.000000000000001
37459,-73.99784088134766,40.72463989257813,-73.99172210693358,40.7258186340332,311.83,5038,5038,5075.29,5460.66,37.289999999999964,73.5399999999999,1.2358336272969244
37460,-73.9812774658203,40.74148559570313,-73.98229217529298,40.77873611450195,1218.42,5038,5038,5065.95,6321.51,27.949999999999818,37.14000000000033,1.0304820997685529
37461,-74.00418090820312,40.70741271972656,-73.95185852050781,40.77116394042969,1163.52,5038,5038,-1.0,-1.0,-1,-1,0.0
37462,-73.97261047363281,40.760929107666016,-73.99353790283203,40.72180938720703,1121.27,5038,5038,5055.67,6215.3099999999995,17.670000000000073,38.369999999999436,1.0342201253935266
37463,-74.00499725341797,40.74074935913085,-73.97505187988281,40.782562255859375,981.36,5039,5039,5081.55,6062.91,42.55000000000018,-3.410605131648481e-13,0.9999999999999997
37464,-73.97413635253906,40.75288772583008,-73.98193359375,40.76933288574219,711.34,5039,5039,-1.0,-1.0,-1,-1,0.0
37465,-74.00507354736328,40.71866989135742,-74.00431060791014,40.75255966186523,739.99,5039,5039,-1.0,-1.0,-1,-1,0.0
37466,-73.99226379394531,40.74687576293945,-73.98770141601562,40.72173690795898,928.88,5040,5040,5078.04,6027.62,38.039999999999964,20.699999999999932,1.0222849022478684
37467,-73.97456359863281,40.7910385131836,-74.01029968261719,40.73088073730469,1131.52,5040,5040,5095.38,6226.900000000001,55.38000000000011,4.547473508864641e-13,1.0000000000000004
37468,-73.97826385498048,40.762451171875,-73.98966979980467,40.75583267211913,556.67,5040,5040,-1.0,-1.0,-1,-1,0.0
37469,-73.99274444580078,40.74291610717773,-74.00794219970702,40.75132751464844,437.63,5040,5040,-1.0,-1.0,-1,-1,0.0
37470,-73.98896026611328,40.74153900146485,-73.98927307128906,40.74785614013672,220.83,5040,5040,-1.0,-1.0,-1,-1,0.0
37471,-73.9669418334961,40.76373291015625,-73.95525360107422,40.77456665039063,377.18,5040,5040,-1.0,-1.0,-1,-1,0.0
37472,-73.98548126220702,40.7473030090332,-73.96343231201173,40.77447891235352,747.74,5040,5040,-1.0,-1.0,-1,-1,0.0
37473,-73.96927642822266,40.7607307434082,-73.98068237304686,40.753318786621094,474.01,5040,5040,5060.41,5534.42,20.409999999999854,2.2737367544323206e-13,1.0000000000000004
37474,-73.98146057128906,40.7737693786621,-73.98868560791014,40.76372528076172,246.4,5040,5040,5075.37,5321.77,35.36999999999989,5.400124791776761e-13,1.0000000000000022
37475,-73.95223999023438,40.77310180664063,-73.96524047851562,40.77209854125977,438.18,5040,5040,5135.05,5573.23,95.05000000000018,-6.252776074688882e-13,0.9999999999999986
37476,-73.97415161132812,40.788875579833984,-73.95189666748048,40.773345947265625,670.29,5040,5040,5085.15,5755.44,45.149999999999636,0.0,1.0
37477,-73.9978256225586,40.719551086425774,-73.99650573730467,40.74460220336913,792.47,5040,5040,-1.0,-1.0,-1,-1,0.0
37478,-73.99312591552734,40.727928161621094,-73.99185180664062,40.73493576049805,204.83,5041,5041,5154.42,5359.25,113.42000000000007,-8.526512829121202e-14,0.9999999999999996
37479,-73.99127960205078,40.75556564331055,-73.953125,40.7830467224121,1089.41,5041,5041,-1.0,-1.0,-1,-1,0.0
37480,-74.00859832763672,40.71468353271485,-73.9809341430664,40.78020095825195,1247.33,5041,5041,-1.0,-1.0,-1,-1,0.0
37481,-73.97814178466798,40.752586364746094,-73.9832763671875,40.73043823242188,661.91,5041,5041,-1.0,-1.0,-1,-1,0.0
37482,-74.00171661376955,40.72795867919922,-73.99886322021484,40.73840713500977,241.04,5041,5041,-1.0,-1.0,-1,-1,0.0
37483,-73.99445343017578,40.7506217956543,-73.96333312988281,40.75447082519531,982.53,5041,5041,-1.0,-1.0,-1,-1,0.0
37484,-73.95716857910156,40.76832580566406,-73.97535705566406,40.78210830688477,551.4,5041,5041,5086.95,5678.0199999999995,45.94999999999982,39.66999999999973,1.0719441421835323
37485,-73.9896926879883,40.75030899047852,-73.97785186767578,40.75286483764648,532.83,5041,5041,5095.65,5640.1,54.649999999999636,11.620000000000687,1.0218080813768007
37486,-74.0095977783203,40.705970764160156,-73.99372863769531,40.72095489501953,519.94,5041,5041,-1.0,-1.0,-1,-1,0.0
37487,-73.9842300415039,40.732097625732415,-73.91739654541014,40.87117385864258,1958.37,5041,5041,-1.0,-1.0,-1,-1,0.0
37488,-73.99629211425781,40.74855422973633,-73.94817352294923,40.77305603027344,1277.29,5042,5042,-1.0,-1.0,-1,-1,0.0
37489,-74.00912475585938,40.71751403808594,-74.00167846679686,40.735366821289055,434.17,5042,5042,-1.0,-1.0,-1,-1,0.0
37490,-73.99910736083984,40.74443054199219,-73.99539184570312,40.73083877563477,444.9,5042,5042,-1.0,-1.0,-1,-1,0.0
37491,-73.97415161132812,40.752838134765625,-73.97860717773438,40.75516128540039,243.95,5042,5042,-1.0,-1.0,-1,-1,0.0
37492,-73.983154296875,40.758522033691406,-73.99695587158203,40.73149490356445,711.17,5042,5042,-1.0,-1.0,-1,-1,0.0
37493,-73.94983673095702,40.77608108520508,-73.96138763427734,40.77138900756836,319.17,5042,5042,-1.0,-1.0,-1,-1,0.0
37494,-73.95137023925781,40.791202545166016,-73.93946075439453,40.80522155761719,262.3,5042,5042,5357.66,5619.96,315.65999999999985,1.7053025658242404e-13,1.0000000000000007
37495,-73.9745101928711,40.76340103149415,-73.965087890625,40.76362991333008,337.71,5043,5043,5169.0,5506.71,126.0,5.684341886080802e-14,1.0000000000000002
37496,-74.0032730102539,40.72714614868164,-74.00466918945312,40.746978759765625,495.83,5043,5043,-1.0,-1.0,-1,-1,0.0
37497,-73.99492645263672,40.755149841308594,-74.00428009033203,40.73086166381836,580.12,5043,5043,-1.0,-1.0,-1,-1,0.0
37498,-73.9778594970703,40.75275039672852,-73.98394012451173,40.7400016784668,485.92,5043,5043,-1.0,-1.0,-1,-1,0.0
37499,-73.98472595214844,40.77417755126953,-73.990478515625,40.719139099121094,1628.18,5043,5043,5154.09,6782.27,111.09000000000015,2.2737367544323206e-13,1.0000000000000002
37500,-73.97515106201173,40.76271438598633,-73.97689056396483,40.74989700317383,458.8,5043,5043,5094.29,5604.51,51.289999999999964,51.42000000000024,1.112074978204011
37501,-73.98794555664062,40.741371154785156,-73.97894287109375,40.75304794311523,318.86,5044,5044,-1.0,-1.0,-1,-1,0.0
37502,-73.95904541015625,40.75969314575195,-73.9727783203125,40.761131286621094,586.44,5044,5044,5108.08,5694.52,64.07999999999993,4.547473508864641e-13,1.0000000000000007
37503,-73.97743225097656,40.74275588989258,-74.00174713134766,40.72798538208008,658.47,5044,5044,5076.52,5765.64,32.52000000000044,30.649999999999864,1.0465472990417177
37504,-73.9851303100586,40.74187850952149,-73.96665954589844,40.807579040527344,1582.81,5044,5044,-1.0,-1.0,-1,-1,0.0
37505,-73.98072052001955,40.78317260742188,-73.99217224121094,40.7591667175293,601.28,5044,5044,6034.69,6635.97,990.6899999999996,6.821210263296962e-13,1.000000000000001
37506,-74.00461578369139,40.74540710449219,-73.9925765991211,40.73046875,618.05,5045,5045,-1.0,-1.0,-1,-1,0.0
37507,-73.95443725585938,40.764060974121094,-73.9748764038086,40.78010940551758,748.83,5045,5045,-1.0,-1.0,-1,-1,0.0
37508,-73.97196960449219,40.76211929321289,-73.96302032470702,40.77423095703125,261.43,5045,5045,5206.67,5468.1,161.67000000000007,2.8421709430404007e-13,1.000000000000001
37509,-74.00381469726562,40.725502014160156,-74.00791931152342,40.71218872070313,475.83,5045,5045,-1.0,-1.0,-1,-1,0.0
37510,-74.00546264648438,40.74086380004883,-73.96807861328125,40.79210662841797,1110.32,5045,5045,-1.0,-1.0,-1,-1,0.0
37511,-74.00015258789062,40.72201919555664,-73.9838638305664,40.75719833374024,911.41,5045,5045,-1.0,-1.0,-1,-1,0.0
37512,-73.96636962890625,40.7705192565918,-73.95570373535155,40.78514862060547,269.22,5045,5045,-1.0,-1.0,-1,-1,0.0
37513,-73.9798355102539,40.7592658996582,-73.99156951904298,40.75004577636719,439.73,5045,5045,-1.0,-1.0,-1,-1,0.0
37514,-74.00894165039062,40.71376419067383,-73.99715423583984,40.719383239746094,446.94,5046,5046,5097.17,5544.11,51.17000000000007,-3.979039320256561e-13,0.9999999999999991
37515,-73.97212219238281,40.75434112548828,-73.94966888427734,40.784629821777344,606.13,5046,5046,5116.76,5722.89,70.76000000000022,1.1368683772161603e-13,1.0000000000000002
37516,-73.99409484863281,40.75117111206055,-73.9994125366211,40.763198852539055,426.29,5046,5046,-1.0,-1.0,-1,-1,0.0
37517,-73.95530700683594,40.80427932739258,-73.94840240478516,40.78162002563477,656.26,5046,5046,5152.92,5809.18,106.92000000000007,2.2737367544323206e-13,1.0000000000000004
37518,-74.00407409667969,40.73114776611328,-74.00231170654298,40.72412872314453,219.17,5046,5046,5258.41,5477.58,212.40999999999985,8.526512829121202e-14,1.0000000000000004
37519,-73.97106170654298,40.75609588623047,-73.95086669921875,40.769737243652344,502.15,5046,5046,-1.0,-1.0,-1,-1,0.0
37520,-74.00081634521484,40.761940002441406,-73.95177459716798,40.7770881652832,1108.25,5046,5046,5070.0,6178.25,24.0,0.0,1.0
37521,-73.99491119384766,40.72610092163085,-73.9758529663086,40.71890258789063,574.7,5046,5046,-1.0,-1.0,-1,-1,0.0
37522,-73.99202728271484,40.74913024902344,-73.99224853515625,40.73210144042969,507.29,5046,5046,5072.44,5579.7300000000005,26.4399999999996,8.526512829121202e-13,1.0000000000000018
37523,-73.99134063720702,40.73979187011719,-73.95451354980467,40.77812576293945,1151.0,5046,5046,-1.0,-1.0,-1,-1,0.0
37524,-73.96914672851562,40.763648986816406,-73.9648208618164,40.775779724121094,352.3,5046,5046,-1.0,-1.0,-1,-1,0.0
37525,-73.97547149658203,40.75202941894531,-73.99308776855469,40.72439193725585,741.06,5047,5047,5100.47,5905.73,53.470000000000255,64.19999999999936,1.0866326613229689
37526,-73.96185302734375,40.77135848999024,-73.97405242919923,40.74840545654297,686.92,5047,5047,-1.0,-1.0,-1,-1,0.0
37527,-73.97288513183594,40.79096221923828,-73.98262023925781,40.78165054321289,290.28,5047,5047,5194.51,5484.79,147.51000000000022,-2.2737367544323206e-13,0.9999999999999992
37528,-73.98339080810547,40.744453430175774,-73.97379302978516,40.748062133789055,359.38,5047,5047,-1.0,-1.0,-1,-1,0.0
37529,-73.97254180908203,40.74040985107422,-73.97834014892578,40.74422836303711,416.46,5047,5047,-1.0,-1.0,-1,-1,0.0
37530,-73.97620391845702,40.77631378173828,-73.9555130004883,40.7826042175293,494.13,5047,5047,5344.37,5838.5,297.3699999999999,1.1368683772161603e-13,1.0000000000000002
37531,-73.95375061035155,40.77495956420898,-73.9338607788086,40.79408645629883,400.35,5047,5047,5715.17,6115.52,668.1700000000001,3.410605131648481e-13,1.0000000000000009
37532,-73.95426940917969,40.76405715942383,-73.9611587524414,40.77725601196289,535.63,5047,5047,5102.16,5637.79,55.159999999999854,1.1368683772161603e-13,1.0000000000000002
37533,-73.96697235107422,40.77273941040039,-73.9795913696289,40.77634811401367,353.29,5047,5047,-1.0,-1.0,-1,-1,0.0
37534,-73.97776794433594,40.75941848754883,-73.98799896240234,40.75432205200195,400.05,5047,5047,-1.0,-1.0,-1,-1,0.0
37535,-73.9603042602539,40.78201675415039,-73.9986572265625,40.73414993286133,1301.18,5048,5048,5527.71,6828.89,479.71000000000004,2.2737367544323206e-13,1.0000000000000002
37536,-73.9806137084961,40.766109466552734,-73.9473114013672,40.80686950683594,1120.57,5048,5048,-1.0,-1.0,-1,-1,0.0
37537,-73.9775390625,40.76404571533203,-73.97013092041014,40.789306640625,707.26,5048,5048,-1.0,-1.0,-1,-1,0.0
37538,-73.98812866210938,40.759185791015625,-73.98121643066406,40.78071594238281,546.7,5048,5048,5100.79,5647.49,52.789999999999964,-2.2737367544323206e-13,0.9999999999999996
37539,-73.97325897216798,40.784889221191406,-73.98265075683594,40.771568298339844,283.38,5048,5048,5089.87,5373.25,41.86999999999989,1.1368683772161603e-13,1.0000000000000004
37540,-73.9922332763672,40.748451232910156,-74.00383758544923,40.74189376831055,305.33,5048,5048,5085.62,5390.95,37.61999999999989,-5.684341886080802e-14,0.9999999999999998
37541,-73.9852294921875,40.75271987915039,-73.95819854736328,40.77278137207031,846.34,5048,5048,-1.0,-1.0,-1,-1,0.0
37542,-74.0149688720703,40.71419143676758,-73.98665618896483,40.73637771606445,923.77,5048,5048,-1.0,-1.0,-1,-1,0.0
37543,-73.97171020507811,40.76020812988281,-73.97772979736328,40.74203872680664,536.46,5049,5049,-1.0,-1.0,-1,-1,0.0
37544,-73.96385192871094,40.76816177368164,-73.98715209960938,40.77894973754883,662.92,5049,5049,-1.0,-1.0,-1,-1,0.0
37545,-73.98458099365234,40.74293518066406,-73.95187377929686,40.773155212402344,814.21,5049,5049,5076.63,5948.89,27.63000000000011,58.05000000000018,1.0712961029709782
37546,-73.96856689453125,40.75500869750977,-73.98338317871094,40.75051879882813,530.8,5049,5049,-1.0,-1.0,-1,-1,0.0
37547,-73.96730041503906,40.80105972290039,-73.95430755615234,40.807289123535156,415.42,5049,5049,5123.88,5539.3,74.88000000000011,5.684341886080802e-14,1.0000000000000002
37548,-73.96261596679686,40.77402114868164,-73.95922088623048,40.80912399291992,827.74,5049,5049,-1.0,-1.0,-1,-1,0.0
37549,-74.01441192626955,40.71391296386719,-73.94988250732422,40.77626419067383,1319.52,5050,5050,-1.0,-1.0,-1,-1,0.0
37550,-73.9716567993164,40.75891876220703,-73.9846954345703,40.74260330200195,530.52,5050,5050,-1.0,-1.0,-1,-1,0.0
37551,-73.97527313232422,40.75556945800781,-74.00946807861328,40.73540115356445,1057.68,5050,5050,-1.0,-1.0,-1,-1,0.0
37552,-73.97610473632812,40.75804138183594,-73.9683609008789,40.76262283325195,264.54,5050,5050,-1.0,-1.0,-1,-1,0.0
37553,-74.01604461669923,40.711326599121094,-73.99081420898438,40.75123977661133,1056.45,5050,5050,-1.0,-1.0,-1,-1,0.0
37554,-73.9718017578125,40.75727844238281,-74.00000762939453,40.7281608581543,876.84,5050,5050,-1.0,-1.0,-1,-1,0.0
37555,-73.97628021240234,40.77632141113281,-73.95523834228516,40.77333068847656,521.35,5050,5050,5411.86,5933.21,361.8599999999997,3.410605131648481e-13,1.0000000000000007
37556,-73.95774841308594,40.76959609985352,-73.96123504638672,40.76072311401367,379.5,5050,5050,5106.58,5486.08,56.57999999999993,0.0,1.0
37557,-73.99387359619139,40.732643127441406,-73.97712707519531,40.7431869506836,554.86,5051,5051,5098.03,5652.89,47.029999999999745,5.684341886080801e-13,1.000000000000001
37558,-73.97808837890625,40.7522087097168,-73.98943328857422,40.73165893554688,598.95,5051,5051,-1.0,-1.0,-1,-1,0.0
37559,-73.97713470458984,40.74941635131836,-73.97500610351562,40.744773864746094,215.33,5052,5052,-1.0,-1.0,-1,-1,0.0
37560,-73.98863983154298,40.7312889099121,-73.99160766601562,40.74895477294922,686.34,5052,5052,-1.0,-1.0,-1,-1,0.0
37561,-73.96952819824219,40.76338195800781,-73.97549438476562,40.75503540039063,287.29,5052,5052,-1.0,-1.0,-1,-1,0.0
37562,-73.9671401977539,40.78825378417969,-73.97840118408203,40.79147338867188,320.8,5052,5052,5495.63,5816.43,443.6300000000001,1.7053025658242404e-13,1.0000000000000004
37563,-73.99725341796875,40.7193717956543,-73.98522186279298,40.72186279296875,450.31,5052,5052,-1.0,-1.0,-1,-1,0.0
37564,-73.98468017578125,40.72829055786133,-73.97596740722656,40.74016571044922,219.31,5052,5052,5082.93,5302.24,30.93000000000029,-5.115907697472721e-13,0.9999999999999977
37565,-73.9783477783203,40.752437591552734,-73.98125457763672,40.78041458129883,909.21,5052,5052,-1.0,-1.0,-1,-1,0.0
37566,-73.9831771850586,40.766502380371094,-73.98408508300781,40.75965881347656,273.5,5052,5052,5106.98,5392.0199999999995,54.97999999999956,11.539999999999964,1.0421937842778792
37567,-73.96784210205078,40.79228591918945,-73.93608093261719,40.822090148925774,869.21,5052,5052,5133.29,6002.5,81.28999999999996,0.0,1.0
37568,-73.96800231933594,40.76213073730469,-73.9808120727539,40.75088119506836,513.43,5052,5052,-1.0,-1.0,-1,-1,0.0
37569,-74.0080337524414,40.72318649291992,-74.00264739990234,40.76065444946289,681.36,5053,5053,-1.0,-1.0,-1,-1,0.0
37570,-73.97512817382812,40.75879669189453,-73.99028778076173,40.73037338256836,869.13,5053,5053,-1.0,-1.0,-1,-1,0.0
37571,-73.97789001464844,40.7525634765625,-73.9933853149414,40.739105224609375,428.76,5053,5053,-1.0,-1.0,-1,-1,0.0
37572,-73.9732437133789,40.74388885498047,-73.97575378417969,40.74964904785156,285.37,5053,5053,-1.0,-1.0,-1,-1,0.0
37573,-73.96351623535155,40.79834365844727,-73.9987030029297,40.76445388793945,880.66,5053,5053,5137.09,6017.75,84.09000000000015,-1.1368683772161603e-13,0.9999999999999999
37574,-73.98844146728516,40.72309875488281,-73.98149871826173,40.722068786621094,228.59,5053,5053,-1.0,-1.0,-1,-1,0.0
37575,-73.9619140625,40.767913818359375,-73.9664764404297,40.79336166381836,691.51,5053,5053,5108.36,5864.38,55.35999999999967,64.51000000000045,1.0932886003094684
37576,-73.96666717529298,40.804386138916016,-73.96262359619139,40.75718688964844,1418.65,5053,5053,5096.05,6536.2,43.05000000000018,21.499999999999545,1.0151552532337078
37577,-73.98300170898438,40.731590270996094,-73.99788665771484,40.734539031982415,452.88,5054,5054,5095.16,5585.58,41.159999999999854,37.54000000000008,1.0828917152446567
37578,-73.9832534790039,40.74116897583008,-73.98898315429686,40.74962997436523,425.05,5054,5054,-1.0,-1.0,-1,-1,0.0
37579,-73.99562072753906,40.72510147094727,-73.98298645019531,40.72134017944336,329.99,5054,5054,5111.95,5441.94,57.94999999999982,-2.2737367544323206e-13,0.9999999999999993
37580,-73.97846221923827,40.75386047363281,-73.98140716552734,40.780181884765625,829.54,5054,5054,5095.43,5958.66,41.43000000000029,33.6899999999996,1.0406128697832528
37581,-73.99396514892578,40.73567199707031,-73.96126556396483,40.75677108764648,932.49,5054,5054,-1.0,-1.0,-1,-1,0.0
37582,-73.98381805419923,40.74362564086913,-73.99095153808595,40.75063705444336,411.88,5054,5054,-1.0,-1.0,-1,-1,0.0
37583,-73.98056030273438,40.76179122924805,-73.9922866821289,40.73065948486328,941.69,5054,5054,-1.0,-1.0,-1,-1,0.0
37584,-73.98114013671875,40.78059768676758,-73.981201171875,40.77398681640625,228.61,5054,5054,5092.81,5363.46,38.8100000000004,42.03999999999962,1.1838939678929163
37585,-73.98235321044923,40.76835250854492,-73.95895385742188,40.77769470214844,663.27,5055,5055,-1.0,-1.0,-1,-1,0.0
37586,-73.9738540649414,40.75832748413085,-73.98712921142578,40.73900604248047,569.0,5055,5055,-1.0,-1.0,-1,-1,0.0
37587,-73.9553985595703,40.77709197998047,-73.97560882568358,40.78804397583008,464.32,5055,5055,5088.69,5592.47,33.6899999999996,39.46000000000066,1.0849844934527926
37588,-73.98348236083984,40.73009872436523,-73.97325134277344,40.74398040771485,242.18,5055,5055,5070.71,5312.89,15.710000000000036,2.8421709430404007e-13,1.000000000000001
37589,-73.97940063476562,40.78163528442383,-73.93175506591797,40.79538345336913,1027.67,5055,5055,5104.67,6132.339999999999,49.67000000000007,-9.094947017729282e-13,0.9999999999999991
37590,-73.98686218261719,40.742591857910156,-73.97698974609375,40.7568588256836,368.31,5055,5055,-1.0,-1.0,-1,-1,0.0
37591,-73.97450256347656,40.783363342285156,-73.95339965820312,40.76726913452149,672.75,5056,5056,5963.2,6635.949999999999,907.1999999999998,-9.094947017729282e-13,0.9999999999999987
37592,-73.95153045654298,40.76994705200195,-73.9771728515625,40.74652099609375,683.62,5056,5056,5086.58,5770.2,30.579999999999927,-1.1368683772161603e-13,0.9999999999999999
37593,-73.97074127197266,40.75096893310547,-73.95996856689453,40.77370834350585,637.29,5056,5056,5073.86,5711.150000000001,17.859999999999673,9.094947017729282e-13,1.0000000000000013
37594,-73.95889282226562,40.77495574951172,-73.97307586669923,40.792495727539055,561.43,5056,5056,5172.08,5733.51,116.07999999999993,3.410605131648481e-13,1.0000000000000007
37595,-73.98226165771484,40.7517967224121,-74.00503540039062,40.73812103271485,661.46,5056,5056,-1.0,-1.0,-1,-1,0.0
37596,-74.0011215209961,40.751708984375,-73.98291015625,40.78181076049805,625.91,5056,5056,-1.0,-1.0,-1,-1,0.0
37597,-73.9940185546875,40.75118637084961,-73.94648742675781,40.78406143188477,1326.29,5056,5056,-1.0,-1.0,-1,-1,0.0
37598,-73.96736907958984,40.78784942626953,-73.939208984375,40.80508041381836,653.72,5056,5056,5082.97,5736.69,26.970000000000255,-6.821210263296962e-13,0.999999999999999
37599,-73.99563598632812,40.72683715820313,-73.99465942382812,40.740211486816406,405.71,5057,5057,-1.0,-1.0,-1,-1,0.0
37600,-74.00289916992188,40.73350524902344,-74.00930786132812,40.71075820922852,582.51,5057,5057,5104.87,5687.38,47.86999999999989,2.2737367544323206e-13,1.0000000000000004
37601,-73.98271942138672,40.763404846191406,-73.966552734375,40.78902053833008,647.33,5057,5057,-1.0,-1.0,-1,-1,0.0
37602,-73.97756958007811,40.78420639038085,-73.95952606201173,40.7766227722168,409.09,5057,5057,6177.61,6586.7,1120.6099999999997,1.7053025658242404e-13,1.0000000000000004
37603,-74.00871276855469,40.71938705444336,-73.99031829833984,40.73953628540039,622.58,5057,5057,-1.0,-1.0,-1,-1,0.0
37604,-74.00137329101562,40.72389221191406,-74.0082473754883,40.73776626586913,576.89,5057,5057,-1.0,-1.0,-1,-1,0.0
37605,-74.00495147705078,40.70691680908203,-73.96954345703125,40.795013427734375,1700.86,5057,5057,5092.38,6793.240000000001,35.38000000000011,6.821210263296962e-13,1.0000000000000004
37606,-73.98292541503906,40.75680923461913,-73.98163604736328,40.779701232910156,676.78,5057,5057,5083.59,5760.37,26.590000000000146,-2.2737367544323206e-13,0.9999999999999997
37607,-73.99038696289062,40.74590301513672,-73.98278045654298,40.775203704833984,843.78,5057,5057,5070.26,5977.3,13.260000000000218,63.25999999999999,1.074972149138401
37608,-73.98632049560547,40.73466873168945,-73.95227813720702,40.781246185302734,1021.14,5057,5057,5137.71,6158.85,80.71000000000004,3.410605131648481e-13,1.0000000000000004
37609,-73.98793029785155,40.7646598815918,-73.96707153320312,40.763671875,699.49,5058,5058,5961.62,6661.11,903.6199999999999,-2.2737367544323206e-13,0.9999999999999997
37610,-73.98794555664062,40.740928649902344,-73.97705841064453,40.76460266113281,723.42,5058,5058,-1.0,-1.0,-1,-1,0.0
37611,-74.00782775878906,40.70737075805664,-73.96281433105469,40.75773239135742,936.98,5058,5058,-1.0,-1.0,-1,-1,0.0
37612,-73.99041748046875,40.75647354125977,-73.97974395751955,40.765472412109375,327.34,5058,5058,5097.13,5424.47,39.13000000000011,1.7053025658242404e-13,1.0000000000000004
37613,-73.94441986083984,40.77934646606445,-73.9404296875,40.79334259033203,298.88,5058,5058,5075.88,5374.76,17.88000000000011,1.1368683772161603e-13,1.0000000000000004
37614,-73.96138000488281,40.774818420410156,-73.97732543945312,40.75213623046875,753.41,5058,5058,5090.46,5858.33,32.460000000000036,14.459999999999923,1.0191927370223384
37615,-73.97522735595702,40.75188064575195,-73.98290252685547,40.72803115844727,618.19,5058,5058,5081.25,5719.04,23.25,19.59999999999991,1.0317054627218167
37616,-73.98695373535155,40.72092056274415,-73.95287322998048,40.78324890136719,1220.64,5058,5058,5116.48,6337.12,58.47999999999956,2.2737367544323206e-13,1.0000000000000002
37617,-73.96913146972656,40.76131057739258,-74.00509643554686,40.751628875732415,1022.51,5058,5058,5078.62,6193.84,20.61999999999989,92.71000000000026,1.0906690399115904
37618,-73.98143768310547,40.76066970825195,-73.99981689453125,40.76123809814453,624.14,5059,5059,-1.0,-1.0,-1,-1,0.0
37619,-73.99056243896483,40.74030685424805,-74.00060272216798,40.73074340820313,272.49,5059,5059,5102.38,5374.87,43.38000000000011,-2.2737367544323206e-13,0.9999999999999991
37620,-73.9840087890625,40.74908828735352,-74.01455688476562,40.70812225341797,1096.8,5059,5059,-1.0,-1.0,-1,-1,0.0
37621,-73.99928283691406,40.72020721435547,-73.98727416992188,40.72217178344727,427.44,5059,5059,-1.0,-1.0,-1,-1,0.0
37622,-73.97857666015625,40.75352096557617,-73.9423828125,40.80331039428711,972.74,5059,5059,-1.0,-1.0,-1,-1,0.0
37623,-73.97953033447266,40.7864990234375,-73.96851348876955,40.80064010620117,325.98,5059,5059,5071.32,5417.01,12.319999999999709,19.71000000000049,1.0604638321369424
37624,-73.98347473144531,40.75982284545898,-74.00736999511719,40.70525360107422,1401.51,5059,5059,-1.0,-1.0,-1,-1,0.0
37625,-73.97272491455078,40.75962829589844,-73.99284362792969,40.72376251220703,966.46,5059,5059,-1.0,-1.0,-1,-1,0.0
37626,-73.99195861816406,40.74399948120117,-73.97114562988281,40.76091384887695,718.63,5060,5060,-1.0,-1.0,-1,-1,0.0
37627,-74.0130157470703,40.71636199951172,-74.01634216308595,40.70629119873047,225.42,5060,5060,5095.59,5321.01,35.590000000000146,8.526512829121202e-14,1.0000000000000004
37628,-73.9980926513672,40.73543930053711,-73.99027252197266,40.741790771484375,260.95,5060,5060,5186.12,5447.07,126.11999999999989,-1.7053025658242404e-13,0.9999999999999993
37629,-74.0147933959961,40.71408462524415,-73.97267150878906,40.74755096435547,891.83,5060,5060,-1.0,-1.0,-1,-1,0.0
37630,-73.97563934326173,40.76081848144531,-73.98709869384766,40.76517105102539,480.97,5060,5060,-1.0,-1.0,-1,-1,0.0
37631,-74.01010131835938,40.70543670654297,-73.99202728271484,40.7256965637207,677.83,5060,5060,-1.0,-1.0,-1,-1,0.0
37632,-73.99507141113281,40.74662399291992,-74.00800323486328,40.7381706237793,447.36,5060,5060,5118.54,5565.9,58.539999999999964,-3.410605131648481e-13,0.9999999999999992
37633,-73.99201202392578,40.74358367919922,-74.00881195068358,40.71937561035156,656.95,5060,5060,-1.0,-1.0,-1,-1,0.0
37634,-73.97010803222656,40.75217056274415,-73.95387268066406,40.77544021606445,567.81,5060,5060,-1.0,-1.0,-1,-1,0.0
37635,-73.96739959716798,40.75238800048828,-73.955322265625,40.76842498779297,289.8,5061,5061,-1.0,-1.0,-1,-1,0.0
37636,-74.01347351074219,40.716575622558594,-73.97920227050781,40.78464889526367,1127.48,5061,5061,-1.0,-1.0,-1,-1,0.0
37637,-73.97825622558594,40.76226043701172,-73.95870208740234,40.77502059936523,604.63,5061,5061,-1.0,-1.0,-1,-1,0.0
37638,-73.9650650024414,40.77520751953125,-73.95144653320312,40.77943801879883,400.82,5061,5061,5083.83,5484.65,22.829999999999927,-2.8421709430404007e-13,0.9999999999999993
37639,-74.00481414794923,40.75186538696289,-74.00244903564453,40.74535369873047,208.04,5061,5061,-1.0,-1.0,-1,-1,0.0
37640,-73.98526000976562,40.76845169067383,-74.00547790527344,40.74829864501953,596.75,5062,5062,6364.25,6961.000000000001,1302.25,9.094947017729282e-13,1.0000000000000016
37641,-73.95415496826173,40.77053833007813,-73.95999145507811,40.77372360229492,229.08,5062,5062,-1.0,-1.0,-1,-1,0.0
37642,-73.9866485595703,40.76671981811523,-73.98188781738281,40.76325988769531,260.54,5062,5062,5340.88,5601.42,278.8800000000001,-5.684341886080802e-14,0.9999999999999998
37643,-74.00652313232422,40.74455261230469,-73.98215484619139,40.76286697387695,746.57,5062,5062,5084.14,5830.71,22.140000000000327,-3.410605131648481e-13,0.9999999999999996
37644,-73.97123718261719,40.755126953125,-73.96072387695312,40.769775390625,336.45,5062,5062,5098.2,5434.65,36.19999999999982,-1.7053025658242404e-13,0.9999999999999994
37645,-73.97362518310547,40.78289413452149,-73.95337677001955,40.77272033691406,519.21,5062,5062,5101.91,5621.12,39.909999999999854,0.0,1.0
37646,-73.95828247070312,40.7788200378418,-73.97400665283203,40.79350280761719,572.36,5063,5063,5234.0,5806.36,171.0,-3.410605131648481e-13,0.9999999999999994
37647,-73.99681854248048,40.72972869873047,-74.00630187988281,40.74892044067383,689.14,5063,5063,-1.0,-1.0,-1,-1,0.0
37648,-74.00739288330078,40.72787857055664,-74.00707244873048,40.707740783691406,667.63,5063,5063,-1.0,-1.0,-1,-1,0.0
37649,-73.98419952392578,40.77022171020508,-73.97765350341797,40.75207138061523,776.4,5063,5063,5081.18,5952.88,18.18000000000029,95.29999999999984,1.1227460072127766
37650,-73.98358154296875,40.77351760864258,-73.95751953125,40.76580429077149,689.8,5063,5063,5126.41,5816.21,63.409999999999854,2.2737367544323206e-13,1.0000000000000002
37651,-73.96415710449219,40.761390686035156,-73.97968292236328,40.760459899902344,629.04,5063,5063,5115.09,5757.72,52.090000000000146,13.590000000000146,1.0216043494849296
37652,-73.9795913696289,40.75622177124024,-73.98750305175781,40.71995162963867,1074.56,5064,5064,-1.0,-1.0,-1,-1,0.0
37653,-73.98204803466798,40.76544570922852,-73.9847640991211,40.76032257080078,208.0,5064,5064,-1.0,-1.0,-1,-1,0.0
37654,-73.99434661865234,40.752525329589844,-73.99442291259766,40.764102935791016,437.09,5064,5064,-1.0,-1.0,-1,-1,0.0
37655,-73.97622680664062,40.74831008911133,-73.9542236328125,40.766998291015625,595.97,5064,5064,-1.0,-1.0,-1,-1,0.0
37656,-73.98416137695312,40.7650260925293,-73.98914337158203,40.77434158325195,325.38,5064,5064,5077.67,5403.05,13.670000000000073,1.1368683772161603e-13,1.0000000000000004
37657,-73.9803695678711,40.76521301269531,-74.01597595214845,40.71533203125,1331.47,5064,5064,-1.0,-1.0,-1,-1,0.0
37658,-73.99378204345702,40.7669792175293,-73.98332977294923,40.76819229125977,337.57,5064,5064,5205.41,5542.98,141.40999999999985,-2.8421709430404007e-13,0.9999999999999991
37659,-73.98115539550781,40.78121566772461,-73.96755981445312,40.802635192871094,410.36,5064,5064,5097.33,5507.69,33.32999999999993,-3.410605131648481e-13,0.9999999999999992
37660,-73.93476867675781,40.79692840576172,-73.95096588134766,40.81411743164063,694.38,5065,5065,5093.5,5787.88,28.5,1.1368683772161603e-13,1.0000000000000002
37661,-74.01200866699219,40.72053909301758,-73.97667694091797,40.739349365234375,982.05,5065,5065,-1.0,-1.0,-1,-1,0.0
37662,-73.99093627929686,40.745201110839844,-73.98394012451173,40.75425720214844,244.0,5065,5065,-1.0,-1.0,-1,-1,0.0
37663,-73.99565124511719,40.75439834594727,-74.00521850585938,40.74129867553711,285.69,5065,5065,-1.0,-1.0,-1,-1,0.0
37664,-73.9980239868164,40.74943923950195,-74.00572967529298,40.71577835083008,842.32,5065,5065,5075.76,5985.07,10.760000000000218,66.98999999999944,1.079530344762085
37665,-74.01077270507811,40.70886611938477,-73.96646118164062,40.75651550292969,1010.98,5065,5065,5102.75,6113.73,37.75,-4.547473508864641e-13,0.9999999999999996
37666,-73.99568939208984,40.7166862487793,-73.96210479736328,40.77921676635742,1535.94,5065,5065,5113.5,6649.44,48.5,-4.547473508864641e-13,0.9999999999999997
37667,-73.9761734008789,40.77579116821289,-73.98601531982422,40.77712631225585,264.87,5066,5066,5080.85,5353.06,14.850000000000364,7.340000000000032,1.0277117076301583
37668,-73.98439025878906,40.76039123535156,-73.96559143066406,40.7606201171875,778.74,5066,5066,-1.0,-1.0,-1,-1,0.0
37669,-73.94750213623048,40.77925109863281,-73.99244689941406,40.74776840209961,1406.83,5066,5066,5071.5,6541.11,5.5,62.779999999999745,1.0446251501602892
37670,-73.99034118652342,40.740318298339844,-74.00299072265625,40.73123168945313,400.9,5066,5066,-1.0,-1.0,-1,-1,0.0
37671,-74.00719451904298,40.71575546264648,-73.9871597290039,40.7330436706543,674.11,5066,5066,-1.0,-1.0,-1,-1,0.0
37672,-73.9876480102539,40.71820831298828,-73.97762298583984,40.71456909179688,256.8,5066,5066,5100.58,5357.38,34.57999999999993,1.7053025658242404e-13,1.0000000000000007
37673,-73.99032592773438,40.72491455078125,-74.0038833618164,40.72380828857422,428.8,5066,5066,5092.33,5521.13,26.329999999999927,1.7053025658242404e-13,1.0000000000000004
37674,-73.96377563476562,40.77689743041992,-73.98680114746094,40.745941162109375,839.77,5066,5066,5115.17,5954.94,49.17000000000007,-4.547473508864641e-13,0.9999999999999994
37675,-73.98876190185547,40.75865173339844,-73.94023895263672,40.82223892211913,1452.78,5067,5067,5092.2300000000005,6575.63,25.230000000000473,30.619999999999663,1.0210768320048456
37676,-73.97795867919923,40.755516052246094,-74.00984191894531,40.7109375,1347.24,5067,5067,-1.0,-1.0,-1,-1,0.0
37677,-73.97676849365234,40.7654685974121,-73.98224639892578,40.77077865600585,206.5,5067,5067,5108.12,5314.62,41.11999999999989,0.0,1.0
37678,-73.96989440917969,40.76377487182617,-73.97415924072266,40.784759521484375,576.93,5067,5067,-1.0,-1.0,-1,-1,0.0
37679,-73.97767639160156,40.751869201660156,-74.00431060791014,40.7424201965332,777.72,5067,5067,5106.7,5956.05,39.69999999999982,71.63000000000034,1.0921025561898887
37680,-73.95433044433594,40.76604843139648,-73.96835327148438,40.75498962402344,439.49,5067,5067,5088.03,5527.52,21.029999999999745,6.821210263296962e-13,1.0000000000000016
37681,-73.99177551269531,40.738636016845696,-73.98723602294923,40.72246551513672,662.25,5067,5067,5097.48,5772.07,30.479999999999563,12.340000000000146,1.0186334465836167
37682,-73.98961639404298,40.74183654785156,-73.99191284179686,40.74908065795898,313.5,5068,5068,-1.0,-1.0,-1,-1,0.0
37683,-73.97106170654298,40.76150131225585,-73.95796966552734,40.77545928955078,403.96,5068,5068,-1.0,-1.0,-1,-1,0.0
37684,-73.96324157714845,40.76896667480469,-73.97415924072266,40.778633117675774,537.82,5068,5068,-1.0,-1.0,-1,-1,0.0
37685,-74.00970458984375,40.70663833618164,-74.0042266845703,40.72172164916992,498.79,5068,5068,-1.0,-1.0,-1,-1,0.0
37686,-73.96623229980467,40.75368881225585,-73.95851135253906,40.77309036254883,422.59,5068,5068,5076.78,5518.63,8.779999999999745,19.26000000000039,1.045576090300292
37687,-73.97629547119139,40.78813934326172,-73.95119476318358,40.77891159057617,629.9,5069,5069,5103.16,5746.2300000000005,34.159999999999854,13.170000000000641,1.0209080806477229
37688,-74.00495910644531,40.751861572265625,-74.00215148925781,40.74531173706055,208.04,5069,5069,-1.0,-1.0,-1,-1,0.0
37689,-73.99626159667969,40.72365188598633,-73.98287200927734,40.72343826293945,395.12,5069,5069,5076.97,5498.33,7.970000000000255,26.239999999999668,1.0664102044948363
37690,-73.98717498779298,40.7496223449707,-73.98507690429686,40.73899841308594,388.72,5069,5069,-1.0,-1.0,-1,-1,0.0
37691,-73.93863677978516,40.81150817871094,-73.9516372680664,40.76993179321289,830.91,5069,5069,5099.21,5930.12,30.210000000000036,-1.1368683772161603e-13,0.9999999999999999
37692,-74.00680541992188,40.7198486328125,-74.01734161376955,40.705169677734375,416.58,5069,5069,-1.0,-1.0,-1,-1,0.0
37693,-73.98617553710938,40.7459831237793,-74.00618743896483,40.71132278442383,1059.87,5069,5069,5113.93,6237.22,44.93000000000029,63.42000000000007,1.0598375272439073
37694,-74.01519012451173,40.715675354003906,-73.99127960205078,40.72731399536133,811.51,5069,5069,-1.0,-1.0,-1,-1,0.0
37695,-73.97758483886719,40.758689880371094,-73.95038604736328,40.7755241394043,769.75,5069,5069,-1.0,-1.0,-1,-1,0.0
37696,-73.96892547607422,40.75902557373047,-73.98607635498048,40.77129364013672,765.09,5070,5070,-1.0,-1.0,-1,-1,0.0
37697,-73.99137878417969,40.75019836425781,-73.98464965820312,40.74338912963867,441.46,5070,5070,5094.9,5575.01,24.899999999999636,38.6500000000006,1.0875504009423291
37698,-74.00734710693358,40.74338912963867,-73.99217224121094,40.72396087646485,838.71,5070,5070,5099.46,6027.9,29.460000000000036,89.72999999999956,1.1069857280824118
37699,-73.99343872070312,40.74986267089844,-73.97389221191406,40.78293228149415,847.07,5070,5070,5070.0,5946.99,0.0,29.91999999999973,1.0353217561712724
37700,-73.99430847167969,40.74584579467773,-74.00794219970702,40.7381248474121,436.15,5070,5070,-1.0,-1.0,-1,-1,0.0
37701,-73.98820495605469,40.75647354125977,-73.97998809814453,40.75141143798828,278.96,5070,5070,-1.0,-1.0,-1,-1,0.0
37702,-74.0159912109375,40.71508026123047,-73.98990631103516,40.74977111816406,1032.61,5070,5070,-1.0,-1.0,-1,-1,0.0
37703,-73.97171020507811,40.74988555908203,-73.9766616821289,40.760566711425774,540.38,5070,5070,-1.0,-1.0,-1,-1,0.0
37704,-73.97232055664062,40.74425506591797,-73.98648834228516,40.74892044067383,675.4,5070,5070,5105.2300000000005,5780.63,35.23000000000047,-3.410605131648481e-13,0.9999999999999994
37705,-73.97956848144531,40.771278381347656,-73.97565460205078,40.78807830810547,410.5,5070,5070,5091.79,5534.0,21.789999999999964,31.710000000000036,1.0772472594397078
37706,-73.98187255859375,40.75272750854492,-74.0023422241211,40.76097869873047,663.47,5070,5070,-1.0,-1.0,-1,-1,0.0
37707,-73.95817565917969,40.78166580200195,-73.96475982666014,40.770374298095696,321.14,5070,5070,5088.88,5503.59,18.88000000000011,93.57000000000005,1.291368250607212
37708,-73.99372863769531,40.74700927734375,-73.97817993164062,40.75286865234375,563.42,5071,5071,-1.0,-1.0,-1,-1,0.0
37709,-73.98509216308595,40.760078430175774,-73.98745727539062,40.76876449584961,394.92,5071,5071,-1.0,-1.0,-1,-1,0.0
37710,-73.99002075195312,40.75687026977539,-73.98918151855469,40.74174118041992,582.02,5071,5071,-1.0,-1.0,-1,-1,0.0
37711,-73.97815704345702,40.75727844238281,-73.9662094116211,40.80316162109375,1150.86,5071,5071,-1.0,-1.0,-1,-1,0.0
37712,-74.00352478027342,40.7515983581543,-74.00120544433594,40.72126770019531,795.5,5071,5071,5116.37,5970.25,45.36999999999989,58.38000000000011,1.0733878064110625
37713,-73.97570037841797,40.74922180175781,-73.96614837646483,40.758888244628906,356.63,5071,5071,-1.0,-1.0,-1,-1,0.0
37714,-73.96411895751955,40.76802062988281,-73.98993682861328,40.75094223022461,949.17,5072,5072,5102.28,6051.45,30.279999999999745,1.1368683772161603e-13,1.0000000000000002
37715,-73.96322631835938,40.76909255981445,-73.98567962646483,40.772132873535156,617.54,5072,5072,-1.0,-1.0,-1,-1,0.0
37716,-73.98668670654298,40.75199890136719,-73.99858093261719,40.76401138305664,583.85,5072,5072,-1.0,-1.0,-1,-1,0.0
37717,-73.95964050292969,40.77123641967773,-73.96025848388672,40.77631759643555,195.46,5072,5072,5111.04,5306.5,39.039999999999964,2.842170943040401e-14,1.0000000000000002
37718,-73.96617126464845,40.76159286499024,-73.9698486328125,40.784366607666016,626.14,5072,5072,5111.0,5737.14,39.0,3.410605131648481e-13,1.0000000000000004
37719,-73.97954559326173,40.76463317871094,-73.98049163818358,40.735252380371094,1036.71,5072,5072,-1.0,-1.0,-1,-1,0.0
37720,-73.98149871826173,40.77029037475585,-73.97122192382812,40.763858795166016,419.45,5072,5072,5118.12,5537.57,46.11999999999989,-1.7053025658242404e-13,0.9999999999999996
37721,-73.97691345214844,40.72893524169922,-73.98788452148438,40.72108459472656,372.04,5072,5072,5198.96,5571.0,126.96000000000004,-5.684341886080802e-14,0.9999999999999999
37722,-73.99539184570312,40.725284576416016,-73.9879150390625,40.72268676757813,226.45,5072,5072,5109.93,5336.38,37.93000000000029,-1.7053025658242404e-13,0.9999999999999992
37723,-73.9916763305664,40.72698211669922,-73.98529052734375,40.73635864257813,225.0,5072,5072,5204.79,5429.79,132.78999999999996,0.0,1.0
37724,-73.9675521850586,40.76045608520508,-73.95272827148438,40.78255081176758,473.25,5072,5072,-1.0,-1.0,-1,-1,0.0
37725,-73.97575378417969,40.7606201171875,-73.98847961425781,40.75025939941406,431.09,5073,5073,-1.0,-1.0,-1,-1,0.0
37726,-74.0051040649414,40.72289276123047,-73.98928833007811,40.729434967041016,448.99,5073,5073,-1.0,-1.0,-1,-1,0.0
37727,-73.98347473144531,40.758094787597656,-73.96199035644531,40.76806640625,654.46,5073,5073,5195.08,5849.54,122.07999999999993,0.0,1.0
37728,-73.9941864013672,40.746280670166016,-73.99505615234375,40.73051071166992,457.19,5073,5073,-1.0,-1.0,-1,-1,0.0
37729,-73.96286010742188,40.77505111694336,-73.96515655517578,40.805908203125,704.54,5073,5073,-1.0,-1.0,-1,-1,0.0
37730,-73.97711944580078,40.74753189086913,-73.98384857177734,40.74409103393555,224.28,5073,5073,-1.0,-1.0,-1,-1,0.0
37731,-73.98060607910156,40.764892578125,-73.98214721679686,40.7517967224121,520.97,5074,5074,-1.0,-1.0,-1,-1,0.0
37732,-73.9573974609375,40.7827377319336,-73.99349975585938,40.74737548828125,1269.16,5074,5074,5118.7,6458.280000000001,44.69999999999982,70.42000000000075,1.055485517980397
37733,-74.00495910644531,40.73741912841797,-73.9888916015625,40.74456787109375,482.83,5074,5074,5256.67,5739.5,182.67000000000007,-5.684341886080802e-14,0.9999999999999999
37734,-74.01492309570312,40.71428680419922,-73.98582458496094,40.73948287963867,925.94,5075,5075,5121.26,6047.2,46.26000000000022,-4.547473508864641e-13,0.9999999999999996
37735,-73.98475646972656,40.74245834350585,-73.9553985595703,40.77524185180664,890.94,5075,5075,5132.86,6055.54,57.85999999999967,31.740000000000236,1.0356252946326354
37736,-73.9837188720703,40.76069259643555,-73.99122619628906,40.75020980834961,336.07,5075,5075,-1.0,-1.0,-1,-1,0.0
37737,-73.98555755615234,40.74440002441406,-74.00264739990234,40.760658264160156,799.77,5075,5075,-1.0,-1.0,-1,-1,0.0
37738,-73.99938201904298,40.722969055175774,-73.95359802246094,40.78459930419922,1519.2,5075,5075,-1.0,-1.0,-1,-1,0.0
37739,-73.98754119873048,40.76046752929688,-74.00926971435547,40.73809814453125,842.77,5075,5075,-1.0,-1.0,-1,-1,0.0
37740,-73.9937744140625,40.76705551147461,-73.98200225830078,40.77305603027344,273.42,5075,5075,5157.0,5430.42,82.0,5.684341886080802e-14,1.0000000000000002
37741,-73.98342895507811,40.763008117675774,-73.9891357421875,40.77700424194336,530.58,5076,5076,-1.0,-1.0,-1,-1,0.0
37742,-73.97355651855469,40.792030334472656,-73.96197509765625,40.798843383789055,280.49,5076,5076,5209.21,5489.7,133.21000000000004,-2.2737367544323206e-13,0.9999999999999992
37743,-73.95490264892578,40.76516342163085,-73.95626831054686,40.779701232910156,411.83,5076,5076,5262.7,5674.53,186.69999999999982,-5.684341886080802e-14,0.9999999999999999
37744,-74.0032730102539,40.72711563110352,-73.97221374511719,40.79914855957031,1276.04,5076,5076,-1.0,-1.0,-1,-1,0.0
37745,-73.97013092041014,40.75625228881836,-73.93865966796875,40.85589599609375,1634.86,5076,5076,-1.0,-1.0,-1,-1,0.0
37746,-73.9759521484375,40.76041030883789,-73.9799575805664,40.74595642089844,476.88,5076,5076,-1.0,-1.0,-1,-1,0.0
37747,-73.97782135009766,40.74200439453125,-74.00567626953125,40.73590469360352,709.08,5076,5076,5100.0,5809.08,24.0,-1.1368683772161603e-13,0.9999999999999999
37748,-74.00586700439453,40.71210479736328,-74.00514221191406,40.722618103027344,314.88,5076,5076,5127.84,5442.72,51.840000000000146,1.1368683772161603e-13,1.0000000000000004
37749,-73.9690933227539,40.75785446166992,-73.97567749023438,40.76583480834961,470.05,5076,5076,5123.69,5593.74,47.6899999999996,1.7053025658242404e-13,1.0000000000000004
37750,-73.97892761230467,40.762371063232415,-73.98766326904298,40.71976852416992,1377.28,5077,5077,-1.0,-1.0,-1,-1,0.0
37751,-73.99324798583984,40.75540542602539,-73.97063446044923,40.75275039672852,768.25,5077,5077,-1.0,-1.0,-1,-1,0.0
37752,-73.99481201171875,40.740272521972656,-73.98212432861328,40.75271606445313,450.34,5077,5077,-1.0,-1.0,-1,-1,0.0
37753,-73.9883270263672,40.748550415039055,-73.97026062011719,40.748401641845696,631.97,5077,5077,-1.0,-1.0,-1,-1,0.0
37754,-73.98342895507811,40.74680709838867,-73.96644592285155,40.75342559814453,500.0,5077,5077,-1.0,-1.0,-1,-1,0.0
37755,-73.95355224609375,40.77944946289063,-73.94344329833984,40.81047058105469,619.17,5077,5077,5342.32,5961.49,265.3199999999997,1.1368683772161603e-13,1.0000000000000002
37756,-73.97108459472656,40.75786972045898,-73.99746704101562,40.73503112792969,805.76,5077,5077,5118.89,5990.24,41.89000000000033,65.58999999999946,1.0814014098490858
37757,-73.99166870117188,40.74420547485352,-73.98209381103516,40.75662612915039,344.51,5078,5078,-1.0,-1.0,-1,-1,0.0
37758,-73.96392822265625,40.77381134033203,-73.9565200805664,40.783992767333984,190.17,5078,5078,5126.88,5317.05,48.88000000000011,8.526512829121202e-14,1.0000000000000004
37759,-73.98424530029298,40.74370574951172,-73.98700714111328,40.725528717041016,510.14,5078,5078,-1.0,-1.0,-1,-1,0.0
37760,-74.00865173339844,40.719688415527344,-74.00194549560547,40.73953628540039,335.33,5078,5078,-1.0,-1.0,-1,-1,0.0
37761,-74.00765991210938,40.70497131347656,-73.98130798339844,40.74998092651367,1069.41,5078,5078,-1.0,-1.0,-1,-1,0.0
37762,-73.95883178710938,40.77812957763672,-73.95168304443358,40.77294158935547,261.42,5078,5078,-1.0,-1.0,-1,-1,0.0
37763,-73.95508575439453,40.7654685974121,-73.97931671142578,40.744007110595696,602.29,5078,5078,5200.08,5802.37,122.07999999999993,0.0,1.0
37764,-73.94954681396483,40.77697372436523,-73.93902587890625,40.84235382080078,1099.56,5078,5078,6097.79,7197.35,1019.79,4.547473508864641e-13,1.0000000000000004
37765,-73.9791488647461,40.7624626159668,-73.98296356201173,40.770484924316406,286.67,5078,5078,-1.0,-1.0,-1,-1,0.0
37766,-73.99111938476562,40.74528884887695,-73.98021697998048,40.748268127441406,368.07,5079,5079,-1.0,-1.0,-1,-1,0.0
37767,-73.98202514648438,40.76507186889648,-73.94075775146483,40.81172180175781,1333.3,5079,5079,-1.0,-1.0,-1,-1,0.0
37768,-73.96428680419923,40.77644729614258,-73.9765396118164,40.751953125,778.59,5079,5079,5116.18,5921.99,37.18000000000029,27.21999999999946,1.0349606339665285
37769,-73.99491882324219,40.73975372314453,-73.97235870361328,40.75638198852539,781.61,5079,5079,-1.0,-1.0,-1,-1,0.0
37770,-74.0037841796875,40.74214172363281,-73.97554779052734,40.76300430297852,1009.42,5079,5079,5229.01,6238.429999999999,150.01000000000022,-7.958078640513122e-13,0.9999999999999992
37771,-73.98633575439453,40.75885391235352,-73.98721313476562,40.72069549560547,1245.86,5079,5079,-1.0,-1.0,-1,-1,0.0
37772,-73.96085357666014,40.76087951660156,-73.97779846191406,40.721168518066406,695.8,5079,5079,5212.37,5908.17,133.3699999999999,2.2737367544323206e-13,1.0000000000000002
37773,-74.00704193115234,40.70537567138672,-73.98088836669923,40.74705505371094,938.91,5079,5079,-1.0,-1.0,-1,-1,0.0
37774,-74.01435852050781,40.70423889160156,-74.0077896118164,40.70327377319336,189.16,5080,5080,5118.74,5371.84,38.73999999999978,63.94000000000037,1.3380207231972951
37775,-73.97307586669923,40.75996398925781,-73.98930358886719,40.776756286621094,666.3,5080,5080,-1.0,-1.0,-1,-1,0.0
37776,-73.9794921875,40.75559997558594,-73.97380065917969,40.751319885253906,310.88,5080,5080,-1.0,-1.0,-1,-1,0.0
37777,-73.97335815429686,40.757896423339844,-73.98041534423827,40.742469787597656,510.88,5080,5080,-1.0,-1.0,-1,-1,0.0
37778,-74.00072479248048,40.72075653076172,-74.01333618164062,40.70378875732422,534.6,5080,5080,-1.0,-1.0,-1,-1,0.0
37779,-73.95536804199219,40.776954650878906,-73.96388244628906,40.75791549682617,652.73,5080,5080,-1.0,-1.0,-1,-1,0.0
37780,-73.98117828369139,40.74753952026367,-73.99434661865234,40.72861862182617,466.51,5080,5080,5131.2,5597.71,51.19999999999982,2.2737367544323206e-13,1.0000000000000004
37781,-73.97029876708984,40.755958557128906,-73.96540069580078,40.774280548095696,546.62,5080,5080,-1.0,-1.0,-1,-1,0.0
37782,-73.98249053955078,40.732246398925774,-73.99640655517578,40.719200134277344,645.23,5081,5081,5245.17,5890.4,164.17000000000007,-4.547473508864641e-13,0.9999999999999993
37783,-73.98456573486328,40.75432586669922,-73.98454284667969,40.76405334472656,336.19,5081,5081,-1.0,-1.0,-1,-1,0.0
37784,-73.98258972167969,40.751243591308594,-74.00457000732422,40.73951721191406,618.88,5081,5081,5106.83,5725.71,25.829999999999927,1.1368683772161603e-13,1.0000000000000002
37785,-73.98367309570312,40.754554748535156,-73.95035552978516,40.78363037109375,969.61,5081,5081,5115.66,6130.14,34.659999999999854,44.87000000000046,1.0462763379090567
37786,-74.005859375,40.74027633666992,-73.9937744140625,40.72803115844727,654.13,5082,5082,5137.51,5791.64,55.51000000000022,1.1368683772161603e-13,1.0000000000000002
37787,-73.97822570800781,40.74832153320313,-73.98646545410156,40.73036575317383,393.56,5082,5082,5102.94,5533.05,20.9399999999996,36.55000000000058,1.0928702103872359
37788,-73.98056030273438,40.7513084411621,-73.98297119140625,40.76567840576172,562.65,5082,5082,-1.0,-1.0,-1,-1,0.0
37789,-74.00387573242188,40.73002624511719,-73.98104858398438,40.77446746826172,1120.95,5082,5082,-1.0,-1.0,-1,-1,0.0
37790,-73.99537658691406,40.744720458984375,-74.00312805175781,40.73138427734375,273.95,5082,5082,5121.66,5395.61,39.659999999999854,-1.7053025658242404e-13,0.9999999999999993
37791,-73.98938751220702,40.75794982910156,-73.98067474365234,40.7635498046875,278.47,5082,5082,5105.83,5384.3,23.829999999999927,2.2737367544323206e-13,1.0000000000000009
37792,-73.9815444946289,40.76864242553711,-73.9659652709961,40.76533126831055,448.86,5082,5082,6149.36,6598.22,1067.3599999999997,5.684341886080801e-13,1.0000000000000013
37793,-73.97834014892578,40.76463317871094,-73.96590423583984,40.7652702331543,381.33,5083,5083,-1.0,-1.0,-1,-1,0.0
37794,-73.9537353515625,40.77499008178711,-73.95771789550781,40.78226852416992,302.16,5083,5083,5124.46,5426.62,41.460000000000036,-1.7053025658242404e-13,0.9999999999999994
37795,-73.98214721679686,40.76902770996094,-73.96034240722656,40.761817932128906,767.92,5083,5083,5581.0599999999995,6348.98,498.0599999999995,1.1368683772161603e-13,1.0000000000000002
37796,-74.00672149658203,40.73049926757813,-73.95263671875,40.78662109375,1595.02,5083,5083,-1.0,-1.0,-1,-1,0.0
37797,-73.98167419433594,40.73244857788085,-73.9940414428711,40.735687255859375,359.99,5083,5083,5300.38,5660.37,217.3800000000001,-2.2737367544323206e-13,0.9999999999999993
37798,-73.95829772949219,40.76739883422852,-73.98416137695312,40.74576187133789,902.42,5083,5083,5179.79,6082.21,96.78999999999996,1.1368683772161603e-13,1.0000000000000002
37799,-73.98066711425781,40.75084686279297,-73.95513153076173,40.76556015014648,738.21,5083,5083,-1.0,-1.0,-1,-1,0.0
37800,-73.9861602783203,40.76215362548828,-74.006591796875,40.73571014404297,901.84,5083,5083,-1.0,-1.0,-1,-1,0.0
37801,-73.99417114257811,40.75136184692383,-73.98233032226562,40.77743148803711,615.9,5083,5083,5104.0,5719.9,21.0,-3.410605131648481e-13,0.9999999999999994
37802,-73.99320983886719,40.73677444458008,-74.00495910644531,40.722957611083984,502.86,5084,5084,5128.13,5648.38,44.13000000000011,17.389999999999986,1.0345821898739211
37803,-73.9748306274414,40.75405883789063,-73.9870834350586,40.72233963012695,853.26,5084,5084,5127.04,5980.3,43.039999999999964,2.2737367544323206e-13,1.0000000000000002
37804,-73.9549560546875,40.76930618286133,-73.97232055664062,40.786415100097656,598.91,5084,5084,5123.34,5799.36,39.340000000000146,77.10999999999956,1.128750563523734
37805,-73.96224975585938,40.75920867919922,-73.94955444335938,40.77664184570313,287.53,5084,5084,5139.86,5427.39,55.85999999999967,6.821210263296962e-13,1.0000000000000024
37806,-73.9504623413086,40.779747009277344,-73.9889144897461,40.76362991333008,972.77,5084,5084,5174.42,6147.1900000000005,90.42000000000007,4.547473508864641e-13,1.0000000000000004
37807,-73.991455078125,40.75600051879883,-73.97821044921875,40.74854278564453,526.63,5084,5084,5113.16,5668.32,29.159999999999854,28.52999999999986,1.0541746577293354
37808,-73.97238922119139,40.75676727294922,-73.95333862304686,40.77146530151367,488.69,5084,5084,-1.0,-1.0,-1,-1,0.0
37809,-73.97261047363281,40.75297164916992,-73.95887756347656,40.76387023925781,360.98,5085,5085,5134.84,5563.65,49.840000000000146,67.82999999999947,1.1879051470995607
37810,-73.9754867553711,40.75353622436523,-73.98499298095702,40.73977661132813,400.25,5085,5085,-1.0,-1.0,-1,-1,0.0
37811,-74.00086212158203,40.747013092041016,-73.9787826538086,40.7363395690918,616.07,5085,5085,-1.0,-1.0,-1,-1,0.0
37812,-73.99691009521484,40.737171173095696,-74.00022888183594,40.73026657104492,271.86,5085,5085,5211.03,5482.89,126.02999999999975,5.684341886080801e-13,1.000000000000002
37813,-73.97311401367188,40.74443435668945,-73.94010925292969,40.789329528808594,703.01,5085,5085,5125.9800000000005,5828.99,40.98000000000047,-6.821210263296962e-13,0.999999999999999
37814,-73.98728942871094,40.75222778320313,-73.99500274658203,40.720718383789055,1034.51,5085,5085,-1.0,-1.0,-1,-1,0.0
37815,-74.0064468383789,40.74451065063477,-73.99463653564453,40.75041961669922,295.22,5085,5085,5176.34,5471.56,91.34000000000015,2.2737367544323206e-13,1.0000000000000007
37816,-73.98895263671875,40.74823760986328,-74.00326538085938,40.746498107910156,503.54,5085,5085,5127.91,5676.75,42.909999999999854,45.300000000000125,1.0899630615244074
37817,-73.96672821044923,40.804359436035156,-73.95892333984375,40.77479934692383,821.99,5085,5085,5112.67,5934.66,27.670000000000073,-2.2737367544323206e-13,0.9999999999999998
37818,-73.98426818847656,40.74426651000977,-73.98375701904298,40.75310897827149,400.81,5086,5086,-1.0,-1.0,-1,-1,0.0
37819,-73.96926116943358,40.76156997680664,-74.00257873535155,40.76069641113281,1006.73,5086,5086,-1.0,-1.0,-1,-1,0.0
37820,-73.98065185546875,40.751121520996094,-73.97463226318358,40.75122833251953,216.03,5086,5086,5143.32,5370.54,57.31999999999971,11.190000000000254,1.051798361338704
37821,-74.0052032470703,40.74079513549805,-73.98617553710938,40.74114227294922,549.41,5086,5086,-1.0,-1.0,-1,-1,0.0
37822,-73.96051025390625,40.77555847167969,-73.94558715820312,40.77859878540039,353.07,5086,5086,5101.08,5551.66,15.079999999999927,97.50999999999993,1.2761775285354178
37823,-73.99031066894531,40.741798400878906,-73.99173736572266,40.7335090637207,245.75,5086,5086,5100.88,5346.63,14.88000000000011,0.0,1.0
37824,-73.95623016357422,40.80316925048828,-73.98072814941406,40.74760055541992,1514.8,5086,5086,5176.29,6691.09,90.28999999999996,2.2737367544323206e-13,1.0000000000000002
37825,-73.98377227783203,40.74238967895508,-73.98452758789062,40.75408172607422,449.6,5086,5086,-1.0,-1.0,-1,-1,0.0
37826,-73.97721099853516,40.7451171875,-73.98841094970702,40.744712829589844,390.91,5086,5086,-1.0,-1.0,-1,-1,0.0
37827,-73.95503997802734,40.765079498291016,-73.96630859375,40.7648811340332,367.41,5086,5086,5389.9,5757.3099999999995,303.89999999999964,-1.7053025658242404e-13,0.9999999999999996
37828,-73.98175811767578,40.77608871459961,-73.96734619140625,40.7601432800293,740.28,5086,5086,5196.28,5936.56,110.27999999999975,6.821210263296962e-13,1.0000000000000009
37829,-73.96875762939453,40.76163101196289,-74.0025863647461,40.76066207885742,1006.73,5086,5086,-1.0,-1.0,-1,-1,0.0
37830,-73.97156524658203,40.762962341308594,-73.95966339111328,40.77275848388672,349.85,5086,5086,-1.0,-1.0,-1,-1,0.0
37831,-73.9632110595703,40.77505874633789,-73.97754669189453,40.7769889831543,368.24,5087,5087,-1.0,-1.0,-1,-1,0.0
37832,-73.96129608154298,40.7650146484375,-73.96822357177734,40.75339889526367,314.85,5087,5087,-1.0,-1.0,-1,-1,0.0
37833,-73.97431945800781,40.78300094604492,-73.95559692382812,40.78797912597656,457.91,5087,5087,5155.29,5613.2,68.28999999999996,-1.7053025658242404e-13,0.9999999999999997
37834,-74.0059585571289,40.70789337158203,-74.00047302246094,40.71956253051758,577.67,5087,5087,-1.0,-1.0,-1,-1,0.0
37835,-73.99468994140625,40.74021911621094,-74.0041732788086,40.74255752563477,246.41,5087,5087,-1.0,-1.0,-1,-1,0.0
37836,-73.98937225341797,40.7381248474121,-73.97846984863281,40.7509765625,438.04,5087,5087,-1.0,-1.0,-1,-1,0.0
37837,-73.99356079101562,40.7574462890625,-73.9398880004883,40.811222076416016,1461.13,5087,5087,5137.71,6598.84,50.710000000000036,0.0,1.0
37838,-74.0049819946289,40.71949768066406,-73.99491119384766,40.72297286987305,438.26,5088,5088,-1.0,-1.0,-1,-1,0.0
37839,-73.96064758300781,40.764915466308594,-73.98570251464844,40.74455261230469,810.42,5088,5088,-1.0,-1.0,-1,-1,0.0
37840,-73.99431610107422,40.74589157104492,-74.00318908691406,40.74915313720703,226.7,5088,5088,5143.34,5370.04,55.340000000000146,-1.7053025658242404e-13,0.9999999999999992
37841,-73.96797180175781,40.762611389160156,-73.97608947753906,40.758060455322266,391.6,5088,5088,-1.0,-1.0,-1,-1,0.0
37842,-73.95306396484375,40.77844619750977,-73.97428131103516,40.78760528564453,432.2,5088,5088,5120.81,5592.47,32.8100000000004,39.459999999999866,1.0913003239241088
37843,-73.98587036132812,40.75232696533203,-74.00176239013672,40.739421844482415,534.85,5088,5088,-1.0,-1.0,-1,-1,0.0
37844,-73.99352264404298,40.724571228027344,-74.00067901611328,40.74216079711913,587.67,5088,5088,5241.75,5829.42,153.75,1.1368683772161603e-13,1.0000000000000002
37845,-73.97017669677734,40.76250076293945,-73.97913360595702,40.74456024169922,544.76,5088,5088,-1.0,-1.0,-1,-1,0.0
37846,-73.95194244384766,40.76654052734375,-73.96902465820312,40.76588821411133,580.49,5088,5088,5100.0,5680.49,12.0,-2.2737367544323206e-13,0.9999999999999996
37847,-73.98861694335938,40.74664306640625,-73.98978424072266,40.73564147949219,352.71,5088,5088,-1.0,-1.0,-1,-1,0.0
37848,-73.98654174804686,40.73054122924805,-74.00963592529298,40.73048782348633,671.22,5089,5089,5125.3,5808.4800000000005,36.30000000000018,11.960000000000264,1.0178183010041422
37849,-73.95438385009766,40.76412963867188,-73.96800231933594,40.75265502929688,498.08,5089,5089,-1.0,-1.0,-1,-1,0.0
37850,-74.0057373046875,40.72669219970703,-74.00900268554686,40.716529846191406,224.78,5089,5089,-1.0,-1.0,-1,-1,0.0
37851,-73.99656677246094,40.75294876098633,-73.98466491699219,40.73944854736328,554.37,5089,5089,-1.0,-1.0,-1,-1,0.0
37852,-73.98561096191406,40.74740982055664,-73.97570037841797,40.74903106689453,340.96,5089,5089,-1.0,-1.0,-1,-1,0.0
37853,-73.97064208984375,40.76734161376953,-73.98265838623048,40.77223587036133,426.17,5089,5089,-1.0,-1.0,-1,-1,0.0
37854,-74.00593566894531,40.739830017089844,-73.96627044677734,40.7535285949707,1064.82,5089,5089,5142.31,6207.13,53.3100000000004,-2.2737367544323206e-13,0.9999999999999998
37855,-73.9761962890625,40.75546646118164,-73.98277282714845,40.750892639160156,264.34,5089,5089,-1.0,-1.0,-1,-1,0.0
37856,-73.9788589477539,40.7502326965332,-73.99974822998048,40.7614860534668,750.85,5089,5089,-1.0,-1.0,-1,-1,0.0
37857,-73.99107360839844,40.75055694580078,-74.01236724853516,40.7083854675293,1073.69,5090,5090,-1.0,-1.0,-1,-1,0.0
37858,-73.97057342529298,40.75556945800781,-73.95000457763672,40.78646087646485,623.29,5090,5090,5115.87,5739.16,25.86999999999989,0.0,1.0
37859,-73.99058532714845,40.75637817382813,-73.96839141845702,40.79322052001953,837.06,5090,5090,5130.59,5967.65,40.590000000000146,-4.547473508864641e-13,0.9999999999999994
37860,-73.97917938232422,40.76552963256836,-73.96695709228516,40.76375961303711,428.79,5090,5090,-1.0,-1.0,-1,-1,0.0
37861,-73.96262359619139,40.7783203125,-73.98091125488281,40.767520904541016,598.15,5090,5090,5649.1,6247.25,559.1000000000004,-3.410605131648481e-13,0.9999999999999994
37862,-73.9823226928711,40.77574157714844,-73.98847198486328,40.763938903808594,265.02,5090,5090,5146.57,5411.59,56.56999999999971,4.547473508864641e-13,1.0000000000000018
37863,-74.00403594970702,40.719551086425774,-73.98885345458984,40.72151184082031,729.62,5090,5090,-1.0,-1.0,-1,-1,0.0
37864,-73.98790740966798,40.71849060058594,-73.98794555664062,40.72790145874024,307.19,5090,5090,5389.97,5697.16,299.97000000000025,-3.979039320256561e-13,0.9999999999999987
37865,-73.99903106689453,40.73819351196289,-73.98577880859375,40.73271560668945,469.83,5090,5090,-1.0,-1.0,-1,-1,0.0
37866,-73.96985626220702,40.75795364379883,-73.99073028564453,40.7509994506836,734.26,5090,5090,-1.0,-1.0,-1,-1,0.0
37867,-73.99491882324219,40.73981094360352,-73.99986267089844,40.74774169921875,297.61,5090,5090,-1.0,-1.0,-1,-1,0.0
37868,-74.005126953125,40.720062255859375,-73.99129486083984,40.73986434936523,489.41,5090,5090,5105.71,5595.12,15.710000000000036,-1.7053025658242404e-13,0.9999999999999997
37869,-73.97468566894531,40.75157165527344,-73.96562194824219,40.756080627441406,269.58,5090,5090,5114.67,5437.3,24.670000000000073,53.050000000000125,1.196787595518956
37870,-73.98152160644531,40.732585906982415,-73.98297882080078,40.74805450439453,523.16,5091,5091,5106.98,5630.14,15.979999999999563,7.958078640513122e-13,1.0000000000000016
37871,-73.9602813720703,40.77899932861328,-73.9749298095703,40.76258850097656,527.5,5091,5091,-1.0,-1.0,-1,-1,0.0
37872,-73.96595001220702,40.76790237426758,-73.9534683227539,40.77704620361328,359.15,5091,5091,-1.0,-1.0,-1,-1,0.0
37873,-73.9759750366211,40.75453567504883,-73.96926116943358,40.76344680786133,266.28,5092,5092,5145.76,5470.29,53.76000000000022,58.24999999999977,1.218754694306744
37874,-73.97648620605469,40.75543212890625,-73.95471954345702,40.770820617675774,625.11,5092,5092,-1.0,-1.0,-1,-1,0.0
37875,-73.9819107055664,40.76655578613281,-73.97262573242188,40.785682678222656,496.11,5092,5092,5101.21,5703.9,9.210000000000036,106.57999999999959,1.2148313882001966
37876,-73.9848403930664,40.76182174682617,-73.97067260742188,40.75213241577149,682.48,5092,5092,-1.0,-1.0,-1,-1,0.0
37877,-73.98843383789062,40.76401138305664,-73.9873046875,40.7581787109375,266.86,5093,5093,5130.74,5397.6,37.73999999999978,5.684341886080801e-13,1.0000000000000022
37878,-73.96109771728516,40.77184295654297,-73.98020172119139,40.78056335449219,585.96,5093,5093,-1.0,-1.0,-1,-1,0.0
37879,-73.99549865722656,40.72336959838867,-73.98065185546875,40.75164031982422,810.75,5093,5093,-1.0,-1.0,-1,-1,0.0
37880,-73.98129272460938,40.75309753417969,-73.98715209960938,40.72235870361328,914.94,5093,5093,5108.12,6073.6900000000005,15.11999999999989,50.630000000000564,1.055336961986579
37881,-73.97189331054686,40.76200866699219,-73.97061920166014,40.78347396850585,515.09,5094,5094,5108.27,5623.36,14.270000000000437,-7.958078640513122e-13,0.9999999999999984
37882,-73.99198150634766,40.74427795410156,-73.992919921875,40.7407112121582,211.91,5094,5094,-1.0,-1.0,-1,-1,0.0
37883,-73.98140716552734,40.76891326904297,-73.98686218261719,40.76039123535156,457.4,5094,5094,5127.19,5626.2,33.1899999999996,41.61000000000024,1.0909707039790124
37884,-74.00165557861328,40.72871398925781,-73.9810791015625,40.779151916503906,1153.14,5094,5094,5128.92,6282.06,34.92000000000007,2.2737367544323206e-13,1.0000000000000002
37885,-73.98224639892578,40.75160598754883,-73.9576644897461,40.811256408691406,1343.51,5094,5094,-1.0,-1.0,-1,-1,0.0
37886,-74.00946044921875,40.70587539672852,-73.97999572753906,40.727760314941406,726.37,5094,5094,-1.0,-1.0,-1,-1,0.0
37887,-74.00090026855469,40.72750854492188,-74.00700378417969,40.73497009277344,298.69,5094,5094,5122.53,5421.22,28.529999999999745,5.115907697472721e-13,1.0000000000000018
37888,-73.95108032226562,40.78556823730469,-73.96160888671875,40.77122116088867,326.74,5095,5095,5100.0,5426.74,5.0,-2.2737367544323206e-13,0.9999999999999993
37889,-73.99132537841797,40.7447624206543,-74.00251770019531,40.7342185974121,340.24,5095,5095,-1.0,-1.0,-1,-1,0.0
37890,-74.00314331054686,40.75172424316406,-73.99243927001955,40.74192810058594,401.74,5095,5095,-1.0,-1.0,-1,-1,0.0
37891,-73.97772979736328,40.754749298095696,-73.98095703125,40.77859878540039,758.68,5095,5095,5113.05,5905.42,18.050000000000182,33.68999999999994,1.0444060737069647
37892,-73.97024536132812,40.762672424316406,-73.97713470458984,40.75559997558594,380.75,5095,5095,-1.0,-1.0,-1,-1,0.0
37893,-73.99092864990234,40.76102066040039,-73.98094940185547,40.78913497924805,667.07,5095,5095,-1.0,-1.0,-1,-1,0.0
37894,-73.97284698486328,40.759971618652344,-73.98444366455078,40.7370491027832,597.71,5096,5096,5118.62,5716.33,22.61999999999989,0.0,1.0
37895,-73.9842300415039,40.7375602722168,-73.98931121826173,40.72695541381836,278.77,5096,5096,5114.12,5392.89,18.11999999999989,4.547473508864641e-13,1.0000000000000016
37896,-73.95410919189453,40.777992248535156,-73.97250366210938,40.796329498291016,649.11,5096,5096,5121.82,5809.09,25.81999999999971,38.16000000000042,1.0587881869020666
37897,-74.00765228271484,40.74089050292969,-73.98269653320312,40.77711868286133,739.32,5096,5096,5143.87,5883.19,47.86999999999989,-3.410605131648481e-13,0.9999999999999996
37898,-73.97801971435547,40.75993347167969,-73.99562072753906,40.764610290527344,613.59,5096,5096,-1.0,-1.0,-1,-1,0.0
37899,-73.99346923828125,40.749824523925774,-73.98847198486328,40.73394775390625,766.04,5096,5096,-1.0,-1.0,-1,-1,0.0
37900,-74.0055160522461,40.727577209472656,-73.99010467529298,40.73454666137695,468.41,5096,5096,-1.0,-1.0,-1,-1,0.0
37901,-73.9806137084961,40.73043823242188,-73.97254943847656,40.740421295166016,364.37,5096,5096,5280.75,5645.12,184.75,-1.1368683772161603e-13,0.9999999999999997
37902,-73.9678955078125,40.79136657714844,-73.9519271850586,40.78424072265625,515.91,5096,5096,5164.63,5680.54,68.63000000000011,-1.1368683772161603e-13,0.9999999999999998
37903,-73.9933090209961,40.74216079711913,-73.94754791259766,40.779518127441406,1102.37,5096,5096,-1.0,-1.0,-1,-1,0.0
37904,-74.0003204345703,40.7616081237793,-73.95452117919923,40.77485656738281,1058.09,5096,5096,5104.68,6256.66,8.680000000000291,93.88999999999965,1.088735362776323
37905,-73.98915100097656,40.73663330078125,-73.98442840576173,40.76484680175781,965.06,5096,5096,5123.78,6103.46,27.779999999999745,14.620000000000346,1.0151493171409036
37906,-73.98136901855469,40.764068603515625,-74.0147476196289,40.715599060058594,1260.84,5097,5097,-1.0,-1.0,-1,-1,0.0
37907,-73.99444580078125,40.72505569458008,-74.0024185180664,40.751312255859375,734.5,5097,5097,-1.0,-1.0,-1,-1,0.0
37908,-73.95964050292969,40.76435089111328,-73.98287963867188,40.77065658569336,670.53,5097,5097,-1.0,-1.0,-1,-1,0.0
37909,-74.00199127197266,40.72987365722656,-73.95579528808595,40.77788925170898,1447.21,5097,5097,5182.09,6629.3,85.09000000000015,0.0,1.0
37910,-73.9945068359375,40.74055862426758,-73.9826431274414,40.75540161132813,405.47,5097,5097,5104.32,5509.79,7.319999999999709,2.2737367544323206e-13,1.0000000000000007
37911,-74.00792694091797,40.742095947265625,-73.95906829833984,40.78325271606445,1291.11,5097,5097,5120.97,6471.52,23.970000000000255,59.44000000000028,1.0460379053682491
37912,-74.00501251220702,40.7481803894043,-73.99449157714845,40.75077819824219,242.18,5097,5097,5166.88,5409.06,69.88000000000011,2.8421709430404007e-13,1.000000000000001
37913,-73.97283935546875,40.76159286499024,-73.9744644165039,40.75345230102539,312.97,5097,5097,-1.0,-1.0,-1,-1,0.0
37914,-73.97096252441406,40.75030899047852,-74.0008087158203,40.747425079345696,841.08,5097,5097,-1.0,-1.0,-1,-1,0.0
37915,-73.95095825195312,40.77927017211913,-73.99227905273438,40.74943161010742,1395.06,5098,5098,5101.46,6496.92,3.4600000000000364,0.40000000000009095,1.0002867260189527
37916,-73.9718017578125,40.78713989257813,-73.99664306640625,40.73205184936523,1413.37,5098,5098,5377.2300000000005,6790.6,279.2300000000005,0.0,1.0
37917,-74.00505828857422,40.7227668762207,-73.99029541015625,40.729164123535156,468.03,5098,5098,5125.6,5646.63,27.600000000000364,52.99999999999977,1.113240604234771
37918,-74.00263214111328,40.73387908935547,-74.00582885742188,40.74013137817383,309.94,5098,5098,5132.05,5457.2,34.05000000000018,15.209999999999638,1.049074014325352
37919,-73.98104095458984,40.73784255981445,-73.98817443847656,40.72268295288085,433.6,5098,5098,5149.84,5583.44,51.840000000000146,-5.684341886080801e-13,0.9999999999999987
37920,-74.00201416015625,40.75071334838867,-73.99192047119139,40.725677490234375,898.59,5099,5099,-1.0,-1.0,-1,-1,0.0
37921,-73.98374938964845,40.72154998779297,-74.00090789794923,40.731651306152344,531.85,5099,5099,5251.34,5783.19,152.34000000000015,-5.684341886080801e-13,0.9999999999999989
37922,-73.98863983154298,40.72327041625977,-74.0082473754883,40.72894287109375,536.14,5099,5099,5340.09,5876.23,241.09000000000015,-5.684341886080801e-13,0.9999999999999989
37923,-73.9773941040039,40.7794075012207,-73.97948455810547,40.78429794311523,181.5,5099,5099,5156.68,5338.18,57.68000000000029,0.0,1.0
37924,-73.97457122802734,40.76017379760742,-73.96566772460938,40.77163314819336,269.84,5099,5099,5153.9800000000005,5423.82,54.98000000000047,-7.389644451905042e-13,0.9999999999999972
37925,-73.96080780029298,40.76580047607422,-73.97470092773438,40.77775955200195,597.13,5099,5099,-1.0,-1.0,-1,-1,0.0
37926,-73.9908676147461,40.734153747558594,-73.98206329345702,40.71143341064453,838.91,5099,5099,5154.71,5993.62,55.710000000000036,-1.1368683772161603e-13,0.9999999999999999
37927,-73.96829986572266,40.76634216308594,-73.96287536621094,40.77495193481445,253.38,5100,5100,-1.0,-1.0,-1,-1,0.0
37928,-73.97515869140625,40.75343704223633,-73.9908905029297,40.75511169433594,570.76,5100,5100,-1.0,-1.0,-1,-1,0.0
37929,-73.9900131225586,40.7196159362793,-74.0071563720703,40.72729110717773,612.59,5100,5100,5173.54,5786.13,73.53999999999996,1.1368683772161603e-13,1.0000000000000002
37930,-73.97262573242188,40.75590133666992,-73.97692108154298,40.76458358764648,460.23,5100,5100,5115.25,5631.5,15.25,56.01999999999998,1.1217217478217412
37931,-73.9913101196289,40.73242568969727,-73.98558044433594,40.739051818847656,332.49,5100,5100,5114.87,5534.69,14.86999999999989,87.3299999999997,1.26265451592529
37932,-73.97015380859375,40.759803771972656,-73.95481872558594,40.777774810791016,454.89,5100,5100,-1.0,-1.0,-1,-1,0.0
37933,-73.96282196044923,40.762638092041016,-73.94393920898438,40.78210067749024,492.29,5101,5101,-1.0,-1.0,-1,-1,0.0
37934,-73.9773941040039,40.76476669311523,-73.95046997070312,40.77733612060547,755.43,5101,5101,-1.0,-1.0,-1,-1,0.0
37935,-73.98963928222656,40.72337341308594,-74.00679779052734,40.730430603027344,529.51,5101,5101,5504.33,6033.84,403.3299999999999,2.2737367544323206e-13,1.0000000000000004
37936,-73.97599792480467,40.760066986083984,-73.97276306152342,40.75534439086913,322.38,5101,5101,-1.0,-1.0,-1,-1,0.0
37937,-73.97958374023438,40.74966049194336,-73.98758697509766,40.77457046508789,970.94,5101,5101,-1.0,-1.0,-1,-1,0.0
37938,-73.98161315917969,40.77873992919922,-73.9732437133789,40.797760009765625,419.87,5101,5101,5135.65,5616.68,34.649999999999636,61.16000000000065,1.1456641341367582
37939,-73.95646667480467,40.78105926513672,-73.96320343017578,40.77510070800781,234.21,5101,5101,-1.0,-1.0,-1,-1,0.0
37940,-73.98942565917969,40.75690841674805,-73.95879364013672,40.76729965209961,887.73,5101,5101,-1.0,-1.0,-1,-1,0.0
37941,-74.0,40.74308776855469,-73.98757934570312,40.738189697265625,363.46,5102,5102,-1.0,-1.0,-1,-1,0.0
37942,-73.98148345947266,40.773750305175774,-73.9896469116211,40.767593383789055,243.48,5102,5102,5138.72,5382.2,36.720000000000255,-4.263256414560601e-13,0.9999999999999982
37943,-73.99759674072266,40.746448516845696,-73.9953384399414,40.75545883178711,289.13,5102,5102,-1.0,-1.0,-1,-1,0.0
37944,-73.98741912841797,40.732887268066406,-73.99346160888672,40.7216911315918,370.29,5102,5102,5137.65,5507.94,35.649999999999636,-5.684341886080802e-14,0.9999999999999999
37945,-73.99369049072266,40.73599624633789,-73.98509216308595,40.723945617675774,541.99,5102,5102,-1.0,-1.0,-1,-1,0.0
37946,-73.99356842041014,40.72432327270508,-73.98563385009766,40.72716522216797,231.98,5102,5102,5368.88,5600.86,266.8800000000001,-4.263256414560601e-13,0.9999999999999981
37947,-73.99130249023438,40.75529861450195,-73.98413848876955,40.76476669311523,241.89,5102,5102,5152.08,5393.97,50.07999999999993,3.410605131648481e-13,1.0000000000000013
37948,-73.98233795166014,40.7681999206543,-73.97918701171875,40.78443908691406,472.72,5103,5103,-1.0,-1.0,-1,-1,0.0
37949,-74.00676727294923,40.74872970581055,-73.99530029296875,40.76015853881836,310.57,5103,5103,-1.0,-1.0,-1,-1,0.0
37950,-73.95433044433594,40.784324645996094,-73.95536041259766,40.80363464355469,515.47,5103,5103,5532.63,6048.1,429.6300000000001,2.2737367544323206e-13,1.0000000000000004
37951,-73.99015045166014,40.714519500732415,-73.97740173339844,40.75231170654297,969.03,5103,5103,5150.01,6149.37,47.01000000000022,30.3299999999997,1.0312993405776907
37952,-73.94940185546875,40.79662704467773,-73.97071075439453,40.767433166503906,600.24,5103,5103,5485.58,6085.82,382.5799999999999,-2.2737367544323206e-13,0.9999999999999997
37953,-74.0076675415039,40.75168991088867,-73.99076080322266,40.73166275024415,823.33,5103,5103,-1.0,-1.0,-1,-1,0.0
37954,-73.9609375,40.77143859863281,-73.9710693359375,40.7659912109375,361.43,5103,5103,-1.0,-1.0,-1,-1,0.0
37955,-73.98212432861328,40.78313827514648,-73.98948669433594,40.74570846557617,1054.63,5103,5103,5276.87,6331.5,173.8699999999999,0.0,1.0
37956,-73.9802474975586,40.765296936035156,-74.00234985351562,40.72531509399415,1089.23,5104,5104,-1.0,-1.0,-1,-1,0.0
37957,-73.9871368408203,40.756290435791016,-73.99376678466798,40.739341735839844,430.02,5104,5104,-1.0,-1.0,-1,-1,0.0
37958,-73.97017669677734,40.78579330444336,-73.9681625366211,40.76538848876953,590.43,5104,5104,5503.95,6094.38,399.9499999999998,3.410605131648481e-13,1.0000000000000007
37959,-73.98075103759766,40.7593994140625,-73.95314788818358,40.78794860839844,795.72,5104,5104,-1.0,-1.0,-1,-1,0.0
37960,-73.9794921875,40.77223587036133,-73.97900390625,40.74481964111328,970.13,5104,5104,-1.0,-1.0,-1,-1,0.0
37961,-73.97462463378906,40.750972747802734,-73.9881362915039,40.727821350097656,480.65,5104,5104,-1.0,-1.0,-1,-1,0.0
37962,-74.00204467773438,40.72447204589844,-73.99813842773438,40.72278594970703,180.11,5104,5104,-1.0,-1.0,-1,-1,0.0
37963,-73.95658111572266,40.77821731567383,-73.9874496459961,40.770267486572266,781.9,5104,5104,5149.82,5931.72,45.81999999999971,5.684341886080801e-13,1.0000000000000007
37964,-73.96578979492188,40.75445556640625,-73.94677734375,40.77757263183594,435.39,5105,5105,5144.38,5579.7699999999995,39.38000000000011,-5.684341886080801e-13,0.9999999999999987
37965,-73.98808288574219,40.7594108581543,-73.98975372314453,40.7674560546875,250.81,5105,5105,-1.0,-1.0,-1,-1,0.0
37966,-73.9710464477539,40.75848007202149,-73.98130798339844,40.77347183227539,627.33,5105,5105,-1.0,-1.0,-1,-1,0.0
37967,-73.99009704589844,40.74163055419922,-73.97865295410156,40.74469375610352,310.99,5105,5105,-1.0,-1.0,-1,-1,0.0
37968,-73.98290252685547,40.767879486083984,-73.96953582763672,40.797676086425774,648.97,5105,5105,-1.0,-1.0,-1,-1,0.0
37969,-73.98757934570312,40.7554817199707,-73.99420166015625,40.75498962402344,223.16,5105,5105,-1.0,-1.0,-1,-1,0.0
37970,-73.9700927734375,40.76548767089844,-73.95772552490234,40.76852035522461,330.51,5105,5105,-1.0,-1.0,-1,-1,0.0
37971,-73.98999786376955,40.75159072875977,-73.9814224243164,40.74702072143555,409.08,5105,5105,-1.0,-1.0,-1,-1,0.0
37972,-73.95602416992188,40.76370239257813,-73.9643325805664,40.75556182861328,264.37,5106,5106,5150.9800000000005,5415.35,44.98000000000047,-1.1368683772161603e-13,0.9999999999999996
37973,-73.9618148803711,40.779800415039055,-73.9903564453125,40.75120544433594,1030.13,5106,5106,-1.0,-1.0,-1,-1,0.0
37974,-73.99465942382812,40.72579956054688,-73.9715576171875,40.75645446777344,905.2,5106,5106,5154.75,6118.56,48.75,58.610000000000355,1.0647481219619976
37975,-73.96707153320312,40.76675415039063,-73.98696899414062,40.756919860839844,767.79,5106,5106,5169.66,5937.45,63.659999999999854,0.0,1.0
37976,-74.00370025634766,40.74845886230469,-74.01458740234375,40.70556640625,893.63,5107,5107,-1.0,-1.0,-1,-1,0.0
37977,-73.95613098144531,40.77582550048828,-73.94969940185547,40.78744888305664,218.65,5107,5107,5138.76,5357.41,31.76000000000022,-3.694822225952521e-13,0.9999999999999983
37978,-74.00411224365234,40.71318817138672,-73.9969711303711,40.71918869018555,283.18,5107,5107,-1.0,-1.0,-1,-1,0.0
37979,-74.0080795288086,40.714820861816406,-74.00094604492188,40.735267639160156,416.9,5107,5107,5137.28,5554.18,30.279999999999745,5.684341886080801e-13,1.0000000000000013
37980,-73.98153686523438,40.77866744995117,-73.96495056152342,40.7650260925293,687.19,5107,5107,-1.0,-1.0,-1,-1,0.0
37981,-73.96167755126955,40.77396774291992,-74.00251770019531,40.73391723632813,1364.81,5108,5108,5240.04,6604.849999999999,132.03999999999996,-4.547473508864641e-13,0.9999999999999997
37982,-73.98113250732422,40.76902770996094,-73.95854187011719,40.78118896484375,577.45,5108,5108,-1.0,-1.0,-1,-1,0.0
37983,-73.9847183227539,40.76917266845703,-73.99327087402342,40.76130676269531,323.07,5108,5108,5166.2,5489.2699999999995,58.19999999999982,-2.8421709430404007e-13,0.9999999999999991
37984,-73.97985076904298,40.781211853027344,-73.95942687988281,40.8104362487793,469.13,5108,5108,5195.45,5664.58,87.44999999999982,1.1368683772161603e-13,1.0000000000000002
37985,-73.97380065917969,40.78465270996094,-73.98126220703125,40.78051376342773,216.68,5108,5108,5722.07,5938.75,614.0699999999997,2.8421709430404007e-13,1.0000000000000013
37986,-73.99564361572266,40.759559631347656,-74.00523376464844,40.74014663696289,532.57,5108,5108,5398.85,5931.42,290.85000000000036,-3.410605131648481e-13,0.9999999999999993
37987,-73.97540283203125,40.78958511352539,-73.95011138916014,40.80622100830078,648.97,5109,5109,5148.56,5840.62,39.5600000000004,43.08999999999946,1.066397522227529
37988,-73.99198150634766,40.749759674072266,-74.00513458251955,40.73992156982422,379.82,5109,5109,-1.0,-1.0,-1,-1,0.0
37989,-73.98499298095702,40.7783203125,-73.98226928710938,40.76980972290039,263.32,5109,5109,5143.17,5410.79,34.17000000000007,4.299999999999898,1.0163299407564936
37990,-73.98310089111328,40.76333999633789,-73.98828125,40.77457046508789,447.46,5109,5109,5130.0,5577.46,21.0,5.684341886080802e-14,1.0000000000000002
37991,-73.95745849609375,40.777061462402344,-73.99108123779298,40.76517105102539,883.74,5109,5109,-1.0,-1.0,-1,-1,0.0
37992,-73.9937744140625,40.741737365722656,-73.97854614257811,40.752838134765625,499.64,5109,5109,-1.0,-1.0,-1,-1,0.0
37993,-73.97177124023438,40.75619888305664,-74.00311279296875,40.73129653930664,953.28,5109,5109,5151.9800000000005,6178.6900000000005,42.98000000000047,73.43000000000006,1.0770287848271232
37994,-73.99382781982422,40.76166915893555,-73.97663879394531,40.739349365234375,1079.66,5109,5109,5152.150000000001,6304.75,43.150000000000546,72.93999999999937,1.0675583053924378
37995,-73.97833251953125,40.786338806152344,-73.98531341552734,40.78015899658203,215.32,5110,5110,5187.09,5402.41,77.09000000000015,-2.8421709430404007e-13,0.9999999999999987
37996,-73.97930908203125,40.77154159545898,-73.9695587158203,40.75843048095703,622.29,5110,5110,-1.0,-1.0,-1,-1,0.0
37997,-73.9871826171875,40.76082229614258,-73.97486877441406,40.75746536254883,490.63,5110,5110,-1.0,-1.0,-1,-1,0.0
37998,-73.9712905883789,40.750694274902344,-73.9496078491211,40.776702880859375,530.05,5110,5110,-1.0,-1.0,-1,-1,0.0
37999,-73.98869323730467,40.74306106567383,-73.98870849609375,40.76189041137695,745.82,5110,5110,5166.19,5912.01,56.1899999999996,5.684341886080801e-13,1.0000000000000007
38000,-73.9600067138672,40.81360626220703,-73.96851348876955,40.80415725708008,223.41,5110,5110,5382.25,5605.66,272.25,-1.4210854715202004e-13,0.9999999999999993
38001,-73.9831771850586,40.76792526245117,-73.97996520996094,40.78073501586913,340.23,5110,5110,-1.0,-1.0,-1,-1,0.0
38002,-73.99491119384766,40.73981857299805,-73.98223876953125,40.740966796875,382.49,5110,5110,5154.62,5611.04,44.61999999999989,73.93000000000006,1.19328609898298
38003,-73.95816802978516,40.76460266113281,-73.98343658447266,40.75579071044922,938.05,5110,5110,-1.0,-1.0,-1,-1,0.0
38004,-73.96930694580078,40.75367736816406,-73.97712707519531,40.75161743164063,272.79,5110,5110,-1.0,-1.0,-1,-1,0.0
38005,-73.9814453125,40.752117156982415,-74.01563262939453,40.71514129638672,1110.29,5111,5111,-1.0,-1.0,-1,-1,0.0
38006,-73.96343231201173,40.765846252441406,-73.9475326538086,40.77116394042969,391.34,5111,5111,5151.29,5549.73,40.289999999999964,7.099999999999625,1.0181427914345573
38007,-73.9781494140625,40.763671875,-73.95623779296875,40.787109375,664.3,5111,5111,-1.0,-1.0,-1,-1,0.0
38008,-73.99520874023438,40.74485778808594,-73.99979400634766,40.721946716308594,651.78,5111,5111,5151.21,5802.99,40.210000000000036,-2.2737367544323206e-13,0.9999999999999997
38009,-73.95629119873048,40.7680549621582,-73.96981048583984,40.764625549316406,487.91,5111,5111,5416.71,5904.62,305.71000000000004,-1.7053025658242404e-13,0.9999999999999997
38010,-73.98928070068358,40.7587776184082,-73.9796142578125,40.75247573852539,423.87,5111,5111,5148.3,5572.17,37.30000000000018,-1.1368683772161603e-13,0.9999999999999998
38011,-73.97505950927734,40.76164627075195,-74.00863647460938,40.723350524902344,1206.75,5111,5111,-1.0,-1.0,-1,-1,0.0
38012,-73.9720230102539,40.76190185546875,-73.98259735107422,40.76168823242188,385.5,5111,5111,-1.0,-1.0,-1,-1,0.0
38013,-73.9724349975586,40.75669860839844,-73.9816665649414,40.75619888305664,468.35,5111,5111,-1.0,-1.0,-1,-1,0.0
38014,-73.9935302734375,40.75209426879883,-74.00462341308595,40.74199295043945,310.77,5112,5112,5165.77,5476.54,53.77000000000044,-4.547473508864641e-13,0.9999999999999986
38015,-73.99652099609375,40.73306655883789,-73.95162963867188,40.77436828613281,1106.57,5112,5112,5170.88,6277.45,58.88000000000011,-2.2737367544323206e-13,0.9999999999999998
38016,-73.9563980102539,40.78697967529297,-73.97389221191406,40.7791404724121,410.59,5112,5112,5776.88,6187.47,664.8800000000001,1.7053025658242404e-13,1.0000000000000004
38017,-74.00894927978516,40.71596145629883,-74.00821685791014,40.73435592651367,423.57,5112,5112,5130.0,5553.57,18.0,-2.8421709430404007e-13,0.9999999999999993
38018,-73.949462890625,40.781028747558594,-74.0041732788086,40.74271011352539,1517.85,5112,5112,5269.3,6787.150000000001,157.30000000000018,4.547473508864641e-13,1.0000000000000002
38019,-74.00987243652342,40.714599609375,-73.98577117919923,40.74734115600585,935.11,5113,5113,5301.33,6236.44,188.32999999999993,-3.410605131648481e-13,0.9999999999999997
38020,-73.96849822998048,40.761695861816406,-73.9593276977539,40.78023910522461,517.77,5113,5113,-1.0,-1.0,-1,-1,0.0
38021,-73.9558868408203,40.7796630859375,-73.97950744628906,40.77276992797852,607.62,5113,5113,5675.37,6282.99,562.3699999999999,-1.1368683772161603e-13,0.9999999999999998
38022,-74.0030517578125,40.74412155151367,-74.00463104248048,40.70640563964844,1020.9,5113,5113,-1.0,-1.0,-1,-1,0.0
38023,-73.97400665283203,40.7475700378418,-73.96449279785155,40.75600051879883,237.27,5113,5113,-1.0,-1.0,-1,-1,0.0
38024,-74.0049285888672,40.75032043457031,-73.98107147216798,40.74045944213867,656.57,5113,5113,-1.0,-1.0,-1,-1,0.0
38025,-73.9809036254883,40.759220123291016,-74.00846099853516,40.73421096801758,932.43,5113,5113,5163.16,6095.59,50.159999999999854,3.410605131648481e-13,1.0000000000000004
38026,-73.97806549072266,40.75981140136719,-73.98703765869139,40.739501953125,535.47,5113,5113,-1.0,-1.0,-1,-1,0.0
38027,-73.97810363769531,40.77326583862305,-73.99467468261719,40.76424026489258,427.38,5113,5113,5163.27,5654.26,50.27000000000044,63.609999999999786,1.1488371004726468
38028,-73.98153686523438,40.773719787597656,-73.98481750488281,40.732585906982415,1264.75,5113,5113,-1.0,-1.0,-1,-1,0.0
38029,-73.99049377441406,40.76431274414063,-73.98002624511719,40.76493835449219,300.49,5114,5114,5242.29,5542.78,128.28999999999996,-2.2737367544323206e-13,0.9999999999999992
38030,-73.9800796508789,40.74856567382813,-73.96837615966798,40.75946807861328,461.63,5114,5114,-1.0,-1.0,-1,-1,0.0
38031,-73.98333740234375,40.7341194152832,-73.97618103027344,40.7518310546875,523.71,5114,5114,-1.0,-1.0,-1,-1,0.0
38032,-73.99205780029298,40.74412155151367,-74.00088500976562,40.76193237304688,628.31,5114,5114,-1.0,-1.0,-1,-1,0.0
38033,-74.00079345703125,40.742042541503906,-73.9833984375,40.776363372802734,703.98,5114,5114,-1.0,-1.0,-1,-1,0.0
38034,-73.98213195800781,40.77722930908203,-73.96235656738281,40.77317810058594,606.31,5114,5114,-1.0,-1.0,-1,-1,0.0
38035,-73.99999237060547,40.73308563232422,-73.99088287353516,40.74562454223633,285.37,5114,5114,5154.44,5439.81,40.4399999999996,7.958078640513122e-13,1.0000000000000029
38036,-73.99766540527344,40.72478103637695,-73.97949981689453,40.7439079284668,689.5,5114,5114,5172.8,5895.51,58.80000000000018,33.210000000000036,1.0481653372008704
38037,-73.98783874511719,40.75458526611328,-74.00666046142578,40.7303466796875,572.48,5114,5114,5161.76,5734.24,47.76000000000022,-4.547473508864641e-13,0.9999999999999992
38038,-73.96936798095702,40.76540756225585,-73.95916748046875,40.777435302734375,307.97,5114,5114,-1.0,-1.0,-1,-1,0.0
38039,-73.98516845703125,40.72834777832031,-74.00584411621094,40.733158111572266,602.42,5114,5114,5154.56,5825.11,40.5600000000004,68.12999999999931,1.1130938547856966
38040,-73.98193359375,40.74917221069336,-73.9694061279297,40.76089096069336,458.09,5115,5115,-1.0,-1.0,-1,-1,0.0
38041,-73.95649719238281,40.7755012512207,-73.96217346191406,40.773529052734375,190.38,5115,5115,5261.99,5452.37,146.98999999999978,1.1368683772161603e-13,1.0000000000000007
38042,-73.99344635009766,40.74209976196289,-73.95912170410156,40.763538360595696,850.29,5115,5115,-1.0,-1.0,-1,-1,0.0
38043,-73.9906234741211,40.755069732666016,-73.98705291748048,40.74517822265625,503.68,5115,5115,5141.67,5645.35,26.670000000000073,2.8421709430404007e-13,1.0000000000000007
38044,-73.99183654785155,40.72641372680664,-74.00387573242188,40.72218704223633,435.38,5115,5115,5218.41,5653.79,103.40999999999985,1.1368683772161603e-13,1.0000000000000002
38045,-73.9710464477539,40.763916015625,-73.95613098144531,40.78678894042969,450.06,5115,5115,5208.25,5658.31,93.25,3.979039320256561e-13,1.0000000000000009
38046,-73.95090484619139,40.779163360595696,-73.96022033691406,40.76634979248047,327.51,5116,5116,5130.0,5457.51,14.0,2.2737367544323206e-13,1.0000000000000007
38047,-73.99832916259766,40.7175407409668,-73.9910659790039,40.74726486206055,791.91,5116,5116,5276.83,6068.74,160.82999999999993,-1.1368683772161603e-13,0.9999999999999999
38048,-73.98592376708984,40.74079895019531,-73.9594192504883,40.7676010131836,811.31,5116,5116,-1.0,-1.0,-1,-1,0.0
38049,-73.97396850585938,40.76054382324219,-73.98534393310547,40.77527618408203,557.38,5116,5116,-1.0,-1.0,-1,-1,0.0
38050,-73.99659729003906,40.74200820922852,-73.97805023193358,40.74552917480469,536.4,5116,5116,5182.16,5739.64,66.15999999999985,21.080000000000496,1.0392990305741994
38051,-73.9931411743164,40.734317779541016,-74.01065826416014,40.720081329345696,663.98,5116,5116,5130.0,5793.98,14.0,-4.547473508864641e-13,0.9999999999999993
38052,-74.01551055908203,40.71453094482422,-74.00750732421875,40.70755386352539,486.79,5116,5116,5347.45,5834.24,231.44999999999982,-5.684341886080802e-14,0.9999999999999999
38053,-73.97859191894531,40.74119186401367,-73.98912048339844,40.7112693786621,664.08,5116,5116,-1.0,-1.0,-1,-1,0.0
38054,-73.97232818603516,40.7626838684082,-73.9603271484375,40.77135848999024,377.88,5116,5116,5133.5,5511.38,17.5,1.1368683772161603e-13,1.0000000000000002
38055,-74.01083374023438,40.71615982055664,-73.98925018310547,40.712650299072266,639.7,5116,5116,-1.0,-1.0,-1,-1,0.0
38056,-73.97613525390625,40.786094665527344,-73.97367858886719,40.79458236694336,221.21,5116,5116,5378.04,5599.25,262.03999999999996,2.842170943040401e-14,1.0000000000000002
38057,-73.99449920654298,40.74047470092773,-73.98345184326173,40.75595474243164,423.35,5116,5116,-1.0,-1.0,-1,-1,0.0
38058,-73.98236846923827,40.76753234863281,-73.98983001708984,40.77606964111328,389.44,5116,5116,-1.0,-1.0,-1,-1,0.0
38059,-73.97299194335938,40.76239776611328,-73.9911117553711,40.75587844848633,697.22,5117,5117,-1.0,-1.0,-1,-1,0.0
38060,-73.97344970703125,40.75989532470703,-73.97288513183594,40.79319763183594,870.66,5117,5117,-1.0,-1.0,-1,-1,0.0
38061,-74.00109100341797,40.731651306152344,-73.97882843017578,40.72980880737305,575.99,5117,5117,-1.0,-1.0,-1,-1,0.0
38062,-73.98123168945312,40.7741813659668,-73.98361206054686,40.75011825561523,850.41,5117,5117,5172.69,6051.66,55.6899999999996,28.560000000000286,1.0335838007549303
38063,-73.98954772949219,40.76774597167969,-73.95780181884766,40.811134338378906,735.79,5117,5117,5149.65,5902.88,32.649999999999636,17.44000000000051,1.0237024150912633
38064,-73.9609146118164,40.77517318725585,-73.96729278564453,40.79322814941406,505.15,5117,5117,-1.0,-1.0,-1,-1,0.0
38065,-73.9947509765625,40.72578430175781,-73.96802520751955,40.758079528808594,845.15,5117,5117,5136.28,5981.43,19.279999999999745,5.684341886080801e-13,1.0000000000000007
38066,-73.99247741699219,40.74337387084961,-73.98210906982422,40.77815628051758,864.39,5117,5117,-1.0,-1.0,-1,-1,0.0
38067,-73.97364807128906,40.75593185424805,-73.98406219482422,40.75328063964844,492.1,5118,5118,-1.0,-1.0,-1,-1,0.0
38068,-73.99793243408203,40.73604965209961,-73.98439788818358,40.74570083618164,437.26,5118,5118,5157.3,5627.56,39.30000000000018,33.00000000000023,1.0754699720989804
38069,-74.00383758544923,40.722373962402344,-73.9870834350586,40.72914505004883,580.73,5118,5118,5168.75,5749.48,50.75,-4.547473508864641e-13,0.9999999999999992
38070,-73.97953033447266,40.7576904296875,-73.9887466430664,40.74259948730469,333.56,5118,5118,-1.0,-1.0,-1,-1,0.0
38071,-74.00247955322266,40.71860885620117,-73.99813079833984,40.728981018066406,433.46,5118,5118,-1.0,-1.0,-1,-1,0.0
38072,-74.00626373291014,40.73390579223633,-73.9822998046875,40.7658576965332,843.98,5118,5118,5151.610000000001,5995.59,33.61000000000058,-4.547473508864641e-13,0.9999999999999994
38073,-73.98650360107422,40.767051696777344,-74.0023880004883,40.760780334472656,448.01,5118,5118,5161.41,5609.42,43.409999999999854,2.2737367544323206e-13,1.0000000000000004
38074,-74.00688934326173,40.70389175415039,-74.00392150878906,40.7501335144043,901.62,5118,5118,5162.68,6064.3,44.68000000000029,-1.1368683772161603e-13,0.9999999999999999
38075,-73.98033142089844,40.74243927001953,-73.96630096435547,40.7588005065918,506.61,5119,5119,5161.3,5667.91,42.30000000000018,-3.410605131648481e-13,0.9999999999999993
38076,-73.96099853515625,40.760608673095696,-73.96770477294923,40.76234817504883,234.33,5119,5119,5166.39,5400.72,47.39000000000033,-8.526512829121202e-14,0.9999999999999997
38077,-73.97997283935547,40.76586151123047,-74.00251770019531,40.72423553466797,1089.23,5119,5119,-1.0,-1.0,-1,-1,0.0
38078,-73.97899627685547,40.76535034179688,-73.99002075195312,40.75693130493164,410.66,5119,5119,-1.0,-1.0,-1,-1,0.0
38079,-74.01045227050781,40.70497131347656,-73.98818969726562,40.770111083984375,1323.6,5119,5119,5565.16,6888.76,446.15999999999985,4.547473508864641e-13,1.0000000000000004
38080,-73.9753646850586,40.76541137695313,-73.96007537841797,40.76301574707031,558.9,5119,5119,-1.0,-1.0,-1,-1,0.0
38081,-73.978759765625,40.7618408203125,-74.012451171875,40.71993637084961,1253.72,5119,5119,-1.0,-1.0,-1,-1,0.0
38082,-73.95555114746094,40.763984680175774,-73.9918670654297,40.7490348815918,1044.02,5119,5119,5217.24,6261.26,98.23999999999978,4.547473508864641e-13,1.0000000000000004
38083,-73.94933319091797,40.809349060058594,-73.9639129638672,40.8105697631836,419.07,5120,5120,5331.76,5750.83,211.76000000000022,-2.8421709430404007e-13,0.9999999999999993
38084,-73.99072265625,40.74016189575195,-73.9828567504883,40.73139953613281,428.53,5120,5120,5164.94,5593.47,44.9399999999996,6.821210263296962e-13,1.0000000000000016
38085,-73.98634338378906,40.76723861694336,-73.97257232666014,40.79254913330078,560.32,5120,5120,5163.78,5724.1,43.779999999999745,5.684341886080801e-13,1.000000000000001
38086,-73.96470642089844,40.771575927734375,-74.00233459472656,40.72916030883789,1294.65,5120,5120,-1.0,-1.0,-1,-1,0.0
38087,-73.96800994873048,40.762550354003906,-73.97586059570312,40.75688171386719,354.01,5120,5120,5176.79,5535.04,56.789999999999964,4.240000000000009,1.0119770627948363
38088,-73.9732894897461,40.74393844604492,-73.9516372680664,40.780418395996094,672.21,5121,5121,5134.42,5806.63,13.420000000000073,0.0,1.0
38089,-73.99919128417969,40.75465393066406,-73.99080657958984,40.75601577758789,253.38,5121,5121,-1.0,-1.0,-1,-1,0.0
38090,-73.99057006835938,40.738712310791016,-73.99213409423827,40.74927520751953,434.05,5121,5121,-1.0,-1.0,-1,-1,0.0
38091,-74.00714874267578,40.74174118041992,-73.95221710205078,40.7692756652832,1436.6,5121,5121,-1.0,-1.0,-1,-1,0.0
38092,-73.98029327392578,40.785659790039055,-73.9814224243164,40.76947021484375,459.3,5121,5121,5133.83,5656.26,12.829999999999927,63.13000000000028,1.1374482908774228
38093,-74.01180267333984,40.72027206420898,-73.99919891357422,40.740150451660156,508.02,5121,5121,5263.91,5771.93,142.90999999999985,4.547473508864641e-13,1.0000000000000009
38094,-73.9720001220703,40.756172180175774,-73.97750091552734,40.779396057128906,872.24,5121,5121,-1.0,-1.0,-1,-1,0.0
38095,-73.99076080322266,40.7661247253418,-74.00231170654298,40.76088333129883,344.97,5121,5121,5130.0,5474.97,9.0,2.2737367544323206e-13,1.0000000000000007
38096,-73.99110412597656,40.75012969970703,-73.98801422119139,40.73528289794922,522.52,5121,5121,5141.16,5688.8,20.159999999999854,25.120000000000346,1.0480747148434517
38097,-73.9835433959961,40.7471923828125,-73.9662094116211,40.7678108215332,611.06,5122,5122,-1.0,-1.0,-1,-1,0.0
38098,-73.98951721191406,40.74168014526367,-74.01294708251955,40.70419692993164,1061.88,5122,5122,-1.0,-1.0,-1,-1,0.0
38099,-73.98226928710938,40.76845169067383,-74.01656341552734,40.71575164794922,1275.12,5122,5122,-1.0,-1.0,-1,-1,0.0
38100,-74.00335693359375,40.72518539428711,-73.99079132080078,40.72353744506836,402.84,5122,5122,5223.21,5626.05,101.21000000000004,1.7053025658242404e-13,1.0000000000000004
38101,-73.99217987060547,40.749336242675774,-73.99752044677734,40.73626708984375,308.25,5122,5122,5130.0,5438.25,8.0,0.0,1.0
38102,-73.9848098754883,40.77426528930664,-73.94493103027344,40.834903717041016,870.25,5122,5122,5136.0,6025.5199999999995,14.0,19.269999999999527,1.022143062338408
38103,-73.9813003540039,40.74736022949219,-74.00189208984375,40.73523330688477,571.2,5122,5122,5181.03,5812.13,59.029999999999745,59.90000000000032,1.104866946778712
38104,-74.0003890991211,40.72365951538085,-73.95549774169923,40.76821899414063,1166.71,5122,5122,-1.0,-1.0,-1,-1,0.0
38105,-73.99243927001955,40.738059997558594,-74.00402069091797,40.71724319458008,651.81,5122,5122,5157.17,5808.98,35.17000000000007,-4.547473508864641e-13,0.9999999999999993
38106,-74.00559234619139,40.73849105834961,-74.00399780273438,40.71786117553711,606.96,5122,5122,-1.0,-1.0,-1,-1,0.0
38107,-73.99861145019531,40.71723937988281,-73.9912567138672,40.750503540039055,953.66,5123,5123,-1.0,-1.0,-1,-1,0.0
38108,-73.97627258300781,40.75160598754883,-73.9826431274414,40.77081680297852,782.09,5123,5123,-1.0,-1.0,-1,-1,0.0
38109,-73.97765350341797,40.78453063964844,-73.97434997558594,40.793800354003906,234.93,5123,5123,5172.52,5407.45,49.52000000000044,-6.252776074688882e-13,0.9999999999999973
38110,-73.98634338378906,40.740089416503906,-73.99012756347656,40.756431579589844,680.28,5123,5123,5173.41,5887.49,50.409999999999854,33.799999999999955,1.0496854236490856
38111,-73.99385833740234,40.72065353393555,-73.9726333618164,40.749378204345696,738.78,5123,5123,5159.29,5898.07,36.289999999999964,-2.2737367544323206e-13,0.9999999999999997
38112,-73.99901580810547,40.72674560546875,-73.99178314208984,40.74905776977539,623.39,5123,5123,-1.0,-1.0,-1,-1,0.0
38113,-73.9863739013672,40.75190734863281,-73.97388458251955,40.79670333862305,976.89,5123,5123,5172.92,6149.8099999999995,49.92000000000007,-5.684341886080801e-13,0.9999999999999994
38114,-73.98554229736328,40.74320983886719,-73.9782943725586,40.75263977050781,262.27,5124,5124,-1.0,-1.0,-1,-1,0.0
38115,-73.9803237915039,40.759765625,-74.0110855102539,40.70283126831055,1273.54,5124,5124,-1.0,-1.0,-1,-1,0.0
38116,-73.98053741455078,40.745201110839844,-73.97789001464844,40.736549377441406,267.49,5124,5124,5163.04,5460.7,39.039999999999964,30.169999999999845,1.1127892631500238
38117,-73.98613739013672,40.74357604980469,-73.95343017578125,40.77957534790039,1007.56,5124,5124,-1.0,-1.0,-1,-1,0.0
38118,-73.95601654052734,40.7758903503418,-73.98249053955078,40.76823806762695,807.62,5124,5124,-1.0,-1.0,-1,-1,0.0
38119,-73.99144744873048,40.75004577636719,-73.9822998046875,40.73158645629883,649.77,5124,5124,-1.0,-1.0,-1,-1,0.0
38120,-73.95603942871094,40.76772689819336,-73.96550750732422,40.76598358154297,298.25,5124,5124,5140.59,5438.84,16.590000000000146,0.0,1.0
38121,-73.98892974853516,40.76848983764648,-73.99867248535155,40.717109680175774,1298.43,5124,5124,5166.47,6464.9,42.470000000000255,-6.821210263296962e-13,0.9999999999999994
38122,-73.97434997558594,40.76189041137695,-73.981201171875,40.74140167236328,675.0,5124,5124,5170.39,5845.389999999999,46.39000000000033,-9.094947017729282e-13,0.9999999999999987
38123,-74.00879669189453,40.71870040893555,-73.99356842041014,40.724571228027344,562.39,5124,5124,-1.0,-1.0,-1,-1,0.0
38124,-73.98767852783203,40.750038146972656,-73.947021484375,40.7799186706543,1070.72,5124,5124,-1.0,-1.0,-1,-1,0.0
38125,-73.95823669433594,40.78451919555664,-73.98792266845702,40.73986053466797,1130.9,5124,5124,5150.21,6281.110000000001,26.210000000000036,4.547473508864641e-13,1.0000000000000004
38126,-73.96680450439453,40.793678283691406,-73.96961975097656,40.80022811889648,210.64,5124,5124,5251.91,5462.55,127.90999999999985,3.410605131648481e-13,1.0000000000000016
38127,-73.9967269897461,40.72529983520508,-73.99069213867188,40.72341537475585,198.83,5125,5125,5130.0,5328.83,5.0,-8.526512829121202e-14,0.9999999999999996
38128,-73.99083709716798,40.73393630981445,-73.97927856445312,40.77722930908203,1250.47,5125,5125,5308.13,6558.599999999999,183.1300000000001,-6.821210263296962e-13,0.9999999999999994
38129,-73.97933959960938,40.774574279785156,-73.98932647705078,40.771934509277344,261.24,5125,5125,-1.0,-1.0,-1,-1,0.0
38130,-73.97245025634766,40.765323638916016,-73.98638153076173,40.77772521972656,596.7,5125,5125,-1.0,-1.0,-1,-1,0.0
38131,-73.98639678955078,40.77875900268555,-73.976318359375,40.78990173339844,260.9,5126,5126,5234.33,5495.23,108.32999999999993,-3.410605131648481e-13,0.9999999999999987
38132,-73.98702239990234,40.739463806152344,-73.97209930419923,40.75788497924805,584.66,5126,5126,-1.0,-1.0,-1,-1,0.0
38133,-73.9910888671875,40.75042724609375,-73.9856948852539,40.7396240234375,417.11,5126,5126,-1.0,-1.0,-1,-1,0.0
38134,-73.98432159423827,40.72884368896485,-73.98463439941406,40.74623107910156,569.02,5126,5126,5164.6900000000005,5790.06,38.69000000000051,56.34999999999991,1.0990299110751818
38135,-73.97864532470702,40.75867462158203,-73.99124145507811,40.75042724609375,476.33,5126,5126,-1.0,-1.0,-1,-1,0.0
38136,-73.9865951538086,40.761451721191406,-73.99088287353516,40.73430633544922,962.26,5126,5126,5133.4,6182.96,7.399999999999636,87.30000000000041,1.0907239207698547
38137,-73.9557113647461,40.77639770507813,-73.98033142089844,40.78227615356445,640.25,5127,5127,5163.0,5854.04,36.0,50.789999999999964,1.0793283873486919
38138,-74.00086975097656,40.73737716674805,-73.97755432128906,40.74666976928711,677.4,5127,5127,-1.0,-1.0,-1,-1,0.0
38139,-73.98548889160156,40.75832748413085,-74.00344848632812,40.7320442199707,601.98,5127,5127,5161.75,5763.7300000000005,34.75,4.547473508864641e-13,1.0000000000000007
38140,-73.9776840209961,40.757591247558594,-73.98894500732422,40.73686981201172,550.55,5127,5127,5178.66,5729.21,51.659999999999854,2.2737367544323206e-13,1.0000000000000004
38141,-73.95452880859375,40.764026641845696,-73.98209381103516,40.74004364013672,650.97,5127,5127,-1.0,-1.0,-1,-1,0.0
38142,-73.98593139648438,40.76287841796875,-74.01105499267578,40.71345520019531,1203.56,5127,5127,-1.0,-1.0,-1,-1,0.0
38143,-73.98197174072266,40.775150299072266,-73.95938873291014,40.7800407409668,570.13,5127,5127,-1.0,-1.0,-1,-1,0.0
38144,-73.96930694580078,40.76377868652344,-73.95648193359375,40.783958435058594,448.73,5128,5128,-1.0,-1.0,-1,-1,0.0
38145,-73.97371673583984,40.757728576660156,-73.95745849609375,40.7812614440918,615.02,5128,5128,-1.0,-1.0,-1,-1,0.0
38146,-73.9908218383789,40.74034881591797,-74.00541687011719,40.748359680175774,421.61,5128,5128,-1.0,-1.0,-1,-1,0.0
38147,-73.9840316772461,40.72111511230469,-73.9754638671875,40.72516632080078,246.88,5128,5128,5195.72,5442.6,67.72000000000025,1.1368683772161603e-13,1.0000000000000004
38148,-73.99066162109375,40.7296028137207,-73.99683380126955,40.733314514160156,188.53,5128,5128,5174.9800000000005,5363.51,46.98000000000047,-2.5579538487363607e-13,0.9999999999999987
38149,-74.0056915283203,40.74583053588867,-73.98100280761719,40.78252029418945,725.26,5129,5129,5157.8,5883.0599999999995,28.800000000000182,-6.821210263296962e-13,0.9999999999999991
38150,-73.97855377197266,40.75620651245117,-73.99503326416014,40.72145080566406,1001.4,5129,5129,5142.43,6177.33,13.430000000000291,33.49999999999966,1.0334531655682042
38151,-73.98861694335938,40.74856948852539,-73.9947509765625,40.76044845581055,463.11,5129,5129,-1.0,-1.0,-1,-1,0.0
38152,-73.95612335205078,40.7719955444336,-73.96228790283203,40.760398864746094,386.17,5129,5129,5135.0,5521.17,6.0,5.684341886080802e-14,1.0000000000000002
38153,-74.0035629272461,40.75088119506836,-74.00048828125,40.730079650878906,631.39,5129,5129,-1.0,-1.0,-1,-1,0.0
38154,-74.00138092041014,40.730918884277344,-73.98500061035155,40.74705123901367,532.57,5129,5129,5214.17,5746.74,85.17000000000007,-3.410605131648481e-13,0.9999999999999993
38155,-74.00556182861328,40.74058151245117,-73.99675750732422,40.723308563232415,790.25,5129,5129,5192.33,5982.58,63.32999999999993,0.0,1.0
38156,-73.95647430419923,40.80302047729492,-73.99111938476562,40.751331329345696,1361.6,5129,5129,5648.75,7010.349999999999,519.75,-4.547473508864641e-13,0.9999999999999997
38157,-74.01007080078125,40.720863342285156,-74.0164337158203,40.71548843383789,200.43,5130,5130,5147.66,5450.01,17.659999999999854,101.92000000000036,1.5085067105722714
38158,-73.97265625,40.76142120361328,-73.95101928710938,40.774391174316406,571.29,5130,5130,-1.0,-1.0,-1,-1,0.0
38159,-73.97762298583984,40.763687133789055,-73.96292114257811,40.76668167114258,471.29,5130,5130,-1.0,-1.0,-1,-1,0.0
38160,-73.96479034423827,40.76985549926758,-73.97489166259766,40.753562927246094,525.38,5130,5130,-1.0,-1.0,-1,-1,0.0
38161,-73.9885025024414,40.7451400756836,-73.98219299316406,40.76771926879883,752.26,5130,5130,-1.0,-1.0,-1,-1,0.0
38162,-73.95370483398438,40.778785705566406,-73.97758483886719,40.7829475402832,536.5,5130,5130,5163.73,5739.69,33.72999999999956,39.460000000000036,1.073550792171482
38163,-73.9924545288086,40.749473571777344,-73.9419937133789,40.84770965576172,1494.29,5131,5131,5190.63,6684.92,59.63000000000011,0.0,1.0
38164,-73.98088836669923,40.78152084350585,-73.97911834716798,40.759254455566406,797.18,5131,5131,-1.0,-1.0,-1,-1,0.0
38165,-74.00128936767578,40.74667739868164,-73.9519805908203,40.80795669555664,1329.8,5131,5131,5165.67,6541.9800000000005,34.67000000000007,46.510000000000446,1.0349751842382318
38166,-73.97803497314453,40.76348876953125,-73.94731903076173,40.77549743652344,841.52,5131,5131,5186.8,6028.32,55.80000000000018,-4.547473508864641e-13,0.9999999999999994
38167,-73.9895782470703,40.75244522094727,-73.97889709472656,40.76185607910156,389.43,5131,5131,-1.0,-1.0,-1,-1,0.0
38168,-73.96827697753906,40.761695861816406,-73.98077392578125,40.7419319152832,520.3,5131,5131,-1.0,-1.0,-1,-1,0.0
38169,-73.9747314453125,40.76195907592773,-73.9699478149414,40.768569946289055,348.54,5131,5131,-1.0,-1.0,-1,-1,0.0
38170,-74.00642395019531,40.75122833251953,-74.00777435302734,40.73167037963867,448.69,5131,5131,5189.04,5637.73,58.039999999999964,-3.979039320256561e-13,0.9999999999999991
38171,-73.98898315429686,40.7364616394043,-73.96131134033203,40.7647705078125,843.39,5131,5131,-1.0,-1.0,-1,-1,0.0
38172,-73.97821807861328,40.754730224609375,-73.98454284667969,40.76730346679688,610.8,5131,5131,5161.07,5846.17,30.06999999999971,74.30000000000041,1.1216437459070079
38173,-73.98196411132812,40.76015853881836,-73.9837417602539,40.744007110595696,582.99,5131,5131,-1.0,-1.0,-1,-1,0.0
38174,-73.98800659179686,40.74993133544922,-73.9785614013672,40.76361846923828,385.81,5132,5132,5171.63,5557.44,39.63000000000011,-5.115907697472721e-13,0.9999999999999987
38175,-73.97726440429686,40.75848007202149,-73.9878921508789,40.74441528320313,346.72,5132,5132,5185.43,5532.15,53.43000000000029,-6.821210263296962e-13,0.999999999999998
38176,-73.97538757324219,40.761375427246094,-73.98548889160156,40.747230529785156,370.39,5132,5132,-1.0,-1.0,-1,-1,0.0
38177,-74.0172348022461,40.70535278320313,-73.99951171875,40.72843551635742,720.77,5132,5132,-1.0,-1.0,-1,-1,0.0
38178,-74.00296783447266,40.730316162109375,-73.9810562133789,40.7477912902832,694.35,5132,5132,5238.96,5933.31,106.96000000000004,3.410605131648481e-13,1.0000000000000004
38179,-73.95953369140625,40.77420043945313,-73.9843521118164,40.757339477539055,993.63,5132,5132,5170.15,6190.85,38.149999999999636,27.070000000000732,1.0272435413584542
38180,-73.98067474365234,40.7509765625,-73.95565032958984,40.77663040161133,761.59,5132,5132,5160.0,5952.1,28.0,30.510000000000332,1.0400609251697113
38181,-73.97848510742188,40.736961364746094,-73.98429870605469,40.72874069213867,308.78,5132,5132,5179.17,5487.95,47.17000000000007,-2.2737367544323206e-13,0.9999999999999992
38182,-73.98265838623048,40.74797058105469,-73.97047424316406,40.75249862670898,430.95,5132,5132,-1.0,-1.0,-1,-1,0.0
38183,-73.98954772949219,40.76953125,-73.94969177246094,40.81391906738281,915.3,5132,5132,-1.0,-1.0,-1,-1,0.0
38184,-74.00054931640625,40.73746109008789,-74.00558471679686,40.71795272827149,437.86,5133,5133,-1.0,-1.0,-1,-1,0.0
38185,-73.98230743408203,40.77096176147461,-73.98886108398438,40.76668167114258,261.32,5133,5133,-1.0,-1.0,-1,-1,0.0
38186,-73.98636627197266,40.74035263061523,-74.01482391357422,40.71815872192383,921.39,5133,5133,-1.0,-1.0,-1,-1,0.0
38187,-73.97891998291014,40.74448776245117,-73.96351623535155,40.7625846862793,582.28,5134,5134,-1.0,-1.0,-1,-1,0.0
38188,-73.98634338378906,40.74362182617188,-73.9999008178711,40.742835998535156,366.49,5134,5134,-1.0,-1.0,-1,-1,0.0
38189,-73.97154998779298,40.75812149047852,-73.94940948486328,40.79609680175781,902.0,5134,5134,-1.0,-1.0,-1,-1,0.0
38190,-73.96315002441406,40.77183532714844,-73.95187377929686,40.76673889160156,350.02,5134,5134,5174.71,5524.73,40.710000000000036,-4.547473508864641e-13,0.9999999999999987
38191,-73.974365234375,40.759143829345696,-73.94667053222656,40.780704498291016,730.45,5134,5134,5181.3099999999995,5981.19,47.30999999999949,69.43000000000006,1.0950509959613937
38192,-73.99260711669923,40.75532150268555,-73.974853515625,40.750709533691406,623.08,5134,5134,-1.0,-1.0,-1,-1,0.0
38193,-73.98628234863281,40.74028015136719,-73.98332214355469,40.72638320922852,419.02,5134,5134,-1.0,-1.0,-1,-1,0.0
38194,-73.99812316894531,40.76077651977539,-73.98465728759766,40.73284149169922,926.76,5134,5134,5165.1,6091.86,31.100000000000364,-6.821210263296962e-13,0.9999999999999992
38195,-73.99302673339844,40.73713684082031,-73.9905014038086,40.7558822631836,642.88,5134,5134,5182.92,5852.9,48.92000000000007,27.099999999999568,1.0421540567446483
38196,-73.99406433105469,40.751289367675774,-73.96778869628906,40.75409698486328,874.84,5134,5134,-1.0,-1.0,-1,-1,0.0
38197,-73.95926666259766,40.79925537109375,-73.97582244873048,40.77652359008789,476.55,5134,5134,5259.04,5735.59,125.03999999999996,1.7053025658242404e-13,1.0000000000000004
38198,-73.97573852539062,40.76036071777344,-73.98899841308595,40.74542617797852,479.18,5135,5135,5165.0199999999995,5644.2,30.019999999999527,2.8421709430404007e-13,1.0000000000000007
38199,-73.975341796875,40.755237579345696,-73.98994445800781,40.75642776489258,520.38,5135,5135,-1.0,-1.0,-1,-1,0.0
38200,-73.98968505859375,40.73437881469727,-73.97837829589844,40.72963333129883,311.66,5135,5135,-1.0,-1.0,-1,-1,0.0
38201,-73.99385070800781,40.74127578735352,-73.9847640991211,40.7485580444336,320.41,5135,5135,-1.0,-1.0,-1,-1,0.0
38202,-73.99053955078125,40.74044418334961,-73.99111938476562,40.76121520996094,775.19,5135,5135,-1.0,-1.0,-1,-1,0.0
38203,-73.9671173095703,40.76530456542969,-73.95976257324219,40.780628204345696,350.63,5135,5135,-1.0,-1.0,-1,-1,0.0
38204,-73.98690795898438,40.75027084350585,-74.0029067993164,40.75534057617188,392.9,5135,5135,-1.0,-1.0,-1,-1,0.0
38205,-73.9895782470703,40.72942352294922,-74.00151062011719,40.74027633666992,487.17,5135,5135,5558.13,6045.3,423.1300000000001,5.684341886080802e-14,1.0000000000000002
38206,-74.00814819335938,40.737491607666016,-73.97392272949219,40.72684860229492,1028.67,5136,5136,-1.0,-1.0,-1,-1,0.0
38207,-73.99566650390625,40.739421844482415,-73.99108123779298,40.73306655883789,255.34,5136,5136,-1.0,-1.0,-1,-1,0.0
38208,-73.95864868164062,40.7747917175293,-73.94940948486328,40.78129959106445,237.65,5136,5136,5179.66,5417.31,43.659999999999854,5.400124791776761e-13,1.0000000000000022
38209,-73.97043609619139,40.7650260925293,-73.9791259765625,40.7817497253418,565.79,5136,5136,-1.0,-1.0,-1,-1,0.0
38210,-73.97435760498048,40.76250076293945,-73.97775268554686,40.78622817993164,763.14,5136,5136,-1.0,-1.0,-1,-1,0.0
38211,-73.95535278320312,40.772865295410156,-73.98326110839844,40.755287170410156,1016.9,5136,5136,5291.97,6308.87,155.97000000000025,-3.410605131648481e-13,0.9999999999999997
38212,-73.98737335205078,40.73896789550781,-73.99171447753906,40.72690963745117,346.59,5137,5137,-1.0,-1.0,-1,-1,0.0
38213,-73.99665069580078,40.72546768188477,-73.98299407958984,40.71489334106445,596.0,5137,5137,5190.71,5786.71,53.710000000000036,0.0,1.0
38214,-73.9767837524414,40.787841796875,-73.96772766113281,40.78783416748047,224.07,5137,5137,5190.71,5414.78,53.710000000000036,-2.8421709430404007e-13,0.9999999999999988
38215,-73.98976898193358,40.74703979492188,-73.97325134277344,40.74357986450195,595.25,5137,5137,5252.08,5847.33,115.07999999999993,0.0,1.0
38216,-73.9795379638672,40.752689361572266,-73.9746551513672,40.73611831665039,602.23,5137,5137,-1.0,-1.0,-1,-1,0.0
38217,-73.98883056640625,40.73101043701172,-73.9809036254883,40.74197387695313,248.95,5137,5137,5168.47,5417.42,31.470000000000255,-1.7053025658242404e-13,0.9999999999999993
38218,-73.9735336303711,40.758880615234375,-73.9538803100586,40.784889221191406,632.57,5137,5137,-1.0,-1.0,-1,-1,0.0
38219,-73.99925231933594,40.718910217285156,-73.98661041259766,40.719551086425774,560.69,5138,5138,5248.87,5809.5599999999995,110.86999999999989,-4.547473508864641e-13,0.9999999999999992
38220,-73.98802947998048,40.75965881347656,-73.95314788818358,40.80736923217773,1033.84,5138,5138,5192.02,6225.86,54.02000000000044,-6.821210263296962e-13,0.9999999999999993
38221,-73.99976348876955,40.73852157592773,-73.96031951904298,40.762107849121094,1025.55,5138,5138,-1.0,-1.0,-1,-1,0.0
38222,-73.97145080566406,40.75510787963867,-73.96734619140625,40.76604461669922,347.92,5138,5138,-1.0,-1.0,-1,-1,0.0
38223,-73.96421813964844,40.7973861694336,-74.00261688232422,40.733802795410156,1520.95,5138,5138,5448.44,6969.39,310.4399999999996,6.821210263296962e-13,1.0000000000000004
38224,-73.96456909179686,40.76557159423828,-73.99288940429686,40.758167266845696,923.34,5139,5139,-1.0,-1.0,-1,-1,0.0
38225,-73.96952056884766,40.763984680175774,-73.99268341064453,40.72550964355469,1101.89,5139,5139,-1.0,-1.0,-1,-1,0.0
38226,-73.98937225341797,40.7422103881836,-74.00196838378906,40.72822952270508,400.24,5139,5139,-1.0,-1.0,-1,-1,0.0
38227,-73.99852752685547,40.745201110839844,-73.98483276367188,40.74879837036133,413.46,5139,5139,5192.07,5605.53,53.06999999999971,5.684341886080802e-14,1.0000000000000002
38228,-73.9824676513672,40.7511100769043,-74.00267028808594,40.74468994140625,519.22,5139,5139,-1.0,-1.0,-1,-1,0.0
38229,-73.96019744873048,40.766395568847656,-73.97126770019531,40.75792694091797,424.24,5140,5140,-1.0,-1.0,-1,-1,0.0
38230,-73.99887084960938,40.720130920410156,-73.99199676513672,40.74922180175781,902.63,5140,5140,5168.01,6100.64,28.01000000000022,30.000000000000114,1.033236209742641
38231,-73.9935989379883,40.73920822143555,-73.99241638183594,40.74940872192383,332.38,5140,5140,5191.76,5524.14,51.76000000000022,1.1368683772161603e-13,1.0000000000000004
38232,-73.96236419677734,40.773170471191406,-73.99080657958984,40.73991775512695,1000.77,5140,5140,5183.72,6238.31,43.720000000000255,53.820000000000164,1.0537785904853265
38233,-73.9944610595703,40.74628829956055,-73.99510955810547,40.7251091003418,639.21,5140,5140,5189.75,5865.05,49.75,36.090000000000146,1.056460318205285
38234,-73.97319030761719,40.74432373046875,-73.98996734619139,40.73850631713867,503.75,5140,5140,5162.11,5696.69,22.109999999999673,30.829999999999927,1.0612009925558312
38235,-74.00015258789062,40.72917938232422,-74.00250244140625,40.73342895507813,267.16,5140,5140,-1.0,-1.0,-1,-1,0.0
38236,-73.99510192871094,40.72526931762695,-73.99205780029298,40.714839935302734,510.12,5140,5140,5176.46,5686.58,36.460000000000036,-1.1368683772161603e-13,0.9999999999999998
38237,-74.0023193359375,40.75035095214844,-73.95265197753906,40.772071838378906,1231.4,5140,5140,5165.99,6397.39,25.98999999999978,4.547473508864641e-13,1.0000000000000004
38238,-74.00621795654298,40.74474334716797,-74.00197601318358,40.73505783081055,367.24,5140,5140,-1.0,-1.0,-1,-1,0.0
38239,-73.99776458740234,40.7564811706543,-74.00001525878906,40.750732421875,267.29,5140,5140,-1.0,-1.0,-1,-1,0.0
38240,-73.98928070068358,40.74724960327149,-73.98734283447266,40.738075256347656,346.66,5141,5141,-1.0,-1.0,-1,-1,0.0
38241,-73.96102905273438,40.76533126831055,-73.96897888183594,40.75452423095703,301.18,5141,5141,5182.48,5483.66,41.47999999999956,2.8421709430404007e-13,1.0000000000000009
38242,-73.9929962158203,40.742530822753906,-73.98262023925781,40.766563415527344,692.1,5141,5141,-1.0,-1.0,-1,-1,0.0
38243,-73.98269653320312,40.73123168945313,-73.98371124267578,40.72581100463867,183.13,5141,5141,5226.92,5410.05,85.92000000000007,1.1368683772161603e-13,1.0000000000000007
38244,-73.98275756835938,40.74777603149415,-74.002685546875,40.76062393188477,699.75,5141,5141,-1.0,-1.0,-1,-1,0.0
38245,-74.00552368164062,40.72575378417969,-73.98348236083984,40.72984313964844,619.29,5141,5141,5263.87,5883.16,122.86999999999989,0.0,1.0
38246,-73.97736358642578,40.77249145507813,-73.9476318359375,40.83556365966797,1033.09,5141,5141,-1.0,-1.0,-1,-1,0.0
38247,-73.97540283203125,40.75575637817383,-73.98956298828125,40.76626586914063,685.21,5142,5142,-1.0,-1.0,-1,-1,0.0
38248,-73.96673583984375,40.761531829833984,-73.93843078613281,40.79230117797852,623.59,5142,5142,5197.21,5827.73,55.210000000000036,6.929999999999495,1.0111130710883747
38249,-73.95935821533203,40.76324081420898,-73.94841766357422,40.77893829345703,243.33,5142,5142,-1.0,-1.0,-1,-1,0.0
38250,-73.9766082763672,40.75505828857422,-73.95916748046875,40.76258850097656,502.86,5143,5143,-1.0,-1.0,-1,-1,0.0
38251,-73.99024200439453,40.7321891784668,-74.00862884521484,40.71895980834961,725.69,5143,5143,5333.08,6058.7699999999995,190.07999999999993,-4.547473508864641e-13,0.9999999999999993
38252,-74.01591491699219,40.71482467651367,-74.00541687011719,40.72575378417969,358.54,5143,5143,5176.13,5534.67,33.13000000000011,-5.684341886080802e-14,0.9999999999999999
38253,-73.99020385742188,40.72930145263672,-73.9851303100586,40.756343841552734,941.84,5143,5143,5511.3,6453.139999999999,368.3000000000002,-7.958078640513122e-13,0.9999999999999991
38254,-73.97756195068358,40.736305236816406,-73.9822769165039,40.72781372070313,360.66,5143,5143,5200.24,5560.9,57.23999999999978,-1.7053025658242404e-13,0.9999999999999996
38255,-73.98296356201173,40.73078536987305,-73.95933532714845,40.7633056640625,555.89,5143,5143,5363.7,5919.59,220.69999999999982,3.410605131648481e-13,1.0000000000000007
38256,-73.97270965576173,40.78081893920898,-73.94561004638672,40.81769180297852,842.9,5143,5143,5188.0,6030.9,45.0,-3.410605131648481e-13,0.9999999999999996
38257,-73.98908233642578,40.75297164916992,-73.98135375976562,40.75856018066406,321.5,5144,5144,-1.0,-1.0,-1,-1,0.0
38258,-73.96808624267578,40.76264190673828,-73.94743347167969,40.77523040771485,559.46,5144,5144,-1.0,-1.0,-1,-1,0.0
38259,-74.00396728515625,40.70766830444336,-73.99189758300781,40.72591018676758,495.36,5144,5144,5610.05,6105.41,466.0500000000002,-3.410605131648481e-13,0.9999999999999993
38260,-73.9759292602539,40.75382995605469,-73.98268127441406,40.763031005859375,580.3,5144,5144,-1.0,-1.0,-1,-1,0.0
38261,-73.9893569946289,40.76801681518555,-73.95840454101562,40.81045913696289,737.61,5144,5144,5191.99,5929.6,47.98999999999978,5.684341886080801e-13,1.0000000000000007
38262,-73.97586059570312,40.76137924194336,-73.97328186035155,40.75126266479492,484.89,5144,5144,-1.0,-1.0,-1,-1,0.0
38263,-73.97789764404298,40.74892044067383,-73.9877395629883,40.74409103393555,307.21,5144,5144,-1.0,-1.0,-1,-1,0.0
38264,-73.98451232910156,40.745918273925774,-73.96256256103516,40.759220123291016,634.95,5144,5144,-1.0,-1.0,-1,-1,0.0
38265,-73.97019958496094,40.763343811035156,-73.96491241455078,40.77392578125,286.8,5144,5144,-1.0,-1.0,-1,-1,0.0
38266,-73.99356079101562,40.71919250488281,-73.98002624511719,40.72665786743164,423.48,5145,5145,5371.74,5795.22,226.73999999999978,4.547473508864641e-13,1.000000000000001
38267,-73.97380828857422,40.751819610595696,-73.95081329345702,40.77457046508789,585.32,5145,5145,-1.0,-1.0,-1,-1,0.0
38268,-73.98429870605469,40.75463485717773,-73.96897888183594,40.75518798828125,538.52,5145,5145,-1.0,-1.0,-1,-1,0.0
38269,-74.00690460205078,40.7398681640625,-73.99882507324219,40.75512313842773,378.99,5145,5145,-1.0,-1.0,-1,-1,0.0
38270,-73.97845458984375,40.745906829833984,-73.96559143066406,40.79196548461913,1197.79,5145,5145,-1.0,-1.0,-1,-1,0.0
38271,-74.00760650634766,40.74306869506836,-73.97622680664062,40.79498672485352,970.67,5145,5145,-1.0,-1.0,-1,-1,0.0
38272,-73.97383117675781,40.75465393066406,-73.9886245727539,40.74302291870117,475.05,5146,5146,5205.4,5680.45,59.399999999999636,1.7053025658242404e-13,1.0000000000000004
38273,-73.98843383789062,40.7374382019043,-73.99226379394531,40.725181579589844,372.51,5146,5146,-1.0,-1.0,-1,-1,0.0
38274,-74.00113677978516,40.74163818359375,-73.99027252197266,40.71398544311523,1068.73,5146,5146,-1.0,-1.0,-1,-1,0.0
38275,-73.95753479003906,40.76593399047852,-73.97064971923827,40.759090423583984,499.7,5146,5146,5189.71,5736.16,43.710000000000036,46.74999999999983,1.0935561336802078
38276,-73.97473907470702,40.79332733154297,-73.97359466552734,40.785404205322266,245.34,5146,5146,5170.79,5416.13,24.789999999999964,1.4210854715202004e-13,1.0000000000000007
38277,-73.96542358398438,40.76191329956055,-73.94660186767578,40.782413482666016,480.99,5146,5146,-1.0,-1.0,-1,-1,0.0
38278,-73.98684692382812,40.766361236572266,-73.99031066894531,40.75625991821289,417.61,5146,5146,5205.21,5622.82,59.210000000000036,-3.410605131648481e-13,0.9999999999999992
38279,-73.96021270751955,40.7578010559082,-73.96720886230467,40.76654815673828,475.44,5146,5146,-1.0,-1.0,-1,-1,0.0
38280,-73.9761734008789,40.748889923095696,-73.99946594238281,40.73853302001953,697.63,5146,5146,-1.0,-1.0,-1,-1,0.0
38281,-73.9713134765625,40.79551315307617,-73.96981811523438,40.78451919555664,290.79,5147,5147,5179.54,5517.08,32.539999999999964,46.74999999999994,1.160768939784724
38282,-74.01256561279298,40.70255661010742,-73.95942687988281,40.77186584472656,1148.84,5147,5147,5172.04,6320.88,25.039999999999964,2.2737367544323206e-13,1.0000000000000002
38283,-74.01477813720702,40.71482849121094,-73.99364471435547,40.730632781982415,687.2,5147,5147,5160.0,5847.2,13.0,-2.2737367544323206e-13,0.9999999999999997
38284,-73.96334075927734,40.75590896606445,-73.97442626953125,40.76152038574219,536.2,5147,5147,-1.0,-1.0,-1,-1,0.0
38285,-73.9752655029297,40.75568771362305,-73.96981048583984,40.76338195800781,266.11,5147,5147,5177.84,5443.95,30.840000000000146,-3.410605131648481e-13,0.9999999999999987
38286,-73.98906707763672,40.730751037597656,-73.98973083496094,40.74169921875,421.52,5147,5147,5248.0,5669.52,101.0,4.547473508864641e-13,1.000000000000001
38287,-74.00359344482422,40.70763397216797,-73.98602294921875,40.740100860595696,858.14,5148,5148,-1.0,-1.0,-1,-1,0.0
38288,-73.99408721923827,40.75117874145508,-73.98732757568358,40.74304962158203,580.53,5148,5148,-1.0,-1.0,-1,-1,0.0
38289,-73.96968078613281,40.757637023925774,-73.95736694335938,40.77724838256836,464.35,5148,5148,-1.0,-1.0,-1,-1,0.0
38290,-73.9780044555664,40.74485397338867,-74.00493621826173,40.740806579589844,738.88,5148,5148,-1.0,-1.0,-1,-1,0.0
38291,-74.0090560913086,40.70441055297852,-73.96463012695312,40.755683898925774,785.36,5148,5148,5214.5,6024.65,66.5,24.789999999999623,1.0315651421004375
38292,-73.95880126953125,40.77510452270508,-73.97403717041014,40.77891540527344,348.46,5149,5149,5208.5,5556.96,59.5,5.684341886080802e-14,1.0000000000000002
38293,-73.99345397949219,40.7573356628418,-73.97756195068358,40.74999237060547,594.42,5149,5149,5177.98,5772.4,28.979999999999563,1.1368683772161603e-13,1.0000000000000002
38294,-73.95363616943358,40.78205871582031,-73.95027923583984,40.79265975952149,314.38,5149,5149,5392.33,5706.71,243.32999999999993,1.1368683772161603e-13,1.0000000000000004
38295,-73.98674011230467,40.74013137817383,-73.98989868164062,40.720680236816406,608.47,5149,5149,-1.0,-1.0,-1,-1,0.0
38296,-73.98444366455078,40.7616081237793,-73.99895477294923,40.76411437988281,514.17,5150,5150,-1.0,-1.0,-1,-1,0.0
38297,-73.96826934814453,40.77072143554688,-73.95729064941406,40.78305435180664,337.05,5150,5150,5390.8,5727.849999999999,240.80000000000018,-7.389644451905042e-13,0.9999999999999978
38298,-73.95682525634766,40.76813888549805,-73.96627044677734,40.765003204345696,338.5,5150,5150,-1.0,-1.0,-1,-1,0.0
38299,-73.95672607421875,40.7716064453125,-74.00337982177734,40.72523880004883,1576.47,5150,5150,5196.38,6822.93,46.38000000000011,50.080000000000155,1.0317671760325284
38300,-73.97462463378906,40.7420310974121,-73.97969055175781,40.78091812133789,1157.48,5150,5150,5170.92,6375.92,20.920000000000073,47.51999999999998,1.0410547050488994
38301,-73.973876953125,40.76351165771485,-73.97348022460938,40.75358963012695,391.96,5150,5150,-1.0,-1.0,-1,-1,0.0
38302,-73.98939514160156,40.76803207397461,-73.95851135253906,40.81023025512695,724.86,5150,5150,5207.05,5993.18,57.05000000000018,61.270000000000095,1.0845266672184974
38303,-73.9735107421875,40.7580680847168,-73.95927429199219,40.783592224121094,628.44,5150,5150,-1.0,-1.0,-1,-1,0.0
38304,-73.98005676269531,40.76501846313477,-73.95230102539062,40.76646423339844,800.1,5151,5151,-1.0,-1.0,-1,-1,0.0
38305,-73.97084045410156,40.75994110107422,-73.95481109619139,40.7832145690918,538.53,5151,5151,-1.0,-1.0,-1,-1,0.0
38306,-73.98236083984375,40.76103973388672,-73.96630096435547,40.78977966308594,751.11,5151,5151,-1.0,-1.0,-1,-1,0.0
38307,-74.00428009033203,40.74779891967773,-73.98728942871094,40.76944351196289,414.16,5151,5151,5188.26,5602.42,37.26000000000022,-1.7053025658242404e-13,0.9999999999999996
38308,-73.98900604248048,40.74147033691406,-73.979248046875,40.78179931640625,1029.14,5151,5151,5206.26,6291.61,55.26000000000022,56.209999999999354,1.0546184192626846
38309,-74.00424194335938,40.7429313659668,-73.99075317382812,40.752159118652344,564.34,5151,5151,-1.0,-1.0,-1,-1,0.0
38310,-73.97978973388672,40.76034164428711,-74.0041732788086,40.742530822753906,805.51,5151,5151,-1.0,-1.0,-1,-1,0.0
38311,-73.98924255371094,40.75254821777344,-73.9557113647461,40.772743225097656,1077.97,5151,5151,-1.0,-1.0,-1,-1,0.0
38312,-73.99432373046875,40.74599075317383,-73.99669647216798,40.72563552856445,592.75,5152,5152,5194.48,5787.23,42.47999999999956,0.0,1.0
38313,-73.98374938964845,40.73809814453125,-73.95256805419923,40.79130935668945,1233.1,5152,5152,-1.0,-1.0,-1,-1,0.0
38314,-73.984619140625,40.73640060424805,-73.98712921142578,40.72951126098633,198.87,5152,5152,-1.0,-1.0,-1,-1,0.0
38315,-73.95931243896483,40.78031539916992,-73.9466781616211,40.772308349609375,451.32,5152,5152,5176.25,5627.57,24.25,-2.8421709430404007e-13,0.9999999999999993
38316,-74.00407409667969,40.72386932373047,-74.0086441040039,40.7233772277832,230.87,5152,5152,5190.58,5421.45,38.57999999999993,-1.1368683772161603e-13,0.9999999999999996
38317,-73.98164367675781,40.749420166015625,-73.95750427246094,40.77021026611328,761.73,5152,5152,-1.0,-1.0,-1,-1,0.0
38318,-74.00071716308595,40.71697998046875,-74.0035629272461,40.75096130371094,855.41,5152,5152,-1.0,-1.0,-1,-1,0.0
38319,-73.96864318847656,40.75483703613281,-73.98908233642578,40.741226196289055,616.54,5152,5152,-1.0,-1.0,-1,-1,0.0
38320,-73.98703765869139,40.74721908569336,-73.99053955078125,40.73672103881836,311.92,5152,5152,-1.0,-1.0,-1,-1,0.0
38321,-74.00653839111328,40.74460983276367,-73.99449920654298,40.75062942504883,295.22,5152,5152,5176.34,5471.56,24.340000000000146,2.2737367544323206e-13,1.0000000000000007
38322,-73.9742889404297,40.78487014770508,-73.97552490234375,40.793811798095696,325.1,5153,5153,-1.0,-1.0,-1,-1,0.0
38323,-73.95529174804686,40.776939392089844,-73.9757308959961,40.78801345825195,495.99,5153,5153,5205.67,5734.29,52.67000000000007,32.62999999999988,1.06578761668582
38324,-73.99324798583984,40.72978591918945,-73.99530029296875,40.749671936035156,674.07,5153,5153,5161.35,5926.45,8.350000000000364,91.0299999999994,1.135045321702493
38325,-73.98677825927734,40.73947143554688,-73.9887466430664,40.72720336914063,375.56,5153,5153,5175.48,5600.18,22.479999999999563,49.140000000000725,1.1308446053892873
38326,-73.97773742675781,40.74626159667969,-73.96769714355469,40.756248474121094,373.04,5154,5154,-1.0,-1.0,-1,-1,0.0
38327,-73.9570083618164,40.78033828735352,-73.97528076171875,40.787940979003906,343.9,5154,5154,5161.96,5505.86,7.960000000000036,-3.410605131648481e-13,0.999999999999999
38328,-73.99083709716798,40.737342834472656,-74.00444030761719,40.73070907592773,404.66,5154,5154,-1.0,-1.0,-1,-1,0.0
38329,-73.9892578125,40.739910125732415,-73.97059631347656,40.75252914428711,679.4,5154,5154,-1.0,-1.0,-1,-1,0.0
38330,-74.00092315673827,40.74191284179688,-73.98094177246094,40.7470932006836,578.03,5154,5154,5162.67,5791.54,8.670000000000073,50.83999999999992,1.0879539124266906
38331,-73.9727783203125,40.7961311340332,-73.9666519165039,40.80752182006836,301.0,5154,5154,5187.4,5502.49,33.399999999999636,14.090000000000146,1.0468106312292365
38332,-73.96696472167969,40.76756286621094,-73.98353576660156,40.78287124633789,686.24,5154,5154,5189.69,5901.4400000000005,35.6899999999996,25.5100000000009,1.0371735835859188
38333,-74.01223754882812,40.7072639465332,-73.99935913085938,40.7247314453125,706.23,5154,5154,5180.57,5912.79,26.56999999999971,25.990000000000236,1.0368010421534064
38334,-73.99346923828125,40.75214767456055,-73.96330261230467,40.76567077636719,936.2,5154,5154,5205.36,6141.56,51.35999999999967,6.821210263296962e-13,1.0000000000000007
38335,-73.9708251953125,40.76464080810547,-73.9585952758789,40.78128433227539,329.85,5154,5154,-1.0,-1.0,-1,-1,0.0
38336,-73.98310089111328,40.7561149597168,-73.96798706054686,40.79971694946289,1034.01,5155,5155,5212.51,6296.4,57.51000000000022,49.87999999999943,1.0482393787294122
38337,-73.98226928710938,40.745548248291016,-73.98439788818358,40.71125793457031,827.63,5155,5155,5189.0,6016.63,34.0,1.1368683772161603e-13,1.0000000000000002
38338,-73.97141265869139,40.75474548339844,-73.95604705810547,40.784004211425774,702.06,5155,5155,5187.42,5920.14,32.42000000000007,30.66000000000031,1.0436714810699945
38339,-73.99097442626955,40.749900817871094,-73.96791076660156,40.76174926757813,877.25,5155,5155,-1.0,-1.0,-1,-1,0.0
38340,-73.96934509277344,40.760757446289055,-73.98634338378906,40.76293182373047,632.38,5155,5155,-1.0,-1.0,-1,-1,0.0
38341,-73.97628021240234,40.74856948852539,-73.9670181274414,40.75696182250977,370.75,5155,5155,5183.38,5576.57,28.38000000000011,22.4399999999996,1.0605259608900865
38342,-73.97471618652342,40.79083633422852,-73.97955322265625,40.78157043457031,256.57,5156,5156,5202.84,5459.41,46.840000000000146,-2.8421709430404007e-13,0.9999999999999989
38343,-73.98162841796875,40.72853469848633,-73.95510101318358,40.77609634399415,932.81,5156,5156,5243.63,6176.44,87.63000000000011,-4.547473508864641e-13,0.9999999999999996
38344,-73.9921646118164,40.75405883789063,-74.00435638427734,40.75217819213867,340.45,5156,5156,-1.0,-1.0,-1,-1,0.0
38345,-73.98237609863281,40.77571105957031,-73.98193359375,40.766151428222656,260.69,5156,5156,5181.03,5441.72,25.029999999999745,5.115907697472721e-13,1.000000000000002
38346,-74.00588989257811,40.706298828125,-73.9815902709961,40.73261260986328,577.95,5156,5156,5627.79,6205.74,471.78999999999996,-2.2737367544323206e-13,0.9999999999999996
38347,-74.01496124267578,40.70973205566406,-74.0041732788086,40.7375373840332,566.63,5156,5156,5192.83,5759.46,36.82999999999993,1.1368683772161603e-13,1.0000000000000002
38348,-73.9776382446289,40.75134658813477,-73.99751281738281,40.7537498474121,636.25,5156,5156,-1.0,-1.0,-1,-1,0.0
38349,-73.98733520507811,40.758567810058594,-73.98917388916014,40.74302291870117,586.35,5157,5157,5277.38,5863.73,120.38000000000011,-5.684341886080801e-13,0.999999999999999
38350,-73.99944305419923,40.75448989868164,-73.97303771972656,40.75887680053711,841.43,5157,5157,-1.0,-1.0,-1,-1,0.0
38351,-73.99178314208984,40.74902725219727,-73.99568939208984,40.72505569458008,681.08,5157,5157,5189.04,5928.12,32.039999999999964,57.999999999999886,1.085158865331532
38352,-73.9750747680664,40.76082229614258,-74.0086669921875,40.71630859375,1159.54,5157,5157,-1.0,-1.0,-1,-1,0.0
38353,-73.98818969726562,40.72350311279297,-73.97928619384766,40.73724365234375,258.29,5157,5157,5163.03,5421.32,6.029999999999745,-5.684341886080802e-14,0.9999999999999998
38354,-73.9740982055664,40.75333023071289,-73.97856903076173,40.77251052856445,719.97,5157,5157,-1.0,-1.0,-1,-1,0.0
38355,-73.99181365966798,40.73445510864258,-74.00709533691406,40.7346076965332,439.08,5158,5158,-1.0,-1.0,-1,-1,0.0
38356,-73.98058319091797,40.75391387939453,-73.98488616943358,40.77643203735352,723.55,5158,5158,-1.0,-1.0,-1,-1,0.0
38357,-73.9698715209961,40.76302337646485,-73.9768295288086,40.75491714477539,322.13,5158,5158,-1.0,-1.0,-1,-1,0.0
38358,-73.97429656982422,40.753379821777344,-74.00132751464844,40.73377227783203,778.0,5158,5158,5214.33,6008.32,56.32999999999993,15.989999999999782,1.0205526992287914
38359,-73.99357604980467,40.75209426879883,-73.99079895019531,40.760269165039055,322.1,5158,5158,-1.0,-1.0,-1,-1,0.0
38360,-73.9970474243164,40.72237014770508,-73.98474884033203,40.71075820922852,702.55,5158,5158,5326.21,6028.76,168.21000000000004,2.2737367544323206e-13,1.0000000000000002
38361,-73.9669418334961,40.77277755737305,-73.96027374267578,40.76963806152344,207.38,5158,5158,5179.58,5448.88,21.579999999999927,61.920000000000186,1.2985823126627456
38362,-73.98201751708984,40.77899169921875,-73.978515625,40.78793716430664,265.79,5158,5158,5216.06,5481.85,58.0600000000004,-5.684341886080802e-14,0.9999999999999998
38363,-74.01579284667969,40.70500564575195,-74.00222778320312,40.72475814819336,599.99,5158,5158,5213.5199999999995,5813.51,55.51999999999953,6.821210263296962e-13,1.000000000000001
38364,-73.98121643066406,40.75915908813477,-73.97787475585938,40.75410461425781,312.2,5159,5159,-1.0,-1.0,-1,-1,0.0
38365,-73.95602416992188,40.77961730957031,-73.97319793701173,40.78503036499024,354.41,5159,5159,5207.61,5601.48,48.60999999999967,39.459999999999866,1.111339973477046
38366,-73.98204803466798,40.75736999511719,-73.97505950927734,40.75246810913085,358.84,5159,5159,-1.0,-1.0,-1,-1,0.0
38367,-73.97141265869139,40.76315689086913,-73.96578979492188,40.79004669189453,622.53,5159,5159,-1.0,-1.0,-1,-1,0.0
38368,-73.97955322265625,40.73535919189453,-73.9778594970703,40.74573135375977,281.0,5159,5159,5205.01,5486.01,46.01000000000022,0.0,1.0
38369,-73.98455047607422,40.73300552368164,-73.99024963378906,40.72335433959961,274.65,5159,5159,5181.37,5456.02,22.36999999999989,5.684341886080801e-13,1.000000000000002
38370,-73.947265625,40.7841911315918,-73.95391082763672,40.77043914794922,337.37,5160,5160,5328.41,5665.78,168.40999999999985,-1.1368683772161603e-13,0.9999999999999997
38371,-73.98577880859375,40.73672866821289,-73.96046447753906,40.77577590942383,1000.88,5160,5160,-1.0,-1.0,-1,-1,0.0
38372,-73.97525787353516,40.76432800292969,-73.9672317504883,40.76664352416992,246.59,5160,5160,-1.0,-1.0,-1,-1,0.0
38373,-73.98536682128906,40.73601150512695,-73.98656463623048,40.7265853881836,278.9,5160,5160,-1.0,-1.0,-1,-1,0.0
38374,-73.96855926513672,40.76186752319336,-73.98006439208984,40.74501037597656,419.05,5160,5160,5209.86,5628.91,49.85999999999967,1.7053025658242404e-13,1.0000000000000004
38375,-73.98703765869139,40.75065994262695,-73.97467803955078,40.76485061645508,497.6,5160,5160,-1.0,-1.0,-1,-1,0.0
38376,-73.99051666259766,40.74026489257813,-74.00090026855469,40.7204475402832,566.47,5160,5160,5213.63,5780.1,53.63000000000011,2.2737367544323206e-13,1.0000000000000004
38377,-73.9812774658203,40.78070831298828,-73.94258117675781,40.84619522094727,851.45,5160,5160,5212.08,6121.99,52.07999999999993,58.45999999999981,1.0686593458218332
38378,-73.96177673339844,40.76408004760742,-73.97383880615234,40.764408111572266,456.96,5160,5160,-1.0,-1.0,-1,-1,0.0
38379,-73.98686981201173,40.743816375732415,-73.99036407470702,40.731353759765625,370.46,5161,5161,5214.97,5598.55,53.970000000000255,13.119999999999948,1.0354154294660691
38380,-73.99361419677734,40.72113037109375,-73.99709320068358,40.71459197998047,219.76,5161,5161,5213.65,5433.41,52.649999999999636,2.2737367544323206e-13,1.000000000000001
38381,-73.96151733398438,40.76855850219727,-73.9522705078125,40.77775573730469,248.98,5161,5161,-1.0,-1.0,-1,-1,0.0
38382,-73.97609710693358,40.78395080566406,-73.9637222290039,40.776100158691406,304.92,5161,5161,5276.29,5581.21,115.28999999999996,5.684341886080802e-14,1.0000000000000002
38383,-73.97550964355469,40.754749298095696,-73.96116638183594,40.75767135620117,438.29,5161,5161,-1.0,-1.0,-1,-1,0.0
38384,-73.97262573242188,40.75882339477539,-74.00102996826173,40.73722839355469,879.14,5162,5162,-1.0,-1.0,-1,-1,0.0
38385,-73.99007415771484,40.75735473632813,-74.00254821777344,40.760597229003906,354.91,5162,5162,5194.24,5549.15,32.23999999999978,-1.7053025658242404e-13,0.9999999999999996
38386,-73.9935073852539,40.75404357910156,-73.98081970214844,40.75051879882813,355.59,5162,5162,-1.0,-1.0,-1,-1,0.0
38387,-73.9949722290039,40.72468566894531,-74.01172637939453,40.707679748535156,651.19,5162,5162,5259.83,5911.02,97.82999999999993,4.547473508864641e-13,1.0000000000000007
38388,-73.96749877929686,40.80297088623047,-73.97147369384766,40.782814025878906,480.49,5162,5162,5388.42,5868.91,226.42000000000007,-2.2737367544323206e-13,0.9999999999999996
38389,-73.98856353759766,40.73724365234375,-73.9713134765625,40.74946975708008,531.25,5163,5163,5213.87,5745.12,50.86999999999989,0.0,1.0
38390,-74.00253295898438,40.739559173583984,-73.95735931396483,40.78290939331055,1361.64,5163,5163,-1.0,-1.0,-1,-1,0.0
38391,-73.9944076538086,40.73523330688477,-73.98479461669923,40.71900939941406,772.78,5163,5163,5207.62,5980.4,44.61999999999989,-2.2737367544323206e-13,0.9999999999999997
38392,-73.96304321289062,40.797527313232415,-73.95396423339844,40.80133056640625,220.0,5163,5163,5416.41,5636.41,253.40999999999985,0.0,1.0
38393,-73.98096466064453,40.75921630859375,-74.00247192382812,40.7607650756836,651.05,5163,5163,-1.0,-1.0,-1,-1,0.0
38394,-73.97766876220702,40.74251174926758,-73.98863220214844,40.738731384277344,276.37,5163,5163,5240.91,5517.28,77.90999999999985,-1.1368683772161603e-13,0.9999999999999996
38395,-73.9601821899414,40.77050018310547,-73.96607208251955,40.76500701904297,214.21,5163,5163,-1.0,-1.0,-1,-1,0.0
38396,-73.97398376464845,40.756660461425774,-73.9593734741211,40.80162811279297,1109.25,5163,5163,5222.59,6390.09,59.590000000000146,58.25,1.052512959206671
38397,-73.97592163085938,40.74477005004883,-73.98912811279298,40.7369384765625,332.87,5163,5163,5255.92,5588.79,92.92000000000007,-1.1368683772161603e-13,0.9999999999999997
38398,-73.9965286254883,40.737701416015625,-73.98996734619139,40.7496337890625,415.24,5163,5163,-1.0,-1.0,-1,-1,0.0
38399,-73.98249053955078,40.74592208862305,-74.00115966796875,40.73666763305664,535.09,5164,5164,5272.79,5807.88,108.78999999999996,1.1368683772161603e-13,1.0000000000000002
38400,-73.98977661132812,40.733848571777344,-74.00157928466798,40.74831008911133,666.16,5164,5164,-1.0,-1.0,-1,-1,0.0
38401,-73.97547912597656,40.78212356567383,-73.96910095214845,40.7934799194336,253.99,5164,5164,-1.0,-1.0,-1,-1,0.0
38402,-73.97962951660156,40.74644088745117,-73.96084594726562,40.769287109375,624.69,5164,5164,-1.0,-1.0,-1,-1,0.0
38403,-73.99620056152342,40.73807907104492,-73.97019958496094,40.75251007080078,820.43,5164,5164,-1.0,-1.0,-1,-1,0.0
38404,-73.98167419433594,40.76665115356445,-73.95938110351562,40.77179336547852,689.92,5164,5164,-1.0,-1.0,-1,-1,0.0
38405,-73.9718017578125,40.760169982910156,-74.00836944580078,40.70684814453125,1300.79,5164,5164,-1.0,-1.0,-1,-1,0.0
38406,-73.98193359375,40.76845932006836,-73.96099853515625,40.77596664428711,616.73,5164,5164,-1.0,-1.0,-1,-1,0.0
38407,-73.96926116943358,40.79039764404297,-73.95956420898438,40.80900573730469,363.64,5165,5165,5275.5,5639.14,110.5,3.410605131648481e-13,1.0000000000000009
38408,-73.98330688476562,40.76783752441406,-73.99244689941406,40.735618591308594,988.79,5165,5165,5204.08,6220.08,39.07999999999993,27.210000000000036,1.0275184821852972
38409,-73.9600067138672,40.77641677856445,-73.96292877197266,40.7657356262207,376.65,5165,5165,5272.5,5649.15,107.5,-3.410605131648481e-13,0.9999999999999991
38410,-73.9781494140625,40.786468505859375,-74.00270080566406,40.76063919067383,645.33,5165,5165,5204.17,5849.5,39.17000000000007,-1.1368683772161603e-13,0.9999999999999998
38411,-74.00579833984375,40.74005126953125,-73.99046325683594,40.740718841552734,491.66,5165,5165,-1.0,-1.0,-1,-1,0.0
38412,-73.97734069824219,40.7498893737793,-74.00743865966798,40.74195861816406,829.09,5166,5166,5264.29,6093.38,98.28999999999996,1.1368683772161603e-13,1.0000000000000002
38413,-73.97506713867188,40.78750991821289,-73.95276641845702,40.78837966918945,476.66,5166,5166,5196.39,5673.05,30.390000000000327,-1.7053025658242404e-13,0.9999999999999997
38414,-73.98680114746094,40.76192092895508,-74.00160217285155,40.73564529418945,770.39,5166,5166,-1.0,-1.0,-1,-1,0.0
38415,-73.97789764404298,40.75467300415039,-73.96275329589844,40.76741027832031,509.47,5166,5166,-1.0,-1.0,-1,-1,0.0
38416,-74.00972747802734,40.71055603027344,-73.98602294921875,40.73486328125,859.28,5166,5166,-1.0,-1.0,-1,-1,0.0
38417,-73.98464965820312,40.774261474609375,-73.97750091552734,40.78420639038085,207.69,5166,5166,5300.3,5507.99,134.30000000000018,-3.979039320256561e-13,0.9999999999999981
38418,-73.98284149169923,40.7625732421875,-73.99284362792969,40.748207092285156,506.23,5166,5166,5309.0,5815.2300000000005,143.0,4.547473508864641e-13,1.0000000000000009
38419,-73.94141387939453,40.79206466674805,-73.98614501953125,40.722251892089844,1337.34,5166,5166,5303.34,6640.68,137.34000000000015,2.2737367544323206e-13,1.0000000000000002
38420,-73.99864959716798,40.76066970825195,-74.00140380859375,40.73588943481445,621.94,5166,5166,5294.21,5916.150000000001,128.21000000000004,4.547473508864641e-13,1.0000000000000007
38421,-73.97509002685547,40.75852966308594,-73.95709228515625,40.78010177612305,535.39,5167,5167,-1.0,-1.0,-1,-1,0.0
38422,-73.98445129394531,40.74282836914063,-73.9725341796875,40.7463264465332,367.28,5167,5167,-1.0,-1.0,-1,-1,0.0
38423,-73.982421875,40.7684326171875,-73.9771957397461,40.75909805297852,434.36,5167,5167,-1.0,-1.0,-1,-1,0.0
38424,-73.97361755371094,40.74374771118164,-73.97833251953125,40.724571228027344,354.46,5167,5167,5437.76,5792.22,270.7600000000002,5.684341886080802e-14,1.0000000000000002
38425,-73.97664642333984,40.78078079223633,-73.9412384033203,40.81180191040039,979.48,5167,5167,-1.0,-1.0,-1,-1,0.0
38426,-73.99901580810547,40.7200927734375,-73.9736099243164,40.764366149902344,1362.43,5168,5168,5442.52,6804.95,274.52000000000044,-6.821210263296962e-13,0.9999999999999994
38427,-73.98493957519531,40.76067352294922,-73.97931671142578,40.78196716308594,566.86,5168,5168,-1.0,-1.0,-1,-1,0.0
38428,-73.9912109375,40.72773742675781,-74.00174713134766,40.7483787536621,827.81,5168,5168,5435.29,6263.099999999999,267.28999999999996,-4.547473508864641e-13,0.9999999999999994
38429,-74.00723266601562,40.71186828613281,-73.95633697509766,40.76875305175781,1292.55,5168,5168,-1.0,-1.0,-1,-1,0.0
38430,-73.97096252441406,40.7577018737793,-74.00630950927734,40.71126174926758,1306.68,5168,5168,-1.0,-1.0,-1,-1,0.0
38431,-73.95916748046875,40.82011032104492,-73.94548797607422,40.811878204345696,439.92,5168,5168,5717.62,6157.54,549.6199999999999,5.684341886080802e-14,1.0000000000000002
38432,-74.006591796875,40.74414443969727,-73.98222351074219,40.74017333984375,606.58,5168,5168,-1.0,-1.0,-1,-1,0.0
38433,-73.98332977294923,40.73006820678711,-73.97852325439453,40.74526977539063,366.3,5168,5168,5191.77,5558.07,23.770000000000437,-7.389644451905042e-13,0.999999999999998
38434,-73.98213195800781,40.77122116088867,-73.96717834472656,40.7635612487793,556.99,5169,5169,-1.0,-1.0,-1,-1,0.0
38435,-73.9993438720703,40.726558685302734,-74.008056640625,40.717098236083984,355.43,5169,5169,5219.16,5574.59,50.159999999999854,2.8421709430404007e-13,1.0000000000000009
38436,-73.97077941894531,40.76163864135742,-73.97055053710938,40.75257110595703,340.22,5169,5169,5195.32,5600.16,26.31999999999971,64.62000000000012,1.189935923814003
38437,-73.97863006591797,40.75642776489258,-73.98999786376955,40.75627136230469,363.13,5169,5169,-1.0,-1.0,-1,-1,0.0
38438,-73.96556091308594,40.76256942749024,-73.95304870605469,40.7677116394043,344.29,5169,5169,-1.0,-1.0,-1,-1,0.0
38439,-73.99141693115234,40.75022888183594,-73.96041107177734,40.81623840332031,1161.5,5169,5169,5225.7,6442.9,56.69999999999982,55.69999999999982,1.0479552303056392
38440,-73.9893798828125,40.735836029052734,-73.9949493408203,40.74996948242188,579.81,5169,5169,-1.0,-1.0,-1,-1,0.0
38441,-73.99660491943358,40.76266098022461,-74.00704956054686,40.74391174316406,389.95,5169,5169,-1.0,-1.0,-1,-1,0.0
38442,-73.96822357177734,40.79973602294922,-73.981201171875,40.77676010131836,538.97,5169,5169,5199.8,5738.77,30.800000000000182,2.2737367544323206e-13,1.0000000000000004
38443,-73.97724151611328,40.76628112792969,-73.98741149902342,40.72914505004883,1100.62,5169,5169,-1.0,-1.0,-1,-1,0.0
38444,-73.96846008300781,40.762168884277344,-73.97525787353516,40.75328826904297,253.01,5170,5170,5191.24,5444.25,21.23999999999978,2.2737367544323206e-13,1.0000000000000009
38445,-73.9766845703125,40.75349044799805,-73.95362091064453,40.775123596191406,774.24,5170,5170,-1.0,-1.0,-1,-1,0.0
38446,-73.97159576416014,40.7872314453125,-73.96849822998048,40.80073928833008,274.3,5170,5170,-1.0,-1.0,-1,-1,0.0
38447,-73.9671630859375,40.76121139526367,-73.974365234375,40.78741836547852,755.77,5170,5170,-1.0,-1.0,-1,-1,0.0
38448,-73.9543228149414,40.76416015625,-73.95304107666014,40.779460906982415,436.2,5170,5170,5308.16,5744.36,138.15999999999985,-1.7053025658242404e-13,0.9999999999999996
38449,-73.94986724853516,40.77202987670898,-73.95689392089844,40.76566696166992,258.15,5170,5170,5262.17,5520.32,92.17000000000007,-3.410605131648481e-13,0.9999999999999987
38450,-73.98579406738281,40.74327850341797,-73.97908020019531,40.77221298217773,883.66,5170,5170,-1.0,-1.0,-1,-1,0.0
38451,-73.9703369140625,40.78390884399415,-73.95744323730467,40.7786865234375,279.96,5170,5170,5206.8099999999995,5486.77,36.80999999999949,9.663381206337363e-13,1.0000000000000036
38452,-73.97770690917969,40.757301330566406,-73.99121856689453,40.73743057250977,490.21,5171,5171,-1.0,-1.0,-1,-1,0.0
38453,-73.96943664550781,40.79056167602539,-73.93195343017578,40.795204162597656,899.69,5171,5171,5220.33,6120.0199999999995,49.32999999999993,-4.547473508864641e-13,0.9999999999999994
38454,-73.97575378417969,40.74898910522461,-73.94988250732422,40.77608108520508,650.3,5171,5171,5254.87,5905.17,83.86999999999989,2.2737367544323206e-13,1.0000000000000004
38455,-73.98475646972656,40.74801254272461,-73.99624633789062,40.75865173339844,605.73,5171,5171,-1.0,-1.0,-1,-1,0.0
38456,-73.98222351074219,40.7458381652832,-73.94429016113281,40.819580078125,1631.76,5171,5171,5229.53,6878.22,58.529999999999745,16.93000000000052,1.0103753002892586
38457,-73.98930358886719,40.74723815917969,-73.98291015625,40.722862243652344,881.26,5171,5171,5227.25,6108.51,56.25,2.2737367544323206e-13,1.0000000000000002
38458,-73.96646118164062,40.76179885864258,-73.99974822998048,40.727142333984375,1113.42,5171,5171,-1.0,-1.0,-1,-1,0.0
38459,-73.98143768310547,40.78019714355469,-73.98018646240234,40.76541519165039,470.88,5171,5171,5294.61,5765.49,123.60999999999967,1.1368683772161603e-13,1.0000000000000002
38460,-74.0152816772461,40.71555709838867,-74.00580596923827,40.74123001098633,537.69,5171,5171,-1.0,-1.0,-1,-1,0.0
38461,-74.00902557373048,40.70414733886719,-74.00337219238281,40.73297500610352,860.86,5171,5171,5195.15,6085.01,24.149999999999636,29.00000000000057,1.0336872429895692
38462,-73.9848098754883,40.732608795166016,-73.98758697509766,40.72178649902344,398.61,5171,5171,5193.7,5592.31,22.699999999999818,5.684341886080801e-13,1.0000000000000013
38463,-73.99162292480467,40.74258041381836,-73.97959899902342,40.75275802612305,447.48,5172,5172,-1.0,-1.0,-1,-1,0.0
38464,-73.9876937866211,40.74401092529297,-73.9917984008789,40.74908065795898,285.04,5172,5172,-1.0,-1.0,-1,-1,0.0
38465,-73.98973846435547,40.73849868774415,-74.0064926147461,40.73577880859375,463.25,5172,5172,-1.0,-1.0,-1,-1,0.0
38466,-73.96543884277344,40.7582893371582,-73.96867370605469,40.76462936401367,375.92,5172,5172,5196.65,5624.82,24.649999999999636,52.25000000000006,1.1389923387954886
38467,-73.95549011230467,40.78788375854492,-73.979248046875,40.76263427734375,810.33,5172,5172,5235.33,6045.66,63.32999999999993,-1.1368683772161603e-13,0.9999999999999999
38468,-73.9945297241211,40.72987365722656,-73.98886108398438,40.74858474731445,553.94,5172,5172,-1.0,-1.0,-1,-1,0.0
38469,-73.99515533447266,40.73757934570313,-74.0076675415039,40.75166320800781,516.53,5172,5172,5221.25,5737.78,49.25,-2.2737367544323206e-13,0.9999999999999996
38470,-73.97164154052734,40.76290893554688,-73.95321655273438,40.77682876586913,533.33,5172,5172,5209.78,5782.7699999999995,37.779999999999745,39.65999999999974,1.0743629647685293
38471,-73.99951934814453,40.76171875,-73.9813461303711,40.76386260986328,552.49,5173,5173,-1.0,-1.0,-1,-1,0.0
38472,-73.98314666748048,40.76806640625,-74.00047302246094,40.730125427246094,1135.18,5173,5173,-1.0,-1.0,-1,-1,0.0
38473,-73.99384307861328,40.74034118652344,-74.00432586669923,40.74232864379883,264.79,5173,5173,-1.0,-1.0,-1,-1,0.0
38474,-73.99061584472656,40.750633239746094,-73.98560333251955,40.73259353637695,637.55,5173,5173,5202.13,5895.93,29.13000000000011,56.25000000000023,1.0882283742451575
38475,-73.99852752685547,40.7452392578125,-73.99193572998048,40.764347076416016,461.5,5173,5173,-1.0,-1.0,-1,-1,0.0
38476,-73.97284698486328,40.7578125,-73.97376251220702,40.78272247314453,701.61,5173,5173,-1.0,-1.0,-1,-1,0.0
38477,-73.98307037353516,40.763031005859375,-73.95201110839844,40.77294921875,945.81,5173,5173,5212.31,6214.0,39.3100000000004,55.879999999999654,1.059081633731933
38478,-73.97615814208984,40.74432373046875,-74.00604248046875,40.74378204345703,824.49,5174,5174,5221.45,6085.52,47.44999999999982,39.58000000000061,1.0480054336620221
38479,-73.98887634277344,40.75787353515625,-73.98497772216798,40.74734878540039,495.56,5174,5174,5216.09,5760.16,42.090000000000146,48.50999999999971,1.097889256598595
38480,-73.98615264892578,40.74026107788085,-73.97049713134766,40.7623405456543,673.23,5174,5174,5211.07,5954.03,37.06999999999971,69.73000000000002,1.103575301160079
38481,-74.00007629394531,40.76156997680664,-73.9990692138672,40.72319030761719,1054.12,5174,5174,5226.52,6280.639999999999,52.52000000000044,-9.094947017729282e-13,0.9999999999999991
38482,-73.98966217041014,40.76266098022461,-74.0057373046875,40.73748016357422,649.06,5174,5174,-1.0,-1.0,-1,-1,0.0
38483,-73.95892333984375,40.77795791625977,-73.97530364990234,40.752605438232415,729.67,5174,5174,5223.59,5999.17,49.590000000000146,45.90999999999997,1.0629188537283978
38484,-73.99671173095702,40.74272537231445,-74.0073013305664,40.73563003540039,283.92,5174,5174,-1.0,-1.0,-1,-1,0.0
38485,-73.97492218017578,40.75029373168945,-73.9726333618164,40.78236770629883,882.28,5174,5174,5214.5599999999995,6096.84,40.55999999999949,6.821210263296962e-13,1.0000000000000007
38486,-73.9656982421875,40.7629508972168,-73.95631408691406,40.773963928222656,215.11,5175,5175,5223.87,5438.98,48.86999999999989,-3.410605131648481e-13,0.9999999999999984
38487,-73.98303985595702,40.73495864868164,-73.95574188232422,40.77280044555664,781.86,5175,5175,5201.82,6071.06,26.81999999999971,87.38000000000068,1.1117591384646877
38488,-73.9835205078125,40.7474021911621,-73.97046661376955,40.765052795410156,454.1,5175,5175,-1.0,-1.0,-1,-1,0.0
38489,-73.97537994384766,40.75823593139648,-74.00218200683594,40.733009338378906,877.05,5175,5175,-1.0,-1.0,-1,-1,0.0
38490,-74.00166320800781,40.738624572753906,-74.00212860107422,40.74684143066406,258.16,5175,5175,-1.0,-1.0,-1,-1,0.0
38491,-73.98757934570312,40.7613525390625,-73.99324798583984,40.75676345825195,285.62,5175,5175,-1.0,-1.0,-1,-1,0.0
38492,-74.01194763183594,40.70786666870117,-73.95906829833984,40.76780319213867,1164.38,5176,5176,-1.0,-1.0,-1,-1,0.0
38493,-73.99205780029298,40.77056121826172,-73.9797592163086,40.7522087097168,825.7,5176,5176,5190.0,6015.7,14.0,-2.2737367544323206e-13,0.9999999999999998
38494,-73.96614837646483,40.767051696777344,-73.97215270996094,40.76467895507813,246.89,5176,5176,-1.0,-1.0,-1,-1,0.0
38495,-73.99085998535155,40.73978805541992,-73.97770690917969,40.71334838867188,733.4,5176,5176,-1.0,-1.0,-1,-1,0.0
38496,-73.96398162841797,40.76797103881836,-73.96705627441406,40.7564811706543,393.8,5176,5176,5190.0,5583.8,14.0,1.7053025658242404e-13,1.0000000000000004
38497,-73.98670959472656,40.761268615722656,-73.98648071289062,40.77179336547852,295.38,5176,5176,-1.0,-1.0,-1,-1,0.0
38498,-73.99041748046875,40.75565719604492,-74.0153045654297,40.71593475341797,1000.45,5176,5176,5194.74,6195.19,18.73999999999978,-2.2737367544323206e-13,0.9999999999999998
38499,-74.01129150390625,40.703025817871094,-73.97966766357422,40.7437858581543,786.93,5176,5176,5641.08,6428.01,465.0799999999999,3.410605131648481e-13,1.0000000000000004
38500,-73.99944305419923,40.74353790283203,-73.98851013183594,40.7589111328125,434.48,5176,5176,-1.0,-1.0,-1,-1,0.0
38501,-74.00859832763672,40.74518585205078,-73.99321746826173,40.73772811889648,452.54,5176,5176,5264.21,5716.75,88.21000000000004,-5.684341886080802e-14,0.9999999999999999
38502,-73.9808349609375,40.78173828125,-73.97184753417969,40.79192352294922,231.41,5176,5176,5481.07,5712.4800000000005,305.0699999999997,7.673861546209082e-13,1.0000000000000033
38503,-73.9515380859375,40.77006912231445,-74.0009536743164,40.74016189575195,1243.34,5177,5177,5221.08,6464.42,44.07999999999993,2.2737367544323206e-13,1.0000000000000002
38504,-73.95889282226562,40.77189636230469,-73.95834350585938,40.77969741821289,224.45,5177,5177,5262.75,5487.2,85.75,-1.7053025658242404e-13,0.9999999999999992
38505,-73.96382141113281,40.75704956054688,-73.9729766845703,40.74369812011719,441.6,5177,5177,-1.0,-1.0,-1,-1,0.0
38506,-74.01180267333984,40.71345901489258,-73.98880004882812,40.76504898071289,973.1,5177,5177,5249.46,6222.56,72.46000000000004,3.410605131648481e-13,1.0000000000000004
38507,-73.96977233886719,40.75700378417969,-73.98014068603516,40.756004333496094,453.23,5177,5177,-1.0,-1.0,-1,-1,0.0
38508,-74.0055160522461,40.725833892822266,-73.99492645263672,40.74931335449219,571.7,5177,5177,5220.77,5792.47,43.77000000000044,-2.2737367544323206e-13,0.9999999999999996
38509,-73.97293853759766,40.74451446533203,-73.94879150390625,40.7808723449707,630.34,5177,5177,5207.27,5837.61,30.270000000000437,-7.958078640513122e-13,0.9999999999999988
38510,-73.97199249267578,40.7625732421875,-74.00244140625,40.76074981689453,942.81,5177,5177,5205.51,6229.53,28.51000000000022,81.20999999999958,1.0861361249880672
38511,-73.98038482666014,40.74846649169922,-74.00183868408203,40.74065780639648,591.16,5177,5177,-1.0,-1.0,-1,-1,0.0
38512,-73.98003387451173,40.76066207885742,-73.97493743896483,40.777503967285156,488.0,5178,5178,5214.71,5777.12,36.710000000000036,74.40999999999985,1.152479508196721
38513,-73.96277618408203,40.75862121582031,-73.98448944091797,40.73625183105469,674.63,5178,5178,-1.0,-1.0,-1,-1,0.0
38514,-73.9705581665039,40.796485900878906,-73.9563217163086,40.77531051635742,711.24,5178,5178,5205.62,5916.860000000001,27.61999999999989,6.821210263296962e-13,1.0000000000000009
38515,-74.00309753417969,40.734241485595696,-73.95037841796875,40.78670120239258,1591.3,5178,5178,-1.0,-1.0,-1,-1,0.0
38516,-73.98817443847656,40.74885559082031,-73.96395874023438,40.79811477661133,1178.01,5178,5178,-1.0,-1.0,-1,-1,0.0
38517,-73.94725036621094,40.78367233276367,-73.96457672119139,40.77284622192383,514.75,5178,5178,5372.21,5886.96,194.21000000000004,0.0,1.0
38518,-73.99268341064453,40.73469543457031,-73.95648193359375,40.77543640136719,1154.57,5178,5178,-1.0,-1.0,-1,-1,0.0
38519,-73.9705810546875,40.796741485595696,-73.97710418701173,40.78773498535156,190.59,5178,5178,5311.57,5502.16,133.5699999999997,1.4210854715202004e-13,1.0000000000000007
38520,-73.97315216064453,40.75207901000977,-73.96167755126955,40.77711486816406,651.21,5178,5178,-1.0,-1.0,-1,-1,0.0
38521,-73.97138977050781,40.75756072998047,-74.00038146972656,40.74758911132813,868.26,5179,5179,-1.0,-1.0,-1,-1,0.0
38522,-73.94357299804686,40.81570816040039,-73.9542465209961,40.805702209472656,320.52,5179,5179,5516.8,5837.32,337.8000000000002,-4.547473508864641e-13,0.9999999999999986
38523,-73.9837875366211,40.74394226074219,-73.97760772705078,40.75058364868164,209.83,5179,5179,5206.33,5416.16,27.329999999999927,-8.526512829121202e-14,0.9999999999999996
38524,-74.00780487060547,40.71499252319336,-74.00509643554686,40.7441520690918,562.23,5179,5179,5232.39,5821.12,53.39000000000033,26.499999999999545,1.0471337353040562
38525,-73.98391723632812,40.75915145874024,-73.98483276367188,40.74811172485352,430.01,5179,5179,5214.82,5680.19,35.81999999999971,35.3599999999999,1.0822306457989346
38526,-73.98077392578125,40.745155334472656,-73.99319458007811,40.72993087768555,408.63,5180,5180,-1.0,-1.0,-1,-1,0.0
38527,-73.98909759521484,40.75312805175781,-73.98123931884766,40.73817825317383,591.84,5180,5180,-1.0,-1.0,-1,-1,0.0
38528,-74.00738525390625,40.73361587524415,-74.00011444091797,40.738372802734375,234.13,5180,5180,5339.5,5573.63,159.5,1.1368683772161603e-13,1.0000000000000004
38529,-73.97922515869139,40.75613784790039,-73.99079895019531,40.75100326538085,364.5,5180,5180,-1.0,-1.0,-1,-1,0.0
38530,-73.97266387939453,40.75883483886719,-73.96227264404298,40.76388931274415,387.91,5180,5180,-1.0,-1.0,-1,-1,0.0
38531,-73.99166107177734,40.73843765258789,-73.96952056884766,40.76098251342773,833.64,5180,5180,-1.0,-1.0,-1,-1,0.0
38532,-73.9988555908203,40.7603645324707,-74.00591278076173,40.74117660522461,435.53,5180,5180,5226.08,5661.61,46.07999999999993,-2.2737367544323206e-13,0.9999999999999994
38533,-73.98658752441406,40.740230560302734,-74.00989532470702,40.70503616333008,859.98,5180,5180,-1.0,-1.0,-1,-1,0.0
38534,-73.99088287353516,40.73456573486328,-73.97911071777342,40.713733673095696,711.58,5180,5180,5199.86,6008.68,19.859999999999673,97.24000000000058,1.136653644003486
38535,-73.95062255859375,40.77087020874024,-73.95997619628906,40.75814056396485,355.1,5181,5181,5296.0,5651.1,115.0,3.410605131648481e-13,1.0000000000000009
38536,-73.95561981201173,40.772499084472656,-73.9822006225586,40.75640869140625,1003.99,5181,5181,5261.17,6265.16,80.17000000000007,-2.2737367544323206e-13,0.9999999999999998
38537,-73.98970031738281,40.75741958618164,-73.97798919677734,40.76459884643555,385.43,5181,5181,5231.29,5616.72,50.289999999999964,2.8421709430404007e-13,1.0000000000000007
38538,-73.98543548583984,40.72373580932617,-73.99285125732422,40.72022247314453,292.29,5181,5181,5295.96,5588.25,114.96000000000004,-5.684341886080802e-14,0.9999999999999998
38539,-73.97027587890625,40.76250076293945,-73.97209167480467,40.74729537963867,522.89,5182,5182,-1.0,-1.0,-1,-1,0.0
38540,-73.97210693359375,40.75975036621094,-73.98426055908203,40.742923736572266,525.05,5182,5182,-1.0,-1.0,-1,-1,0.0
38541,-73.98114013671875,40.74743270874024,-73.97620391845702,40.75084686279297,205.92,5182,5182,-1.0,-1.0,-1,-1,0.0
38542,-73.9924545288086,40.7275619506836,-74.003662109375,40.74667739868164,711.91,5182,5182,5190.56,5902.47,8.5600000000004,-1.1368683772161603e-13,0.9999999999999999
38543,-73.979248046875,40.7559700012207,-73.97900390625,40.7724723815918,607.7,5182,5182,-1.0,-1.0,-1,-1,0.0
38544,-73.99134063720702,40.7392692565918,-73.98658752441406,40.72991943359375,390.82,5182,5182,-1.0,-1.0,-1,-1,0.0
38545,-73.98794555664062,40.75492477416992,-73.98116302490234,40.72517776489258,1004.28,5182,5182,5218.06,6282.24,36.0600000000004,59.89999999999941,1.0596447205958492
38546,-73.96514129638672,40.806507110595696,-73.99528503417969,40.759910583496094,978.12,5182,5182,5321.08,6299.2,139.07999999999993,-1.1368683772161603e-13,0.9999999999999999
38547,-73.98152923583984,40.73265075683594,-73.98396301269531,40.74565887451172,489.56,5183,5183,5198.9,5688.46,15.899999999999636,3.979039320256561e-13,1.0000000000000009
38548,-73.97872924804686,40.76367950439453,-73.95304107666014,40.76987075805664,674.05,5183,5183,5210.75,5884.8,27.75,2.2737367544323206e-13,1.0000000000000004
38549,-73.9681625366211,40.75542068481445,-73.9766082763672,40.74516296386719,302.25,5183,5183,-1.0,-1.0,-1,-1,0.0
38550,-73.97673797607422,40.76507186889648,-73.96770477294923,40.7669334411621,314.51,5183,5183,-1.0,-1.0,-1,-1,0.0
38551,-73.95645904541014,40.76799011230469,-73.98374938964845,40.78047561645508,821.31,5183,5183,5191.77,6060.98,8.770000000000437,47.89999999999918,1.0583214620545216
38552,-74.0018539428711,40.729434967041016,-73.99074554443358,40.75016784667969,554.37,5183,5183,5325.63,5880.0,142.6300000000001,-1.1368683772161603e-13,0.9999999999999998
38553,-74.00230407714845,40.73973846435547,-74.00774383544923,40.7393684387207,202.41,5183,5183,-1.0,-1.0,-1,-1,0.0
38554,-74.00072479248048,40.742164611816406,-73.98974609375,40.73794174194336,319.58,5184,5184,-1.0,-1.0,-1,-1,0.0
38555,-73.99237823486328,40.74385070800781,-73.98878479003906,40.73385238647461,385.49,5184,5184,-1.0,-1.0,-1,-1,0.0
38556,-74.00878143310547,40.713626861572266,-73.99987030029298,40.74332046508789,614.36,5184,5184,5224.49,5838.85,40.48999999999978,5.684341886080801e-13,1.0000000000000009
38557,-73.99130249023438,40.72745895385742,-73.97473907470702,40.76189041137695,1030.9,5184,5184,-1.0,-1.0,-1,-1,0.0
38558,-73.97137451171875,40.75189971923828,-73.99504089355469,40.72617721557617,727.79,5184,5184,5208.74,5939.4,24.73999999999978,2.869999999999891,1.003943445224584
38559,-73.97618103027344,40.77606964111328,-73.98870086669923,40.765830993652344,352.24,5184,5184,-1.0,-1.0,-1,-1,0.0
38560,-73.9797592163086,40.72700119018555,-74.0104217529297,40.72159957885742,919.39,5184,5184,5271.42,6212.56,87.42000000000007,21.75000000000034,1.0236569899607353
38561,-73.9695816040039,40.76617813110352,-74.01078033447266,40.7188606262207,1466.25,5184,5184,-1.0,-1.0,-1,-1,0.0
38562,-73.99604797363281,40.73316192626953,-74.00588989257811,40.741111755371094,361.83,5185,5185,5237.67,5599.5,52.67000000000007,-5.684341886080802e-14,0.9999999999999999
38563,-73.97112274169923,40.7509994506836,-73.98821258544923,40.72406768798828,604.35,5185,5185,-1.0,-1.0,-1,-1,0.0
38564,-73.97245788574219,40.7907829284668,-73.96290588378906,40.75620651245117,1208.93,5185,5185,5325.82,6534.75,140.8199999999997,2.2737367544323206e-13,1.0000000000000002
38565,-74.00292205810547,40.73348617553711,-73.99453735351562,40.721534729003906,582.57,5186,5186,5239.64,5822.21,53.64000000000033,-3.410605131648481e-13,0.9999999999999994
38566,-73.96212768554686,40.76736068725585,-73.95384216308594,40.77532577514648,223.36,5186,5186,5196.54,5468.57,10.539999999999964,48.66999999999973,1.2178993553008584
38567,-73.99034118652342,40.73136901855469,-73.97913360595702,40.75014114379883,544.73,5186,5186,5321.25,5865.98,135.25,-4.547473508864641e-13,0.9999999999999991
38568,-73.98452758789062,40.7453498840332,-73.99526977539062,40.73928833007813,347.92,5186,5186,-1.0,-1.0,-1,-1,0.0
38569,-73.98219299316406,40.771888732910156,-73.97074127197266,40.79568862915039,476.07,5186,5186,5211.18,5687.25,25.18000000000029,-2.8421709430404007e-13,0.9999999999999994
38570,-73.9862060546875,40.76741409301758,-73.9915771484375,40.75998306274415,223.02,5186,5186,5191.92,5414.94,5.920000000000073,-4.831690603168681e-13,0.9999999999999978
38571,-73.99187469482422,40.72947692871094,-73.99679565429686,40.742652893066406,497.58,5186,5186,5228.1,5725.68,42.100000000000364,-5.684341886080802e-14,0.9999999999999999
38572,-73.97238922119139,40.76525115966797,-73.96839141845702,40.75740432739258,408.86,5187,5187,-1.0,-1.0,-1,-1,0.0
38573,-73.98335266113281,40.73907852172852,-73.99290466308595,40.74291229248047,304.74,5187,5187,5258.92,5563.66,71.92000000000007,-2.2737367544323206e-13,0.9999999999999992
38574,-73.99160766601562,40.75320053100585,-73.98919677734375,40.74557876586913,435.23,5187,5187,-1.0,-1.0,-1,-1,0.0
38575,-73.97233581542969,40.74969100952149,-73.98546600341797,40.72767639160156,451.44,5187,5187,5277.37,5728.81,90.36999999999989,5.115907697472721e-13,1.000000000000001
38576,-73.95580291748048,40.779640197753906,-73.96224975585938,40.7764778137207,197.55,5187,5187,5226.12,5423.67,39.11999999999989,1.7053025658242404e-13,1.0000000000000009
38577,-73.9560317993164,40.77711868286133,-73.95162963867188,40.76647567749024,403.54,5187,5187,5208.37,5611.91,21.36999999999989,-5.684341886080802e-14,0.9999999999999999
38578,-73.98861694335938,40.73707962036133,-73.98814392089844,40.72270202636719,549.58,5187,5187,5230.23,5823.55,43.22999999999956,43.74000000000058,1.0795880490556435
38579,-73.99413299560547,40.751182556152344,-73.96590423583984,40.75300979614258,842.25,5188,5188,-1.0,-1.0,-1,-1,0.0
38580,-73.99116516113281,40.74225234985352,-74.00597381591797,40.74853515625,448.7,5188,5188,5228.52,5755.55,40.52000000000044,78.32999999999976,1.174570982839313
38581,-74.00385284423827,40.74274444580078,-73.99385833740234,40.75919723510742,432.16,5188,5188,5239.29,5671.45,51.289999999999964,-1.7053025658242404e-13,0.9999999999999996
38582,-73.95469665527342,40.76546096801758,-73.95880889892578,40.77819442749024,449.47,5188,5188,5234.62,5684.09,46.61999999999989,2.2737367544323206e-13,1.0000000000000004
38583,-74.00413513183594,40.74767684936523,-73.98072052001955,40.7379150390625,570.37,5188,5188,5332.11,5902.48,144.10999999999967,-1.1368683772161603e-13,0.9999999999999998
38584,-73.99464416503906,40.74029159545898,-73.99323272705078,40.75450134277344,449.09,5188,5188,5199.68,5648.77,11.680000000000291,1.7053025658242404e-13,1.0000000000000004
38585,-73.9771499633789,40.760887145996094,-74.00602722167969,40.74003601074219,960.43,5188,5188,-1.0,-1.0,-1,-1,0.0
38586,-73.9926528930664,40.75593566894531,-74.01318359375,40.703521728515625,1193.35,5188,5188,5278.75,6472.1,90.75,4.547473508864641e-13,1.0000000000000004
38587,-73.97709655761719,40.76462173461913,-74.00257110595702,40.70869064331055,1496.79,5188,5188,-1.0,-1.0,-1,-1,0.0
38588,-73.97149658203125,40.79511642456055,-73.97187805175781,40.74399185180664,1322.31,5188,5188,5226.29,6568.61,38.289999999999964,20.009999999999764,1.0151326088436143
38589,-73.96795654296875,40.762561798095696,-73.9797134399414,40.74660873413085,433.01,5189,5189,5211.03,5644.04,22.029999999999745,2.2737367544323206e-13,1.0000000000000004
38590,-73.99369049072266,40.746726989746094,-73.9806900024414,40.756023406982415,558.18,5189,5189,-1.0,-1.0,-1,-1,0.0
38591,-74.0146255493164,40.71571350097656,-73.98461151123048,40.75415802001953,1042.9,5189,5189,5190.0,6259.23,1.0,26.329999999999472,1.0252469076613284
38592,-74.00572204589844,40.74045944213867,-73.97811126708984,40.75139999389648,841.16,5189,5189,5242.46,6083.62,53.460000000000036,-1.1368683772161603e-13,0.9999999999999999
38593,-73.98981475830078,40.740028381347656,-73.98634338378906,40.76733016967773,915.6,5189,5189,-1.0,-1.0,-1,-1,0.0
38594,-73.99665832519531,40.75313186645508,-73.98731231689453,40.722415924072266,1100.88,5189,5189,5201.99,6398.0,12.989999999999782,95.13000000000011,1.0864126880313931
38595,-73.96023559570312,40.79790878295898,-73.97036743164062,40.79411315917969,214.71,5189,5189,-1.0,-1.0,-1,-1,0.0
38596,-73.962646484375,40.77609252929688,-73.97005462646483,40.76703643798828,290.16,5189,5189,5190.0,5480.16,1.0,-1.7053025658242404e-13,0.9999999999999994
38597,-73.96099853515625,40.76530456542969,-73.97604370117188,40.76506423950195,593.04,5189,5189,-1.0,-1.0,-1,-1,0.0
38598,-73.97190856933594,40.76344299316406,-73.96221923828125,40.77690124511719,283.47,5189,5189,5234.06,5517.53,45.0600000000004,-6.821210263296962e-13,0.9999999999999976
38599,-73.97074127197266,40.7585334777832,-73.98389434814453,40.7425193786621,435.18,5189,5189,5228.9,5664.08,39.899999999999636,2.8421709430404007e-13,1.0000000000000007
38600,-73.9453582763672,40.8079948425293,-73.94789123535155,40.80137634277344,184.16,5190,5190,5370.09,5554.25,180.09000000000015,-1.4210854715202004e-13,0.9999999999999992
38601,-73.96244812011719,40.76284790039063,-73.99396514892578,40.74607467651367,1036.09,5190,5190,5242.36,6321.33,52.35999999999967,42.88000000000034,1.0413863660492817
38602,-73.96870422363281,40.78600692749024,-73.94289398193358,40.78568649291992,608.78,5190,5190,5190.0,5798.78,0.0,-2.2737367544323206e-13,0.9999999999999997
38603,-73.99095153808595,40.74211120605469,-73.99288177490234,40.75605010986328,616.2,5190,5190,-1.0,-1.0,-1,-1,0.0
38604,-73.96916198730467,40.76319122314453,-73.99327850341797,40.719181060791016,1170.77,5190,5190,-1.0,-1.0,-1,-1,0.0
38605,-73.97075653076173,40.76433181762695,-73.99025726318358,40.73134994506836,991.27,5190,5190,-1.0,-1.0,-1,-1,0.0
38606,-73.99181365966798,40.73859024047852,-73.98899841308595,40.74835205078125,337.42,5190,5190,-1.0,-1.0,-1,-1,0.0
38607,-74.00431823730467,40.72530746459961,-73.9916458129883,40.74472427368164,398.49,5191,5191,5223.1,5621.59,32.100000000000364,-2.2737367544323206e-13,0.9999999999999994
38608,-73.99515533447266,40.76025772094727,-73.99665069580078,40.74058532714844,602.36,5191,5191,-1.0,-1.0,-1,-1,0.0
38609,-73.97528076171875,40.76163101196289,-73.97273254394531,40.74324035644531,757.0,5191,5191,-1.0,-1.0,-1,-1,0.0
38610,-73.9672317504883,40.76619338989258,-73.97825622558594,40.78819274902344,712.04,5191,5191,-1.0,-1.0,-1,-1,0.0
38611,-73.96167755126955,40.77444458007813,-73.98970794677734,40.76228332519531,798.19,5191,5191,5320.33,6118.5199999999995,129.32999999999993,-4.547473508864641e-13,0.9999999999999994
38612,-73.98068237304686,40.72153091430664,-73.98463439941406,40.728515625,221.37,5191,5191,5430.25,5651.62,239.25,-1.1368683772161603e-13,0.9999999999999994
38613,-73.98786926269531,40.73833847045898,-73.99472045898438,40.75025939941406,531.96,5191,5191,5343.95,5875.91,152.94999999999982,0.0,1.0
38614,-73.97612762451173,40.78908157348633,-73.97937774658203,40.7765998840332,301.22,5192,5192,5230.38,5531.6,38.38000000000011,2.2737367544323206e-13,1.0000000000000007
38615,-73.98655700683594,40.743560791015625,-73.99021911621094,40.75669860839844,561.77,5192,5192,-1.0,-1.0,-1,-1,0.0
38616,-73.97444915771484,40.75664520263672,-73.9957275390625,40.76453018188477,724.62,5193,5193,-1.0,-1.0,-1,-1,0.0
38617,-73.97235870361328,40.7496452331543,-73.9811248779297,40.74181365966797,258.38,5193,5193,5335.46,5593.84,142.46000000000004,1.1368683772161603e-13,1.0000000000000004
38618,-73.95449829101562,40.76974868774415,-73.9546890258789,40.78845596313477,524.83,5193,5193,5220.0,5744.83,27.0,-1.1368683772161603e-13,0.9999999999999998
38619,-73.99844360351562,40.74034881591797,-73.98816680908203,40.72050857543945,863.91,5193,5193,5236.41,6121.37,43.409999999999854,21.050000000000068,1.024365964047181
38620,-73.99680328369139,40.73831558227539,-74.00477600097656,40.73186111450195,242.92,5193,5193,5251.09,5546.55,58.090000000000146,52.54000000000005,1.2162851967726003
38621,-73.97822570800781,40.75758361816406,-73.97940063476562,40.74296951293945,483.83,5193,5193,-1.0,-1.0,-1,-1,0.0
38622,-73.94509887695312,40.77880096435547,-73.97531127929686,40.75269317626953,897.43,5193,5193,5221.93,6119.36,28.93000000000029,-5.684341886080801e-13,0.9999999999999993
38623,-73.99520874023438,40.744720458984375,-74.00308990478516,40.73881149291992,274.59,5193,5193,-1.0,-1.0,-1,-1,0.0
38624,-73.96753692626955,40.758338928222656,-73.98042297363281,40.755619049072266,510.56,5193,5193,-1.0,-1.0,-1,-1,0.0
38625,-73.96808624267578,40.75981521606445,-73.97191619873048,40.7943115234375,932.22,5193,5193,-1.0,-1.0,-1,-1,0.0
38626,-73.97650909423827,40.73960876464844,-73.99620819091797,40.73276138305664,534.75,5193,5193,5338.84,5873.59,145.84000000000015,0.0,1.0
38627,-73.98272705078125,40.75873947143555,-73.95320129394531,40.785831451416016,824.39,5193,5193,-1.0,-1.0,-1,-1,0.0
38628,-73.9881134033203,40.74118041992188,-73.97547912597656,40.7329216003418,415.41,5194,5194,-1.0,-1.0,-1,-1,0.0
38629,-73.97870635986328,40.74095153808594,-73.99158477783203,40.72664260864258,361.02,5194,5194,-1.0,-1.0,-1,-1,0.0
38630,-73.97260284423827,40.750091552734375,-73.98287963867188,40.742149353027344,302.96,5194,5194,-1.0,-1.0,-1,-1,0.0
38631,-73.98490905761719,40.74797821044922,-73.98729705810547,40.76866149902344,801.9,5194,5194,-1.0,-1.0,-1,-1,0.0
38632,-73.95436096191406,40.78972244262695,-73.95718383789062,40.774314880371094,395.0,5194,5194,5315.26,5710.26,121.26000000000022,0.0,1.0
38633,-73.9578399658203,40.77117919921875,-73.99342346191406,40.757488250732415,1101.23,5194,5194,5346.26,6447.49,152.26000000000022,-4.547473508864641e-13,0.9999999999999996
38634,-73.97041320800781,40.75786590576172,-73.99642944335938,40.72522735595703,838.06,5194,5194,-1.0,-1.0,-1,-1,0.0
38635,-73.96277618408203,40.77241134643555,-73.95272827148438,40.78339385986328,309.5,5195,5195,-1.0,-1.0,-1,-1,0.0
38636,-74.00418853759766,40.72092819213867,-73.97374725341797,40.764175415039055,1194.43,5195,5195,-1.0,-1.0,-1,-1,0.0
38637,-73.97550964355469,40.75207901000977,-74.01351165771484,40.71301651000977,1047.07,5195,5195,-1.0,-1.0,-1,-1,0.0
38638,-73.9705352783203,40.759143829345696,-73.98594665527344,40.74663162231445,538.59,5195,5195,-1.0,-1.0,-1,-1,0.0
38639,-73.95726776123048,40.77434921264648,-73.96282196044923,40.7940673828125,544.86,5195,5195,5225.29,5840.42,30.289999999999964,70.2700000000001,1.1289689094446282
38640,-73.99127960205078,40.745304107666016,-73.95392608642578,40.77544403076172,1163.42,5195,5195,5231.2,6426.29,36.19999999999982,31.670000000000073,1.0272214677416582
38641,-73.97452545166014,40.7514762878418,-73.97999572753906,40.74090576171875,306.75,5195,5195,-1.0,-1.0,-1,-1,0.0
38642,-73.97555541992188,40.76569747924805,-73.9549331665039,40.8049201965332,868.68,5195,5195,-1.0,-1.0,-1,-1,0.0
38643,-73.9865951538086,40.7452507019043,-73.97896575927734,40.7524528503418,330.85,5195,5195,-1.0,-1.0,-1,-1,0.0
38644,-73.95577239990234,40.77961730957031,-73.9578857421875,40.77361679077149,189.34,5196,5196,5322.84,5512.18,126.84000000000015,1.4210854715202004e-13,1.0000000000000007
38645,-73.97720336914062,40.75906753540039,-73.98960876464844,40.76277542114258,405.45,5196,5196,-1.0,-1.0,-1,-1,0.0
38646,-73.97219085693358,40.76543045043945,-73.969482421875,40.75764083862305,429.74,5196,5196,5235.17,5664.91,39.17000000000007,-2.2737367544323206e-13,0.9999999999999994
38647,-73.99565124511719,40.75300979614258,-73.98322296142578,40.776531219482415,496.28,5196,5196,-1.0,-1.0,-1,-1,0.0
38648,-74.00933837890625,40.72610473632813,-73.99370574951173,40.73297882080078,467.17,5196,5196,-1.0,-1.0,-1,-1,0.0
38649,-73.98259735107422,40.767913818359375,-73.94860076904298,40.803409576416016,956.76,5196,5196,5239.58,6196.34,43.57999999999993,2.2737367544323206e-13,1.0000000000000002
38650,-73.99137115478516,40.73920822143555,-74.00150299072266,40.737491607666016,269.46,5196,5196,5234.73,5525.37,38.72999999999956,21.180000000000348,1.0786016477399256
38651,-73.98236846923827,40.7427864074707,-73.98921966552734,40.71876907348633,734.81,5196,5196,-1.0,-1.0,-1,-1,0.0
38652,-73.99440002441406,40.72462844848633,-74.00511932373048,40.71735000610352,419.3,5197,5197,5294.54,5713.84,97.53999999999996,1.7053025658242404e-13,1.0000000000000004
38653,-73.98809814453125,40.73767852783203,-74.00373077392578,40.73689651489258,445.92,5197,5197,-1.0,-1.0,-1,-1,0.0
38654,-73.955810546875,40.77968978881836,-73.97563934326173,40.78191757202149,413.29,5197,5197,5327.86,5741.15,130.85999999999967,-5.684341886080802e-14,0.9999999999999999
38655,-74.0013198852539,40.73601150512695,-73.99544525146483,40.744140625,367.59,5197,5197,5250.58,5618.17,53.57999999999993,1.7053025658242404e-13,1.0000000000000004
38656,-73.93605804443358,40.83087158203125,-73.9388427734375,40.80566787719727,389.64,5197,5197,5403.87,5793.51,206.8699999999999,3.410605131648481e-13,1.0000000000000009
38657,-74.00192260742188,40.7304916381836,-73.98111724853516,40.73395156860352,562.46,5197,5197,5233.53,5816.599999999999,36.529999999999745,20.609999999999673,1.0366426056964044
38658,-73.98082733154298,40.760009765625,-73.9760513305664,40.78630065917969,700.0,5198,5198,-1.0,-1.0,-1,-1,0.0
38659,-73.97058868408203,40.7941780090332,-73.95926666259766,40.77439880371094,592.4,5198,5198,5270.58,5862.9800000000005,72.57999999999993,5.684341886080801e-13,1.0000000000000009
38660,-73.97642517089844,40.76582336425781,-73.96556854248048,40.79320907592773,682.68,5198,5198,-1.0,-1.0,-1,-1,0.0
38661,-74.00628662109375,40.74043273925781,-74.01062774658203,40.7177619934082,668.25,5198,5198,5311.7,5979.95,113.69999999999982,0.0,1.0
38662,-73.989990234375,40.760658264160156,-73.99181365966798,40.74990463256836,456.52,5198,5198,5243.860000000001,5700.38,45.86000000000058,-4.547473508864641e-13,0.999999999999999
38663,-74.01679992675781,40.704833984375,-74.00645446777344,40.719154357910156,524.43,5198,5198,-1.0,-1.0,-1,-1,0.0
38664,-73.982177734375,40.76848983764648,-73.97695922851562,40.75495147705078,638.99,5198,5198,-1.0,-1.0,-1,-1,0.0
38665,-73.98284149169923,40.76189041137695,-73.98661041259766,40.76076889038085,211.04,5198,5198,-1.0,-1.0,-1,-1,0.0
38666,-74.00789642333984,40.70788955688477,-73.98410797119139,40.74627685546875,1124.83,5199,5199,-1.0,-1.0,-1,-1,0.0
38667,-73.98267364501955,40.76249313354492,-73.96951293945312,40.755714416503906,561.87,5199,5199,-1.0,-1.0,-1,-1,0.0
38668,-73.98164367675781,40.73254013061523,-73.9471664428711,40.77163696289063,820.94,5199,5199,5421.0,6241.9400000000005,222.0,4.547473508864641e-13,1.0000000000000004
38669,-73.97502899169923,40.75847244262695,-73.95252990722656,40.771278381347656,606.87,5199,5199,-1.0,-1.0,-1,-1,0.0
38670,-74.0057601928711,40.74528884887695,-73.99420928955078,40.7613525390625,315.41,5199,5199,5258.21,5573.62,59.210000000000036,-1.7053025658242404e-13,0.9999999999999994
38671,-73.98830413818358,40.75930786132813,-73.99015045166014,40.75154495239258,319.3,5199,5199,-1.0,-1.0,-1,-1,0.0
38672,-73.99161529541014,40.72705459594727,-73.98428344726562,40.7188606262207,431.21,5199,5199,5341.0,5772.21,142.0,5.684341886080802e-14,1.0000000000000002
38673,-73.97142028808595,40.75817108154297,-73.98715209960938,40.73900985717773,493.34,5199,5199,-1.0,-1.0,-1,-1,0.0
38674,-73.9452133178711,40.80792236328125,-73.99761962890625,40.74420547485352,1582.87,5199,5199,5302.0,6884.87,103.0,0.0,1.0
38675,-73.9913330078125,40.73236846923828,-73.98226928710938,40.727874755859375,303.33,5199,5199,-1.0,-1.0,-1,-1,0.0
38676,-73.98117065429686,40.77922058105469,-73.9422378540039,40.81203079223633,965.34,5200,5200,5237.71,6218.68,37.710000000000036,15.630000000000223,1.016191186524955
38677,-73.9665756225586,40.756511688232415,-73.99285125732422,40.768226623535156,931.92,5200,5200,5224.35,6229.7300000000005,24.350000000000364,73.46000000000015,1.0788265087131945
38678,-74.00896453857422,40.713714599609375,-73.98430633544923,40.72882080078125,762.39,5200,5200,-1.0,-1.0,-1,-1,0.0
38679,-73.96785736083984,40.771568298339844,-73.98433685302734,40.76030349731445,644.55,5200,5200,5342.25,5986.8,142.25,2.2737367544323206e-13,1.0000000000000004
38680,-74.00354766845702,40.74837112426758,-73.96988677978516,40.76788711547852,829.62,5200,5200,5256.6,6086.22,56.600000000000364,-1.1368683772161603e-13,0.9999999999999999
38681,-73.95774078369139,40.7735481262207,-73.94915008544923,40.778411865234375,215.77,5200,5200,-1.0,-1.0,-1,-1,0.0
38682,-73.98047637939453,40.78530502319336,-73.9789810180664,40.77426528930664,365.32,5200,5200,5268.75,5634.07,68.75,-2.8421709430404007e-13,0.9999999999999992
38683,-73.95509338378906,40.76892852783203,-73.95622253417969,40.78179550170898,385.09,5200,5200,5259.63,5644.72,59.63000000000011,1.7053025658242404e-13,1.0000000000000004
38684,-73.96119689941406,40.7688102722168,-73.95321655273438,40.78097152709961,196.1,5200,5200,5220.0,5416.1,20.0,3.694822225952521e-13,1.0000000000000018
38685,-73.99467468261719,40.75039291381836,-73.98977661132812,40.75697326660156,236.13,5200,5200,-1.0,-1.0,-1,-1,0.0
38686,-73.95137786865234,40.77519989013672,-73.9609375,40.77493667602539,311.8,5200,5200,5226.85,5621.48,26.850000000000364,82.82999999999919,1.2656510583707479
38687,-73.97837829589844,40.748931884765625,-73.98040771484375,40.761024475097656,554.6,5200,5200,-1.0,-1.0,-1,-1,0.0
38688,-73.96614837646483,40.79475021362305,-73.98326873779298,40.77930068969727,384.21,5201,5201,5503.01,5887.22,302.0100000000002,5.684341886080802e-14,1.0000000000000002
38689,-73.9781951904297,40.752525329589844,-73.99130249023438,40.750354766845696,434.21,5201,5201,-1.0,-1.0,-1,-1,0.0
38690,-74.01447296142578,40.70329666137695,-74.00173950195312,40.74604415893555,779.66,5201,5201,-1.0,-1.0,-1,-1,0.0
38691,-73.986572265625,40.761531829833984,-73.96981811523438,40.785560607910156,530.61,5201,5201,5234.07,5764.68,33.06999999999971,5.684341886080801e-13,1.000000000000001
38692,-73.9947280883789,40.74011993408203,-73.9971923828125,40.7242317199707,678.72,5201,5201,-1.0,-1.0,-1,-1,0.0
38693,-73.96514129638672,40.75532913208008,-73.95764923095702,40.77109909057617,325.28,5201,5201,-1.0,-1.0,-1,-1,0.0
38694,-73.96730041503906,40.76102066040039,-73.98531341552734,40.76956176757813,680.52,5201,5201,-1.0,-1.0,-1,-1,0.0
38695,-73.97815704345702,40.76213073730469,-73.97073364257811,40.79346084594727,743.99,5201,5201,5232.59,6061.36,31.590000000000146,84.77999999999952,1.1139531445315118
38696,-73.96662139892578,40.76414489746094,-73.99138641357422,40.73921203613281,825.88,5202,5202,-1.0,-1.0,-1,-1,0.0
38697,-74.00286865234375,40.73934555053711,-73.97867584228516,40.7525634765625,737.44,5202,5202,5231.2300000000005,6030.16,29.230000000000473,61.48999999999933,1.0833830548926005
38698,-73.98544311523438,40.76100158691406,-73.9765396118164,40.7752685546875,403.13,5202,5202,-1.0,-1.0,-1,-1,0.0
38699,-73.96121215820312,40.76061630249024,-73.95152282714845,40.76975631713867,241.2,5202,5202,5244.62,5485.82,42.61999999999989,-1.7053025658242404e-13,0.9999999999999993
38700,-73.98215484619139,40.77835083007813,-73.98228454589844,40.77119445800781,212.94,5202,5202,5399.88,5612.82,197.8800000000001,-3.979039320256561e-13,0.9999999999999981
38701,-73.97093963623048,40.79833984375,-73.96815490722656,40.7882194519043,307.2,5202,5202,5228.67,5549.24,26.670000000000073,13.36999999999972,1.0435221354166657
38702,-73.955078125,40.78030776977539,-73.96871948242188,40.762107849121094,496.78,5202,5202,5318.33,5815.11,116.32999999999993,-2.2737367544323206e-13,0.9999999999999996
38703,-73.962158203125,40.77625274658203,-73.94242095947266,40.84551239013672,1193.31,5202,5202,5245.95,6439.26,43.94999999999982,4.547473508864641e-13,1.0000000000000004
38704,-74.0029296875,40.714012145996094,-73.99103546142578,40.73003387451172,502.83,5202,5202,-1.0,-1.0,-1,-1,0.0
38705,-73.9915313720703,40.76487731933594,-73.9683837890625,40.793251037597656,571.27,5202,5202,-1.0,-1.0,-1,-1,0.0
38706,-73.99494171142578,40.76517868041992,-73.98033905029298,40.76594924926758,399.12,5202,5202,5428.35,5827.47,226.35000000000036,-1.1368683772161603e-13,0.9999999999999997
38707,-73.9921875,40.749324798583984,-73.96053314208984,40.769866943359375,1072.14,5202,5202,-1.0,-1.0,-1,-1,0.0
38708,-73.9960708618164,40.738563537597656,-74.00806427001955,40.7387924194336,414.37,5203,5203,-1.0,-1.0,-1,-1,0.0
38709,-73.9839859008789,40.754638671875,-73.97280883789062,40.76121139526367,370.54,5203,5203,-1.0,-1.0,-1,-1,0.0
38710,-73.9852066040039,40.74198913574219,-73.956787109375,40.7722282409668,845.32,5203,5203,-1.0,-1.0,-1,-1,0.0
38711,-73.9721450805664,40.75627517700195,-73.98640441894531,40.75148391723633,533.77,5203,5203,5220.0,5796.79,17.0,43.01999999999998,1.0805965116061225
38712,-73.96705627441406,40.77266311645508,-73.94783782958984,40.77549362182617,530.69,5204,5204,5241.59,5772.28,37.590000000000146,-4.547473508864641e-13,0.9999999999999991
38713,-73.98214721679686,40.76993179321289,-73.97454071044923,40.79005813598633,472.33,5204,5204,5544.75,6017.08,340.75,-5.684341886080802e-14,0.9999999999999999
38714,-73.99430847167969,40.76094436645508,-73.98458099365234,40.76995849609375,264.33,5204,5204,-1.0,-1.0,-1,-1,0.0
38715,-73.97523498535155,40.76095962524415,-73.9850311279297,40.74710083007813,370.39,5204,5204,5234.0,5604.39,30.0,3.410605131648481e-13,1.0000000000000009
38716,-73.98523712158203,40.72775650024415,-74.00357055664062,40.73661804199219,621.3,5204,5204,5289.91,5911.21,85.90999999999985,2.2737367544323206e-13,1.0000000000000004
38717,-73.98515319824219,40.72767639160156,-73.9795379638672,40.74943161010742,630.0,5204,5204,5312.75,5942.75,108.75,0.0,1.0
38718,-73.996337890625,40.72119903564453,-73.9849853515625,40.7281494140625,406.27,5204,5204,5277.96,5684.2300000000005,73.96000000000004,4.547473508864641e-13,1.000000000000001
38719,-73.94869232177734,40.78204727172852,-73.98558044433594,40.76816940307617,909.18,5205,5205,5368.58,6277.76,163.57999999999993,3.410605131648481e-13,1.0000000000000004
38720,-73.97996520996094,40.74901580810547,-73.97666931152342,40.73245239257813,543.95,5205,5205,-1.0,-1.0,-1,-1,0.0
38721,-74.00015258789062,40.73291778564453,-74.00377655029298,40.72550582885742,297.95,5205,5205,5307.29,5605.24,102.28999999999996,-1.7053025658242404e-13,0.9999999999999994
38722,-73.97720336914062,40.77961730957031,-73.9764404296875,40.78800582885742,221.51,5206,5206,5433.86,5655.37,227.85999999999967,2.2737367544323206e-13,1.000000000000001
38723,-73.97771453857422,40.78898239135742,-73.96865844726562,40.79999542236328,282.43,5206,5206,5260.33,5570.26,54.32999999999993,27.500000000000284,1.0973692596395577
38724,-73.9940185546875,40.75126647949219,-73.9919662475586,40.73622512817383,652.25,5206,5206,-1.0,-1.0,-1,-1,0.0
38725,-73.99231719970702,40.75804901123047,-73.98932647705078,40.7418098449707,558.37,5206,5206,5220.0,5778.37,14.0,-1.1368683772161603e-13,0.9999999999999998
38726,-73.9986801147461,40.73492050170898,-74.00338745117188,40.74824905395508,430.61,5206,5206,-1.0,-1.0,-1,-1,0.0
38727,-73.97450256347656,40.73305892944336,-73.963623046875,40.76845169067383,794.67,5206,5206,5264.26,6058.93,58.26000000000022,1.1368683772161603e-13,1.0000000000000002
38728,-73.98529052734375,40.75262069702149,-73.9509506225586,40.81016540527344,1356.06,5207,5207,5303.71,6659.77,96.71000000000004,4.547473508864641e-13,1.0000000000000004
38729,-73.99895477294923,40.743743896484375,-74.00527954101562,40.74003982543945,209.43,5207,5207,5230.01,5489.78,23.01000000000022,50.33999999999952,1.2403667096404503
38730,-74.00255584716798,40.7250862121582,-74.00246429443358,40.74700164794922,651.24,5207,5207,5220.0,5871.24,13.0,-2.2737367544323206e-13,0.9999999999999997
38731,-73.95716094970702,40.78281784057617,-73.96830749511719,40.77068328857422,344.28,5207,5207,5254.88,5599.16,47.88000000000011,-2.2737367544323206e-13,0.9999999999999993
38732,-73.98114776611328,40.770183563232415,-73.99337768554686,40.754241943359375,664.18,5207,5207,-1.0,-1.0,-1,-1,0.0
38733,-73.98107147216798,40.76784133911133,-73.98348236083984,40.783451080322266,483.19,5207,5207,5243.37,5739.320000000001,36.36999999999989,12.76000000000073,1.0264078312879006
38734,-73.98529052734375,40.735801696777344,-73.95516204833984,40.76885986328125,731.31,5207,5207,5243.2300000000005,6004.46,36.23000000000047,29.919999999999618,1.0409128823617886
38735,-73.96613311767578,40.762031555175774,-73.95729064941406,40.77008056640625,236.53,5207,5207,5439.5,5676.03,232.5,-2.5579538487363607e-13,0.9999999999999989
38736,-73.99158477783203,40.738746643066406,-73.98609924316406,40.71893310546875,747.37,5208,5208,-1.0,-1.0,-1,-1,0.0
38737,-73.9703826904297,40.76503372192383,-73.97412109375,40.79322052001953,760.06,5208,5208,-1.0,-1.0,-1,-1,0.0
38738,-73.98883819580078,40.741355895996094,-73.98867797851562,40.75914001464844,624.26,5208,5208,-1.0,-1.0,-1,-1,0.0
38739,-73.9713592529297,40.76602554321289,-73.95841217041014,40.76706314086913,390.54,5208,5208,-1.0,-1.0,-1,-1,0.0
38740,-73.99445343017578,40.745769500732415,-73.9537582397461,40.76855850219727,1093.09,5208,5208,-1.0,-1.0,-1,-1,0.0
38741,-73.93872833251955,40.79164123535156,-73.95384216308594,40.77476119995117,356.28,5209,5209,5437.48,5793.76,228.47999999999956,6.821210263296962e-13,1.000000000000002
38742,-73.98556518554686,40.75456619262695,-74.00458526611328,40.75217819213867,543.17,5209,5209,-1.0,-1.0,-1,-1,0.0
38743,-73.99319458007811,40.74295425415039,-73.97412109375,40.75482940673828,669.77,5209,5209,-1.0,-1.0,-1,-1,0.0
38744,-73.98139953613281,40.76795196533203,-73.97682189941406,40.78530883789063,397.53,5209,5209,5230.86,5646.01,21.859999999999673,17.620000000000573,1.0443236988403406
38745,-73.991455078125,40.74926376342773,-73.9902114868164,40.74091720581055,265.16,5209,5209,5256.83,5521.99,47.82999999999993,-1.7053025658242404e-13,0.9999999999999993
38746,-73.97549438476562,40.757179260253906,-73.94674682617188,40.777656555175774,786.91,5209,5209,-1.0,-1.0,-1,-1,0.0
38747,-73.99595642089844,40.750789642333984,-73.98960876464844,40.75791931152344,256.63,5209,5209,5240.67,5497.3,31.670000000000073,1.1368683772161603e-13,1.0000000000000004
38748,-73.98786926269531,40.73809814453125,-73.96144866943358,40.77164077758789,941.32,5209,5209,-1.0,-1.0,-1,-1,0.0
38749,-73.98451232910156,40.764793395996094,-73.97765350341797,40.78420639038085,451.81,5210,5210,5247.29,5699.1,37.289999999999964,3.979039320256561e-13,1.0000000000000009
38750,-73.99137115478516,40.75566864013672,-73.96826171875,40.786659240722656,729.97,5210,5210,-1.0,-1.0,-1,-1,0.0
38751,-73.96995544433594,40.75725173950195,-73.96131896972656,40.75884246826172,222.62,5210,5210,5266.47,5496.01,56.470000000000255,6.919999999999959,1.0310843589973946
38752,-73.98889923095702,40.73880004882813,-74.00599670410156,40.73155975341797,450.36,5210,5210,-1.0,-1.0,-1,-1,0.0
38753,-73.98936462402342,40.76468276977539,-73.98033905029298,40.78251266479492,437.18,5210,5210,5245.96,5727.39,35.960000000000036,44.250000000000284,1.1012168900681647
38754,-73.97484588623048,40.79088592529297,-73.98560333251955,40.77876281738281,290.45,5210,5210,5309.55,5600.0,99.55000000000018,-1.7053025658242404e-13,0.9999999999999994
38755,-73.99790954589844,40.74090194702149,-73.99237823486328,40.727394104003906,526.83,5210,5210,5260.21,5813.05,50.210000000000036,26.010000000000105,1.049370764762827
38756,-73.98234558105469,40.75604248046875,-73.98822784423827,40.72415161132813,970.65,5210,5210,-1.0,-1.0,-1,-1,0.0
38757,-73.98128509521484,40.7692756652832,-73.94308471679686,40.78551483154297,922.87,5210,5210,5248.97,6189.92,38.970000000000255,18.079999999999814,1.0195910583289085
38758,-73.97724914550781,40.73834991455078,-73.97557067871094,40.7495002746582,334.57,5211,5211,5249.68,5584.25,38.68000000000029,-2.8421709430404007e-13,0.9999999999999991
38759,-73.95549011230467,40.77968215942383,-73.98829650878906,40.774662017822266,747.65,5211,5211,5225.95,6066.07,14.949999999999818,92.46999999999991,1.1236808667157092
38760,-73.96846771240234,40.75044250488281,-73.95614624023438,40.7675895690918,303.59,5211,5211,5225.91,5529.5,14.909999999999854,1.7053025658242404e-13,1.0000000000000007
38761,-73.98224639892578,40.768348693847656,-73.94873809814453,40.78179168701172,885.83,5211,5211,5264.28,6150.110000000001,53.279999999999745,7.958078640513122e-13,1.0000000000000009
38762,-74.00652313232422,40.74458694458008,-73.99268341064453,40.74518203735352,353.76,5211,5211,-1.0,-1.0,-1,-1,0.0
38763,-73.98184967041014,40.77870178222656,-73.96708679199219,40.76916885375977,511.94,5211,5211,5250.96,5806.93,39.960000000000036,44.03000000000026,1.0860061725983519
38764,-74.01604461669923,40.711334228515625,-73.97550964355469,40.7190055847168,491.91,5211,5211,-1.0,-1.0,-1,-1,0.0
38765,-73.95648193359375,40.763038635253906,-73.96610260009766,40.76466751098633,333.78,5212,5212,5233.96,5567.74,21.960000000000036,-2.2737367544323206e-13,0.9999999999999993
38766,-74.0111770629883,40.72427749633789,-74.00344848632812,40.750709533691406,379.45,5212,5212,5233.36,5612.81,21.359999999999673,7.389644451905042e-13,1.000000000000002
38767,-73.98269653320312,40.739402770996094,-74.00753021240234,40.741035461425774,780.63,5212,5212,5278.46,6059.09,66.46000000000004,1.1368683772161603e-13,1.0000000000000002
38768,-74.00137329101562,40.74126052856445,-74.00453186035155,40.7513084411621,322.44,5212,5212,5238.29,5560.73,26.289999999999964,-3.979039320256561e-13,0.9999999999999988
38769,-73.96163940429686,40.76441955566406,-73.9514923095703,40.774089813232415,241.21,5212,5212,5262.09,5503.3,50.090000000000146,2.842170943040401e-14,1.0000000000000002
38770,-73.9755630493164,40.751869201660156,-73.99318695068358,40.743030548095696,507.75,5212,5212,-1.0,-1.0,-1,-1,0.0
38771,-74.01592254638672,40.715309143066406,-74.0179214477539,40.70547866821289,232.42,5212,5212,-1.0,-1.0,-1,-1,0.0
38772,-73.9508514404297,40.783180236816406,-73.96060180664062,40.76809692382813,427.52,5212,5212,5336.96,5764.4800000000005,124.96000000000004,4.547473508864641e-13,1.000000000000001
38773,-73.99147033691406,40.73173141479492,-73.99817657470702,40.724571228027344,224.58,5212,5212,-1.0,-1.0,-1,-1,0.0
38774,-73.9590835571289,40.77165603637695,-73.96709442138672,40.76386642456055,294.95,5213,5213,-1.0,-1.0,-1,-1,0.0
38775,-74.00647735595702,40.74413299560547,-73.98801422119139,40.768226623535156,454.87,5213,5213,5251.93,5706.8,38.93000000000029,-1.1368683772161603e-13,0.9999999999999998
38776,-73.99463653564453,40.72580337524415,-73.973876953125,40.75886154174805,913.53,5213,5213,5337.24,6250.77,124.23999999999978,6.821210263296962e-13,1.0000000000000007
38777,-73.98257446289062,40.74517059326172,-73.97511291503906,40.74785232543945,254.8,5213,5213,5235.45,5526.75,22.449999999999818,36.50000000000017,1.1432496075353225
38778,-74.00634765625,40.73297882080078,-73.98983764648438,40.752357482910156,597.21,5213,5213,-1.0,-1.0,-1,-1,0.0
38779,-74.0029067993164,40.76039505004883,-73.95165252685547,40.773704528808594,1161.59,5213,5213,5432.32,6593.91,219.3199999999997,2.2737367544323206e-13,1.0000000000000002
38780,-73.97695922851562,40.74699020385742,-73.95777893066406,40.768463134765625,620.43,5214,5214,-1.0,-1.0,-1,-1,0.0
38781,-73.9841537475586,40.75452041625977,-73.97425842285155,40.75912857055664,308.83,5214,5214,-1.0,-1.0,-1,-1,0.0
38782,-73.9959487915039,40.7642936706543,-74.00762176513672,40.74114990234375,618.33,5214,5214,5517.43,6135.76,303.4300000000003,-1.1368683772161603e-13,0.9999999999999998
38783,-73.96664428710938,40.76416778564453,-73.99717712402342,40.74150848388672,978.8,5214,5214,5260.66,6248.46,46.659999999999854,9.000000000000227,1.0091949325704948
38784,-73.98512268066406,40.74769973754883,-73.97727203369139,40.73408889770508,523.08,5214,5214,-1.0,-1.0,-1,-1,0.0
38785,-73.97624206542969,40.739990234375,-73.93222045898438,40.84637451171875,1740.93,5215,5215,5225.23,6966.159999999999,10.229999999999563,-6.821210263296962e-13,0.9999999999999996
38786,-73.98839569091797,40.74305725097656,-73.98795318603516,40.732215881347656,397.99,5215,5215,5271.97,5702.45,56.970000000000255,32.489999999999554,1.0816352169652492
38787,-73.96359252929686,40.75770950317383,-73.9958724975586,40.76435089111328,1088.4,5215,5215,5236.65,6325.05,21.649999999999636,4.547473508864641e-13,1.0000000000000004
38788,-74.01294708251955,40.71622085571289,-74.00617218017578,40.734153747558594,361.45,5215,5215,5236.95,5598.4,21.949999999999818,-1.7053025658242404e-13,0.9999999999999996
38789,-73.94737243652342,40.80533218383789,-73.95137023925781,40.82681274414063,621.84,5215,5215,5461.08,6082.92,246.07999999999993,1.1368683772161603e-13,1.0000000000000002
38790,-73.9724884033203,40.76536178588867,-73.97091674804686,40.75157928466797,529.25,5215,5215,5255.22,5784.47,40.220000000000255,0.0,1.0
38791,-73.98799896240234,40.75953674316406,-73.99446868896483,40.72124862670898,1269.8,5215,5215,5263.6,6543.299999999999,48.600000000000364,9.899999999998954,1.0077965033863592
38792,-73.97549438476562,40.76128387451172,-73.96804809570312,40.759925842285156,283.91,5215,5215,-1.0,-1.0,-1,-1,0.0
38793,-73.97503662109375,40.76162338256836,-73.98507690429686,40.77991104125977,694.28,5215,5215,-1.0,-1.0,-1,-1,0.0
38794,-73.97205352783203,40.76342010498047,-73.97830200195312,40.77990341186523,549.64,5216,5216,-1.0,-1.0,-1,-1,0.0
38795,-73.99922943115234,40.73249816894531,-73.98388671875,40.72005081176758,732.95,5216,5216,5231.2,6043.78,15.199999999999818,79.62999999999988,1.108643154376151
38796,-73.96486663818358,40.7697868347168,-73.97073364257811,40.76446914672852,265.28,5216,5216,5266.85,5532.13,50.850000000000364,-2.2737367544323206e-13,0.9999999999999991
38797,-73.97384643554686,40.791988372802734,-73.98131561279298,40.78097534179688,256.45,5216,5216,5252.85,5509.3,36.850000000000364,-1.7053025658242404e-13,0.9999999999999993
38798,-73.98430633544923,40.728721618652344,-73.98027801513672,40.722206115722656,240.74,5216,5216,5578.98,5819.72,362.97999999999956,6.821210263296962e-13,1.0000000000000029
38799,-73.98280334472656,40.77204895019531,-73.96314239501955,40.761985778808594,785.27,5217,5217,5254.22,6081.56,37.220000000000255,42.070000000000164,1.0535739299858649
38800,-73.97064208984375,40.764949798583984,-73.95687866210938,40.77096939086913,415.3,5217,5217,-1.0,-1.0,-1,-1,0.0
38801,-73.97332000732422,40.763580322265625,-73.97547149658203,40.75796127319336,250.79,5217,5217,-1.0,-1.0,-1,-1,0.0
38802,-74.00714874267578,40.74161148071289,-73.98394775390625,40.74636459350585,700.98,5218,5218,5330.17,6031.15,112.17000000000007,-4.547473508864641e-13,0.9999999999999993
38803,-73.9823989868164,40.7398796081543,-73.98779296875,40.738182067871094,183.74,5218,5218,5291.67,5475.41,73.67000000000007,-2.2737367544323206e-13,0.9999999999999988
38804,-73.97486877441406,40.75910949707031,-73.9527816772461,40.780609130859375,614.03,5218,5218,5225.97,5840.0,7.970000000000255,-2.2737367544323206e-13,0.9999999999999997
38805,-74.01470184326173,40.710227966308594,-73.97305297851562,40.785118103027344,1355.75,5218,5218,5239.73,6679.27,21.729999999999563,83.79000000000087,1.061803429835885
38806,-73.97047424316406,40.76490783691406,-73.96318817138672,40.76254653930664,310.46,5218,5218,-1.0,-1.0,-1,-1,0.0
38807,-73.9564437866211,40.783958435058594,-73.9522933959961,40.76628112792969,644.91,5218,5218,5259.66,5938.67,41.659999999999854,34.10000000000025,1.05287559504427
38808,-73.96783447265625,40.76306915283203,-73.98703765869139,40.7422103881836,660.05,5218,5218,-1.0,-1.0,-1,-1,0.0
38809,-73.96512603759766,40.76900100708008,-73.95563507080078,40.77632522583008,248.49,5218,5218,-1.0,-1.0,-1,-1,0.0
38810,-73.96185302734375,40.76401138305664,-73.95040893554686,40.76876831054688,329.25,5218,5218,5235.47,5656.22,17.470000000000255,91.5,1.2779043280182232
38811,-73.9917984008789,40.72628784179688,-73.98272705078125,40.739341735839844,320.86,5219,5219,5258.12,5578.9800000000005,39.11999999999989,5.684341886080801e-13,1.0000000000000018
38812,-73.97509002685547,40.76195907592773,-73.97003173828125,40.76845932006836,348.54,5219,5219,-1.0,-1.0,-1,-1,0.0
38813,-73.97212982177734,40.7501106262207,-73.98879241943358,40.73969268798828,543.87,5219,5219,-1.0,-1.0,-1,-1,0.0
38814,-74.00755310058594,40.70528030395508,-73.98558044433594,40.71828842163085,586.83,5219,5219,-1.0,-1.0,-1,-1,0.0
38815,-74.0113983154297,40.70290756225585,-73.98262786865234,40.73843383789063,756.3,5219,5219,5533.04,6289.34,314.03999999999996,2.2737367544323206e-13,1.0000000000000002
38816,-73.98488616943358,40.7694091796875,-73.9505386352539,40.7823486328125,894.49,5219,5219,5504.62,6399.11,285.6199999999999,-2.2737367544323206e-13,0.9999999999999998
38817,-73.96964263916014,40.78538131713867,-73.95567321777344,40.78504180908203,281.7,5219,5219,5244.83,5526.53,25.829999999999927,-1.7053025658242404e-13,0.9999999999999994
38818,-73.9979019165039,40.724609375,-74.01659393310547,40.70804214477539,719.4,5219,5219,5290.63,6010.03,71.63000000000011,-3.410605131648481e-13,0.9999999999999996
38819,-74.0101089477539,40.71989822387695,-74.00057983398438,40.7263298034668,398.97,5220,5220,5386.62,5785.59,166.6199999999999,2.2737367544323206e-13,1.0000000000000007
38820,-73.96094512939453,40.796913146972656,-74.00341796875,40.756290435791016,1078.68,5220,5220,5340.25,6418.93,120.25,2.2737367544323206e-13,1.0000000000000002
38821,-73.99172973632812,40.74673080444336,-73.98333740234375,40.746578216552734,272.46,5220,5220,-1.0,-1.0,-1,-1,0.0
38822,-74.00168609619139,40.726165771484375,-74.01549530029298,40.70643615722656,693.53,5220,5220,5278.83,5972.360000000001,58.82999999999993,6.821210263296962e-13,1.0000000000000009
38823,-73.95880126953125,40.79978942871094,-73.97750091552734,40.76530838012695,873.56,5220,5220,-1.0,-1.0,-1,-1,0.0
38824,-73.99308776855469,40.75236892700195,-73.9892578125,40.73160171508789,845.15,5220,5220,-1.0,-1.0,-1,-1,0.0
38825,-73.9955520629883,40.75941848754883,-73.98628234863281,40.7723503112793,222.42,5220,5220,-1.0,-1.0,-1,-1,0.0
38826,-73.97496032714845,40.76219940185547,-73.99986267089844,40.76116943359375,780.59,5220,5220,-1.0,-1.0,-1,-1,0.0
38827,-73.97089385986328,40.751968383789055,-73.98458862304686,40.72467803955078,597.65,5221,5221,-1.0,-1.0,-1,-1,0.0
38828,-73.99165344238281,40.75976943969727,-74.0169677734375,40.705020904541016,1089.07,5221,5221,-1.0,-1.0,-1,-1,0.0
38829,-73.98229217529298,40.751651763916016,-73.96733856201173,40.76021957397461,536.33,5221,5221,-1.0,-1.0,-1,-1,0.0
38830,-74.00833892822266,40.75091171264648,-74.00871276855469,40.74150085449219,387.72,5221,5221,-1.0,-1.0,-1,-1,0.0
38831,-73.98267364501955,40.754051208496094,-73.9806900024414,40.76538848876953,397.22,5221,5221,-1.0,-1.0,-1,-1,0.0
38832,-73.97969818115234,40.75352096557617,-74.00157165527344,40.76193237304688,629.46,5221,5221,-1.0,-1.0,-1,-1,0.0
38833,-74.0053482055664,40.75120544433594,-73.9781723022461,40.752384185791016,781.46,5221,5221,5321.79,6103.25,100.78999999999996,0.0,1.0
38834,-74.011962890625,40.720462799072266,-73.9988555908203,40.76353073120117,675.31,5222,5222,-1.0,-1.0,-1,-1,0.0
38835,-73.94995880126955,40.78047180175781,-73.96086883544923,40.76549911499024,369.59,5222,5222,5745.08,6114.67,523.0799999999999,1.7053025658242404e-13,1.0000000000000004
38836,-73.9596176147461,40.77389907836913,-73.95471954345702,40.76720809936523,306.87,5222,5222,-1.0,-1.0,-1,-1,0.0
38837,-73.96828460693358,40.76263427734375,-73.9872817993164,40.73611831665039,725.5,5222,5222,5271.4,6053.36,49.399999999999636,56.460000000000036,1.0778221915920057
38838,-73.97665405273438,40.765113830566406,-73.9601821899414,40.79814147949219,729.72,5222,5222,5281.59,6011.31,59.590000000000146,2.2737367544323206e-13,1.0000000000000002
38839,-73.99378967285155,40.75421142578125,-73.97994232177734,40.763198852539055,402.39,5222,5222,-1.0,-1.0,-1,-1,0.0
38840,-73.97770690917969,40.75838851928711,-73.95754241943358,40.761940002441406,694.04,5222,5222,-1.0,-1.0,-1,-1,0.0
38841,-73.98805236816406,40.75019836425781,-73.95752716064453,40.76277160644531,896.01,5223,5223,-1.0,-1.0,-1,-1,0.0
38842,-73.99905395507811,40.72818374633789,-74.000732421875,40.74615478515625,601.24,5223,5223,5426.75,6027.99,203.75,-2.2737367544323206e-13,0.9999999999999997
38843,-74.00603485107422,40.71852493286133,-74.0052719116211,40.7094955444336,439.34,5223,5223,-1.0,-1.0,-1,-1,0.0
38844,-73.97765350341797,40.75431442260742,-73.97891998291014,40.78242874145508,832.26,5223,5223,-1.0,-1.0,-1,-1,0.0
38845,-73.9636993408203,40.76826095581055,-73.98705291748048,40.73891830444336,818.05,5223,5223,-1.0,-1.0,-1,-1,0.0
38846,-73.98297882080078,40.77898025512695,-73.9397964477539,40.82369995117188,1072.62,5223,5223,5275.98,6348.599999999999,52.97999999999956,0.0,1.0
38847,-73.97675323486328,40.747779846191406,-73.99987030029298,40.738529205322266,664.25,5223,5223,-1.0,-1.0,-1,-1,0.0
38848,-73.94697570800781,40.771751403808594,-73.96014404296875,40.77379989624024,336.66,5224,5224,5471.87,5808.53,247.8699999999999,-1.7053025658242404e-13,0.9999999999999994
38849,-73.95819091796875,40.76483154296875,-73.94892120361328,40.77728271484375,202.62,5224,5224,5270.88,5473.5,46.88000000000011,-1.1368683772161603e-13,0.9999999999999994
38850,-74.00215148925781,40.72818374633789,-74.01504516601562,40.71823120117188,475.54,5224,5224,-1.0,-1.0,-1,-1,0.0
38851,-73.96023559570312,40.76202774047852,-73.94715881347656,40.77996444702149,280.29,5224,5224,5260.08,5540.37,36.07999999999993,-5.684341886080802e-14,0.9999999999999998
38852,-73.99622344970702,40.717586517333984,-73.98478698730467,40.76264190673828,1423.67,5224,5224,5580.7,7004.370000000001,356.6999999999998,9.094947017729282e-13,1.0000000000000007
38853,-73.97402954101562,40.76330947875977,-73.95391845703125,40.77920913696289,561.74,5225,5225,-1.0,-1.0,-1,-1,0.0
38854,-73.9874267578125,40.7653694152832,-73.97794342041014,40.75405502319336,627.45,5225,5225,5274.95,5908.6,49.94999999999982,6.2000000000005,1.009881265439478
38855,-73.97885131835938,40.76293182373047,-73.99222564697266,40.76921844482422,467.79,5225,5225,-1.0,-1.0,-1,-1,0.0
38856,-73.96541595458984,40.76931762695313,-73.95408630371094,40.787105560302734,374.88,5225,5225,-1.0,-1.0,-1,-1,0.0
38857,-73.97336578369139,40.75517272949219,-73.98753356933594,40.748966217041016,612.37,5226,5226,-1.0,-1.0,-1,-1,0.0
38858,-73.97469329833984,40.75087356567383,-73.9609375,40.76936721801758,444.17,5226,5226,-1.0,-1.0,-1,-1,0.0
38859,-73.97425079345702,40.76079559326172,-73.990966796875,40.72970199584961,933.46,5226,5226,-1.0,-1.0,-1,-1,0.0
38860,-73.97561645507811,40.74972915649415,-73.9710235595703,40.796791076660156,1242.85,5226,5226,5252.45,6543.36,26.449999999999818,48.059999999999945,1.0386691877539527
38861,-73.96365356445312,40.7617301940918,-73.97167205810547,40.75849914550781,271.95,5226,5226,5263.18,5535.13,37.18000000000029,-1.7053025658242404e-13,0.9999999999999993
38862,-73.9805679321289,40.76150894165039,-73.99742889404298,40.71947860717773,1274.9,5226,5226,-1.0,-1.0,-1,-1,0.0
38863,-73.97825622558594,40.75471878051758,-73.96764373779298,40.7547264099121,358.39,5226,5226,5264.59,5622.9800000000005,38.590000000000146,3.410605131648481e-13,1.0000000000000009
38864,-73.99810791015625,40.72523880004883,-74.00418090820312,40.742332458496094,566.97,5226,5226,5348.63,5915.6,122.63000000000011,2.2737367544323206e-13,1.0000000000000004
38865,-74.0055160522461,40.73677062988281,-73.99123382568358,40.723648071289055,667.82,5226,5226,-1.0,-1.0,-1,-1,0.0
38866,-73.97518157958984,40.75320816040039,-73.98555755615234,40.738441467285156,307.25,5226,5226,-1.0,-1.0,-1,-1,0.0
38867,-73.99244689941406,40.73799133300781,-74.00582122802734,40.7380485534668,393.5,5227,5227,5255.11,5669.79,28.109999999999673,21.18000000000029,1.0538246505717923
38868,-74.01001739501955,40.710182189941406,-73.99024963378906,40.75743865966797,1126.05,5227,5227,-1.0,-1.0,-1,-1,0.0
38869,-73.98175048828125,40.7636604309082,-73.9695587158203,40.75872039794922,517.75,5227,5227,-1.0,-1.0,-1,-1,0.0
38870,-73.9771728515625,40.749366760253906,-73.97694396972656,40.74322891235352,212.21,5227,5227,5280.71,5492.92,53.710000000000036,2.842170943040401e-14,1.0000000000000002
38871,-73.96965026855469,40.757728576660156,-74.0010223388672,40.7463493347168,972.89,5228,5228,-1.0,-1.0,-1,-1,0.0
38872,-74.000732421875,40.73728942871094,-73.9827423095703,40.72333908081055,678.69,5228,5228,5279.12,5957.81,51.11999999999989,4.547473508864641e-13,1.0000000000000007
38873,-74.0014419555664,40.73092651367188,-73.99910736083984,40.74430847167969,370.87,5228,5228,5377.88,5748.75,149.8800000000001,-1.1368683772161603e-13,0.9999999999999997
38874,-73.9911117553711,40.739013671875,-73.99471282958984,40.72797393798828,322.72,5228,5228,-1.0,-1.0,-1,-1,0.0
38875,-74.00161743164062,40.72480010986328,-73.96036529541014,40.7700080871582,1311.51,5228,5228,5270.29,6635.87,42.289999999999964,54.069999999999936,1.0412272876302886
38876,-74.00415802001955,40.74047088623047,-73.98640441894531,40.74270629882813,501.17,5228,5228,-1.0,-1.0,-1,-1,0.0
38877,-73.99364471435547,40.74673461914063,-73.97702026367188,40.72740173339844,761.18,5228,5228,-1.0,-1.0,-1,-1,0.0
38878,-74.0029754638672,40.74435043334961,-73.97862243652342,40.75268173217773,763.15,5228,5228,-1.0,-1.0,-1,-1,0.0
38879,-73.97181701660156,40.75217056274415,-73.96768188476562,40.80474090576172,1387.42,5229,5229,-1.0,-1.0,-1,-1,0.0
38880,-74.0020751953125,40.72951889038085,-73.97219085693358,40.76556396484375,1110.03,5229,5229,5351.71,6461.74,122.71000000000004,-2.2737367544323206e-13,0.9999999999999998
38881,-73.98912048339844,40.75579833984375,-73.9749755859375,40.721641540527344,1238.97,5229,5229,5271.0,6581.53,42.0,71.55999999999972,1.0577576535347908
38882,-73.97794342041014,40.7546501159668,-73.994140625,40.73315048217773,609.67,5229,5229,-1.0,-1.0,-1,-1,0.0
38883,-73.9759063720703,40.75208282470703,-73.98782348632812,40.74422836303711,382.71,5229,5229,5273.03,5655.74,44.029999999999745,5.684341886080802e-14,1.0000000000000002
38884,-73.9902801513672,40.761627197265625,-73.97572326660156,40.78979110717773,616.7,5229,5229,-1.0,-1.0,-1,-1,0.0
38885,-73.95314025878906,40.78023147583008,-73.96823120117188,40.78669357299805,415.41,5229,5229,5272.87,5688.28,43.86999999999989,-1.7053025658242404e-13,0.9999999999999996
38886,-74.00814056396483,40.7211799621582,-74.00599670410156,40.73497009277344,226.04,5229,5229,5322.5,5548.54,93.5,-2.842170943040401e-14,0.9999999999999999
38887,-73.99080657958984,40.73986053466797,-73.96770477294923,40.76873016357422,938.01,5229,5229,-1.0,-1.0,-1,-1,0.0
38888,-73.98365020751955,40.75524139404297,-73.9769287109375,40.760501861572266,349.09,5230,5230,-1.0,-1.0,-1,-1,0.0
38889,-73.96278381347656,40.81078338623047,-73.94715881347656,40.81678009033203,484.24,5230,5230,5737.86,6222.1,507.8599999999997,6.821210263296962e-13,1.0000000000000013
38890,-73.99407958984375,40.75133514404297,-73.98612976074219,40.75916290283203,414.52,5230,5230,-1.0,-1.0,-1,-1,0.0
38891,-73.98268127441406,40.75682830810547,-73.9769973754883,40.776798248291016,557.24,5230,5230,-1.0,-1.0,-1,-1,0.0
38892,-73.98171997070312,40.778480529785156,-73.97528076171875,40.79214859008789,307.92,5230,5230,5276.49,5584.41,46.48999999999978,5.684341886080802e-14,1.0000000000000002
38893,-74.0127410888672,40.702598571777344,-73.98886108398438,40.74861145019531,1123.85,5230,5230,-1.0,-1.0,-1,-1,0.0
38894,-73.98202514648438,40.76974868774415,-73.97727966308595,40.78607177734375,402.66,5230,5230,5586.91,5989.57,356.90999999999985,-1.7053025658242404e-13,0.9999999999999996
38895,-73.97257232666014,40.74028015136719,-73.98287200927734,40.76624298095703,1116.51,5231,5231,5327.12,6443.63,96.11999999999989,2.2737367544323206e-13,1.0000000000000002
38896,-73.97343444824219,40.75798416137695,-74.00259399414062,40.76067352294922,934.09,5231,5231,-1.0,-1.0,-1,-1,0.0
38897,-74.01005554199219,40.73443603515625,-74.00137329101562,40.76239013671875,472.57,5231,5231,-1.0,-1.0,-1,-1,0.0
38898,-73.99246215820312,40.724422454833984,-74.0076675415039,40.740234375,708.45,5231,5231,5250.0,5958.45,19.0,-2.2737367544323206e-13,0.9999999999999997
38899,-73.96688842773438,40.76402282714844,-73.944580078125,40.81321716308594,1061.39,5231,5231,-1.0,-1.0,-1,-1,0.0
38900,-73.9836654663086,40.76150894165039,-73.99180603027342,40.749267578125,429.35,5231,5231,-1.0,-1.0,-1,-1,0.0
38901,-73.96519470214845,40.75966262817383,-73.97361755371094,40.748023986816406,267.96,5231,5231,5375.01,5642.97,144.01000000000022,5.684341886080802e-14,1.0000000000000002
38902,-73.97215270996094,40.78641128540039,-73.96707153320312,40.75763320922852,976.47,5231,5231,5289.56,6287.93,58.5600000000004,21.899999999999864,1.0224277243540507
38903,-73.9818344116211,40.75578689575195,-73.99517822265625,40.7392807006836,546.8,5231,5231,-1.0,-1.0,-1,-1,0.0
38904,-73.97354888916014,40.76430130004883,-73.99454498291014,40.76070022583008,699.19,5231,5231,-1.0,-1.0,-1,-1,0.0
38905,-73.98236846923827,40.76012420654297,-73.96668243408203,40.764991760253906,685.67,5231,5231,-1.0,-1.0,-1,-1,0.0
38906,-73.98999786376955,40.77253341674805,-73.9796371459961,40.73303985595703,1251.28,5232,5232,5250.0,6594.58,18.0,93.29999999999995,1.0745636468256505
38907,-73.98152160644531,40.780853271484375,-73.94794464111328,40.7745475769043,853.43,5232,5232,5264.36,6158.32,32.35999999999967,40.530000000000086,1.0474907139425613
38908,-73.96768951416014,40.766021728515625,-73.997314453125,40.72512435913085,1126.51,5232,5232,-1.0,-1.0,-1,-1,0.0
38909,-73.9577865600586,40.77965927124024,-73.9806137084961,40.787559509277344,510.25,5232,5232,-1.0,-1.0,-1,-1,0.0
38910,-73.98863220214844,40.74131774902344,-74.00153350830078,40.73948287963867,336.67,5232,5232,5290.51,5627.18,58.51000000000022,5.684341886080802e-14,1.0000000000000002
38911,-73.98448181152342,40.75386428833008,-73.9589614868164,40.77094268798828,780.3,5232,5232,-1.0,-1.0,-1,-1,0.0
38912,-73.99589538574219,40.72921371459961,-74.01768493652342,40.70795440673828,892.96,5233,5233,-1.0,-1.0,-1,-1,0.0
38913,-73.9992446899414,40.74412155151367,-73.99170684814453,40.75495147705078,299.26,5233,5233,5286.33,5585.59,53.32999999999993,2.2737367544323206e-13,1.0000000000000007
38914,-73.98703765869139,40.7612419128418,-73.98426818847656,40.78062057495117,524.76,5233,5233,5254.17,5868.82,21.170000000000073,89.88999999999965,1.1712973549813241
38915,-73.97322845458984,40.75200271606445,-73.9935531616211,40.76094055175781,794.76,5233,5233,-1.0,-1.0,-1,-1,0.0
38916,-74.01510620117188,40.71621322631836,-73.99089813232422,40.71453857421875,759.77,5233,5233,-1.0,-1.0,-1,-1,0.0
38917,-73.99111938476562,40.76060485839844,-73.99967193603516,40.73422622680664,704.91,5234,5234,-1.0,-1.0,-1,-1,0.0
38918,-73.97783660888672,40.75787353515625,-73.9915542602539,40.73903274536133,425.13,5234,5234,-1.0,-1.0,-1,-1,0.0
38919,-73.96121215820312,40.769920349121094,-73.9921646118164,40.76888275146485,809.45,5234,5234,5265.34,6074.79,31.340000000000146,-2.2737367544323206e-13,0.9999999999999997
38920,-73.96793365478516,40.75632095336913,-73.97193908691406,40.75667190551758,201.67,5234,5234,5263.21,5464.88,29.210000000000036,8.526512829121202e-14,1.0000000000000004
38921,-73.96805572509766,40.76279830932617,-74.00944519042969,40.71505737304688,1433.19,5234,5234,5255.95,6776.05,21.949999999999818,86.91000000000031,1.060640947815712
38922,-73.98018646240234,40.7673454284668,-73.99168395996094,40.77013778686523,348.3,5234,5234,5260.27,5670.96,26.270000000000437,62.38999999999959,1.1791271892047075
38923,-73.97657775878906,40.78808975219727,-73.95223999023438,40.78982543945313,551.86,5234,5234,5280.17,5886.75,46.17000000000007,54.719999999999914,1.0991555829377013
38924,-73.98670959472656,40.73225402832031,-74.00071716308595,40.74630355834961,609.34,5234,5234,5407.96,6017.3,173.96000000000004,1.1368683772161603e-13,1.0000000000000002
38925,-73.9806137084961,40.76409912109375,-73.9947967529297,40.74506759643555,569.4,5234,5234,-1.0,-1.0,-1,-1,0.0
38926,-73.97951507568358,40.7589225769043,-73.96367645263672,40.774391174316406,552.68,5235,5235,5263.75,5816.43,28.75,3.410605131648481e-13,1.0000000000000007
38927,-73.99043273925781,40.734718322753906,-74.00177001953125,40.73952865600585,300.59,5235,5235,5284.57,5585.16,49.56999999999971,1.7053025658242404e-13,1.0000000000000007
38928,-73.9834442138672,40.75647354125977,-73.98000335693358,40.78105163574219,713.99,5236,5236,-1.0,-1.0,-1,-1,0.0
38929,-73.9961395263672,40.740398406982415,-73.96369171142578,40.76572799682617,996.06,5236,5236,5257.67,6340.93,21.670000000000073,87.20000000000027,1.0875449270124293
38930,-73.97283172607422,40.75970077514648,-73.98027801513672,40.73862838745117,585.18,5236,5236,-1.0,-1.0,-1,-1,0.0
38931,-73.99248504638672,40.7377815246582,-73.99995422363281,40.7330322265625,218.28,5236,5236,5278.74,5497.0199999999995,42.73999999999978,-2.5579538487363607e-13,0.9999999999999988
38932,-73.97550964355469,40.751968383789055,-73.9872055053711,40.72913360595703,508.02,5236,5236,-1.0,-1.0,-1,-1,0.0
38933,-73.99234771728516,40.75386428833008,-73.96268463134766,40.76325607299805,960.58,5236,5236,5290.31,6250.889999999999,54.3100000000004,-1.0231815394945443e-12,0.9999999999999989
38934,-73.97176361083984,40.76084518432617,-73.95732879638672,40.77853012084961,476.74,5236,5236,-1.0,-1.0,-1,-1,0.0
38935,-73.98560333251955,40.758644104003906,-73.98656463623048,40.746849060058594,433.01,5236,5236,5277.75,5710.76,41.75,2.2737367544323206e-13,1.0000000000000004
38936,-73.97738647460938,40.751380920410156,-73.9848098754883,40.74515914916992,339.12,5237,5237,-1.0,-1.0,-1,-1,0.0
38937,-73.98724365234375,40.75060653686523,-73.94618225097656,40.775550842285156,1110.88,5237,5237,-1.0,-1.0,-1,-1,0.0
38938,-73.97404479980467,40.76492309570313,-73.99095916748048,40.750736236572266,682.79,5237,5237,-1.0,-1.0,-1,-1,0.0
38939,-73.99984741210938,40.73316955566406,-73.98793029785155,40.74151611328125,374.07,5237,5237,5361.95,5736.0199999999995,124.94999999999982,-2.8421709430404007e-13,0.9999999999999992
38940,-73.99369812011719,40.733562469482415,-74.00783538818358,40.71922302246094,586.16,5237,5237,-1.0,-1.0,-1,-1,0.0
38941,-73.9859619140625,40.74085235595703,-74.00125885009766,40.73112869262695,468.62,5237,5237,-1.0,-1.0,-1,-1,0.0
38942,-73.97791290283203,40.76068115234375,-73.9541473388672,40.78709030151367,727.84,5238,5238,-1.0,-1.0,-1,-1,0.0
38943,-73.97203826904298,40.76429748535156,-74.00740814208984,40.71832275390625,1220.82,5238,5238,-1.0,-1.0,-1,-1,0.0
38944,-73.97203826904298,40.75989532470703,-73.96170806884766,40.77406311035156,354.54,5238,5238,-1.0,-1.0,-1,-1,0.0
38945,-73.9832534790039,40.74420547485352,-73.98147583007811,40.75870895385742,508.29,5238,5238,-1.0,-1.0,-1,-1,0.0
38946,-74.00274658203125,40.76063919067383,-73.9886703491211,40.75680160522461,416.04,5239,5239,-1.0,-1.0,-1,-1,0.0
38947,-73.99015808105469,40.7476921081543,-73.99520874023438,40.71986770629883,1006.27,5239,5239,-1.0,-1.0,-1,-1,0.0
38948,-73.98914337158203,40.72016143798828,-74.00350952148438,40.75168228149415,1108.81,5239,5239,5510.04,6618.85,271.03999999999996,4.547473508864641e-13,1.0000000000000004
38949,-73.98340606689453,40.72605514526367,-74.00517272949219,40.73998641967773,747.59,5239,5239,5296.13,6043.72,57.13000000000011,1.1368683772161603e-13,1.0000000000000002
38950,-73.9739532470703,40.76028823852539,-73.95887756347656,40.771751403808594,435.38,5239,5239,5257.6,5692.9800000000005,18.600000000000364,1.1368683772161603e-13,1.0000000000000002
38951,-73.96795654296875,40.765491485595696,-73.9805679321289,40.74905014038085,584.95,5239,5239,5298.46,5883.41,59.460000000000036,-2.2737367544323206e-13,0.9999999999999996
38952,-73.9574203491211,40.785621643066406,-73.968017578125,40.79231262207031,408.03,5239,5239,5337.46,5745.49,98.46000000000004,-2.2737367544323206e-13,0.9999999999999994
38953,-73.94906616210938,40.785404205322266,-73.94164276123048,40.78864288330078,182.08,5239,5239,5378.5,5560.58,139.5,-8.526512829121202e-14,0.9999999999999996
38954,-73.99360656738281,40.74203872680664,-73.99966430664062,40.72980117797852,444.65,5239,5239,-1.0,-1.0,-1,-1,0.0
38955,-73.9852294921875,40.75346374511719,-73.94486999511719,40.77681350708008,1066.87,5239,5239,-1.0,-1.0,-1,-1,0.0
38956,-73.97625732421875,40.75171661376953,-73.96664428710938,40.761573791503906,345.14,5240,5240,-1.0,-1.0,-1,-1,0.0
38957,-73.98784637451173,40.7497444152832,-73.99028778076173,40.72913360595703,637.59,5240,5240,-1.0,-1.0,-1,-1,0.0
38958,-74.00160217285155,40.74116516113281,-74.0040054321289,40.7480583190918,210.82,5240,5240,5355.54,5566.36,115.53999999999996,-2.8421709430404007e-13,0.9999999999999987
38959,-73.97738647460938,40.75227355957031,-73.97794342041014,40.75746536254883,312.7,5240,5240,-1.0,-1.0,-1,-1,0.0
38960,-73.97061920166014,40.79412841796875,-73.94127655029298,40.788440704345696,788.8,5240,5240,5290.57,6079.37,50.56999999999971,2.2737367544323206e-13,1.0000000000000002
38961,-73.99318695068358,40.72769165039063,-73.97692108154298,40.74740982055664,500.53,5240,5240,5291.45,5791.9800000000005,51.44999999999982,6.821210263296962e-13,1.0000000000000013
38962,-73.98717498779298,40.757713317871094,-73.98709869384766,40.749473571777344,335.54,5240,5240,5366.82,5702.36,126.81999999999971,-5.684341886080802e-14,0.9999999999999998
38963,-73.9953842163086,40.75957489013672,-73.96769714355469,40.802005767822266,756.29,5240,5240,-1.0,-1.0,-1,-1,0.0
38964,-73.97175598144531,40.75736618041992,-73.94589233398438,40.7788314819336,670.02,5241,5241,-1.0,-1.0,-1,-1,0.0
38965,-73.98473358154298,40.74272155761719,-73.9884262084961,40.74758911132813,303.88,5241,5241,-1.0,-1.0,-1,-1,0.0
38966,-73.9914779663086,40.73918533325195,-74.00639343261719,40.73859786987305,469.88,5241,5241,-1.0,-1.0,-1,-1,0.0
38967,-73.97286987304686,40.76454162597656,-73.99526977539062,40.72491836547852,1059.64,5241,5241,-1.0,-1.0,-1,-1,0.0
38968,-73.9841537475586,40.76511764526367,-73.92345428466798,40.86763000488281,1224.33,5241,5241,-1.0,-1.0,-1,-1,0.0
38969,-74.01076507568358,40.7027702331543,-73.96019744873048,40.76546096801758,995.9,5242,5242,5264.66,6260.5599999999995,22.659999999999854,-3.410605131648481e-13,0.9999999999999997
38970,-73.98184967041014,40.77460861206055,-73.9454574584961,40.816932678222656,1006.38,5242,5242,5280.84,6338.02,38.840000000000146,50.800000000000296,1.0504779506746957
38971,-73.9932632446289,40.72964859008789,-73.99110412597656,40.748783111572266,691.11,5242,5242,5302.54,5993.65,60.539999999999964,-3.410605131648481e-13,0.9999999999999996
38972,-73.9600830078125,40.773643493652344,-73.96305084228516,40.765567779541016,269.41,5242,5242,5293.73,5563.14,51.72999999999956,7.389644451905042e-13,1.0000000000000027
38973,-73.9686508178711,40.75446701049805,-73.98685455322266,40.764366149902344,882.41,5242,5242,-1.0,-1.0,-1,-1,0.0
38974,-73.98772430419923,40.73825454711913,-74.00373077392578,40.74332046508789,461.0,5242,5242,-1.0,-1.0,-1,-1,0.0
38975,-73.97514343261719,40.755069732666016,-73.99691772460938,40.74734878540039,732.93,5242,5242,-1.0,-1.0,-1,-1,0.0
38976,-73.97859191894531,40.761817932128906,-74.00450897216798,40.74201583862305,875.6,5242,5242,5268.3,6206.3,26.300000000000182,62.39999999999998,1.0712654179990864
38977,-73.9717254638672,40.79450988769531,-73.95308685302734,40.77647018432617,658.2,5242,5242,5267.66,6012.27,25.659999999999854,86.41000000000054,1.1312822850197517
38978,-73.95553588867188,40.76835632324219,-73.95767211914062,40.78303146362305,407.97,5242,5242,5297.59,5705.56,55.590000000000146,2.2737367544323206e-13,1.0000000000000007
38979,-73.983642578125,40.77756118774415,-74.00572967529298,40.74517822265625,838.41,5243,5243,5311.16,6149.57,68.15999999999985,-1.1368683772161603e-13,0.9999999999999999
38980,-73.97473907470702,40.7623176574707,-73.98211669921875,40.77184677124024,447.16,5243,5243,-1.0,-1.0,-1,-1,0.0
38981,-73.98180389404298,40.752265930175774,-73.99647521972656,40.72013854980469,918.69,5243,5243,-1.0,-1.0,-1,-1,0.0
38982,-73.98159790039062,40.77385711669922,-73.98837280273438,40.745460510253906,974.66,5243,5243,5288.14,6302.02,45.14000000000033,39.22000000000014,1.0402396733219792
38983,-73.98236846923827,40.77250289916992,-73.99331665039062,40.75767135620117,408.47,5243,5243,5254.23,5662.7,11.229999999999563,2.2737367544323206e-13,1.0000000000000007
38984,-73.9662094116211,40.76176834106445,-73.9583282470703,40.76067352294922,312.04,5243,5243,5348.5,5660.54,105.5,-5.684341886080802e-14,0.9999999999999998
38985,-73.97051239013672,40.755725860595696,-73.97285461425781,40.76412582397461,457.76,5244,5244,-1.0,-1.0,-1,-1,0.0
38986,-73.98460388183594,40.748680114746094,-74.00253295898438,40.72773361206055,540.25,5244,5244,5264.64,5903.4800000000005,20.640000000000327,98.59000000000015,1.1824895881536328
38987,-73.95685577392578,40.7667121887207,-73.97335052490234,40.76394653320313,606.84,5244,5244,5270.21,5877.05,26.210000000000036,1.1368683772161603e-13,1.0000000000000002
38988,-73.95184326171875,40.77204132080078,-73.98149871826173,40.76818084716797,875.57,5244,5244,5280.17,6155.74,36.17000000000007,-3.410605131648481e-13,0.9999999999999996
38989,-73.98110961914062,40.7558479309082,-73.99198913574219,40.76958084106445,686.0,5244,5244,5275.5,5985.85,31.5,24.350000000000364,1.035495626822158
38990,-73.96340942382812,40.77445983886719,-73.9568634033203,40.77576065063477,201.79,5244,5244,5270.34,5472.13,26.340000000000146,-2.842170943040401e-14,0.9999999999999999
38991,-73.97056579589844,40.76462173461913,-73.97796630859375,40.75393676757813,466.38,5244,5244,5301.12,5826.59,57.11999999999989,59.09000000000026,1.1266992581157003
38992,-73.98210906982422,40.75163269042969,-73.98919677734375,40.75255584716797,232.33,5244,5244,5301.92,5534.25,57.92000000000007,-8.526512829121202e-14,0.9999999999999997
38993,-73.94940948486328,40.77786636352539,-73.965087890625,40.77519226074219,461.34,5245,5245,5287.28,5777.82,42.279999999999745,29.19999999999999,1.0632938830363723
38994,-73.9633560180664,40.75593948364258,-73.9690933227539,40.75811004638672,229.87,5245,5245,-1.0,-1.0,-1,-1,0.0
38995,-73.98997497558594,40.71953201293945,-73.97642517089844,40.739910125732415,426.42,5245,5245,5275.08,5701.5,30.079999999999927,5.684341886080802e-14,1.0000000000000002
38996,-73.97512054443358,40.79035949707031,-73.9571533203125,40.78004837036133,485.28,5246,5246,5281.62,5766.9,35.61999999999989,-2.2737367544323206e-13,0.9999999999999996
38997,-73.9932632446289,40.74138259887695,-74.00677490234375,40.73510360717773,422.21,5246,5246,-1.0,-1.0,-1,-1,0.0
38998,-73.97738647460938,40.75851821899415,-74.0019989013672,40.74443817138672,727.89,5246,5246,-1.0,-1.0,-1,-1,0.0
38999,-73.97514343261719,40.75280380249024,-73.98253631591797,40.741111755371094,233.45,5246,5246,-1.0,-1.0,-1,-1,0.0
39000,-73.96560668945312,40.76934814453125,-73.9809036254883,40.78242111206055,611.02,5246,5246,-1.0,-1.0,-1,-1,0.0
39001,-73.9811019897461,40.7530517578125,-73.99018859863281,40.723388671875,818.11,5247,5247,-1.0,-1.0,-1,-1,0.0
39002,-74.01116943359375,40.70183944702149,-73.98311614990234,40.76533508300781,1365.61,5247,5247,5621.62,6987.23,374.6199999999999,-2.2737367544323206e-13,0.9999999999999999
39003,-73.99363708496094,40.761878967285156,-73.98690795898438,40.752540588378906,457.83,5247,5247,-1.0,-1.0,-1,-1,0.0
39004,-74.00444793701173,40.74783706665039,-73.99005889892578,40.74176406860352,336.84,5247,5247,5280.12,5644.62,33.11999999999989,27.660000000000025,1.082116138225864
39005,-73.99298858642578,40.73397445678711,-74.00188446044923,40.74053192138672,336.0,5247,5247,-1.0,-1.0,-1,-1,0.0
39006,-73.97473907470702,40.74225997924805,-74.00081634521484,40.74726104736328,760.82,5247,5247,5288.03,6112.93,41.029999999999745,64.0800000000005,1.0842249152230494
39007,-73.98656463623048,40.74749374389648,-74.00012969970702,40.73065948486328,403.16,5247,5247,-1.0,-1.0,-1,-1,0.0
39008,-73.97560119628906,40.78195190429688,-73.9703826904297,40.76023864746094,808.88,5247,5247,5297.12,6106.0,50.11999999999989,1.1368683772161603e-13,1.0000000000000002
39009,-74.0041275024414,40.70726013183594,-73.99366760253906,40.72096252441406,364.26,5247,5247,-1.0,-1.0,-1,-1,0.0
39010,-73.99208068847656,40.742591857910156,-73.985107421875,40.72405624389648,676.83,5248,5248,-1.0,-1.0,-1,-1,0.0
39011,-73.97144317626955,40.76195907592773,-73.99333953857422,40.721946716308594,1052.79,5248,5248,-1.0,-1.0,-1,-1,0.0
39012,-73.97274017333984,40.796211242675774,-73.9775390625,40.78403854370117,311.8,5248,5248,5390.7,5702.5,142.69999999999982,1.7053025658242404e-13,1.0000000000000004
39013,-73.96939849853516,40.7551383972168,-73.94843292236328,40.77811050415039,460.6,5248,5248,5263.39,5723.99,15.390000000000327,-5.684341886080801e-13,0.9999999999999988
39014,-73.98215484619139,40.7522850036621,-73.95218658447266,40.77312850952149,802.84,5248,5248,-1.0,-1.0,-1,-1,0.0
39015,-73.97650146484375,40.748802185058594,-73.97169494628906,40.76319122314453,528.92,5248,5248,5366.38,5895.3,118.38000000000011,1.1368683772161603e-13,1.0000000000000002
39016,-73.99565124511719,40.74428939819336,-73.94245147705078,40.8238410949707,1685.12,5248,5248,-1.0,-1.0,-1,-1,0.0
39017,-73.99752807617188,40.74650955200195,-73.98300170898438,40.77096176147461,647.45,5248,5248,-1.0,-1.0,-1,-1,0.0
39018,-73.98721313476562,40.748329162597656,-73.98497009277344,40.76319122314453,579.94,5249,5249,-1.0,-1.0,-1,-1,0.0
39019,-74.00527954101562,40.75135040283203,-73.98124694824219,40.77914810180664,659.81,5249,5249,5306.31,5966.12,57.3100000000004,-4.547473508864641e-13,0.9999999999999993
39020,-74.00144958496094,40.72013854980469,-74.00852203369139,40.719890594482415,280.89,5249,5249,5250.0,5530.89,1.0,3.410605131648481e-13,1.000000000000001
39021,-73.9900665283203,40.7408561706543,-74.00144958496094,40.72642517089844,464.79,5249,5249,-1.0,-1.0,-1,-1,0.0
39022,-73.97864532470702,40.73654556274415,-73.9744644165039,40.7260856628418,417.2,5249,5249,5378.67,5795.87,129.67000000000007,-1.7053025658242404e-13,0.9999999999999996
39023,-73.9911880493164,40.733882904052734,-73.99665069580078,40.72558975219727,207.67,5249,5249,-1.0,-1.0,-1,-1,0.0
39024,-74.01736450195312,40.704933166503906,-73.99696350097656,40.74468231201172,870.72,5250,5250,5277.58,6148.3,27.579999999999927,2.2737367544323206e-13,1.0000000000000002
39025,-73.99405670166014,40.75120162963867,-73.95863342285155,40.76634979248047,1110.28,5250,5250,5274.67,6456.97,24.670000000000073,72.02000000000021,1.0648665201570777
39026,-73.98277282714845,40.76786804199219,-73.95101928710938,40.7703514099121,817.2,5250,5250,-1.0,-1.0,-1,-1,0.0
39027,-73.9730224609375,40.7645263671875,-73.96343994140625,40.76504135131836,308.26,5250,5250,-1.0,-1.0,-1,-1,0.0
39028,-73.97989654541014,40.76123809814453,-73.97052764892578,40.76419067382813,288.2,5250,5250,5288.45,5576.65,38.44999999999982,-1.7053025658242404e-13,0.9999999999999994
39029,-73.96723937988281,40.79328918457031,-73.96730804443358,40.77238845825195,499.76,5250,5250,5381.79,5881.55,131.78999999999996,2.2737367544323206e-13,1.0000000000000004
39030,-73.98951721191406,40.74717712402344,-74.0081787109375,40.74652099609375,583.23,5250,5250,5281.13,5943.75,31.13000000000011,79.38999999999987,1.1361212557653069
39031,-73.99192047119139,40.74953079223633,-73.98714447021484,40.72936248779297,633.14,5250,5250,5271.37,5960.76,21.36999999999989,56.25000000000034,1.0888429099409298
39032,-73.96084594726562,40.77243423461913,-73.9568099975586,40.78079223632813,247.11,5251,5251,-1.0,-1.0,-1,-1,0.0
39033,-73.98900604248048,40.76359939575195,-73.97854614257811,40.7528076171875,612.15,5251,5251,5361.33,5973.48,110.32999999999993,-3.410605131648481e-13,0.9999999999999994
39034,-73.97930908203125,40.75498962402344,-73.99246978759766,40.74338150024415,392.88,5251,5251,-1.0,-1.0,-1,-1,0.0
39035,-73.97804260253906,40.752418518066406,-73.99920654296875,40.73147964477539,614.13,5251,5251,-1.0,-1.0,-1,-1,0.0
39036,-73.99411010742188,40.75119400024415,-73.95911407470702,40.809417724609375,1150.03,5251,5251,-1.0,-1.0,-1,-1,0.0
39037,-73.99434661865234,40.72634887695313,-73.98419952392578,40.7435302734375,447.37,5251,5251,5294.21,5741.58,43.210000000000036,-1.1368683772161603e-13,0.9999999999999998
39038,-73.99678802490234,40.74266052246094,-74.0032501220703,40.73273086547852,185.33,5252,5252,5306.66,5491.99,54.659999999999854,-8.526512829121202e-14,0.9999999999999996
39039,-73.97398376464845,40.75740051269531,-73.96914672851562,40.7551383972168,216.25,5252,5252,-1.0,-1.0,-1,-1,0.0
39040,-73.977294921875,40.761878967285156,-73.98066711425781,40.74196243286133,755.84,5252,5252,-1.0,-1.0,-1,-1,0.0
39041,-73.99134826660156,40.73514938354492,-73.9843521118164,40.774986267089844,1014.2,5252,5252,5311.57,6325.77,59.56999999999971,6.821210263296962e-13,1.0000000000000007
39042,-73.9633560180664,40.77691650390625,-74.00048828125,40.74298095703125,1184.35,5252,5252,-1.0,-1.0,-1,-1,0.0
39043,-73.97077941894531,40.7591552734375,-73.97618103027344,40.77724838256836,694.41,5252,5252,-1.0,-1.0,-1,-1,0.0
39044,-73.99188995361328,40.74892807006836,-74.00012969970702,40.74296188354492,200.53,5252,5252,5349.24,5549.77,97.23999999999978,6.536993168992922e-13,1.0000000000000033
39045,-73.9892578125,40.7404670715332,-73.98418426513672,40.72717666625977,481.19,5252,5252,-1.0,-1.0,-1,-1,0.0
39046,-73.96672821044923,40.75722122192383,-73.97615814208984,40.741981506347656,424.88,5252,5252,-1.0,-1.0,-1,-1,0.0
39047,-73.98474884033203,40.76401901245117,-73.97349548339844,40.76483917236328,312.02,5252,5252,5305.24,5673.6,53.23999999999978,56.3400000000006,1.1805653483751062
39048,-73.95692443847656,40.78080368041992,-73.97786712646483,40.763347625732415,759.94,5252,5252,-1.0,-1.0,-1,-1,0.0
39049,-73.97722625732422,40.7518310546875,-73.96150207519531,40.765079498291016,597.35,5252,5252,-1.0,-1.0,-1,-1,0.0
39050,-73.9573516845703,40.770267486572266,-74.00171661376955,40.724609375,1389.26,5253,5253,5348.5,6737.76,95.5,2.2737367544323206e-13,1.0000000000000002
39051,-73.97820281982422,40.748401641845696,-73.9875717163086,40.732810974121094,381.49,5253,5253,-1.0,-1.0,-1,-1,0.0
39052,-73.96009826660156,40.776329040527344,-73.97675323486328,40.76424026489258,580.04,5253,5253,5306.5,5886.54,53.5,0.0,1.0
39053,-73.98241424560547,40.735267639160156,-73.9766616821289,40.764015197753906,992.78,5253,5253,5340.62,6333.4,87.61999999999989,-2.2737367544323206e-13,0.9999999999999998
39054,-73.97804260253906,40.75239181518555,-73.91770172119139,40.87105941772461,1805.81,5253,5253,-1.0,-1.0,-1,-1,0.0
39055,-74.00779724121094,40.742103576660156,-73.96268463134766,40.76568984985352,1177.83,5253,5253,-1.0,-1.0,-1,-1,0.0
39056,-73.94866180419923,40.77769088745117,-73.95262908935547,40.783668518066406,206.13,5253,5253,5370.95,5577.08,117.94999999999982,1.1368683772161603e-13,1.0000000000000004
39057,-73.95452880859375,40.7782096862793,-73.95520782470702,40.783199310302734,189.47,5253,5253,5291.08,5480.55,38.07999999999993,2.5579538487363607e-13,1.0000000000000013
39058,-73.98815155029298,40.72008514404297,-73.99020385742188,40.71422576904297,237.41,5254,5254,5435.13,5672.54,181.1300000000001,-1.4210854715202004e-13,0.9999999999999994
39059,-73.95745086669923,40.78023147583008,-73.9824676513672,40.76812744140625,680.88,5254,5254,-1.0,-1.0,-1,-1,0.0
39060,-73.95423126220702,40.76971054077149,-73.9553985595703,40.804107666015625,783.95,5254,5254,5383.25,6167.2,129.25,-2.2737367544323206e-13,0.9999999999999997
39061,-74.01536560058594,40.714332580566406,-73.9782943725586,40.77722930908203,1166.79,5254,5254,5469.79,6636.58,215.78999999999996,0.0,1.0
39062,-73.9946060180664,40.7503776550293,-74.0057144165039,40.74539566040039,314.1,5254,5254,-1.0,-1.0,-1,-1,0.0
39063,-74.00716400146483,40.743736267089844,-73.98594665527344,40.74751663208008,598.13,5254,5254,5287.37,5885.5,33.36999999999989,1.1368683772161603e-13,1.0000000000000002
39064,-73.99251556396483,40.7535514831543,-73.98661804199219,40.76658248901367,395.23,5254,5254,5280.0,5675.23,26.0,-4.547473508864641e-13,0.9999999999999989
39065,-73.98948669433594,40.739253997802734,-73.98627471923827,40.73463439941406,238.21,5255,5255,5280.0,5518.21,25.0,2.842170943040401e-14,1.0000000000000002
39066,-73.98179626464844,40.77214050292969,-73.99002838134766,40.76197052001953,294.19,5255,5255,-1.0,-1.0,-1,-1,0.0
39067,-74.00316619873048,40.73279571533203,-74.01581573486328,40.71543502807617,511.58,5255,5255,5351.96,5863.54,96.96000000000004,-5.684341886080802e-14,0.9999999999999999
39068,-73.99579620361328,40.73270797729492,-73.99758148193358,40.74651336669922,430.37,5255,5255,-1.0,-1.0,-1,-1,0.0
39069,-74.00881195068358,40.71912002563477,-73.97919464111328,40.75272750854492,1037.06,5255,5255,-1.0,-1.0,-1,-1,0.0
39070,-73.94676971435547,40.77570724487305,-73.98507690429686,40.733314514160156,934.75,5255,5255,5293.78,6249.150000000001,38.779999999999745,20.6200000000008,1.0220593741642159
39071,-73.97264099121094,40.75605010986328,-73.97765350341797,40.76355743408203,484.96,5255,5255,-1.0,-1.0,-1,-1,0.0
39072,-73.96773529052734,40.76852416992188,-73.97948455810547,40.77363586425781,286.13,5255,5255,5377.75,5663.88,122.75,1.1368683772161603e-13,1.0000000000000004
39073,-74.00772094726562,40.74084854125977,-74.00685882568358,40.730934143066406,316.33,5255,5255,-1.0,-1.0,-1,-1,0.0
39074,-73.975830078125,40.76359176635742,-73.96056365966798,40.7755012512207,511.96,5255,5255,-1.0,-1.0,-1,-1,0.0
39075,-73.9804458618164,40.76518630981445,-74.00599670410156,40.734901428222656,931.72,5255,5255,-1.0,-1.0,-1,-1,0.0
39076,-74.00511169433594,40.739837646484375,-74.00010681152342,40.72917556762695,417.68,5255,5255,5305.83,5723.51,50.82999999999993,2.8421709430404007e-13,1.0000000000000007
39077,-73.98079681396483,40.76966857910156,-73.9602813720703,40.77620315551758,544.04,5256,5256,5293.88,5837.92,37.88000000000011,0.0,1.0
39078,-73.99112701416014,40.72787857055664,-73.97441101074219,40.75146865844727,578.13,5256,5256,5295.79,5873.92,39.789999999999964,1.1368683772161603e-13,1.0000000000000002
39079,-73.98417663574219,40.779579162597656,-73.95205688476562,40.77804183959961,792.62,5256,5256,5296.52,6136.67,40.52000000000044,47.52999999999963,1.059965683429638
39080,-73.9716796875,40.74624252319336,-73.97967529296875,40.755195617675774,506.36,5256,5256,5372.71,5879.07,116.71000000000004,-3.410605131648481e-13,0.9999999999999993
39081,-73.94484710693358,40.81394958496094,-73.9715118408203,40.797611236572266,686.88,5256,5256,5349.5,6036.38,93.5,1.1368683772161603e-13,1.0000000000000002
39082,-73.95879364013672,40.76002883911133,-73.99620056152342,40.7598762512207,1136.64,5257,5257,-1.0,-1.0,-1,-1,0.0
39083,-73.9707489013672,40.76422119140625,-73.97404479980467,40.783016204833984,489.67,5257,5257,-1.0,-1.0,-1,-1,0.0
39084,-73.98979187011719,40.7338981628418,-74.00155639648438,40.73741149902344,351.49,5257,5257,5280.92,5632.41,23.920000000000073,-2.2737367544323206e-13,0.9999999999999993
39085,-73.9681625366211,40.80231857299805,-73.98066711425781,40.78924179077149,302.19,5257,5257,5346.58,5648.77,89.57999999999993,5.115907697472721e-13,1.0000000000000018
39086,-73.99127197265625,40.73257064819336,-73.98045349121094,40.749168395996094,564.48,5257,5257,5297.25,5896.31,40.25,34.58000000000038,1.0612599206349214
39087,-73.9842300415039,40.76510238647461,-73.96656036376955,40.76094436645508,544.78,5257,5257,5299.06,5843.84,42.0600000000004,-2.2737367544323206e-13,0.9999999999999996
39088,-73.98018646240234,40.75973892211913,-73.96034240722656,40.7629508972168,672.14,5258,5258,-1.0,-1.0,-1,-1,0.0
39089,-73.96686553955078,40.7639045715332,-73.97484588623048,40.75343704223633,314.14,5258,5258,-1.0,-1.0,-1,-1,0.0
39090,-74.00597381591797,40.74858856201172,-73.99922180175781,40.761478424072266,361.78,5258,5258,-1.0,-1.0,-1,-1,0.0
39091,-74.0095977783203,40.710315704345696,-73.98236846923827,40.74000930786133,982.43,5258,5258,-1.0,-1.0,-1,-1,0.0
39092,-74.00643920898438,40.70613479614258,-73.98818969726562,40.736175537109375,761.11,5258,5258,-1.0,-1.0,-1,-1,0.0
39093,-73.97354888916014,40.757789611816406,-73.93144989013672,40.7960205078125,1060.72,5258,5258,-1.0,-1.0,-1,-1,0.0
39094,-74.01524353027342,40.7144660949707,-73.98566436767578,40.77038955688477,965.18,5258,5258,-1.0,-1.0,-1,-1,0.0
39095,-73.98754119873048,40.74403381347656,-73.98784637451173,40.72260284423828,711.26,5259,5259,-1.0,-1.0,-1,-1,0.0
39096,-73.94772338867188,40.778770446777344,-73.96244049072266,40.760650634765625,612.67,5259,5259,5423.87,6036.54,164.8699999999999,1.1368683772161603e-13,1.0000000000000002
39097,-73.97643280029298,40.75117874145508,-73.99172973632812,40.75030899047852,487.15,5259,5259,-1.0,-1.0,-1,-1,0.0
39098,-74.00628662109375,40.735084533691406,-74.01612091064453,40.70604705810547,648.92,5259,5259,-1.0,-1.0,-1,-1,0.0
39099,-73.9855728149414,40.76047134399415,-73.97902679443358,40.76296997070313,245.51,5259,5259,-1.0,-1.0,-1,-1,0.0
39100,-73.99394989013672,40.75170135498047,-73.95166778564453,40.77341079711913,1195.9,5259,5259,-1.0,-1.0,-1,-1,0.0
39101,-73.98632049560547,40.722015380859375,-74.00725555419923,40.741294860839844,849.21,5259,5259,5320.46,6218.01,61.460000000000036,48.340000000000146,1.0569234935999343
39102,-74.01081848144531,40.71306610107422,-73.97294616699219,40.74834060668945,1071.95,5259,5259,-1.0,-1.0,-1,-1,0.0
39103,-73.97250366210938,40.75961685180664,-74.00618743896483,40.71131134033203,1405.01,5259,5259,-1.0,-1.0,-1,-1,0.0
39104,-73.97888946533203,40.790184020996094,-73.95587921142578,40.81434631347656,556.48,5259,5259,5501.28,6057.76,242.27999999999975,4.547473508864641e-13,1.0000000000000009
39105,-73.98333740234375,40.768043518066406,-73.9797134399414,40.78144836425781,350.69,5260,5260,5303.7,5654.39,43.69999999999982,5.115907697472721e-13,1.0000000000000016
39106,-73.9658203125,40.80550003051758,-73.98619079589844,40.7320671081543,1801.29,5260,5260,6161.0199999999995,-1.0,901.0199999999995,-1,0.0
39107,-74.00598907470702,40.74843978881836,-73.98681640625,40.7298583984375,783.02,5260,5260,-1.0,-1.0,-1,-1,0.0
39108,-73.95195770263672,40.798988342285156,-73.99324798583984,40.75757598876953,1153.33,5260,5260,5460.14,6613.469999999999,200.14000000000033,-9.094947017729282e-13,0.9999999999999992
39109,-73.98566436767578,40.7470932006836,-73.9839859008789,40.738296508789055,291.5,5260,5260,-1.0,-1.0,-1,-1,0.0
39110,-73.99788665771484,40.74613952636719,-73.9875717163086,40.76037979125977,419.9,5260,5260,5307.26,5727.16,47.26000000000022,-3.410605131648481e-13,0.9999999999999992
39111,-73.97846984863281,40.78565216064453,-73.97351837158203,40.77961349487305,256.34,5260,5260,5547.65,5803.99,287.64999999999964,1.7053025658242404e-13,1.0000000000000007
39112,-73.98735809326173,40.71975326538085,-73.97901153564453,40.74531173706055,624.46,5260,5260,5547.25,6171.71,287.25,0.0,1.0
39113,-73.98111724853516,40.759441375732415,-73.9748306274414,40.77761840820313,522.92,5260,5260,5292.46,5815.38,32.460000000000036,1.1368683772161603e-13,1.0000000000000002
39114,-74.00676727294923,40.73030853271485,-73.99854278564453,40.74148178100585,306.16,5260,5260,5314.26,5620.42,54.26000000000022,-1.7053025658242404e-13,0.9999999999999994
39115,-73.9537582397461,40.77517318725585,-73.98841094970702,40.721622467041016,1252.6,5261,5261,5306.38,6558.9800000000005,45.38000000000011,4.547473508864641e-13,1.0000000000000004
39116,-73.9802474975586,40.7303123474121,-73.98829650878906,40.72293472290039,367.89,5261,5261,5380.21,5748.1,119.21000000000004,3.410605131648481e-13,1.0000000000000009
39117,-74.00604248046875,40.74003982543945,-73.99169921875,40.745704650878906,470.46,5261,5261,-1.0,-1.0,-1,-1,0.0
39118,-73.993408203125,40.74798583984375,-74.0058364868164,40.743690490722656,347.95,5261,5261,-1.0,-1.0,-1,-1,0.0
39119,-73.96321868896483,40.77492904663085,-73.97599029541014,40.76034927368164,502.39,5261,5261,-1.0,-1.0,-1,-1,0.0
39120,-73.96463775634766,40.76418685913085,-73.95652770996094,40.77311706542969,239.86,5261,5261,-1.0,-1.0,-1,-1,0.0
39121,-74.00394439697266,40.725563049316406,-73.979248046875,40.73743057250977,696.54,5261,5261,-1.0,-1.0,-1,-1,0.0
39122,-73.96920776367188,40.79821014404297,-73.98075866699219,40.782539367675774,383.73,5261,5261,5379.64,5763.37,118.64000000000033,-4.547473508864641e-13,0.9999999999999988
39123,-73.98065948486328,40.78250503540039,-73.96601867675781,40.79559326171875,375.29,5261,5261,6252.89,6628.18,991.8900000000003,-5.684341886080802e-14,0.9999999999999999
39124,-73.98650360107422,40.75934982299805,-73.99391174316406,40.75680923461913,332.15,5261,5261,-1.0,-1.0,-1,-1,0.0
39125,-73.99363708496094,40.74570083618164,-74.00382232666014,40.7381591796875,270.46,5261,5261,5310.04,5580.5,49.039999999999964,5.684341886080802e-14,1.0000000000000002
39126,-73.97066497802734,40.755767822265625,-73.9802474975586,40.73757934570313,406.96,5262,5262,-1.0,-1.0,-1,-1,0.0
39127,-73.99402618408203,40.75128555297852,-73.9825210571289,40.76908493041992,568.38,5262,5262,5313.55,5881.93,51.55000000000018,1.1368683772161603e-13,1.0000000000000002
39128,-73.987060546875,40.73063659667969,-73.99004364013672,40.73501586914063,241.41,5262,5262,-1.0,-1.0,-1,-1,0.0
39129,-73.9815444946289,40.76185607910156,-73.97887420654298,40.78349685668945,617.68,5262,5262,-1.0,-1.0,-1,-1,0.0
39130,-73.99447631835938,40.75030899047852,-73.96945953369139,40.75051879882813,827.8,5262,5262,-1.0,-1.0,-1,-1,0.0
39131,-73.96681976318358,40.75830459594727,-73.98906707763672,40.75635147094727,807.09,5262,5262,-1.0,-1.0,-1,-1,0.0
39132,-73.99591827392578,40.76390838623047,-73.97280883789062,40.743499755859375,1073.18,5262,5262,5289.25,6392.1,27.25,29.6700000000003,1.0276468066866697
39133,-73.9713592529297,40.76359939575195,-73.9761734008789,40.78834915161133,654.6,5263,5263,-1.0,-1.0,-1,-1,0.0
39134,-74.01611328125,40.715110778808594,-74.017578125,40.70513153076172,213.04,5263,5263,-1.0,-1.0,-1,-1,0.0
39135,-73.96424102783203,40.80774307250977,-73.95943450927734,40.80132675170898,293.63,5263,5263,5819.11,6112.74,556.1099999999997,1.1368683772161603e-13,1.0000000000000004
39136,-74.00006866455078,40.73817825317383,-74.00377655029298,40.74203872680664,253.67,5263,5263,-1.0,-1.0,-1,-1,0.0
39137,-74.00370025634766,40.74956512451172,-73.9708023071289,40.76835632324219,809.83,5263,5263,-1.0,-1.0,-1,-1,0.0
39138,-73.99522399902342,40.725196838378906,-74.00321960449219,40.72359848022461,269.88,5263,5263,5408.24,5678.12,145.23999999999978,1.1368683772161603e-13,1.0000000000000004
39139,-73.96916961669923,40.75828170776367,-73.95716857910156,40.783058166503906,580.52,5263,5263,5289.63,5900.81,26.63000000000011,30.66000000000031,1.0528147178391791
39140,-73.99018859863281,40.71472930908203,-73.99726867675781,40.72243881225585,475.24,5263,5263,5515.38,5990.62,252.3800000000001,-2.2737367544323206e-13,0.9999999999999996
39141,-73.95376586914062,40.76651382446289,-73.96379852294923,40.774112701416016,397.84,5264,5264,5370.25,5768.09,106.25,1.7053025658242404e-13,1.0000000000000004
39142,-73.98076629638672,40.75080871582031,-73.97838592529298,40.77626037597656,791.93,5264,5264,-1.0,-1.0,-1,-1,0.0
39143,-73.98919677734375,40.73065185546875,-73.98709869384766,40.76102066040039,1031.78,5264,5264,5510.62,6542.4,246.6199999999999,-2.2737367544323206e-13,0.9999999999999998
39144,-73.96321868896483,40.768951416015625,-74.006103515625,40.74499893188477,1260.98,5264,5264,-1.0,-1.0,-1,-1,0.0
39145,-73.97821044921875,40.764961242675774,-73.9832763671875,40.74229431152344,763.37,5264,5264,-1.0,-1.0,-1,-1,0.0
39146,-73.96607971191406,40.767738342285156,-73.95609283447266,40.76347351074219,380.7,5265,5265,-1.0,-1.0,-1,-1,0.0
39147,-73.95042419433594,40.774917602539055,-73.953857421875,40.769447326660156,290.71,5265,5265,5309.33,5600.04,44.32999999999993,5.684341886080802e-14,1.0000000000000002
39148,-73.97550201416014,40.76087951660156,-73.95380401611328,40.78372573852539,640.18,5265,5265,-1.0,-1.0,-1,-1,0.0
39149,-73.98621368408203,40.75793075561523,-73.97319793701173,40.74884033203125,596.67,5265,5265,-1.0,-1.0,-1,-1,0.0
39150,-73.97742462158203,40.74929809570313,-73.98550415039062,40.71791076660156,796.09,5265,5265,-1.0,-1.0,-1,-1,0.0
39151,-74.01268005371094,40.70398330688477,-74.00594329833984,40.74018859863281,806.27,5265,5265,-1.0,-1.0,-1,-1,0.0
39152,-73.98786163330078,40.743812561035156,-74.01690673828125,40.71159362792969,996.69,5265,5265,-1.0,-1.0,-1,-1,0.0
39153,-74.0016098022461,40.740909576416016,-74.00267028808594,40.74969100952149,241.07,5265,5265,-1.0,-1.0,-1,-1,0.0
39154,-73.97354888916014,40.753921508789055,-73.94657897949219,40.77555847167969,678.4,5265,5265,-1.0,-1.0,-1,-1,0.0
39155,-73.98580932617188,40.73860931396485,-74.00614929199219,40.71147918701172,978.86,5266,5266,-1.0,-1.0,-1,-1,0.0
39156,-73.98116302490234,40.75305557250977,-73.98616790771484,40.754051208496094,262.26,5266,5266,-1.0,-1.0,-1,-1,0.0
39157,-73.99552917480467,40.738853454589844,-73.98783874511719,40.75557327270508,500.54,5266,5266,5283.35,5783.89,17.350000000000364,-5.684341886080802e-14,0.9999999999999999
39158,-73.99532318115234,40.73939895629883,-73.98004150390625,40.752349853515625,529.15,5266,5266,-1.0,-1.0,-1,-1,0.0
39159,-73.974609375,40.7535400390625,-73.98057556152342,40.746917724609375,218.91,5266,5266,5308.51,5527.42,42.51000000000022,-1.4210854715202004e-13,0.9999999999999993
39160,-73.9600601196289,40.7582893371582,-73.96263122558594,40.76647186279297,345.04,5266,5266,-1.0,-1.0,-1,-1,0.0
39161,-73.97601318359375,40.748680114746094,-74.0027618408203,40.7605094909668,927.32,5266,5266,-1.0,-1.0,-1,-1,0.0
39162,-74.00790405273438,40.71712112426758,-73.95396423339844,40.78375244140625,1771.76,5266,5266,-1.0,-1.0,-1,-1,0.0
39163,-73.9775161743164,40.74235534667969,-73.9819107055664,40.72101974487305,520.63,5267,5267,5452.19,5972.82,185.1899999999996,1.1368683772161603e-13,1.0000000000000002
39164,-73.99414825439453,40.751140594482415,-73.97991943359375,40.74921798706055,500.13,5267,5267,-1.0,-1.0,-1,-1,0.0
39165,-73.98828887939453,40.75461959838867,-74.00343322753906,40.7299690246582,583.19,5267,5267,-1.0,-1.0,-1,-1,0.0
39166,-73.95417022705078,40.77853393554688,-73.93766021728516,40.80141830444336,316.8,5267,5267,5326.17,5642.97,59.17000000000007,1.7053025658242404e-13,1.0000000000000004
39167,-73.98853302001955,40.759071350097656,-73.9821014404297,40.73849105834961,798.69,5268,5268,5280.0,6078.69,12.0,-4.547473508864641e-13,0.9999999999999994
39168,-73.9869384765625,40.74266052246094,-73.95855712890625,40.78112030029297,891.92,5268,5268,-1.0,-1.0,-1,-1,0.0
39169,-73.99211883544923,40.74264144897461,-73.97111511230467,40.75286865234375,697.1,5268,5268,5300.58,5997.68,32.57999999999993,3.410605131648481e-13,1.0000000000000004
39170,-73.9742431640625,40.76169204711913,-73.96360778808595,40.76276779174805,478.2,5268,5268,-1.0,-1.0,-1,-1,0.0
39171,-74.00209045410156,40.72190475463867,-73.98820495605469,40.72037124633789,625.75,5268,5268,5422.61,6048.36,154.60999999999967,0.0,1.0
39172,-73.97542572021484,40.75098037719727,-73.96106719970702,40.76259994506836,424.47,5268,5268,-1.0,-1.0,-1,-1,0.0
39173,-73.98512268066406,40.743934631347656,-73.97885131835938,40.74119186401367,244.25,5268,5268,-1.0,-1.0,-1,-1,0.0
39174,-73.97174835205078,40.74623107910156,-73.9794692993164,40.73722839355469,262.76,5268,5268,5384.29,5647.05,116.28999999999996,2.2737367544323206e-13,1.0000000000000009
39175,-73.96676635742188,40.767391204833984,-73.99278259277344,40.739654541015625,872.98,5268,5268,-1.0,-1.0,-1,-1,0.0
39176,-73.9940185546875,40.75138473510742,-73.98094940185547,40.75599670410156,546.23,5269,5269,5326.92,5873.15,57.92000000000007,-4.547473508864641e-13,0.9999999999999992
39177,-73.98224639892578,40.73525619506836,-73.99059295654298,40.750694274902344,689.39,5269,5269,-1.0,-1.0,-1,-1,0.0
39178,-73.98004150390625,40.76585006713867,-73.98100280761719,40.78152847290039,488.05,5269,5269,-1.0,-1.0,-1,-1,0.0
39179,-73.98652648925781,40.730506896972656,-73.99101257324219,40.73904037475585,412.91,5269,5269,-1.0,-1.0,-1,-1,0.0
39180,-74.00743103027342,40.70518112182617,-73.97508239746094,40.76523971557617,1426.86,5269,5269,5313.54,6782.25,44.539999999999964,41.850000000000136,1.0293301375047308
39181,-73.98764038085938,40.75006866455078,-73.98235321044923,40.7706413269043,622.72,5269,5269,-1.0,-1.0,-1,-1,0.0
39182,-73.9462890625,40.77291870117188,-73.96532440185547,40.75263214111328,436.46,5269,5269,5280.0,5716.46,11.0,5.684341886080802e-14,1.0000000000000002
39183,-73.9944839477539,40.7557373046875,-74.00006866455078,40.72883224487305,729.32,5270,5270,-1.0,-1.0,-1,-1,0.0
39184,-73.98261260986328,40.751331329345696,-73.95931243896483,40.77505493164063,756.73,5270,5270,-1.0,-1.0,-1,-1,0.0
39185,-73.98058319091797,40.774917602539055,-73.98162078857422,40.76902389526367,245.33,5270,5270,5339.33,5584.66,69.32999999999993,-8.526512829121202e-14,0.9999999999999997
39186,-73.99188995361328,40.74421310424805,-73.99140167236328,40.724605560302734,705.05,5270,5270,-1.0,-1.0,-1,-1,0.0
39187,-73.94036102294923,40.81496047973633,-73.9470977783203,40.80855178833008,208.05,5270,5270,5435.32,5643.37,165.3199999999997,1.7053025658242404e-13,1.0000000000000009
39188,-73.97866821289062,40.73654556274415,-73.98281860351562,40.77158737182617,1110.88,5271,5271,5453.79,6564.669999999999,182.78999999999996,-9.094947017729282e-13,0.9999999999999992
39189,-73.98781585693358,40.749866485595696,-73.9831771850586,40.76542663574219,488.15,5271,5271,5325.88,5814.03,54.88000000000011,-3.410605131648481e-13,0.9999999999999993
39190,-73.9880599975586,40.74335861206055,-73.99562835693358,40.720985412597656,708.55,5271,5271,-1.0,-1.0,-1,-1,0.0
39191,-74.00225067138672,40.72983169555664,-73.97724151611328,40.76409912109375,868.13,5271,5271,5291.05,6159.18,20.050000000000182,1.1368683772161603e-13,1.0000000000000002
39192,-73.9745864868164,40.75342178344727,-73.98361206054686,40.73897933959961,320.41,5271,5271,5316.72,5637.13,45.720000000000255,-1.7053025658242404e-13,0.9999999999999994
39193,-73.95565795898438,40.77651977539063,-73.94351196289062,40.793281555175774,243.4,5271,5271,5677.2,5920.6,406.1999999999998,5.400124791776761e-13,1.0000000000000022
39194,-73.97039031982422,40.76202392578125,-73.95628356933594,40.784271240234375,493.93,5271,5271,-1.0,-1.0,-1,-1,0.0
39195,-74.00321960449219,40.70819854736328,-73.99398803710938,40.719970703125,331.01,5272,5272,5369.58,5700.59,97.57999999999993,2.2737367544323206e-13,1.0000000000000007
39196,-73.97579956054686,40.75136947631836,-73.98219299316406,40.77979278564453,1005.92,5272,5272,5293.9,6381.94,21.899999999999636,82.12,1.0816367106728169
39197,-73.96650695800781,40.76163864135742,-73.95423889160156,40.77824020385742,305.88,5272,5272,5322.6,5628.48,50.600000000000364,-7.958078640513122e-13,0.9999999999999974
39198,-73.96819305419923,40.76245880126953,-73.99234771728516,40.725040435791016,950.69,5272,5272,-1.0,-1.0,-1,-1,0.0
39199,-73.98357391357422,40.7627182006836,-73.99056243896483,40.75126266479492,410.37,5272,5272,-1.0,-1.0,-1,-1,0.0
39200,-74.01141357421875,40.702125549316406,-73.98716735839844,40.72501754760742,552.91,5272,5272,-1.0,-1.0,-1,-1,0.0
39201,-73.99241638183594,40.73440551757813,-73.97982025146483,40.7178840637207,726.83,5272,5272,-1.0,-1.0,-1,-1,0.0
39202,-73.97525787353516,40.752891540527344,-73.98845672607422,40.77848815917969,1056.01,5272,5272,-1.0,-1.0,-1,-1,0.0
39203,-73.98158264160156,40.76419448852539,-73.99243927001955,40.75914764404297,438.99,5273,5273,-1.0,-1.0,-1,-1,0.0
39204,-73.95482635498048,40.76539611816406,-73.97023773193358,40.783668518066406,667.64,5273,5273,5418.79,6086.43,145.78999999999996,3.410605131648481e-13,1.0000000000000004
39205,-73.97179412841797,40.758384704589844,-73.97808074951173,40.77342987060547,602.41,5273,5273,-1.0,-1.0,-1,-1,0.0
39206,-73.97509765625,40.76214218139648,-73.99444580078125,40.75529861450195,664.01,5273,5273,-1.0,-1.0,-1,-1,0.0
39207,-73.99649047851562,40.76348876953125,-73.9954605102539,40.74980163574219,431.96,5273,5273,-1.0,-1.0,-1,-1,0.0
39208,-73.97565460205078,40.75238800048828,-74.00041198730467,40.746299743652344,726.87,5273,5273,-1.0,-1.0,-1,-1,0.0
39209,-73.97364044189453,40.76097106933594,-74.01016235351562,40.70528793334961,1276.96,5273,5273,-1.0,-1.0,-1,-1,0.0
39210,-73.9554443359375,40.76862716674805,-73.94630432128906,40.77283096313477,237.59,5273,5273,5327.11,5564.7,54.10999999999967,1.4210854715202004e-13,1.0000000000000007
39211,-74.0091781616211,40.716793060302734,-74.01045227050781,40.72253799438477,221.55,5274,5274,5301.25,5522.8,27.25,1.7053025658242404e-13,1.0000000000000007
39212,-73.98405456542969,40.74418640136719,-73.97594451904298,40.764060974121094,674.79,5274,5274,-1.0,-1.0,-1,-1,0.0
39213,-73.95695495605469,40.786231994628906,-73.97549438476562,40.7623176574707,593.84,5274,5274,5304.66,5898.5,30.659999999999854,1.1368683772161603e-13,1.0000000000000002
39214,-74.00260162353516,40.73384094238281,-73.99172973632812,40.7544059753418,622.09,5274,5274,5312.08,5934.17,38.07999999999993,1.1368683772161603e-13,1.0000000000000002
39215,-73.98162078857422,40.78389358520508,-73.97571563720702,40.791805267333984,186.37,5274,5274,5476.25,5662.62,202.25,-1.1368683772161603e-13,0.9999999999999994
39216,-73.99411010742188,40.75111389160156,-73.9615936279297,40.77699279785156,987.79,5274,5274,5331.81,6319.6,57.8100000000004,0.0,1.0
39217,-73.97196960449219,40.7500114440918,-73.98919677734375,40.76279830932617,788.11,5275,5275,5288.71,6076.82,13.710000000000036,-3.410605131648481e-13,0.9999999999999996
39218,-73.98883819580078,40.76361083984375,-73.98229217529298,40.77811813354492,345.02,5275,5275,5321.77,5666.79,46.77000000000044,-4.547473508864641e-13,0.9999999999999987
39219,-73.95650482177734,40.77045440673828,-73.96778106689453,40.75609970092773,432.8,5275,5275,5319.18,5751.98,44.18000000000029,-7.389644451905042e-13,0.9999999999999983
39220,-74.00829315185547,40.716739654541016,-73.97089385986328,40.75786209106445,1346.13,5275,5275,-1.0,-1.0,-1,-1,0.0
39221,-74.00074005126955,40.72964859008789,-73.98478698730467,40.724281311035156,561.12,5276,5276,5340.87,5901.99,64.86999999999989,-1.1368683772161603e-13,0.9999999999999998
39222,-73.97882080078125,40.765281677246094,-73.95659637451173,40.76818084716797,695.22,5276,5276,-1.0,-1.0,-1,-1,0.0
39223,-73.98946380615234,40.74310302734375,-73.9512939453125,40.77429962158203,962.43,5276,5276,5322.99,6285.42,46.98999999999978,3.410605131648481e-13,1.0000000000000004
39224,-73.98519134521484,40.72388458251953,-74.00294494628906,40.726829528808594,502.76,5276,5276,5442.54,5945.3,166.53999999999996,2.2737367544323206e-13,1.0000000000000004
39225,-73.96882629394531,40.7646598815918,-73.95193481445312,40.77780151367188,457.51,5276,5276,-1.0,-1.0,-1,-1,0.0
39226,-73.98341369628906,40.73836898803711,-73.97079467773438,40.751220703125,436.67,5276,5276,5314.41,5751.08,38.409999999999854,5.684341886080802e-14,1.0000000000000002
39227,-73.9631576538086,40.77414321899415,-73.9629364013672,40.76951599121094,204.17,5276,5276,-1.0,-1.0,-1,-1,0.0
39228,-73.97595977783203,40.75249481201172,-73.98573303222656,40.74886322021485,309.95,5276,5276,5307.17,5650.51,31.170000000000073,33.39000000000016,1.1077270527504441
39229,-73.99700927734375,40.74232482910156,-73.97111511230467,40.7952880859375,1102.02,5277,5277,-1.0,-1.0,-1,-1,0.0
39230,-73.9776382446289,40.75130462646485,-73.98628234863281,40.73774719238281,407.49,5277,5277,-1.0,-1.0,-1,-1,0.0
39231,-73.96595764160156,40.76226043701172,-73.95970916748048,40.762733459472656,187.5,5277,5277,-1.0,-1.0,-1,-1,0.0
39232,-73.9999008178711,40.733009338378906,-74.00524139404298,40.74065780639648,289.37,5277,5277,5281.08,5570.45,4.079999999999927,-1.1368683772161603e-13,0.9999999999999996
39233,-74.00235748291014,40.75037384033203,-73.95503997802734,40.77726364135742,1170.02,5277,5277,-1.0,-1.0,-1,-1,0.0
39234,-73.95525360107422,40.77920913696289,-73.97544860839844,40.77706527709961,480.9,5277,5277,5333.66,5814.5599999999995,56.659999999999854,-3.410605131648481e-13,0.9999999999999993
39235,-73.96846771240234,40.7507209777832,-74.0100326538086,40.73442077636719,1152.99,5278,5278,-1.0,-1.0,-1,-1,0.0
39236,-73.97029876708984,40.76408004760742,-73.95681762695312,40.78590393066406,443.6,5278,5278,-1.0,-1.0,-1,-1,0.0
39237,-73.98094177246094,40.778228759765625,-73.9783935546875,40.77262878417969,234.25,5278,5278,5314.4800000000005,5589.96,36.48000000000047,41.22999999999956,1.1760085378868712
39238,-73.97345733642578,40.79245376586913,-74.0064468383789,40.74142074584961,1160.54,5278,5278,5304.12,6464.66,26.11999999999989,0.0,1.0
39239,-73.9928207397461,40.73743057250977,-73.9847412109375,40.72893142700195,435.29,5278,5278,-1.0,-1.0,-1,-1,0.0
39240,-73.97183990478516,40.75827026367188,-73.99015808105469,40.75642013549805,655.73,5278,5278,5308.2,6020.46,30.199999999999818,56.5300000000002,1.08620926295884
39241,-73.98516845703125,40.747337341308594,-73.99529266357422,40.73381042480469,260.0,5278,5278,5290.06,5550.06,12.0600000000004,0.0,1.0
39242,-73.94747924804686,40.783470153808594,-73.95782470703125,40.77350616455078,326.79,5278,5278,5413.83,5740.62,135.82999999999993,-5.684341886080802e-14,0.9999999999999998
39243,-73.99745178222656,40.72380065917969,-73.98439788818358,40.72897338867188,377.94,5278,5278,5343.54,5721.48,65.53999999999996,-3.979039320256561e-13,0.999999999999999
39244,-73.98040771484375,40.76446914672852,-73.97882080078125,40.75445175170898,496.75,5279,5279,-1.0,-1.0,-1,-1,0.0
39245,-73.9777603149414,40.73802185058594,-73.99003601074219,40.7542724609375,765.32,5279,5279,5295.57,6076.13,16.56999999999971,15.24000000000035,1.0199132389066017
39246,-73.98426818847656,40.7250862121582,-73.96595764160156,40.75400924682617,560.38,5279,5279,-1.0,-1.0,-1,-1,0.0
39247,-74.0123519897461,40.72052001953125,-74.00775146484375,40.74708938598633,460.47,5279,5279,-1.0,-1.0,-1,-1,0.0
39248,-73.9981689453125,40.73796844482422,-73.97962951660156,40.73332977294922,496.24,5280,5280,-1.0,-1.0,-1,-1,0.0
39249,-73.95848083496094,40.76492309570313,-73.93882751464845,40.79999542236328,554.14,5280,5280,5289.67,5843.8099999999995,9.670000000000073,-5.684341886080801e-13,0.999999999999999
39250,-73.99983978271484,40.73860168457031,-73.9915771484375,40.73686599731445,227.39,5280,5280,5326.54,5553.93,46.539999999999964,3.410605131648481e-13,1.0000000000000016
39251,-73.97334289550781,40.79220199584961,-73.96452331542969,40.79484558105469,234.42,5280,5280,5345.75,5580.17,65.75,8.526512829121202e-14,1.0000000000000004
39252,-73.98241424560547,40.76318740844727,-73.985595703125,40.73987579345703,804.31,5281,5281,-1.0,-1.0,-1,-1,0.0
39253,-73.9781494140625,40.74821853637695,-73.97325134277344,40.76031875610352,430.35,5281,5281,5395.46,5825.81,114.46000000000004,3.410605131648481e-13,1.0000000000000009
39254,-73.99002075195312,40.75804138183594,-73.98818969726562,40.740989685058594,654.11,5281,5281,5335.9,5990.01,54.899999999999636,5.684341886080801e-13,1.0000000000000009
39255,-73.98747253417969,40.75693130493164,-73.98157501220702,40.771480560302734,416.33,5281,5281,-1.0,-1.0,-1,-1,0.0
39256,-73.99059295654298,40.76110076904297,-74.01175689697266,40.7137107849121,1067.15,5281,5281,-1.0,-1.0,-1,-1,0.0
39257,-74.00885772705078,40.71403884887695,-74.00115203857422,40.72909164428711,335.24,5281,5281,5321.35,5656.59,40.350000000000364,-2.2737367544323206e-13,0.9999999999999993
39258,-73.9905548095703,40.75138473510742,-73.97325897216798,40.74358367919922,672.92,5282,5282,-1.0,-1.0,-1,-1,0.0
39259,-73.99127197265625,40.73937606811523,-74.00714111328125,40.73458862304688,447.46,5282,5282,5339.76,5800.6,57.76000000000022,13.380000000000166,1.0299021141554556
39260,-74.0032730102539,40.72694778442383,-73.98731231689453,40.75053405761719,526.24,5282,5282,-1.0,-1.0,-1,-1,0.0
39261,-73.99359130859375,40.740909576416016,-73.97911834716798,40.71374130249024,796.35,5282,5282,5355.17,6181.030000000001,73.17000000000007,29.51000000000056,1.0370565706033785
39262,-73.9792709350586,40.78181838989258,-73.97160339355469,40.79549026489258,239.58,5282,5282,5330.37,5569.95,48.36999999999989,-8.526512829121202e-14,0.9999999999999997
39263,-73.9750747680664,40.76256561279297,-73.97134399414062,40.75513458251953,400.84,5282,5282,-1.0,-1.0,-1,-1,0.0
39264,-73.94786834716798,40.78375625610352,-73.97421264648438,40.783775329589844,578.52,5282,5282,5361.21,5955.64,79.21000000000004,15.91000000000031,1.0275012099840979
39265,-73.98834991455078,40.72781372070313,-73.98758697509766,40.721435546875,302.37,5283,5283,5324.46,5626.83,41.460000000000036,-1.1368683772161603e-13,0.9999999999999997
39266,-73.98675537109375,40.742691040039055,-73.95413208007811,40.78449630737305,1012.13,5283,5283,-1.0,-1.0,-1,-1,0.0
39267,-73.99025726318358,40.73183059692383,-73.99864959716798,40.74517822265625,518.88,5283,5283,5503.67,6022.55,220.67000000000007,1.1368683772161603e-13,1.0000000000000002
39268,-73.98158264160156,40.75297546386719,-73.99810028076173,40.75671768188477,510.79,5283,5283,-1.0,-1.0,-1,-1,0.0
39269,-73.98780822753906,40.76876831054688,-74.00753021240234,40.71636199951172,1121.04,5283,5283,-1.0,-1.0,-1,-1,0.0
39270,-74.00337219238281,40.74907684326172,-74.01289367675781,40.71741104125977,574.55,5283,5283,-1.0,-1.0,-1,-1,0.0
39271,-73.9517593383789,40.79025650024415,-73.9490509033203,40.801753997802734,238.6,5283,5283,5379.04,5617.64,96.03999999999996,3.694822225952521e-13,1.0000000000000016
39272,-73.99383544921875,40.7569694519043,-73.97964477539062,40.79083251953125,801.06,5283,5283,-1.0,-1.0,-1,-1,0.0
39273,-74.0041275024414,40.747947692871094,-73.98879241943358,40.76507186889648,444.29,5283,5283,-1.0,-1.0,-1,-1,0.0
39274,-73.97187042236328,40.75761795043945,-73.98751831054686,40.738685607910156,474.92,5283,5283,5341.07,5815.99,58.06999999999971,5.684341886080802e-14,1.0000000000000002
39275,-73.99971771240234,40.72203063964844,-74.00177001953125,40.73442077636719,473.07,5284,5284,-1.0,-1.0,-1,-1,0.0
39276,-74.00493621826173,40.740821838378906,-73.99582672119139,40.7547607421875,488.46,5284,5284,5354.0,5842.46,70.0,5.684341886080802e-14,1.0000000000000002
39277,-73.9979476928711,40.7086296081543,-73.98544311523438,40.72338104248047,517.73,5284,5284,-1.0,-1.0,-1,-1,0.0
39278,-73.97113037109375,40.75098419189453,-73.97311401367188,40.73832702636719,427.51,5284,5284,-1.0,-1.0,-1,-1,0.0
39279,-73.98849487304686,40.7589225769043,-74.00506591796875,40.75156784057617,455.66,5284,5284,-1.0,-1.0,-1,-1,0.0
39280,-73.9817886352539,40.74087524414063,-73.96351623535155,40.75872421264648,465.09,5284,5284,5403.83,5868.92,119.82999999999993,1.7053025658242404e-13,1.0000000000000004
39281,-73.97624969482422,40.75067901611328,-74.0025863647461,40.73382186889648,738.23,5284,5284,-1.0,-1.0,-1,-1,0.0
39282,-73.9820327758789,40.76860046386719,-73.9703369140625,40.79631042480469,580.06,5285,5285,5343.32,5969.08,58.31999999999971,45.70000000000027,1.0787849532806957
39283,-73.99304962158203,40.74306106567383,-74.00760650634766,40.75217056274415,446.67,5285,5285,-1.0,-1.0,-1,-1,0.0
39284,-73.97791290283203,40.75868606567383,-73.99268341064453,40.76306533813477,543.28,5285,5285,-1.0,-1.0,-1,-1,0.0
39285,-73.9913558959961,40.75094223022461,-74.0080337524414,40.73997497558594,549.15,5285,5285,-1.0,-1.0,-1,-1,0.0
39286,-73.98599243164062,40.75577926635742,-73.97321319580078,40.75572967529297,532.79,5285,5285,5331.34,5898.63,46.340000000000146,34.5,1.0647534675951125
39287,-74.0028305053711,40.760520935058594,-73.9855728149414,40.75056457519531,560.03,5285,5285,5310.0,5870.03,25.0,-2.2737367544323206e-13,0.9999999999999996
39288,-73.97237396240234,40.759239196777344,-73.97089385986328,40.766849517822266,302.24,5285,5285,-1.0,-1.0,-1,-1,0.0
39289,-73.9889144897461,40.74490737915039,-73.9817657470703,40.74947738647461,306.51,5285,5285,5424.45,5730.96,139.44999999999982,2.2737367544323206e-13,1.0000000000000007
39290,-73.96994018554686,40.7628059387207,-73.98331451416014,40.743667602539055,585.34,5286,5286,5325.21,5913.22,39.210000000000036,2.6700000000001864,1.0045614514641066
39291,-73.96153259277344,40.759590148925774,-73.98238372802734,40.76824951171875,720.54,5286,5286,5314.58,6110.74,28.579999999999927,75.61999999999989,1.104949065978294
39292,-73.97975158691406,40.76510620117188,-73.9547348022461,40.76715850830078,763.1,5286,5286,-1.0,-1.0,-1,-1,0.0
39293,-74.01575469970702,40.71044158935547,-73.9869842529297,40.75488662719727,1195.51,5286,5286,5332.2300000000005,6594.67,46.23000000000047,66.92999999999961,1.0559844752448742
39294,-73.97674560546875,40.75204849243164,-73.95227813720702,40.781585693359375,769.44,5286,5286,5323.66,6093.1,37.659999999999854,4.547473508864641e-13,1.0000000000000007
39295,-73.96048736572266,40.772647857666016,-74.0013198852539,40.73627471923828,1308.87,5286,5286,-1.0,-1.0,-1,-1,0.0
39296,-73.9773178100586,40.75642013549805,-73.9764175415039,40.78807067871094,843.06,5286,5286,5319.89,6162.950000000001,33.89000000000033,4.547473508864641e-13,1.0000000000000004
39297,-73.97492218017578,40.755619049072266,-73.98050689697266,40.76359939575195,525.17,5287,5287,-1.0,-1.0,-1,-1,0.0
39298,-73.97919464111328,40.75939559936523,-73.97874450683594,40.74091720581055,714.16,5287,5287,-1.0,-1.0,-1,-1,0.0
39299,-73.96563720703125,40.77153396606445,-73.95429992675781,40.76369857788085,436.54,5287,5287,-1.0,-1.0,-1,-1,0.0
39300,-74.00511932373048,40.741737365722656,-73.98745727539062,40.75666809082031,781.64,5287,5287,-1.0,-1.0,-1,-1,0.0
39301,-73.97942352294923,40.75273132324219,-74.00102996826173,40.74639129638672,606.05,5287,5287,-1.0,-1.0,-1,-1,0.0
39302,-73.96495819091797,40.76009368896485,-73.98868560791014,40.73130798339844,661.79,5287,5287,5402.55,6064.34,115.55000000000018,0.0,1.0
39303,-73.97470092773438,40.7423095703125,-73.98798370361328,40.7441291809082,416.37,5287,5287,5341.47,5757.84,54.470000000000255,-1.1368683772161603e-13,0.9999999999999998
39304,-73.98351287841797,40.74441909790039,-73.98198699951173,40.758548736572266,491.75,5288,5288,-1.0,-1.0,-1,-1,0.0
39305,-73.981201171875,40.771350860595696,-73.9649658203125,40.801231384277344,554.24,5288,5288,5373.5,5927.74,85.5,-2.2737367544323206e-13,0.9999999999999996
39306,-73.994873046875,40.72781753540039,-73.99224853515625,40.72419738769531,186.3,5288,5288,-1.0,-1.0,-1,-1,0.0
39307,-73.9765625,40.7906494140625,-73.9711685180664,40.800376892089844,236.49,5288,5288,5432.53,5669.0199999999995,144.52999999999975,-2.2737367544323206e-13,0.999999999999999
39308,-73.99266052246094,40.74300384521485,-73.96805572509766,40.79180908203125,1174.48,5288,5288,-1.0,-1.0,-1,-1,0.0
39309,-73.97926330566406,40.76214599609375,-73.95187377929686,40.766448974609375,798.01,5288,5288,-1.0,-1.0,-1,-1,0.0
39310,-73.97200775146483,40.75508117675781,-73.9758071899414,40.76394653320313,553.52,5288,5288,5325.67,5879.1900000000005,37.67000000000007,4.547473508864641e-13,1.0000000000000009
39311,-73.97445678710938,40.75931930541992,-73.9523696899414,40.77927017211913,595.91,5288,5288,-1.0,-1.0,-1,-1,0.0
39312,-73.98307037353516,40.72256851196289,-73.96695709228516,40.76340866088867,937.64,5288,5288,5406.04,6343.679999999999,118.03999999999996,-5.684341886080801e-13,0.9999999999999994
39313,-73.9763412475586,40.76426315307617,-73.9768295288086,40.74848937988281,637.67,5288,5288,5338.02,5976.5199999999995,50.02000000000044,0.8299999999991314,1.0013016136873292
39314,-73.98411560058595,40.762115478515625,-73.98995971679686,40.75900268554688,336.53,5289,5289,-1.0,-1.0,-1,-1,0.0
39315,-73.9845962524414,40.766563415527344,-73.98775482177734,40.7381248474121,943.21,5289,5289,-1.0,-1.0,-1,-1,0.0
39316,-74.0025405883789,40.739761352539055,-73.99707794189453,40.72547149658203,527.05,5289,5289,-1.0,-1.0,-1,-1,0.0
39317,-73.97406005859375,40.7623291015625,-73.98413848876955,40.76956176757813,467.86,5289,5289,-1.0,-1.0,-1,-1,0.0
39318,-73.95353698730467,40.76704025268555,-73.97805023193358,40.75248718261719,726.36,5289,5289,5413.67,6140.03,124.67000000000007,-3.410605131648481e-13,0.9999999999999996
39319,-73.97265625,40.75305938720703,-73.96466064453125,40.76394271850585,271.88,5289,5289,-1.0,-1.0,-1,-1,0.0
39320,-73.99703216552734,40.71667098999024,-73.9920654296875,40.761543273925774,1289.82,5289,5289,5399.5,6689.320000000001,110.5,6.821210263296962e-13,1.0000000000000004
39321,-73.97418212890625,40.77885437011719,-73.9950180053711,40.75005340576172,924.07,5289,5289,-1.0,-1.0,-1,-1,0.0
39322,-74.01513671875,40.7142448425293,-74.00909423828125,40.73047637939453,322.13,5289,5289,-1.0,-1.0,-1,-1,0.0
39323,-73.95423126220702,40.76390075683594,-73.9538803100586,40.773040771484375,307.16,5290,5290,-1.0,-1.0,-1,-1,0.0
39324,-73.99019622802734,40.75164031982422,-73.9793701171875,40.73979187011719,612.47,5290,5290,-1.0,-1.0,-1,-1,0.0
39325,-73.98722076416014,40.74483871459961,-74.01195526123048,40.707763671875,1088.11,5290,5290,5346.56,6454.14,56.5600000000004,19.470000000000027,1.0178934115117038
39326,-73.97374725341797,40.75530242919922,-73.9593048095703,40.7632064819336,380.06,5290,5290,-1.0,-1.0,-1,-1,0.0
39327,-73.9830551147461,40.75600814819336,-73.94999694824219,40.775970458984375,954.11,5290,5290,-1.0,-1.0,-1,-1,0.0
39328,-73.98551177978516,40.743953704833984,-73.98226165771484,40.76416397094727,775.03,5290,5290,-1.0,-1.0,-1,-1,0.0
39329,-73.98453521728516,40.760120391845696,-73.96978759765625,40.75322723388672,612.12,5290,5290,-1.0,-1.0,-1,-1,0.0
39330,-73.97264862060547,40.75941467285156,-73.98486328125,40.78579330444336,1010.05,5290,5290,5325.47,6412.280000000001,35.470000000000255,76.76000000000045,1.0759962378100099
39331,-73.97358703613281,40.74856567382813,-73.9841537475586,40.74284744262695,329.83,5290,5290,-1.0,-1.0,-1,-1,0.0
39332,-73.95820617675781,40.7695541381836,-73.96078491210938,40.77823257446289,306.13,5291,5291,-1.0,-1.0,-1,-1,0.0
39333,-73.99288177490234,40.72781372070313,-73.99363708496094,40.72366333007813,199.72,5291,5291,5452.83,5652.55,161.82999999999993,2.5579538487363607e-13,1.0000000000000013
39334,-73.95677947998048,40.771499633789055,-73.94976806640625,40.780609130859375,286.62,5291,5291,5345.92,5649.16,54.92000000000007,16.619999999999777,1.0579861837973616
39335,-74.01542663574219,40.715919494628906,-73.99986267089844,40.72689056396485,519.7,5291,5291,5370.88,5890.58,79.88000000000011,-2.2737367544323206e-13,0.9999999999999996
39336,-73.98197937011719,40.778079986572266,-73.9905014038086,40.775390625,244.88,5291,5291,-1.0,-1.0,-1,-1,0.0
39337,-74.0116195678711,40.703521728515625,-73.979736328125,40.73025131225585,597.79,5291,5291,-1.0,-1.0,-1,-1,0.0
39338,-73.97651672363281,40.75124740600585,-73.99073791503906,40.75066375732422,454.07,5292,5292,-1.0,-1.0,-1,-1,0.0
39339,-73.99998474121094,40.7305793762207,-73.98943328857422,40.75707626342773,780.72,5292,5292,-1.0,-1.0,-1,-1,0.0
39340,-73.98719787597656,40.7558708190918,-74.00411224365234,40.73291015625,570.44,5292,5292,-1.0,-1.0,-1,-1,0.0
39341,-73.98091125488281,40.75963973999024,-73.9535598754883,40.77262878417969,830.77,5292,5292,-1.0,-1.0,-1,-1,0.0
39342,-73.994140625,40.75251007080078,-74.00260162353516,40.76070022583008,352.96,5293,5293,-1.0,-1.0,-1,-1,0.0
39343,-73.99230194091797,40.749305725097656,-73.98316955566406,40.72653579711913,747.72,5293,5293,5346.16,6093.88,53.159999999999854,2.2737367544323206e-13,1.0000000000000002
39344,-74.01407623291014,40.71212768554688,-73.971435546875,40.75616455078125,1124.63,5293,5293,5468.99,6593.62,175.98999999999978,0.0,1.0
39345,-74.00532531738281,40.74592590332031,-74.00647735595702,40.73299789428711,445.98,5293,5293,5383.66,5829.639999999999,90.65999999999985,-4.547473508864641e-13,0.999999999999999
39346,-73.98213195800781,40.77524185180664,-73.9803237915039,40.78366088867188,218.45,5293,5293,-1.0,-1.0,-1,-1,0.0
39347,-74.01557922363281,40.71163940429688,-73.98692321777342,40.75510025024415,1156.63,5293,5293,5331.87,6559.09,38.86999999999989,70.59000000000015,1.0610307531362666
39348,-73.95191192626955,40.77780151367188,-73.95156860351562,40.77094268798828,228.5,5294,5294,5452.95,5681.45,158.94999999999982,0.0,1.0
39349,-73.98641967773438,40.75156021118164,-73.97955322265625,40.767181396484375,461.31,5294,5294,-1.0,-1.0,-1,-1,0.0
39350,-73.98908233642578,40.726875305175774,-73.977783203125,40.74595642089844,487.85,5294,5294,5623.86,6111.71,329.8599999999997,3.410605131648481e-13,1.0000000000000007
39351,-73.98064422607422,40.73822784423828,-73.97792053222656,40.72540283203125,380.98,5294,5294,5328.58,5709.5599999999995,34.57999999999993,-4.547473508864641e-13,0.9999999999999988
39352,-73.97528076171875,40.74906539916992,-73.96944427490234,40.7552604675293,247.3,5295,5295,-1.0,-1.0,-1,-1,0.0
39353,-73.97132110595702,40.76062774658203,-73.97373962402342,40.74753952026367,422.42,5295,5295,-1.0,-1.0,-1,-1,0.0
39354,-73.96290588378906,40.772132873535156,-73.97481536865234,40.736907958984375,765.13,5295,5295,-1.0,-1.0,-1,-1,0.0
39355,-73.96678161621094,40.76411819458008,-73.95220947265625,40.78166961669922,381.38,5295,5295,-1.0,-1.0,-1,-1,0.0
39356,-73.96727752685547,40.75674057006836,-73.99057006835938,40.75137710571289,759.49,5296,5296,5310.0,6170.46,14.0,100.97000000000003,1.1329444758983003
39357,-73.97077941894531,40.75282287597656,-73.97101593017578,40.74609375,198.08,5296,5296,-1.0,-1.0,-1,-1,0.0
39358,-73.97400665283203,40.75028991699219,-73.98294067382812,40.77505111694336,970.67,5296,5296,-1.0,-1.0,-1,-1,0.0
39359,-73.97403717041014,40.760536193847656,-73.95191955566406,40.76614379882813,606.91,5296,5296,-1.0,-1.0,-1,-1,0.0
39360,-74.00736236572266,40.72747039794922,-73.99456787109375,40.75030899047852,457.38,5296,5296,5351.01,5808.39,55.01000000000022,1.1368683772161603e-13,1.0000000000000002
39361,-73.96808624267578,40.75859832763672,-73.96122741699219,40.77085876464844,296.95,5296,5296,-1.0,-1.0,-1,-1,0.0
39362,-73.99230194091797,40.743858337402344,-73.96015930175781,40.770355224609375,1039.84,5296,5296,5314.42,6414.49,18.420000000000073,60.22999999999979,1.0579223726727187
39363,-73.99842834472656,40.72365188598633,-73.9920883178711,40.7291374206543,278.63,5296,5296,5310.0,5588.63,14.0,1.1368683772161603e-13,1.0000000000000004
39364,-73.96703338623048,40.78795623779297,-73.97708892822266,40.78615951538085,216.04,5297,5297,5672.52,5888.56,375.52000000000044,-2.842170943040401e-14,0.9999999999999999
39365,-73.95974731445312,40.773780822753906,-73.96626281738281,40.76002883911133,416.74,5297,5297,5448.2,5864.94,151.19999999999982,-2.2737367544323206e-13,0.9999999999999994
39366,-73.96450805664062,40.77019882202149,-73.94548797607422,40.77827835083008,489.96,5297,5297,5353.85,5850.74,56.850000000000364,6.929999999999438,1.0141440117560605
39367,-73.97586822509766,40.76264953613281,-73.9861831665039,40.75968933105469,412.58,5297,5297,-1.0,-1.0,-1,-1,0.0
39368,-73.97390747070312,40.77880859375,-73.96653747558594,40.7889404296875,214.14,5297,5297,5315.75,5529.89,18.75,3.410605131648481e-13,1.0000000000000016
39369,-73.98179626464844,40.74049377441406,-73.97222900390625,40.79254531860352,1352.63,5297,5297,-1.0,-1.0,-1,-1,0.0
39370,-73.98387145996094,40.7464714050293,-73.95964813232422,40.76768493652344,820.45,5297,5297,5329.08,6229.86,32.07999999999993,80.3299999999997,1.0979096837101587
39371,-73.9482192993164,40.78281021118164,-73.93814086914062,40.79706954956055,292.24,5297,5297,5745.92,6038.16,448.9200000000001,-2.2737367544323206e-13,0.9999999999999992
39372,-73.99341583251955,40.7296028137207,-73.99647521972656,40.73776245117188,330.36,5298,5298,5424.0,5754.36,126.0,-3.410605131648481e-13,0.999999999999999
39373,-73.9847640991211,40.75836944580078,-73.97771453857422,40.75391387939453,343.37,5298,5298,-1.0,-1.0,-1,-1,0.0
39374,-73.9957504272461,40.76431274414063,-73.9910888671875,40.73497772216797,881.66,5298,5298,-1.0,-1.0,-1,-1,0.0
39375,-73.9906234741211,40.756446838378906,-73.9251937866211,40.86383819580078,1381.39,5298,5298,5345.45,6726.84,47.44999999999982,2.2737367544323206e-13,1.0000000000000002
39376,-73.98104858398438,40.77437973022461,-74.008056640625,40.7392578125,971.24,5298,5298,-1.0,-1.0,-1,-1,0.0
39377,-73.98741149902342,40.71985626220703,-73.9909896850586,40.743019104003906,855.44,5298,5298,5356.17,6211.610000000001,58.17000000000007,4.547473508864641e-13,1.0000000000000004
39378,-73.99320983886719,40.72932815551758,-73.94902038574219,40.82278823852539,1856.12,5298,5298,5350.51,7224.72,52.51000000000022,18.090000000000146,1.0097461371032046
39379,-73.97545623779298,40.75572204589844,-73.98960876464844,40.772911071777344,830.39,5298,5298,-1.0,-1.0,-1,-1,0.0
39380,-73.96126556396483,40.771751403808594,-73.96829223632812,40.76509094238281,292.79,5298,5298,-1.0,-1.0,-1,-1,0.0
39381,-73.99407196044923,40.75108337402344,-73.95282745361328,40.77658081054688,1224.27,5298,5298,5331.81,6591.65,33.8100000000004,35.569999999999254,1.0290540485350448
39382,-73.97061920166014,40.759239196777344,-74.0067367553711,40.73582077026367,1069.09,5298,5298,5327.36,6396.45,29.359999999999673,2.2737367544323206e-13,1.0000000000000002
39383,-73.97045135498048,40.75956726074219,-73.95205688476562,40.769569396972656,526.69,5299,5299,-1.0,-1.0,-1,-1,0.0
39384,-73.99088287353516,40.74213409423828,-74.00263977050781,40.749916076660156,400.12,5299,5299,-1.0,-1.0,-1,-1,0.0
39385,-74.00299072265625,40.74951934814453,-73.99140167236328,40.75019073486328,481.5,5299,5299,5358.79,5840.29,59.789999999999964,0.0,1.0
39386,-73.97254943847656,40.75951385498047,-73.97674560546875,40.750396728515625,311.47,5299,5299,-1.0,-1.0,-1,-1,0.0
39387,-74.00833129882812,40.72185134887695,-73.99895477294923,40.723350524902344,371.36,5299,5299,5436.51,5807.87,137.51000000000022,-3.410605131648481e-13,0.9999999999999991
39388,-74.0021743774414,40.73775100708008,-73.97944641113281,40.75126647949219,709.36,5299,5299,5346.34,6100.82,47.340000000000146,45.11999999999955,1.0636066313296486
39389,-73.95097351074219,40.78295135498047,-73.93871307373048,40.805030822753906,375.89,5299,5299,5312.96,5688.849999999999,13.960000000000036,-5.684341886080801e-13,0.9999999999999984
39390,-73.99970245361328,40.72178649902344,-74.00917053222656,40.71090316772461,358.69,5300,5300,-1.0,-1.0,-1,-1,0.0
39391,-73.99403381347656,40.751243591308594,-73.96115112304686,40.76333618164063,1039.75,5300,5300,5349.01,6447.24,49.01000000000022,58.47999999999956,1.056244289492666
39392,-73.98017883300781,40.78080368041992,-73.95206451416014,40.77782440185547,661.83,5300,5300,5348.49,6010.32,48.48999999999978,-1.1368683772161603e-13,0.9999999999999998
39393,-73.9750747680664,40.76523971557617,-74.0047836303711,40.74175643920898,941.26,5300,5300,-1.0,-1.0,-1,-1,0.0
39394,-73.97821807861328,40.76110458374024,-73.99003601074219,40.74116516113281,584.22,5301,5301,-1.0,-1.0,-1,-1,0.0
39395,-73.9810562133789,40.769081115722656,-73.98696899414062,40.729408264160156,1291.19,5301,5301,5427.0,6718.19,126.0,-4.547473508864641e-13,0.9999999999999997
39396,-73.95902252197266,40.76762390136719,-73.98665618896483,40.7108268737793,1089.49,5301,5301,5359.59,6456.360000000001,58.590000000000146,7.2800000000004275,1.0066820255348836
39397,-73.98300170898438,40.77323913574219,-73.98504638671875,40.759441375732415,476.68,5301,5301,5326.0,5816.11,25.0,13.429999999999666,1.0281740370898709
39398,-73.96681213378906,40.78894424438477,-73.9584426879883,40.77261734008789,586.82,5301,5301,5550.41,6137.23,249.40999999999985,-3.410605131648481e-13,0.9999999999999994
39399,-73.98503875732422,40.76436233520508,-73.9524917602539,40.77655029296875,855.58,5302,5302,-1.0,-1.0,-1,-1,0.0
39400,-73.96761322021484,40.80253982543945,-73.93498992919923,40.85785675048828,916.16,5302,5302,5450.91,6367.070000000001,148.90999999999985,7.958078640513122e-13,1.0000000000000009
39401,-73.97121429443358,40.7602653503418,-73.9842529296875,40.76976013183594,551.94,5302,5302,-1.0,-1.0,-1,-1,0.0
39402,-73.99089813232422,40.72800064086913,-73.99535369873048,40.72187042236328,309.81,5302,5302,5357.33,5667.14,55.32999999999993,3.979039320256561e-13,1.0000000000000013
39403,-73.97810363769531,40.72920227050781,-73.98841857910156,40.7389030456543,375.2,5302,5302,5544.91,5920.11,242.90999999999985,-1.7053025658242404e-13,0.9999999999999996
39404,-73.94486999511719,40.80300903320313,-73.96712493896483,40.79353332519531,407.49,5302,5302,5479.83,5887.32,177.82999999999993,-2.2737367544323206e-13,0.9999999999999994
39405,-73.9727020263672,40.745906829833984,-73.99292755126955,40.75828170776367,769.33,5302,5302,5356.63,6162.46,54.63000000000011,36.499999999999886,1.0474438797395134
39406,-73.97966003417969,40.75836944580078,-73.9600830078125,40.77048873901367,674.3,5302,5302,-1.0,-1.0,-1,-1,0.0
39407,-73.95828247070312,40.77579116821289,-73.96771240234375,40.7629508972168,357.36,5302,5302,5312.92,5670.28,10.920000000000073,-3.410605131648481e-13,0.999999999999999
39408,-73.98732757568358,40.76872253417969,-73.96575164794923,40.75537109375,844.83,5302,5302,-1.0,-1.0,-1,-1,0.0
39409,-73.97654724121094,40.79076766967773,-73.97794342041014,40.77869033813477,316.94,5302,5302,5352.92,5669.86,50.92000000000007,-3.979039320256561e-13,0.9999999999999988
39410,-73.98407745361328,40.744041442871094,-73.99468231201173,40.74222183227539,334.34,5302,5302,-1.0,-1.0,-1,-1,0.0
39411,-73.95439910888672,40.769691467285156,-73.97419738769531,40.75811767578125,717.99,5303,5303,5347.13,6139.66,44.13000000000011,74.53999999999974,1.103817601916461
39412,-73.9688491821289,40.786231994628906,-73.96929931640625,40.803184509277344,486.11,5303,5303,6183.11,6669.22,880.1099999999997,5.684341886080801e-13,1.000000000000001
39413,-73.98914337158203,40.73068618774415,-73.98733520507811,40.74375534057617,483.78,5303,5303,5358.15,5841.93,55.149999999999636,6.821210263296962e-13,1.0000000000000013
39414,-73.97157287597656,40.756195068359375,-73.94671630859375,40.78025436401367,618.48,5303,5303,-1.0,-1.0,-1,-1,0.0
39415,-73.98065948486328,40.74785614013672,-73.97425079345702,40.7898063659668,1117.85,5303,5303,-1.0,-1.0,-1,-1,0.0
39416,-73.98126220703125,40.7805061340332,-73.97593688964845,40.77791213989258,192.09,5303,5303,-1.0,-1.0,-1,-1,0.0
39417,-73.9779739379883,40.75933074951172,-73.99153900146483,40.756309509277344,498.72,5304,5304,-1.0,-1.0,-1,-1,0.0
39418,-73.96055603027344,40.765621185302734,-73.98087310791014,40.75616836547852,704.93,5304,5304,-1.0,-1.0,-1,-1,0.0
39419,-73.96077728271484,40.79743957519531,-73.97090148925781,40.79011154174805,188.98,5304,5304,5349.36,5586.13,45.35999999999967,47.79000000000045,1.252883903058527
39420,-73.99760437011719,40.736854553222656,-74.00450897216798,40.734153747558594,230.37,5304,5304,5360.79,5591.16,56.789999999999964,-1.1368683772161603e-13,0.9999999999999996
39421,-73.96654510498048,40.79433822631836,-73.93058776855469,40.86845016479492,895.82,5304,5304,5310.65,6206.47,6.649999999999636,5.684341886080801e-13,1.0000000000000007
39422,-73.97744750976562,40.75852966308594,-73.98222351074219,40.76491165161133,383.67,5305,5305,-1.0,-1.0,-1,-1,0.0
39423,-73.97615051269531,40.78054809570313,-73.97737884521484,40.7888298034668,255.26,5305,5305,5409.67,5664.93,104.67000000000007,2.2737367544323206e-13,1.0000000000000009
39424,-73.95765686035155,40.76150894165039,-73.95034790039062,40.77537155151367,268.38,5305,5305,-1.0,-1.0,-1,-1,0.0
39425,-73.96923828125,40.78546142578125,-73.95683288574219,40.78084945678711,294.25,5305,5305,5352.5,5646.75,47.5,0.0,1.0
39426,-73.97512817382812,40.75729370117188,-73.98191833496094,40.77916717529297,741.38,5305,5305,-1.0,-1.0,-1,-1,0.0
39427,-73.98371124267578,40.76034164428711,-73.99221801757811,40.77042007446289,419.87,5305,5305,-1.0,-1.0,-1,-1,0.0
39428,-73.97454071044923,40.760078430175774,-73.97288513183594,40.78564453125,657.42,5305,5305,-1.0,-1.0,-1,-1,0.0
39429,-73.94681549072266,40.77630615234375,-73.95375061035155,40.78792572021485,401.32,5305,5305,5357.48,5758.8,52.47999999999956,6.252776074688882e-13,1.0000000000000016
39430,-73.96910095214845,40.764305114746094,-73.97852325439453,40.78669738769531,678.26,5306,5306,-1.0,-1.0,-1,-1,0.0
39431,-73.98249053955078,40.75149154663085,-73.97946166992188,40.72748947143555,733.28,5306,5306,5332.52,6133.65,26.520000000000437,67.84999999999923,1.0925294566877581
39432,-73.97396087646483,40.77904510498047,-73.9780044555664,40.75834655761719,704.69,5306,5306,-1.0,-1.0,-1,-1,0.0
39433,-73.98184967041014,40.768211364746094,-73.94886016845702,40.77508163452149,932.58,5306,5306,-1.0,-1.0,-1,-1,0.0
39434,-73.99333190917969,40.738445281982415,-73.98786926269531,40.7414436340332,293.03,5306,5306,-1.0,-1.0,-1,-1,0.0
39435,-73.96855163574219,40.76412963867188,-74.00277709960938,40.723609924316406,1273.46,5306,5306,5360.85,6659.55,54.850000000000364,25.23999999999978,1.019820017903978
39436,-73.99546813964845,40.72486877441406,-73.99393463134766,40.746238708496094,639.76,5306,5306,5426.66,6066.42,120.65999999999985,2.2737367544323206e-13,1.0000000000000004
39437,-73.96998596191406,40.75996017456055,-73.95574951171875,40.78210067749024,597.61,5306,5306,-1.0,-1.0,-1,-1,0.0
39438,-74.0064697265625,40.71399307250977,-73.9906997680664,40.75025939941406,898.44,5306,5306,-1.0,-1.0,-1,-1,0.0
39439,-73.97987365722656,40.7482795715332,-73.9893569946289,40.73888397216797,409.54,5306,5306,5356.65,5784.26,50.649999999999636,18.07000000000056,1.0441226742198577
39440,-74.01014709472656,40.711631774902344,-74.00220489501955,40.72412872314453,357.33,5306,5306,-1.0,-1.0,-1,-1,0.0
39441,-73.98387145996094,40.73789978027344,-73.97785186767578,40.73403930664063,219.96,5307,5307,-1.0,-1.0,-1,-1,0.0
39442,-73.96772003173827,40.760841369628906,-73.99378204345702,40.76142120361328,895.99,5307,5307,-1.0,-1.0,-1,-1,0.0
39443,-73.95718383789062,40.770374298095696,-73.96614837646483,40.770416259765625,321.69,5307,5307,5334.0599999999995,5655.75,27.05999999999949,5.115907697472721e-13,1.0000000000000016
39444,-73.97227478027344,40.74961853027344,-73.98146820068358,40.73271942138672,408.04,5307,5307,5329.65,5804.89,22.649999999999636,67.20000000000067,1.1646897363003643
39445,-73.96663665771484,40.76446914672852,-73.959716796875,40.77098846435547,213.4,5308,5308,-1.0,-1.0,-1,-1,0.0
39446,-74.01129150390625,40.70268249511719,-73.9872817993164,40.72224426269531,539.24,5308,5308,5358.62,5897.86,50.61999999999989,-2.2737367544323206e-13,0.9999999999999996
39447,-73.9554443359375,40.81452941894531,-73.95376586914062,40.802070617675774,413.62,5308,5308,5616.92,6030.54,308.9200000000001,-1.1368683772161603e-13,0.9999999999999998
39448,-73.97291564941406,40.7562255859375,-73.9534683227539,40.77695083618164,627.98,5308,5308,-1.0,-1.0,-1,-1,0.0
39449,-73.9847640991211,40.74825668334961,-73.98299407958984,40.75659942626953,286.14,5308,5308,-1.0,-1.0,-1,-1,0.0
39450,-73.97917938232422,40.78459167480469,-73.98490905761719,40.778968811035156,186.49,5308,5308,5338.18,5524.67,30.18000000000029,-2.2737367544323206e-13,0.9999999999999988
39451,-73.98375701904298,40.74389266967773,-74.00967407226562,40.71642684936523,882.23,5308,5308,5319.71,6207.99,11.710000000000036,6.049999999999727,1.006857622162021
39452,-73.98982238769531,40.77243041992188,-73.98170471191406,40.765419006347656,292.42,5308,5308,5410.28,5702.7,102.27999999999975,5.684341886080802e-14,1.0000000000000002
39453,-73.94620513916014,40.781288146972656,-73.93672943115234,40.804115295410156,390.62,5308,5308,5321.5199999999995,5712.139999999999,13.519999999999527,-1.1368683772161603e-13,0.9999999999999997
39454,-73.97989654541014,40.746406555175774,-73.97576141357422,40.75505065917969,331.7,5308,5308,-1.0,-1.0,-1,-1,0.0
39455,-73.97650909423827,40.79074096679688,-73.96190643310547,40.79712677001953,349.83,5309,5309,5328.24,5739.92,19.23999999999978,61.85000000000031,1.176800160077753
39456,-73.99388122558594,40.75661849975585,-73.99990844726562,40.761146545410156,286.7,5309,5309,5364.07,5650.77,55.06999999999971,7.389644451905042e-13,1.0000000000000027
39457,-73.97042083740234,40.756683349609375,-73.93780517578125,40.81260681152344,1078.88,5309,5309,5316.5,6458.219999999999,7.5,62.839999999999236,1.0582455880172024
39458,-73.97991943359375,40.74626541137695,-74.00865173339844,40.71968078613281,940.3,5309,5309,5324.72,6296.62,15.720000000000255,31.59999999999968,1.033606295863022
39459,-74.0074462890625,40.715633392333984,-73.98808288574219,40.74123764038085,672.4,5309,5309,5350.71,6023.11,41.710000000000036,-3.410605131648481e-13,0.9999999999999994
39460,-73.97657775878906,40.75942993164063,-73.9935073852539,40.7646484375,506.33,5310,5310,-1.0,-1.0,-1,-1,0.0
39461,-74.01340484619139,40.715476989746094,-73.97874450683594,40.74932861328125,1157.26,5310,5310,-1.0,-1.0,-1,-1,0.0
39462,-73.97518157958984,40.754638671875,-73.95916748046875,40.7802848815918,633.86,5310,5310,5360.82,5994.68,50.81999999999971,5.684341886080801e-13,1.0000000000000009
39463,-73.99038696289062,40.73715591430664,-73.99201202392578,40.74919509887695,488.63,5310,5310,5466.7,5955.33,156.69999999999982,1.1368683772161603e-13,1.0000000000000002
39464,-73.9986801147461,40.71729278564453,-73.9988555908203,40.73231506347656,551.37,5310,5310,-1.0,-1.0,-1,-1,0.0
39465,-73.94803619384766,40.78318786621094,-73.95618438720702,40.78053283691406,231.65,5311,5311,5370.75,5602.4,59.75,-3.694822225952521e-13,0.9999999999999984
39466,-73.9539337158203,40.76648712158203,-73.97816467285155,40.74163055419922,564.41,5311,5311,5350.45,5914.86,39.44999999999982,-1.1368683772161603e-13,0.9999999999999998
39467,-73.97649383544923,40.74781036376953,-73.96339416503906,40.76602554321289,472.74,5311,5311,-1.0,-1.0,-1,-1,0.0
39468,-73.96510314941406,40.79189682006836,-73.954345703125,40.78739547729492,430.77,5311,5311,-1.0,-1.0,-1,-1,0.0
39469,-73.9744873046875,40.75115966796875,-73.97199249267578,40.78221130371094,862.66,5311,5311,-1.0,-1.0,-1,-1,0.0
39470,-73.97501373291014,40.752357482910156,-73.99952697753906,40.73598098754883,752.36,5312,5312,-1.0,-1.0,-1,-1,0.0
39471,-74.00988006591797,40.705879211425774,-73.9869842529297,40.72079849243164,623.42,5312,5312,-1.0,-1.0,-1,-1,0.0
39472,-73.98238372802734,40.76673126220703,-73.99074554443358,40.76982498168945,210.17,5312,5312,-1.0,-1.0,-1,-1,0.0
39473,-73.9766616821289,40.75150680541992,-73.98717498779298,40.73627471923828,408.74,5312,5312,-1.0,-1.0,-1,-1,0.0
39474,-73.96574401855469,40.78994369506836,-73.96903228759766,40.76579666137695,683.86,5312,5312,5381.33,6065.19,69.32999999999993,-3.410605131648481e-13,0.9999999999999996
39475,-73.97470092773438,40.76066970825195,-73.99356842041014,40.724510192871094,1005.7,5312,5312,-1.0,-1.0,-1,-1,0.0
39476,-73.99040222167969,40.75631332397461,-73.98688507080078,40.768569946289055,441.75,5312,5312,-1.0,-1.0,-1,-1,0.0
39477,-74.00093841552734,40.74712371826172,-73.99298095703125,40.71809005737305,1065.25,5313,5313,5353.62,6458.12,40.61999999999989,39.25,1.0368458108425251
39478,-73.98973846435547,40.74172592163085,-74.00595092773438,40.74125671386719,409.21,5313,5313,5372.07,5809.4,59.06999999999971,28.119999999999948,1.0687177732704478
39479,-73.96163940429686,40.80107879638672,-73.96894073486328,40.79922103881836,190.13,5313,5313,5485.59,5675.72,172.59000000000015,1.1368683772161603e-13,1.0000000000000007
39480,-73.99340057373048,40.74187088012695,-73.99127960205078,40.72333908081055,664.54,5313,5313,-1.0,-1.0,-1,-1,0.0
39481,-73.98286437988281,40.77189636230469,-73.98334503173827,40.766056060791016,213.66,5313,5313,-1.0,-1.0,-1,-1,0.0
39482,-73.98472595214844,40.725791931152344,-74.0099105834961,40.70551300048828,730.99,5313,5313,5366.87,6122.65,53.86999999999989,24.789999999999736,1.0339129126253435
39483,-74.00832366943358,40.73110961914063,-74.00251770019531,40.73952102661133,198.38,5314,5314,-1.0,-1.0,-1,-1,0.0
39484,-73.9725341796875,40.75963592529297,-73.98722839355469,40.73907852172852,601.92,5314,5314,-1.0,-1.0,-1,-1,0.0
39485,-73.98180389404298,40.771339416503906,-73.990234375,40.750736236572266,695.1,5314,5314,-1.0,-1.0,-1,-1,0.0
39486,-73.96210479736328,40.76765060424805,-73.98045349121094,40.759220123291016,735.97,5314,5314,-1.0,-1.0,-1,-1,0.0
39487,-73.9872055053711,40.74208068847656,-73.9472427368164,40.79670333862305,1180.56,5314,5314,5376.58,6557.14,62.57999999999993,4.547473508864641e-13,1.0000000000000004
39488,-73.9576187133789,40.77974319458008,-73.9514389038086,40.77106475830078,379.86,5315,5315,5529.24,5909.1,214.23999999999978,5.684341886080801e-13,1.0000000000000016
39489,-73.97537994384766,40.76128005981445,-73.95478057861328,40.76959991455078,617.32,5315,5315,-1.0,-1.0,-1,-1,0.0
39490,-73.99166107177734,40.749698638916016,-73.95652770996094,40.76707458496094,1055.13,5315,5315,-1.0,-1.0,-1,-1,0.0
39491,-74.00789642333984,40.74032211303711,-73.97563934326173,40.71907424926758,1070.4,5315,5315,5372.46,6442.860000000001,57.460000000000036,4.547473508864641e-13,1.0000000000000004
39492,-73.99185943603516,40.74398040771485,-73.97411346435547,40.76506042480469,666.43,5315,5315,-1.0,-1.0,-1,-1,0.0
39493,-73.98544311523438,40.74723815917969,-74.00437927246094,40.705528259277344,1043.7,5315,5315,5344.68,6444.26,29.68000000000029,55.87999999999988,1.0535402893551786
39494,-73.9882583618164,40.723480224609375,-73.9730911254883,40.74610137939453,449.14,5315,5315,5340.0,5789.14,25.0,3.410605131648481e-13,1.0000000000000007
39495,-73.98875427246094,40.778480529785156,-73.96893310546875,40.80130386352539,514.24,5315,5315,5461.05,5975.29,146.05000000000018,-2.2737367544323206e-13,0.9999999999999996
39496,-73.9654998779297,40.76906204223633,-73.99537658691406,40.73381805419922,1057.19,5315,5315,-1.0,-1.0,-1,-1,0.0
39497,-73.98193359375,40.75231170654297,-73.97457122802734,40.74777603149415,257.09,5315,5315,-1.0,-1.0,-1,-1,0.0
39498,-73.99931335449219,40.74305725097656,-73.9845199584961,40.77478408813477,669.84,5315,5315,-1.0,-1.0,-1,-1,0.0
39499,-73.97708892822266,40.75578689575195,-73.97244262695312,40.78619003295898,755.14,5316,5316,-1.0,-1.0,-1,-1,0.0
39500,-73.97376251220702,40.74833679199219,-73.97467803955078,40.75841522216797,537.37,5316,5316,5340.0,5877.37,24.0,-1.1368683772161603e-13,0.9999999999999998
39501,-73.94864654541014,40.78232955932617,-73.964599609375,40.7608642578125,563.51,5316,5316,5507.4,6070.91,191.39999999999964,2.2737367544323206e-13,1.0000000000000004
39502,-73.99211120605469,40.75413131713867,-73.98924255371094,40.76283264160156,295.86,5316,5316,-1.0,-1.0,-1,-1,0.0
39503,-73.98412322998048,40.74661636352539,-73.98887634277344,40.75874328613281,513.73,5316,5316,5341.55,5857.24,25.550000000000182,1.9599999999995816,1.0038152336830624
39504,-73.97624969482422,40.75690078735352,-73.96060943603516,40.76160049438477,478.38,5316,5316,-1.0,-1.0,-1,-1,0.0
39505,-73.98603820800781,40.75738906860352,-73.99073028564453,40.75094604492188,187.75,5317,5317,5360.44,5548.19,43.4399999999996,0.0,1.0
39506,-73.97924041748048,40.74374771118164,-73.96705627441406,40.76060104370117,456.95,5317,5317,-1.0,-1.0,-1,-1,0.0
39507,-73.94989013671875,40.78436279296875,-73.95808410644531,40.77981567382813,221.71,5317,5317,5503.53,5725.24,186.52999999999975,2.842170943040401e-14,1.0000000000000002
39508,-74.00261688232422,40.72893142700195,-73.9930191040039,40.74251174926758,284.0,5317,5317,-1.0,-1.0,-1,-1,0.0
39509,-73.99668884277344,40.763198852539055,-74.00385284423827,40.73345947265625,725.51,5317,5317,5373.31,6098.82,56.3100000000004,-6.821210263296962e-13,0.9999999999999991
39510,-73.97705078125,40.79030990600585,-73.96883392333984,40.800071716308594,254.23,5317,5317,-1.0,-1.0,-1,-1,0.0
39511,-73.98943328857422,40.74169921875,-74.00260162353516,40.71860885620117,664.55,5317,5317,5359.25,6023.8,42.25,2.2737367544323206e-13,1.0000000000000004
39512,-74.00652313232422,40.71184158325195,-73.9920196533203,40.72547149658203,728.59,5318,5318,-1.0,-1.0,-1,-1,0.0
39513,-73.98332214355469,40.77628707885742,-73.9869384765625,40.77941131591797,210.28,5318,5318,-1.0,-1.0,-1,-1,0.0
39514,-73.96204376220702,40.76470184326172,-73.9515380859375,40.782169342041016,432.87,5318,5318,-1.0,-1.0,-1,-1,0.0
39515,-73.95858001708984,40.76395797729492,-73.95348358154298,40.77448654174805,237.76,5318,5318,5341.59,5613.76,23.590000000000146,34.41000000000008,1.144725773889637
39516,-73.9639892578125,40.77656936645508,-73.970947265625,40.76703643798828,245.63,5318,5318,5344.15,5589.78,26.149999999999636,1.1368683772161603e-13,1.0000000000000004
39517,-73.97373962402342,40.74308776855469,-73.9744873046875,40.7514762878418,215.29,5318,5318,-1.0,-1.0,-1,-1,0.0
39518,-73.9510269165039,40.77869033813477,-73.957275390625,40.770320892333984,194.97,5319,5319,5506.87,5701.84,187.8699999999999,2.5579538487363607e-13,1.0000000000000013
39519,-73.97266387939453,40.761043548583984,-73.9646987915039,40.77403259277344,277.68,5319,5319,5342.47,5620.15,23.470000000000255,-6.252776074688882e-13,0.9999999999999978
39520,-73.98385620117188,40.74666213989258,-73.99280548095702,40.75614929199219,532.51,5319,5319,-1.0,-1.0,-1,-1,0.0
39521,-73.9638671875,40.767860412597656,-73.95461273193358,40.76565170288085,313.92,5319,5319,-1.0,-1.0,-1,-1,0.0
39522,-74.0174102783203,40.704902648925774,-73.94560241699219,40.77950668334961,1405.13,5319,5319,-1.0,-1.0,-1,-1,0.0
39523,-73.97856903076173,40.76015090942383,-73.9798583984375,40.755149841308594,306.29,5319,5319,5367.57,5673.86,48.56999999999971,-5.684341886080802e-14,0.9999999999999998
39524,-74.00814056396483,40.72291564941406,-73.99109649658203,40.73843002319336,536.07,5319,5319,5343.92,5919.66,24.920000000000073,39.66999999999973,1.074001529650978
39525,-73.97707366943358,40.75928115844727,-73.98196411132812,40.752288818359375,199.17,5320,5320,-1.0,-1.0,-1,-1,0.0
39526,-73.99235534667969,40.749473571777344,-73.98579406738281,40.719520568847656,1012.58,5320,5320,5346.16,6369.72,26.159999999999854,10.98000000000036,1.0108435876671475
39527,-73.99358367919923,40.73521423339844,-74.00825500488281,40.70592880249024,1166.5,5320,5320,5497.91,6664.41,177.90999999999985,0.0,1.0
39528,-74.00299835205078,40.74973678588867,-74.01571655273438,40.71524429321289,690.58,5320,5320,-1.0,-1.0,-1,-1,0.0
39529,-73.97372436523438,40.78445816040039,-73.9446029663086,40.77950668334961,707.33,5320,5320,-1.0,-1.0,-1,-1,0.0
39530,-73.97796630859375,40.745853424072266,-73.98081970214844,40.7569580078125,544.96,5320,5320,-1.0,-1.0,-1,-1,0.0
39531,-73.96896362304686,40.76140975952149,-73.98680877685547,40.73791122436523,628.3,5320,5320,-1.0,-1.0,-1,-1,0.0
39532,-73.97282409667969,40.75325012207031,-73.98072052001955,40.73532104492188,466.37,5321,5321,-1.0,-1.0,-1,-1,0.0
39533,-73.9824676513672,40.76819229125977,-73.9813003540039,40.75301742553711,618.57,5321,5321,-1.0,-1.0,-1,-1,0.0
39534,-73.95111846923827,40.78300094604492,-73.99352264404298,40.73065948486328,1512.07,5321,5321,5352.6900000000005,6916.74,31.69000000000051,51.979999999999336,1.0343767153637062
39535,-73.96446228027344,40.764347076416016,-73.95676422119139,40.76665115356445,197.92,5321,5321,-1.0,-1.0,-1,-1,0.0
39536,-74.00595092773438,40.73569869995117,-74.0066909790039,40.74406814575195,277.13,5321,5321,5355.6,5685.92,34.600000000000364,53.18999999999971,1.1919315844549478
39537,-73.96533966064453,40.77495574951172,-73.98462677001955,40.74651336669922,855.65,5321,5321,-1.0,-1.0,-1,-1,0.0
39538,-73.97579956054686,40.76049423217773,-73.99108123779298,40.73614883422852,622.27,5321,5321,-1.0,-1.0,-1,-1,0.0
39539,-73.99178314208984,40.72603225708008,-73.98373413085938,40.7256088256836,218.2,5322,5322,5574.34,5792.54,252.34000000000015,-1.7053025658242404e-13,0.9999999999999992
39540,-73.9848098754883,40.75358963012695,-73.9823226928711,40.77798080444336,685.41,5322,5322,-1.0,-1.0,-1,-1,0.0
39541,-73.99788665771484,40.7358283996582,-73.9732666015625,40.76498794555664,967.18,5322,5322,5364.32,6331.5,42.31999999999971,3.410605131648481e-13,1.0000000000000004
39542,-73.95530700683594,40.77926635742188,-73.96635437011719,40.79248809814453,461.55,5322,5322,5373.78,5835.33,51.779999999999745,1.7053025658242404e-13,1.0000000000000004
39543,-73.9715118408203,40.755958557128906,-73.98126220703125,40.76411056518555,596.55,5322,5322,-1.0,-1.0,-1,-1,0.0
39544,-73.99246978759766,40.74365997314453,-74.00228881835938,40.745304107666016,284.55,5322,5322,5474.04,5758.59,152.03999999999996,1.7053025658242404e-13,1.0000000000000007
39545,-74.00044250488281,40.742576599121094,-73.98143768310547,40.73567581176758,531.99,5323,5323,-1.0,-1.0,-1,-1,0.0
39546,-73.98222351074219,40.746498107910156,-73.95674896240234,40.76673889160156,710.33,5323,5323,-1.0,-1.0,-1,-1,0.0
39547,-73.97586059570312,40.75698852539063,-73.98738861083984,40.77090835571289,638.09,5323,5323,-1.0,-1.0,-1,-1,0.0
39548,-73.98517608642578,40.73212432861328,-73.99018096923827,40.72516250610352,192.65,5323,5323,5352.75,5545.4,29.75,-3.694822225952521e-13,0.9999999999999981
39549,-73.97825622558594,40.75500106811523,-73.98238372802734,40.75579452514648,239.41,5323,5323,-1.0,-1.0,-1,-1,0.0
39550,-73.95079040527342,40.78305435180664,-73.97364044189453,40.78382873535156,495.44,5323,5323,-1.0,-1.0,-1,-1,0.0
39551,-73.9993896484375,40.73388671875,-73.99376678466798,40.74655151367188,362.24,5323,5323,-1.0,-1.0,-1,-1,0.0
39552,-73.9685821533203,40.75473403930664,-73.97804260253906,40.7564582824707,436.37,5323,5323,5350.92,5787.29,27.920000000000073,-1.1368683772161603e-13,0.9999999999999998
39553,-73.97360229492188,40.743385314941406,-73.96145629882812,40.7603759765625,275.56,5323,5323,5374.17,5649.7300000000005,51.17000000000007,3.979039320256561e-13,1.0000000000000016
39554,-73.97990417480467,40.74642181396485,-73.98700714111328,40.733341217041016,320.04,5324,5324,5379.23,5754.22,55.22999999999956,54.95000000000067,1.1716972878390222
39555,-73.96626281738281,40.77078628540039,-73.96165466308594,40.81290054321289,925.21,5324,5324,5418.71,6357.62,94.71000000000004,13.699999999999818,1.014807449119659
39556,-73.99747467041014,40.75678634643555,-73.98743438720702,40.76574325561523,289.09,5324,5324,5519.95,5809.04,195.94999999999982,1.7053025658242404e-13,1.0000000000000007
39557,-73.97976684570312,40.743080139160156,-73.98056030273438,40.74892044067383,263.23,5324,5324,-1.0,-1.0,-1,-1,0.0
39558,-73.9591293334961,40.76818084716797,-73.95545959472656,40.78364181518555,416.41,5324,5324,-1.0,-1.0,-1,-1,0.0
39559,-73.96784210205078,40.75648498535156,-73.94963073730467,40.776588439941406,438.07,5324,5324,5345.47,5783.54,21.470000000000255,-2.8421709430404007e-13,0.9999999999999993
39560,-73.99810791015625,40.74131393432617,-73.98517608642578,40.742183685302734,385.74,5324,5324,-1.0,-1.0,-1,-1,0.0
39561,-73.95939636230467,40.77434539794922,-73.96209716796875,40.76217651367188,531.57,5324,5324,5432.08,5963.65,108.07999999999993,-3.410605131648481e-13,0.9999999999999993
39562,-74.00565338134766,40.72578048706055,-73.98197937011719,40.74642181396485,794.76,5324,5324,-1.0,-1.0,-1,-1,0.0
39563,-73.96945953369139,40.76514434814453,-73.9560317993164,40.77554321289063,373.83,5325,5325,5340.0,5713.83,15.0,-5.684341886080802e-14,0.9999999999999999
39564,-73.9738998413086,40.76335906982422,-73.99072265625,40.75619888305664,625.22,5325,5325,5422.17,6047.39,97.17000000000007,2.2737367544323206e-13,1.0000000000000004
39565,-73.99461364746094,40.76101303100585,-74.00330352783203,40.74570083618164,443.47,5325,5325,-1.0,-1.0,-1,-1,0.0
39566,-74.00289916992188,40.76046371459961,-73.98165130615234,40.750404357910156,651.67,5325,5325,5357.17,6008.84,32.17000000000007,1.1368683772161603e-13,1.0000000000000002
39567,-74.01016998291014,40.74656677246094,-73.96471405029298,40.76092147827149,1292.61,5325,5325,-1.0,-1.0,-1,-1,0.0
39568,-73.98104095458984,40.753822326660156,-73.99168395996094,40.74982833862305,349.08,5326,5326,-1.0,-1.0,-1,-1,0.0
39569,-74.009521484375,40.71076965332031,-74.00511169433594,40.74102020263672,727.65,5326,5326,-1.0,-1.0,-1,-1,0.0
39570,-73.98190307617188,40.77136993408203,-73.97920227050781,40.75933074951172,530.24,5326,5326,-1.0,-1.0,-1,-1,0.0
39571,-73.98727416992188,40.74482345581055,-74.00846862792969,40.71919631958008,748.27,5326,5326,5372.8,6121.07,46.80000000000018,-4.547473508864641e-13,0.9999999999999994
39572,-73.94966888427734,40.78445053100585,-73.93907165527342,40.804588317871094,359.56,5326,5326,5373.84,5733.4,47.840000000000146,-5.115907697472721e-13,0.9999999999999986
39573,-73.98172760009766,40.766883850097656,-73.99359130859375,40.762996673583984,377.99,5326,5326,5365.95,5743.94,39.94999999999982,-2.2737367544323206e-13,0.9999999999999994
39574,-73.94747161865234,40.775203704833984,-73.9374771118164,40.804405212402344,512.65,5326,5326,5453.08,5965.7300000000005,127.07999999999993,5.684341886080801e-13,1.000000000000001
39575,-73.98996734619139,40.760719299316406,-73.9846954345703,40.76480102539063,199.09,5326,5326,-1.0,-1.0,-1,-1,0.0
39576,-73.97306060791014,40.760520935058594,-73.9582748413086,40.77836608886719,441.42,5326,5326,-1.0,-1.0,-1,-1,0.0
39577,-73.98234558105469,40.76850509643555,-73.97425842285155,40.76261520385742,332.69,5326,5326,5359.94,5692.63,33.9399999999996,5.115907697472721e-13,1.0000000000000016
39578,-73.97657012939453,40.7539176940918,-73.97500610351562,40.71977615356445,700.88,5326,5326,-1.0,-1.0,-1,-1,0.0
39579,-73.98514556884766,40.7524299621582,-73.99188232421875,40.76957702636719,604.98,5326,5326,5354.08,6037.47,28.079999999999927,78.41000000000031,1.1296075903335652
39580,-73.9810562133789,40.77920913696289,-73.97183227539062,40.79204940795898,213.25,5326,5326,5370.21,5583.46,44.210000000000036,0.0,1.0
39581,-73.95606994628906,40.81895065307617,-73.95437622070312,40.800819396972656,570.81,5327,5327,5608.89,6179.7,281.8900000000003,-4.547473508864641e-13,0.9999999999999992
39582,-73.97312927246094,40.79262161254883,-73.96620178222656,40.804588317871094,217.56,5327,5327,-1.0,-1.0,-1,-1,0.0
39583,-73.98475646972656,40.77965927124024,-73.96578216552734,40.75881958007813,935.45,5327,5327,5372.27,6307.72,45.27000000000044,-2.2737367544323206e-13,0.9999999999999998
39584,-73.94699859619139,40.77587127685547,-73.96971130371094,40.78981018066406,630.34,5327,5327,5446.95,6077.29,119.94999999999982,1.1368683772161603e-13,1.0000000000000002
39585,-73.98120880126955,40.75880813598633,-73.9821014404297,40.77257919311523,467.55,5327,5327,-1.0,-1.0,-1,-1,0.0
39586,-73.98023223876955,40.76517105102539,-73.99183654785155,40.75962829589844,388.48,5327,5327,-1.0,-1.0,-1,-1,0.0
39587,-73.95523834228516,40.76383972167969,-73.99154663085938,40.7501106262207,1083.27,5328,5328,-1.0,-1.0,-1,-1,0.0
39588,-73.99957275390625,40.73872756958008,-74.00239562988281,40.74372863769531,214.87,5328,5328,5368.64,5583.51,40.64000000000033,-1.1368683772161603e-13,0.9999999999999994
39589,-74.00546264648438,40.72792053222656,-73.97994232177734,40.73472595214844,704.51,5328,5328,-1.0,-1.0,-1,-1,0.0
39590,-73.98070526123048,40.75070571899415,-74.00382232666014,40.72987747192383,713.09,5328,5328,-1.0,-1.0,-1,-1,0.0
39591,-74.00558471679686,40.740379333496094,-73.98758697509766,40.76454162597656,700.34,5328,5328,5360.61,6060.95,32.60999999999967,1.1368683772161603e-13,1.0000000000000002
39592,-74.01205444335938,40.71895980834961,-73.9886703491211,40.72712326049805,784.58,5328,5328,5340.0,6158.99,12.0,34.40999999999974,1.0438578602564426
39593,-73.96458435058595,40.7672119140625,-73.96240234375,40.75713348388672,396.55,5328,5328,-1.0,-1.0,-1,-1,0.0
39594,-73.97647094726562,40.7573127746582,-73.95592498779298,40.76785659790039,581.08,5328,5328,5349.36,5970.42,21.359999999999673,39.98000000000036,1.0688029187031052
39595,-73.98318481445312,40.76128768920898,-73.9931640625,40.749847412109375,380.23,5328,5328,5347.23,5727.46,19.229999999999563,4.547473508864641e-13,1.000000000000001
39596,-73.99074554443358,40.75136184692383,-74.00637054443358,40.7424201965332,479.11,5328,5328,-1.0,-1.0,-1,-1,0.0
39597,-73.9844207763672,40.7750244140625,-73.98165893554686,40.78535461425781,326.97,5328,5328,-1.0,-1.0,-1,-1,0.0
39598,-73.96302795410156,40.76249694824219,-73.98577880859375,40.72686767578125,808.65,5328,5328,-1.0,-1.0,-1,-1,0.0
39599,-74.01011657714845,40.7193717956543,-73.99803924560547,40.75662231445313,675.48,5329,5329,-1.0,-1.0,-1,-1,0.0
39600,-73.98519134521484,40.76894760131836,-73.99139404296875,40.75996017456055,254.94,5329,5329,5347.13,5602.07,18.13000000000011,-3.979039320256561e-13,0.9999999999999984
39601,-73.99114990234375,40.73945617675781,-73.9850082397461,40.72404098510742,587.95,5329,5329,5374.42,5973.35,45.42000000000007,10.980000000000246,1.0186750574028407
39602,-73.99005126953125,40.75239181518555,-74.00316619873048,40.72058868408203,729.0,5329,5329,-1.0,-1.0,-1,-1,0.0
39603,-74.00846862792969,40.711509704589844,-74.00112915039062,40.73163986206055,624.78,5329,5329,-1.0,-1.0,-1,-1,0.0
39604,-74.0001220703125,40.73797607421875,-74.00811767578125,40.743064880371094,337.76,5329,5329,5340.0,5772.05,11.0,94.29000000000019,1.279162719090479
39605,-73.9475860595703,40.79630661010742,-74.00418090820312,40.742523193359375,1489.39,5329,5329,5909.7,7399.09,580.6999999999998,2.2737367544323206e-13,1.0000000000000002
39606,-73.9735107421875,40.78697967529297,-73.96601867675781,40.773338317871094,357.93,5330,5330,5434.21,5792.14,104.21000000000004,2.8421709430404007e-13,1.0000000000000009
39607,-73.99593353271484,40.76483154296875,-73.9900131225586,40.75024032592773,560.83,5330,5330,-1.0,-1.0,-1,-1,0.0
39608,-74.00438690185547,40.70709991455078,-73.97564697265625,40.75151062011719,905.25,5330,5330,-1.0,-1.0,-1,-1,0.0
39609,-73.98230743408203,40.76826095581055,-73.98443603515625,40.75879669189453,347.36,5330,5330,5372.73,5730.92,42.72999999999956,10.830000000000496,1.0311780285582695
39610,-73.97615051269531,40.74417114257813,-74.0106201171875,40.70966720581055,997.32,5331,5331,-1.0,-1.0,-1,-1,0.0
39611,-74.01181030273438,40.70807647705078,-73.97489166259766,40.7177734375,501.65,5331,5331,5360.75,5862.4,29.75,-3.410605131648481e-13,0.9999999999999993
39612,-73.97267150878906,40.756813049316406,-73.99467468261719,40.72708129882813,739.51,5331,5331,5355.74,6095.25,24.73999999999978,2.2737367544323206e-13,1.0000000000000002
39613,-73.95916748046875,40.76767349243164,-73.98906707763672,40.72668838500977,925.41,5331,5331,-1.0,-1.0,-1,-1,0.0
39614,-73.98045349121094,40.73051071166992,-73.99938201904298,40.722450256347656,590.8,5331,5331,5358.46,5949.26,27.460000000000036,2.2737367544323206e-13,1.0000000000000004
39615,-73.9527587890625,40.78327560424805,-74.00677490234375,40.74098587036133,1606.98,5331,5331,5340.0,6946.98,9.0,-4.547473508864641e-13,0.9999999999999997
39616,-73.98139190673827,40.78083419799805,-73.97493743896483,40.78927230834961,212.17,5331,5331,-1.0,-1.0,-1,-1,0.0
39617,-73.96309661865234,40.77776336669922,-73.97949981689453,40.78374099731445,372.82,5332,5332,-1.0,-1.0,-1,-1,0.0
39618,-74.00139617919923,40.72781372070313,-74.00725555419923,40.75307846069336,595.21,5332,5332,5367.71,5991.17,35.710000000000036,28.25,1.0474622402177383
39619,-73.96150970458984,40.76517868041992,-73.96440124511719,40.77320098876953,317.74,5332,5332,-1.0,-1.0,-1,-1,0.0
39620,-73.99597930908203,40.72677993774415,-73.97608184814453,40.735069274902344,548.65,5332,5332,-1.0,-1.0,-1,-1,0.0
39621,-73.99256134033203,40.743141174316406,-73.98750305175781,40.750431060791016,199.62,5332,5332,5365.09,5564.71,33.090000000000146,-1.1368683772161603e-13,0.9999999999999994
39622,-73.96793365478516,40.80279922485352,-73.9544677734375,40.77788162231445,768.03,5332,5332,6134.34,6902.37,802.3400000000001,-2.2737367544323206e-13,0.9999999999999997
39623,-73.99901580810547,40.76411437988281,-74.00843048095702,40.70413589477539,1169.14,5332,5332,5458.76,6627.9,126.76000000000022,-6.821210263296962e-13,0.9999999999999994
39624,-73.99434661865234,40.75077438354492,-73.9669418334961,40.76408386230469,970.47,5332,5332,5341.55,6384.02,9.550000000000182,72.00000000000023,1.074190855977001
39625,-73.95384979248048,40.781902313232415,-73.96928405761719,40.75874328613281,665.32,5332,5332,5364.94,6030.26,32.9399999999996,5.684341886080801e-13,1.0000000000000009
39626,-73.9766845703125,40.75080871582031,-73.98282623291014,40.75656509399415,447.22,5332,5332,-1.0,-1.0,-1,-1,0.0
39627,-73.97059631347656,40.75263214111328,-73.99131774902342,40.71792602539063,885.77,5332,5332,-1.0,-1.0,-1,-1,0.0
39628,-73.96466827392578,40.80185317993164,-73.95420837402342,40.806148529052734,316.41,5333,5333,-1.0,-1.0,-1,-1,0.0
39629,-73.989990234375,40.77277755737305,-73.96589660644531,40.79229736328125,558.8,5333,5333,5376.76,5962.72,43.76000000000022,27.160000000000082,1.048604151753758
39630,-73.9665756225586,40.75640487670898,-73.98896026611328,40.75688171386719,751.84,5333,5333,-1.0,-1.0,-1,-1,0.0
39631,-73.96307373046875,40.77478408813477,-73.9535903930664,40.77939224243164,250.65,5333,5333,-1.0,-1.0,-1,-1,0.0
39632,-73.9987030029297,40.73464965820313,-73.98385620117188,40.76021957397461,710.12,5333,5333,5463.63,6173.75,130.6300000000001,-1.1368683772161603e-13,0.9999999999999999
39633,-73.9763946533203,40.790958404541016,-73.98236846923827,40.76832580566406,515.73,5333,5333,5352.92,5933.35,19.920000000000073,64.70000000000027,1.1254532410369773
39634,-73.96662139892578,40.76178741455078,-73.94109344482422,40.79649353027344,564.96,5333,5333,-1.0,-1.0,-1,-1,0.0
39635,-73.98041534423827,40.73058700561523,-73.99433135986328,40.755130767822266,1016.93,5333,5333,5340.0,6423.13,7.0,66.20000000000016,1.065097892676979
39636,-73.98849487304686,40.71416473388672,-73.98179626464844,40.73110580444336,484.69,5334,5334,5451.33,5936.0199999999995,117.32999999999993,-3.979039320256561e-13,0.9999999999999992
39637,-73.98579406738281,40.758399963378906,-73.98601531982422,40.74643325805664,410.89,5334,5334,5373.6,5784.49,39.600000000000364,-5.684341886080801e-13,0.9999999999999987
39638,-73.98750305175781,40.75075149536133,-73.9773712158203,40.75872039794922,631.5,5334,5334,-1.0,-1.0,-1,-1,0.0
39639,-73.99359130859375,40.72742080688477,-74.00691223144531,40.73569869995117,498.31,5335,5335,5688.88,6187.19,353.8800000000001,-5.115907697472721e-13,0.999999999999999
39640,-74.0014419555664,40.73092651367188,-73.98936462402342,40.72304916381836,552.83,5335,5335,-1.0,-1.0,-1,-1,0.0
39641,-73.95661926269531,40.78096008300781,-73.95523834228516,40.76921463012695,427.82,5335,5335,5368.04,5795.86,33.039999999999964,-2.8421709430404007e-13,0.9999999999999993
39642,-73.98201751708984,40.74655151367188,-73.9876251220703,40.738189697265625,190.25,5335,5335,-1.0,-1.0,-1,-1,0.0
39643,-74.00486755371094,40.7418212890625,-73.99152374267578,40.748138427734375,457.63,5335,5335,-1.0,-1.0,-1,-1,0.0
39644,-73.96705627441406,40.77291870117188,-73.94859313964844,40.77387619018555,511.51,5335,5335,-1.0,-1.0,-1,-1,0.0
39645,-73.99407958984375,40.75112533569336,-73.98506927490234,40.76720428466797,498.23,5335,5335,5374.0,5872.23,39.0,-4.547473508864641e-13,0.9999999999999991
39646,-74.00575256347656,40.74509811401367,-73.95821380615234,40.772911071777344,1213.11,5335,5335,5358.83,6585.85,23.829999999999927,13.910000000000537,1.0114663962872292
39647,-73.96326446533203,40.77692413330078,-73.98937225341797,40.776649475097656,584.67,5335,5335,5381.09,5965.76,46.090000000000146,1.1368683772161603e-13,1.0000000000000002
39648,-73.98005676269531,40.78409194946289,-73.98220825195312,40.77252578735352,247.35,5335,5335,5432.16,5679.51,97.15999999999985,3.694822225952521e-13,1.0000000000000016
39649,-74.01716613769531,40.705345153808594,-73.96968841552734,40.76524353027344,1387.84,5335,5335,-1.0,-1.0,-1,-1,0.0
39650,-73.98193359375,40.75582885742188,-73.95970916748048,40.77106475830078,747.88,5336,5336,-1.0,-1.0,-1,-1,0.0
39651,-73.980712890625,40.75381088256836,-73.97425079345702,40.74420166015625,473.08,5336,5336,-1.0,-1.0,-1,-1,0.0
39652,-74.00048828125,40.72737121582031,-74.00712585449219,40.73701477050781,338.67,5336,5336,5474.67,5813.34,138.67000000000007,5.684341886080802e-14,1.0000000000000002
39653,-73.97809600830078,40.75745391845703,-73.9795913696289,40.742652893066406,508.67,5336,5336,5340.0,5848.67,4.0,5.684341886080802e-14,1.0000000000000002
39654,-73.97064208984375,40.78342056274415,-73.95461273193358,40.77804183959961,401.28,5336,5336,5400.91,5802.19,64.90999999999985,-2.2737367544323206e-13,0.9999999999999994
39655,-73.9941864013672,40.75116729736328,-73.97119140625,40.76417922973633,781.38,5336,5336,5349.01,6130.39,13.010000000000218,1.1368683772161603e-13,1.0000000000000002
39656,-74.00439453125,40.730655670166016,-73.9947280883789,40.75032806396485,453.22,5336,5336,-1.0,-1.0,-1,-1,0.0
39657,-73.96652221679686,40.77055740356445,-73.95772552490234,40.78221130371094,221.18,5337,5337,5344.55,5565.7300000000005,7.550000000000182,2.8421709430404007e-13,1.0000000000000013
39658,-73.95620727539062,40.787105560302734,-73.95966339111328,40.7738151550293,374.71,5337,5337,5376.86,5751.57,39.85999999999967,5.684341886080802e-14,1.0000000000000002
39659,-73.97087860107422,40.755130767822266,-74.00524139404298,40.740100860595696,1025.84,5337,5337,5372.46,6398.3,35.460000000000036,2.2737367544323206e-13,1.0000000000000002
39660,-73.98245239257811,40.75660705566406,-73.96145629882812,40.7603759765625,694.79,5337,5337,5362.14,6056.93,25.140000000000327,0.0,1.0
39661,-73.98509979248048,40.7601318359375,-74.00035858154298,40.73788070678711,584.39,5337,5337,-1.0,-1.0,-1,-1,0.0
39662,-73.97414398193358,40.75094604492188,-73.95305633544923,40.771888732910156,524.39,5337,5337,5365.599999999999,5968.11,28.599999999999454,78.12000000000023,1.148973092545625
39663,-73.96617126464845,40.75976943969727,-73.98080444335938,40.7476806640625,514.84,5337,5337,5363.99,5878.83,26.98999999999978,1.1368683772161603e-13,1.0000000000000002
39664,-73.9823226928711,40.77564239501953,-73.96621704101562,40.76382064819336,559.7,5337,5337,-1.0,-1.0,-1,-1,0.0
39665,-73.99040222167969,40.756004333496094,-73.98978424072266,40.762454986572266,255.19,5337,5337,-1.0,-1.0,-1,-1,0.0
39666,-73.99859619140625,40.71724319458008,-73.94657135009766,40.78091812133789,1397.83,5337,5337,5357.8,6816.21,20.800000000000182,60.57999999999993,1.043338603406709
39667,-73.98490905761719,40.75188064575195,-73.97859191894531,40.74475860595703,380.24,5337,5337,-1.0,-1.0,-1,-1,0.0
39668,-73.98103332519531,40.76765060424805,-73.99012756347656,40.74086380004883,838.76,5337,5337,5393.68,6288.78,56.68000000000029,56.33999999999946,1.0671705851495057
39669,-73.95689392089844,40.77502822875977,-73.94984436035155,40.7738037109375,220.57,5338,5338,5347.33,5659.69,9.329999999999927,91.78999999999968,1.4161490683229798
39670,-74.00756072998048,40.740928649902344,-73.99134826660156,40.75135040283203,659.31,5338,5338,5371.01,6053.46,33.01000000000022,23.139999999999873,1.0350972986910556
39671,-73.98767852783203,40.719818115234375,-73.9789505004883,40.71366882324219,357.77,5338,5338,5373.58,5731.35,35.57999999999993,4.547473508864641e-13,1.0000000000000013
39672,-73.9919662475586,40.749290466308594,-74.00263214111328,40.76068878173828,524.0,5338,5338,5340.0,5864.0,2.0,0.0,1.0
39673,-73.98859405517578,40.778133392333984,-73.99178314208984,40.759239196777344,552.54,5338,5338,-1.0,-1.0,-1,-1,0.0
39674,-73.9964828491211,40.72373962402344,-74.00187683105469,40.73031997680664,247.52,5338,5338,-1.0,-1.0,-1,-1,0.0
39675,-73.98986053466798,40.73797225952149,-74.00251770019531,40.72886657714844,426.58,5339,5339,-1.0,-1.0,-1,-1,0.0
39676,-73.96908569335938,40.76103210449219,-73.9890899658203,40.764427185058594,626.92,5339,5339,-1.0,-1.0,-1,-1,0.0
39677,-73.9730453491211,40.75871276855469,-73.97736358642578,40.78429412841797,821.23,5339,5339,-1.0,-1.0,-1,-1,0.0
39678,-73.98764038085938,40.77025985717773,-73.95404052734375,40.7844123840332,778.95,5339,5339,5364.56,6143.51,25.5600000000004,-2.2737367544323206e-13,0.9999999999999997
39679,-73.99114990234375,40.74996948242188,-73.98123168945312,40.781471252441406,907.56,5339,5339,5354.75,6318.01,15.75,55.70000000000027,1.061373352725991
39680,-73.97148895263672,40.75379180908203,-73.96011352539062,40.75858688354492,330.04,5340,5340,5340.0,5670.04,0.0,-5.684341886080802e-14,0.9999999999999998
39681,-73.98326110839844,40.76795196533203,-73.99505615234375,40.72491836547852,1307.21,5340,5340,5394.67,6722.75,54.67000000000007,20.86999999999989,1.0159653001430526
39682,-73.99172210693358,40.73989868164063,-73.99944305419923,40.73127365112305,239.33,5340,5340,-1.0,-1.0,-1,-1,0.0
39683,-74.00849914550781,40.73403930664063,-74.00012969970702,40.7269401550293,408.21,5340,5340,5441.61,5849.82,101.60999999999967,5.684341886080802e-14,1.0000000000000002
39684,-73.98348236083984,40.73899841308594,-73.96897888183594,40.79779052734375,1499.18,5341,5341,5393.34,6900.3099999999995,52.340000000000146,7.7899999999992815,1.0051961739084028
39685,-73.97989654541014,40.748802185058594,-73.96761322021484,40.77162170410156,646.44,5341,5341,-1.0,-1.0,-1,-1,0.0
39686,-73.9949722290039,40.755046844482415,-73.99703979492188,40.74468231201172,303.58,5341,5341,-1.0,-1.0,-1,-1,0.0
39687,-73.98171997070312,40.736900329589844,-73.97071838378906,40.753360748291016,424.37,5341,5341,5417.16,5841.53,76.15999999999985,-1.1368683772161603e-13,0.9999999999999998
39688,-74.01112365722656,40.7104606628418,-74.00390625,40.72235870361328,325.74,5341,5341,5382.23,5707.97,41.22999999999956,6.821210263296962e-13,1.000000000000002
39689,-74.0057144165039,40.738128662109375,-73.99949645996094,40.73362731933594,273.25,5341,5341,-1.0,-1.0,-1,-1,0.0
39690,-73.97532653808595,40.74988174438477,-73.9559097290039,40.772850036621094,622.24,5342,5342,-1.0,-1.0,-1,-1,0.0
39691,-73.95964050292969,40.7709846496582,-73.9576416015625,40.76357650756836,318.55,5342,5342,-1.0,-1.0,-1,-1,0.0
39692,-73.96454620361328,40.77154922485352,-73.96954345703125,40.78955841064453,529.43,5342,5342,-1.0,-1.0,-1,-1,0.0
39693,-74.0077133178711,40.70515823364258,-73.99488067626955,40.75015258789063,1101.08,5342,5342,-1.0,-1.0,-1,-1,0.0
39694,-73.9515380859375,40.785133361816406,-73.97534942626955,40.75213241577149,862.79,5342,5342,5448.21,6311.0,106.21000000000004,0.0,1.0
39695,-73.97826385498048,40.73748397827149,-73.96040344238281,40.76966857910156,629.22,5342,5342,5381.67,6010.89,39.67000000000007,2.2737367544323206e-13,1.0000000000000004
39696,-73.95269775390625,40.78065872192383,-73.99575805664062,40.76467895507813,1014.77,5342,5342,5398.91,6413.68,56.909999999999854,4.547473508864641e-13,1.0000000000000004
39697,-73.98639678955078,40.74034118652344,-73.96668243408203,40.76140594482422,667.99,5342,5342,-1.0,-1.0,-1,-1,0.0
39698,-73.99248504638672,40.748382568359375,-73.9782943725586,40.751407623291016,489.88,5343,5343,-1.0,-1.0,-1,-1,0.0
39699,-74.01203155517578,40.713951110839844,-74.00606536865234,40.7356071472168,452.15,5343,5343,-1.0,-1.0,-1,-1,0.0
39700,-73.98103332519531,40.76345825195313,-73.95118713378906,40.779239654541016,880.02,5343,5343,5384.3,6264.32,41.30000000000018,-4.547473508864641e-13,0.9999999999999994
39701,-73.96395111083984,40.79267883300781,-73.96253204345702,40.77067947387695,610.47,5343,5343,5493.82,6104.29,150.8199999999997,2.2737367544323206e-13,1.0000000000000004
39702,-73.97026062011719,40.76269912719727,-73.98253631591797,40.733116149902344,895.59,5344,5344,5457.08,6352.67,113.07999999999993,1.1368683772161603e-13,1.0000000000000002
39703,-73.99987030029298,40.72843933105469,-73.9935073852539,40.71917343139648,478.96,5344,5344,-1.0,-1.0,-1,-1,0.0
39704,-73.98806762695312,40.71998977661133,-73.99906158447266,40.72822189331055,485.38,5344,5344,-1.0,-1.0,-1,-1,0.0
39705,-73.98042297363281,40.726158142089844,-73.97563934326173,40.75132369995117,657.54,5344,5344,-1.0,-1.0,-1,-1,0.0
39706,-73.99063873291014,40.74296569824219,-74.00746154785155,40.739349365234375,544.7,5344,5344,5477.54,6022.24,133.53999999999996,-2.2737367544323206e-13,0.9999999999999996
39707,-74.0007553100586,40.72900390625,-74.00945281982422,40.7197265625,390.63,5344,5344,5459.92,5850.55,115.92000000000007,1.1368683772161603e-13,1.0000000000000002
39708,-73.98040008544923,40.73047637939453,-73.98323822021484,40.73854064941406,276.07,5344,5344,-1.0,-1.0,-1,-1,0.0
39709,-73.9568862915039,40.78068161010742,-73.96256256103516,40.77306365966797,184.42,5344,5344,5383.49,5567.91,39.48999999999978,8.526512829121202e-14,1.0000000000000004
39710,-74.01475524902342,40.71417236328125,-73.99547576904298,40.76003646850585,729.13,5344,5344,5485.17,6214.3,141.17000000000007,1.1368683772161603e-13,1.0000000000000002
39711,-74.00166320800781,40.72770690917969,-73.98777770996094,40.72117233276367,463.09,5345,5345,5399.58,5884.58,54.57999999999993,21.910000000000025,1.0473126174177807
39712,-73.9980926513672,40.74084091186523,-74.01007080078125,40.70505142211913,1019.67,5345,5345,-1.0,-1.0,-1,-1,0.0
39713,-73.9805908203125,40.76514434814453,-73.97738647460938,40.75371551513672,518.63,5346,5346,-1.0,-1.0,-1,-1,0.0
39714,-73.99398803710938,40.73632049560547,-73.9827423095703,40.723011016845696,573.32,5346,5346,5379.53,6009.47,33.529999999999745,56.62000000000046,1.098758110653737
39715,-73.98208618164062,40.77222442626953,-73.96744537353516,40.76914596557617,385.2,5346,5346,-1.0,-1.0,-1,-1,0.0
39716,-73.97322082519531,40.79278945922852,-73.99382781982422,40.76541137695313,550.58,5346,5346,5472.59,6023.17,126.59000000000015,-1.1368683772161603e-13,0.9999999999999998
39717,-73.9818344116211,40.767879486083984,-73.9412612915039,40.804969787597656,997.79,5346,5346,-1.0,-1.0,-1,-1,0.0
39718,-73.99437713623048,40.75072860717773,-73.96912384033203,40.766883850097656,872.5,5346,5346,5488.46,6360.96,142.46000000000004,0.0,1.0
39719,-73.9723129272461,40.76531982421875,-73.95433044433594,40.7739486694336,577.55,5346,5346,-1.0,-1.0,-1,-1,0.0
39720,-73.97207641601562,40.78645324707031,-73.96266174316406,40.759101867675774,984.73,5346,5346,5435.03,6429.24,89.02999999999975,9.480000000000018,1.009627004356524
39721,-73.96056365966798,40.774009704589844,-73.94779968261719,40.77056121826172,347.75,5346,5346,5514.39,5862.14,168.39000000000033,0.0,1.0
39722,-73.96033477783203,40.76153564453125,-73.98781585693358,40.71635437011719,823.93,5347,5347,-1.0,-1.0,-1,-1,0.0
39723,-73.97034454345702,40.754730224609375,-73.98831939697266,40.757232666015625,664.22,5347,5347,-1.0,-1.0,-1,-1,0.0
39724,-73.98980712890625,40.73366928100585,-73.9822769165039,40.74552917480469,350.11,5347,5347,5400.0,5784.69,53.0,34.579999999999586,1.0987689583273816
39725,-73.9689712524414,40.74995040893555,-73.9454345703125,40.777015686035156,518.21,5347,5347,5370.36,5888.57,23.359999999999673,0.0,1.0
39726,-74.00285339355469,40.76044464111328,-73.9566650390625,40.777870178222656,1039.59,5347,5347,-1.0,-1.0,-1,-1,0.0
39727,-73.99781799316406,40.74126815795898,-73.9953384399414,40.733360290527344,246.58,5347,5347,5387.34,5669.55,40.340000000000146,35.630000000000024,1.1444967150620489
39728,-73.95072937011719,40.78620147705078,-73.95691680908203,40.77091979980469,393.55,5347,5347,5405.16,5798.71,58.159999999999854,1.7053025658242404e-13,1.0000000000000004
39729,-73.98201751708984,40.75818252563477,-73.95520782470702,40.77767181396485,809.24,5347,5347,-1.0,-1.0,-1,-1,0.0
39730,-73.99002075195312,40.77251815795898,-73.94271850585938,40.78752899169922,1110.4,5347,5347,-1.0,-1.0,-1,-1,0.0
39731,-73.97414398193358,40.760414123535156,-73.96228790283203,40.76332473754883,406.95,5347,5347,-1.0,-1.0,-1,-1,0.0
39732,-73.95439147949219,40.76386642456055,-73.95895385742188,40.7675895690918,255.74,5347,5347,-1.0,-1.0,-1,-1,0.0
39733,-73.97991180419923,40.761619567871094,-73.96685791015625,40.803489685058594,963.38,5348,5348,-1.0,-1.0,-1,-1,0.0
39734,-73.9660415649414,40.76502227783203,-73.98294067382812,40.77080535888672,547.08,5348,5348,5390.4,5937.48,42.399999999999636,-1.1368683772161603e-13,0.9999999999999998
39735,-73.97119140625,40.747085571289055,-73.9666748046875,40.756595611572266,222.94,5348,5348,-1.0,-1.0,-1,-1,0.0
39736,-73.97161102294923,40.75611877441406,-73.95629119873048,40.7758903503418,478.31,5348,5348,-1.0,-1.0,-1,-1,0.0
39737,-73.98397827148438,40.74354934692383,-73.99820709228516,40.75671768188477,637.5,5348,5348,-1.0,-1.0,-1,-1,0.0
39738,-73.98026275634766,40.754390716552734,-73.9930419921875,40.74968338012695,366.58,5349,5349,-1.0,-1.0,-1,-1,0.0
39739,-73.96835327148438,40.76287841796875,-73.97909545898438,40.74313735961913,550.46,5349,5349,5388.42,5938.88,39.42000000000007,0.0,1.0
39740,-73.95751953125,40.76161575317383,-73.96675872802734,40.75981521606445,407.29,5349,5349,5505.75,5913.04,156.75,-5.684341886080802e-14,0.9999999999999999
39741,-73.97609710693358,40.76465225219727,-73.9671173095703,40.78803634643555,586.26,5349,5349,-1.0,-1.0,-1,-1,0.0
39742,-74.009765625,40.70359420776367,-73.99584197998048,40.759925842285156,1057.19,5349,5349,5631.21,6688.4,282.21000000000004,-4.547473508864641e-13,0.9999999999999996
39743,-73.99246215820312,40.7516975402832,-73.9940414428711,40.74129104614258,430.27,5349,5349,-1.0,-1.0,-1,-1,0.0
39744,-73.98461151123048,40.76844787597656,-73.97747039794923,40.75960540771485,471.49,5349,5349,5431.37,5902.86,82.36999999999989,-2.2737367544323206e-13,0.9999999999999996
39745,-73.96555328369139,40.75471496582031,-73.96363067626955,40.76159286499024,214.03,5350,5350,5378.9,5592.93,28.899999999999636,6.536993168992922e-13,1.000000000000003
39746,-73.95915222167969,40.76769638061523,-73.93814086914062,40.85543823242188,1341.21,5350,5350,-1.0,-1.0,-1,-1,0.0
39747,-73.98016357421875,40.7756233215332,-73.97956085205078,40.763038635253906,500.99,5350,5350,-1.0,-1.0,-1,-1,0.0
39748,-74.0107192993164,40.710365295410156,-73.98320007324219,40.76386642456055,1309.67,5350,5350,5460.71,6770.38,110.71000000000004,0.0,1.0
39749,-73.96302032470702,40.77423095703125,-73.9629898071289,40.7694091796875,221.63,5350,5350,5404.46,5678.05,54.460000000000036,51.96000000000015,1.2344447953796875
39750,-73.95291900634766,40.7860107421875,-73.95599365234375,40.77245330810547,401.5,5350,5350,5387.38,5812.01,37.38000000000011,23.13000000000011,1.05760896637609
39751,-74.00138092041014,40.73594284057617,-73.97999572753906,40.726966857910156,613.3,5350,5350,-1.0,-1.0,-1,-1,0.0
39752,-73.99289703369139,40.73656845092773,-73.99070739746094,40.750160217285156,470.45,5350,5350,-1.0,-1.0,-1,-1,0.0
39753,-73.96192932128906,40.80562973022461,-73.95348358154298,40.80164337158203,322.72,5350,5350,5518.04,5840.76,168.03999999999996,2.2737367544323206e-13,1.0000000000000007
39754,-73.97433471679686,40.762840270996094,-73.99105834960938,40.75046157836913,621.25,5350,5350,-1.0,-1.0,-1,-1,0.0
39755,-73.98826599121094,40.7389030456543,-74.00560760498048,40.72372817993164,614.57,5350,5350,5400.86,6051.14,50.85999999999967,35.710000000000605,1.0581056673771916
39756,-73.97431945800781,40.74274826049805,-73.93406677246094,40.80223846435547,943.98,5350,5350,-1.0,-1.0,-1,-1,0.0
39757,-73.9971160888672,40.72986602783203,-73.98283386230467,40.74473571777344,588.53,5350,5350,-1.0,-1.0,-1,-1,0.0
39758,-73.99298095703125,40.72825622558594,-74.00235748291014,40.739273071289055,494.33,5351,5351,-1.0,-1.0,-1,-1,0.0
39759,-73.96912384033203,40.76135635375977,-73.94693756103516,40.77265548706055,585.98,5351,5351,-1.0,-1.0,-1,-1,0.0
39760,-73.975341796875,40.79004287719727,-73.96334838867188,40.768856048583984,719.63,5351,5351,5451.0,6170.63,100.0,1.1368683772161603e-13,1.0000000000000002
39761,-73.98941040039062,40.76287841796875,-73.99339294433594,40.759056091308594,194.9,5351,5351,-1.0,-1.0,-1,-1,0.0
39762,-74.00703430175781,40.74371337890625,-73.99029541015625,40.742053985595696,441.34,5351,5351,-1.0,-1.0,-1,-1,0.0
39763,-73.97100830078125,40.75686645507813,-73.99111938476562,40.75545120239258,767.86,5351,5351,5370.96,6195.35,19.960000000000036,56.530000000000314,1.0736201911806844
39764,-73.97084045410156,40.75895690917969,-73.99642944335938,40.73820877075195,791.76,5352,5352,-1.0,-1.0,-1,-1,0.0
39765,-73.99054718017578,40.750648498535156,-73.95762634277344,40.77959060668945,1105.45,5352,5352,-1.0,-1.0,-1,-1,0.0
39766,-73.98114013671875,40.7293701171875,-73.98606109619139,40.72261047363281,248.93,5352,5352,-1.0,-1.0,-1,-1,0.0
39767,-73.99065399169923,40.76630783081055,-73.99501037597656,40.76108169555664,286.79,5352,5352,5436.37,5723.16,84.36999999999989,-5.684341886080802e-14,0.9999999999999998
39768,-73.98599243164062,40.74075317382813,-73.98571014404298,40.75104141235352,413.26,5352,5352,-1.0,-1.0,-1,-1,0.0
39769,-74.005859375,40.71411895751953,-73.96573638916014,40.76287460327149,1380.27,5352,5352,5405.9800000000005,6843.9,53.98000000000047,57.64999999999918,1.0417671904772248
39770,-73.9793930053711,40.767105102539055,-74.00353240966798,40.722755432128906,1186.73,5352,5352,-1.0,-1.0,-1,-1,0.0
39771,-73.97782135009766,40.75436019897461,-73.9597930908203,40.76618957519531,569.39,5353,5353,-1.0,-1.0,-1,-1,0.0
39772,-73.96910858154298,40.76129531860352,-73.99114227294923,40.75056457519531,768.08,5353,5353,-1.0,-1.0,-1,-1,0.0
39773,-73.99163818359375,40.75527572631836,-73.98133087158203,40.78122329711913,657.44,5353,5353,-1.0,-1.0,-1,-1,0.0
39774,-73.99415588378906,40.751197814941406,-73.99327850341797,40.727577209472656,896.46,5353,5353,-1.0,-1.0,-1,-1,0.0
39775,-74.00343322753906,40.729976654052734,-73.98722076416014,40.72991561889648,465.62,5353,5353,-1.0,-1.0,-1,-1,0.0
39776,-73.9715576171875,40.754859924316406,-73.95989990234375,40.77075958251953,377.74,5353,5353,5392.95,5770.69,39.94999999999982,-2.2737367544323206e-13,0.9999999999999994
39777,-73.9935073852539,40.72135925292969,-73.9737319946289,40.75041961669922,738.92,5354,5354,-1.0,-1.0,-1,-1,0.0
39778,-74.00559234619139,40.70756149291992,-73.97715759277344,40.72622680664063,638.49,5354,5354,5567.08,6205.57,213.07999999999993,-2.2737367544323206e-13,0.9999999999999997
39779,-73.97832489013672,40.778175354003906,-73.98085021972656,40.784446716308594,212.45,5354,5354,5446.0,5658.45,92.0,-1.7053025658242404e-13,0.9999999999999992
39780,-74.01709747314453,40.70830535888672,-73.99922943115234,40.72779846191406,685.34,5354,5354,-1.0,-1.0,-1,-1,0.0
39781,-73.97711944580078,40.76348114013672,-73.9961929321289,40.733074188232415,807.14,5354,5354,5390.75,6197.89,36.75,3.410605131648481e-13,1.0000000000000004
39782,-73.9944610595703,40.74543762207031,-73.99349975585938,40.76632308959961,625.36,5354,5354,-1.0,-1.0,-1,-1,0.0
39783,-73.97754669189453,40.758392333984375,-73.99044799804686,40.77166748046875,655.2,5354,5354,-1.0,-1.0,-1,-1,0.0
39784,-74.00279998779298,40.76055908203125,-74.00363159179686,40.72549057006836,793.5,5354,5354,-1.0,-1.0,-1,-1,0.0
39785,-73.9735336303711,40.784610748291016,-73.96175384521484,40.77413558959961,369.35,5354,5354,5492.42,5861.77,138.42000000000007,3.410605131648481e-13,1.0000000000000009
39786,-73.9814453125,40.778823852539055,-73.97931671142578,40.78955459594727,276.8,5354,5354,5488.96,5765.76,134.96000000000004,1.7053025658242404e-13,1.0000000000000007
39787,-73.9537124633789,40.77499008178711,-73.95361328125,40.78219985961913,269.35,5354,5354,5396.38,5665.73,42.38000000000011,-5.684341886080801e-13,0.9999999999999979
39788,-73.97738647460938,40.749977111816406,-73.99101257324219,40.75079345703125,458.78,5354,5354,-1.0,-1.0,-1,-1,0.0
39789,-73.99329376220702,40.73688125610352,-74.00128936767578,40.729190826416016,251.45,5354,5354,-1.0,-1.0,-1,-1,0.0
39790,-73.97470092773438,40.75625991821289,-74.00952911376955,40.73794174194336,1162.51,5355,5355,-1.0,-1.0,-1,-1,0.0
39791,-73.99163818359375,40.7491569519043,-74.00763702392578,40.75201416015625,437.09,5355,5355,-1.0,-1.0,-1,-1,0.0
39792,-73.96578979492188,40.75447463989258,-73.9537811279297,40.77777862548828,478.43,5355,5355,5390.37,5868.8,35.36999999999989,2.8421709430404007e-13,1.0000000000000007
39793,-74.00516510009766,40.72009658813477,-73.9871826171875,40.74197769165039,613.82,5355,5355,5389.13,6002.95,34.13000000000011,-3.410605131648481e-13,0.9999999999999994
39794,-73.9798583984375,40.7671012878418,-73.97051239013672,40.76454544067383,275.13,5355,5355,-1.0,-1.0,-1,-1,0.0
39795,-73.9818115234375,40.77379608154297,-73.98494720458984,40.759780883789055,450.51,5355,5355,5409.71,5860.22,54.710000000000036,2.2737367544323206e-13,1.0000000000000004
39796,-73.98724365234375,40.739036560058594,-73.99109649658203,40.72829055786133,318.04,5355,5355,5404.2300000000005,5722.27,49.23000000000047,-5.684341886080802e-14,0.9999999999999998
39797,-74.00337219238281,40.72701644897461,-74.00289916992188,40.74398040771485,457.79,5356,5356,5512.62,5970.41,156.6199999999999,-5.684341886080802e-14,0.9999999999999999
39798,-73.97296905517578,40.76437377929688,-73.9822769165039,40.756160736083984,431.33,5356,5356,5406.9,5838.2300000000005,50.899999999999636,8.526512829121202e-13,1.000000000000002
39799,-73.99660491943358,40.7476692199707,-74.00007629394531,40.76074981689453,412.12,5356,5356,5409.01,5860.76,53.01000000000022,39.629999999999995,1.0961613122391536
39800,-73.98648071289062,40.76159286499024,-73.97570037841797,40.79549789428711,676.18,5356,5356,5480.06,6156.24,124.0600000000004,-5.684341886080801e-13,0.9999999999999991
39801,-73.99527740478516,40.75986099243164,-73.9830780029297,40.76932907104492,407.29,5356,5356,-1.0,-1.0,-1,-1,0.0
39802,-73.9879608154297,40.754638671875,-73.97773742675781,40.75177001953125,335.53,5356,5356,-1.0,-1.0,-1,-1,0.0
39803,-73.98329162597656,40.776275634765625,-73.97306060791014,40.79307556152344,330.13,5356,5356,5393.97,5724.1,37.970000000000255,1.1368683772161603e-13,1.0000000000000004
39804,-73.9828109741211,40.73917770385742,-73.97309875488281,40.7531852722168,332.94,5356,5356,5384.48,5717.42,28.479999999999563,5.115907697472721e-13,1.0000000000000016
39805,-73.99537658691406,40.7439079284668,-74.00220489501955,40.7557029724121,388.54,5356,5356,-1.0,-1.0,-1,-1,0.0
39806,-73.9451446533203,40.7843132019043,-73.93565368652342,40.80862045288085,490.9,5356,5356,5453.05,5943.95,97.05000000000018,-3.410605131648481e-13,0.9999999999999993
39807,-73.99858856201173,40.76077270507813,-74.0076446533203,40.74104309082031,553.45,5356,5356,5384.71,6003.24,28.710000000000036,65.0799999999997,1.1175896648297041
39808,-73.98658752441406,40.73868942260742,-73.99459075927734,40.75048828125,574.5,5356,5356,-1.0,-1.0,-1,-1,0.0
39809,-73.99124145507811,40.75006103515625,-73.94595336914062,40.777645111083984,1310.29,5356,5356,-1.0,-1.0,-1,-1,0.0
39810,-73.99251556396483,40.72850036621094,-73.94664001464845,40.800308227539055,1515.61,5356,5356,-1.0,-1.0,-1,-1,0.0
39811,-73.97339630126955,40.779609680175774,-73.96263885498048,40.77262878417969,401.3,5357,5357,5529.59,5930.89,172.59000000000015,1.7053025658242404e-13,1.0000000000000004
39812,-73.98286437988281,40.75065612792969,-73.96136474609375,40.770103454589844,710.48,5357,5357,-1.0,-1.0,-1,-1,0.0
39813,-73.97296142578125,40.755271911621094,-73.96584320068358,40.75612258911133,247.49,5357,5357,-1.0,-1.0,-1,-1,0.0
39814,-73.99910736083984,40.71751022338867,-73.98503875732422,40.75679016113281,1106.17,5357,5357,5522.59,6628.76,165.59000000000015,0.0,1.0
39815,-73.9668426513672,40.757511138916016,-74.00679779052734,40.749061584472656,1130.54,5357,5357,5502.92,6633.46,145.92000000000007,0.0,1.0
39816,-73.97076416015625,40.75809097290039,-73.98588562011719,40.76550674438477,653.99,5357,5357,-1.0,-1.0,-1,-1,0.0
39817,-74.00132751464844,40.74089813232422,-73.99514770507811,40.73669052124024,242.79,5357,5357,-1.0,-1.0,-1,-1,0.0
39818,-73.98550415039062,40.75312042236328,-73.94495391845702,40.77678680419922,1084.04,5357,5357,-1.0,-1.0,-1,-1,0.0
39819,-73.96875762939453,40.75423049926758,-73.96224975585938,40.76546096801758,357.52,5358,5358,-1.0,-1.0,-1,-1,0.0
39820,-73.95642852783203,40.771297454833984,-73.98361206054686,40.72151947021485,964.91,5358,5358,5381.39,6346.3,23.390000000000327,-1.1368683772161603e-13,0.9999999999999999
39821,-73.97286987304686,40.75268173217773,-73.95510864257811,40.7818603515625,688.32,5358,5358,-1.0,-1.0,-1,-1,0.0
39822,-73.98229217529298,40.776191711425774,-73.9840087890625,40.7664909362793,316.77,5358,5358,5549.87,5866.64,191.8699999999999,4.547473508864641e-13,1.0000000000000013
39823,-73.97855377197266,40.783145904541016,-73.94293212890625,40.82502365112305,866.53,5358,5358,5391.92,6258.45,33.92000000000007,-2.2737367544323206e-13,0.9999999999999998
39824,-73.97640228271484,40.75979614257813,-73.98289489746094,40.75588607788085,284.46,5358,5358,-1.0,-1.0,-1,-1,0.0
39825,-73.99303436279298,40.73383712768555,-74.00755310058594,40.74109649658203,515.87,5358,5358,-1.0,-1.0,-1,-1,0.0
39826,-73.99410247802734,40.7509880065918,-73.99662780761719,40.73185348510742,672.78,5359,5359,-1.0,-1.0,-1,-1,0.0
39827,-73.98117828369139,40.77891159057617,-73.96859741210938,40.79153823852539,277.88,5359,5359,5398.71,5676.59,39.710000000000036,1.1368683772161603e-13,1.0000000000000004
39828,-73.97644805908203,40.776466369628906,-73.96575927734375,40.7659912109375,482.42,5359,5359,-1.0,-1.0,-1,-1,0.0
39829,-73.98737335205078,40.75046920776367,-73.99700927734375,40.71813201904297,1086.56,5359,5359,-1.0,-1.0,-1,-1,0.0
39830,-73.97345733642578,40.76316833496094,-73.96489715576173,40.76568984985352,273.76,5360,5360,-1.0,-1.0,-1,-1,0.0
39831,-73.97339630126955,40.75884628295898,-73.97673797607422,40.76385116577149,328.28,5360,5360,-1.0,-1.0,-1,-1,0.0
39832,-73.9928207397461,40.72433090209961,-74.00473022460938,40.75226974487305,892.38,5360,5360,5411.96,6362.21,51.960000000000036,57.870000000000005,1.064849055335171
39833,-74.00630187988281,40.72025680541992,-73.98807525634766,40.74095153808594,610.03,5360,5360,-1.0,-1.0,-1,-1,0.0
39834,-74.00386047363281,40.740379333496094,-73.99449920654298,40.71895980834961,887.52,5360,5360,-1.0,-1.0,-1,-1,0.0
39835,-74.00626373291014,40.73390579223633,-74.0078125,40.7395133972168,210.86,5361,5361,-1.0,-1.0,-1,-1,0.0
39836,-73.99166870117188,40.75,-73.98099517822266,40.74029541015625,471.53,5361,5361,-1.0,-1.0,-1,-1,0.0
39837,-73.99314880371094,40.74295043945313,-74.00347900390625,40.73223114013672,305.95,5361,5361,-1.0,-1.0,-1,-1,0.0
39838,-73.98119354248048,40.78125762939453,-73.9615707397461,40.75670623779297,1050.57,5361,5361,-1.0,-1.0,-1,-1,0.0
39839,-73.99342346191406,40.74195861816406,-73.98625946044923,40.73925018310547,198.37,5361,5361,5387.3,5585.67,26.300000000000182,-1.1368683772161603e-13,0.9999999999999994
39840,-73.96143341064453,40.771331787109375,-73.96971893310547,40.76322937011719,336.82,5361,5361,5510.95,5847.77,149.94999999999982,6.252776074688882e-13,1.0000000000000018
39841,-73.97608947753906,40.7576560974121,-73.95396423339844,40.771156311035156,630.04,5362,5362,-1.0,-1.0,-1,-1,0.0
39842,-74.00543212890625,40.75041961669922,-73.993896484375,40.73567962646485,552.07,5362,5362,5486.42,6038.49,124.42000000000007,-3.410605131648481e-13,0.9999999999999993
39843,-73.97483825683594,40.74212646484375,-73.98990631103516,40.73183822631836,436.52,5362,5362,-1.0,-1.0,-1,-1,0.0
39844,-73.97836303710938,40.75143051147461,-73.94438171386719,40.77954864501953,851.0,5362,5362,-1.0,-1.0,-1,-1,0.0
39845,-73.95543670654298,40.76359939575195,-73.9924087524414,40.77038955688477,928.25,5362,5362,5486.33,6414.58,124.32999999999993,0.0,1.0
39846,-73.98628234863281,40.74321746826172,-73.99073028564453,40.75025177001953,373.41,5362,5362,5389.25,5762.66,27.25,-1.7053025658242404e-13,0.9999999999999996
39847,-73.99137878417969,40.72711563110352,-73.9802474975586,40.75086975097656,714.35,5362,5362,-1.0,-1.0,-1,-1,0.0
39848,-73.97315979003906,40.75251007080078,-73.98100280761719,40.76474380493164,675.52,5362,5362,-1.0,-1.0,-1,-1,0.0
39849,-73.9795913696289,40.76596450805664,-73.98468780517578,40.75966262817383,246.42,5362,5362,-1.0,-1.0,-1,-1,0.0
39850,-73.98633575439453,40.760906219482415,-73.99518585205078,40.749675750732415,528.57,5362,5362,5412.55,5941.12,50.55000000000018,-3.410605131648481e-13,0.9999999999999993
39851,-73.97846221923827,40.748619079589844,-73.98506164550781,40.73635864257813,263.24,5362,5362,-1.0,-1.0,-1,-1,0.0
39852,-73.98867797851562,40.77672576904297,-73.98812866210938,40.76477432250977,335.42,5362,5362,5419.75,5755.17,57.75,5.684341886080802e-14,1.0000000000000002
39853,-74.00257873535155,40.73384094238281,-73.99433135986328,40.72462844848633,430.89,5363,5363,5371.45,5818.17,8.449999999999818,15.830000000000268,1.0367379145489575
39854,-73.99129486083984,40.74480819702149,-73.98020935058595,40.73521423339844,488.23,5363,5363,-1.0,-1.0,-1,-1,0.0
39855,-73.98648834228516,40.75647354125977,-73.99015045166014,40.7410545349121,468.9,5363,5363,5387.18,5871.21,24.18000000000029,15.129999999999768,1.0322670078908078
39856,-73.96823120117188,40.79991149902344,-73.97067260742188,40.788490295410156,279.07,5363,5363,-1.0,-1.0,-1,-1,0.0
39857,-73.97130584716798,40.79518127441406,-73.9384536743164,40.85485076904297,828.15,5363,5363,5407.75,6235.900000000001,44.75,5.684341886080801e-13,1.0000000000000007
39858,-73.99612426757811,40.74363327026367,-74.00662231445312,40.73574447631836,295.46,5363,5363,5372.91,5751.86,9.909999999999854,83.48999999999984,1.2825763216679071
39859,-73.98835754394531,40.73757934570313,-73.98749542236328,40.74559020996094,307.29,5363,5363,5384.84,5692.13,21.840000000000146,-5.684341886080802e-14,0.9999999999999998
39860,-73.99858093261719,40.719688415527344,-73.99420928955078,40.75030899047852,875.72,5363,5363,-1.0,-1.0,-1,-1,0.0
39861,-73.97118377685547,40.751220703125,-73.98329162597656,40.73722457885742,352.46,5364,5364,-1.0,-1.0,-1,-1,0.0
39862,-74.00932312011719,40.72420120239258,-74.0093765258789,40.7152099609375,260.46,5364,5364,-1.0,-1.0,-1,-1,0.0
39863,-73.97895812988281,40.76210021972656,-73.98016357421875,40.7706298828125,293.79,5364,5364,-1.0,-1.0,-1,-1,0.0
39864,-73.97640991210938,40.75021362304688,-74.00634765625,40.72304153442383,918.1,5364,5364,5398.01,6399.57,34.01000000000022,83.45999999999947,1.0909051301601127
39865,-74.00511932373048,40.72016906738281,-73.99958801269531,40.720401763916016,256.44,5364,5364,-1.0,-1.0,-1,-1,0.0
39866,-73.99866485595702,40.74546813964844,-74.00428771972656,40.75257873535156,261.13,5364,5364,-1.0,-1.0,-1,-1,0.0
39867,-73.98963928222656,40.73357772827149,-73.98995971679686,40.77478408813477,1175.45,5364,5364,5519.99,6695.4400000000005,155.98999999999978,6.821210263296962e-13,1.0000000000000007
39868,-73.97163391113281,40.760757446289055,-73.98016357421875,40.732330322265625,783.38,5364,5364,5390.36,6248.74,26.359999999999673,75.00000000000011,1.095738977252419
39869,-73.98178100585938,40.76559829711913,-73.96210479736328,40.76763534545898,647.49,5364,5364,-1.0,-1.0,-1,-1,0.0
39870,-73.98353576660156,40.7661361694336,-73.98290252685547,40.73146438598633,1167.62,5364,5364,-1.0,-1.0,-1,-1,0.0
39871,-73.97640991210938,40.744346618652344,-73.96578979492188,40.75635528564453,366.18,5364,5364,5451.59,5817.7699999999995,87.59000000000015,-6.252776074688882e-13,0.9999999999999983
39872,-74.00753784179686,40.725685119628906,-73.97280883789062,40.75301742553711,1082.63,5364,5364,5405.67,6517.8099999999995,41.67000000000007,29.50999999999931,1.0272576965352884
39873,-73.9695587158203,40.749000549316406,-73.98220825195312,40.74599838256836,489.48,5365,5365,-1.0,-1.0,-1,-1,0.0
39874,-73.94236755371094,40.78645324707031,-73.94483947753906,40.80838012695313,522.89,5365,5365,5388.91,5953.88,23.909999999999854,42.08000000000027,1.0804758170934619
39875,-73.99324035644531,40.74644088745117,-74.00076293945312,40.739910125732415,200.86,5365,5365,-1.0,-1.0,-1,-1,0.0
39876,-73.97306060791014,40.7641716003418,-73.9512176513672,40.77936935424805,610.82,5365,5365,-1.0,-1.0,-1,-1,0.0
39877,-73.9996795654297,40.72211456298828,-73.98445129394531,40.72156143188477,565.57,5365,5365,-1.0,-1.0,-1,-1,0.0
39878,-73.9875259399414,40.75158309936523,-73.95836639404298,40.774864196777344,907.48,5365,5365,-1.0,-1.0,-1,-1,0.0
39879,-73.97001647949219,40.75970077514648,-73.95572662353516,40.78261184692383,652.86,5365,5365,-1.0,-1.0,-1,-1,0.0
39880,-73.99274444580078,40.75826644897461,-73.99760437011719,40.74494934082031,340.17,5365,5365,5390.54,5730.71,25.539999999999964,5.684341886080802e-14,1.0000000000000002
39881,-73.9922866821289,40.75000381469727,-73.98362731933594,40.765960693359375,578.6,5366,5366,-1.0,-1.0,-1,-1,0.0
39882,-73.98439025878906,40.74578857421875,-73.97251892089844,40.76179122924805,404.68,5366,5366,-1.0,-1.0,-1,-1,0.0
39883,-73.97660064697266,40.74106979370117,-73.97589874267578,40.74850845336913,271.15,5366,5366,5471.3,5742.45,105.30000000000018,-3.410605131648481e-13,0.9999999999999988
39884,-73.98854064941406,40.745941162109375,-74.00244903564453,40.724830627441406,660.17,5366,5366,-1.0,-1.0,-1,-1,0.0
39885,-73.98475646972656,40.764961242675774,-73.9859619140625,40.75698852539063,341.7,5366,5366,-1.0,-1.0,-1,-1,0.0
39886,-73.98222351074219,40.77232360839844,-73.9874496459961,40.77922821044922,267.54,5366,5366,-1.0,-1.0,-1,-1,0.0
39887,-73.97692108154298,40.76496887207031,-73.98346710205078,40.75963973999024,340.05,5366,5366,5390.42,5730.47,24.420000000000073,1.7053025658242404e-13,1.0000000000000004
39888,-73.9828109741211,40.730918884277344,-74.00602722167969,40.70940017700195,891.22,5366,5366,5383.35,6284.99,17.350000000000364,10.41999999999939,1.0116918381544393
39889,-73.9808578491211,40.733489990234375,-73.97509765625,40.751121520996094,354.63,5367,5367,-1.0,-1.0,-1,-1,0.0
39890,-73.97505950927734,40.7528190612793,-73.9957733154297,40.73297882080078,614.33,5367,5367,-1.0,-1.0,-1,-1,0.0
39891,-73.96061706542969,40.77001953125,-73.98703765869139,40.74224853515625,932.76,5367,5367,-1.0,-1.0,-1,-1,0.0
39892,-73.96109008789062,40.760719299316406,-73.97830963134766,40.7459373474121,573.68,5367,5367,5410.24,5983.92,43.23999999999978,3.410605131648481e-13,1.0000000000000007
39893,-73.99122619628906,40.750015258789055,-73.95416259765625,40.76711654663085,1155.42,5367,5367,5370.0,6542.12,3.0,16.699999999999818,1.014453618597566
39894,-73.98709869384766,40.75272750854492,-73.9888687133789,40.74036026000977,351.05,5367,5367,5401.3,5752.35,34.30000000000018,1.7053025658242404e-13,1.0000000000000004
39895,-74.01179504394531,40.71338653564453,-74.01361083984375,40.702354431152344,400.66,5367,5367,5409.75,5833.74,42.75,23.329999999999757,1.0582289222782404
39896,-74.00877380371094,40.71913146972656,-74.00231170654298,40.72962951660156,305.5,5367,5367,5387.79,5693.29,20.789999999999964,0.0,1.0
39897,-73.94857788085938,40.776588439941406,-73.96953582763672,40.78547286987305,433.37,5367,5367,5380.05,5908.67,13.050000000000182,95.24999999999989,1.2197890947689038
39898,-73.99660491943358,40.72550964355469,-73.98883056640625,40.72757339477539,290.77,5368,5368,5387.46,5678.23,19.460000000000036,-4.547473508864641e-13,0.9999999999999984
39899,-73.96360778808595,40.76157760620117,-74.00748443603516,40.7411003112793,1253.68,5368,5368,-1.0,-1.0,-1,-1,0.0
39900,-73.99433135986328,40.75024032592773,-74.0052032470703,40.7410888671875,353.45,5368,5368,-1.0,-1.0,-1,-1,0.0
39901,-73.98295593261719,40.755516052246094,-73.99038696289062,40.77174758911133,614.08,5368,5368,5421.88,6073.01,53.88000000000011,37.05000000000007,1.0603341584158417
39902,-73.97976684570312,40.78400039672852,-73.97270965576173,40.79333114624024,181.72,5368,5368,5415.69,5597.41,47.6899999999996,2.5579538487363607e-13,1.0000000000000013
39903,-73.97225952148438,40.75339889526367,-73.96147918701173,40.768569946289055,357.95,5368,5368,-1.0,-1.0,-1,-1,0.0
39904,-73.97417449951173,40.79426574707031,-73.97850799560547,40.78339767456055,274.72,5369,5369,5407.45,5682.17,38.44999999999982,2.2737367544323206e-13,1.0000000000000009
39905,-74.00877380371094,40.71857070922852,-73.99317932128906,40.73912048339844,651.57,5369,5369,5376.15,6097.68,7.149999999999636,69.9600000000006,1.1073714259404217
39906,-74.00692749023438,40.74375534057617,-73.99279022216798,40.72620010375977,811.51,5369,5369,5379.43,6258.32,10.430000000000291,67.37999999999943,1.0830304001182973
39907,-73.97843933105469,40.757240295410156,-74.01719665527344,40.71116638183594,1273.88,5369,5369,5417.81,6717.8099999999995,48.8100000000004,26.11999999999898,1.020504286118001
39908,-73.9690933227539,40.79788208007813,-73.9758529663086,40.7862548828125,316.04,5369,5369,5667.0,5983.04,298.0,-5.684341886080802e-14,0.9999999999999998
39909,-73.96147155761719,40.76862335205078,-73.94906616210938,40.79728317260742,591.48,5369,5369,5404.98,5996.46,35.97999999999956,4.547473508864641e-13,1.0000000000000007
39910,-73.94213104248048,40.79789352416992,-73.94829559326173,40.77434921264648,519.82,5369,5369,5591.18,6111.0,222.1800000000003,-3.410605131648481e-13,0.9999999999999993
39911,-73.97824859619139,40.75254440307617,-73.9925308227539,40.724456787109375,812.53,5370,5370,5462.95,6275.48,92.94999999999982,-2.2737367544323206e-13,0.9999999999999997
39912,-73.98062896728516,40.73394012451172,-73.98853302001955,40.7198371887207,575.87,5370,5370,-1.0,-1.0,-1,-1,0.0
39913,-73.99449920654298,40.75112533569336,-73.9483871459961,40.76346969604492,1442.02,5370,5370,-1.0,-1.0,-1,-1,0.0
39914,-73.98332977294923,40.753150939941406,-73.95298767089844,40.78694915771485,939.6,5370,5370,5410.94,6424.58,40.9399999999996,74.0400000000003,1.0787994891443171
39915,-73.98390197753906,40.74321746826172,-73.98583221435547,40.722023010253906,663.43,5370,5370,-1.0,-1.0,-1,-1,0.0
39916,-73.98046875,40.7425537109375,-73.97356414794923,40.74951553344727,212.14,5370,5370,-1.0,-1.0,-1,-1,0.0
39917,-73.99041748046875,40.7409782409668,-74.00382995605469,40.74271774291992,359.82,5370,5370,5385.11,5744.93,15.109999999999673,6.252776074688882e-13,1.0000000000000018
39918,-73.9854736328125,40.72720718383789,-73.97628021240234,40.748878479003906,526.25,5370,5370,5410.91,5983.42,40.909999999999854,46.26000000000022,1.0879049881235159
39919,-73.9740676879883,40.76314926147461,-73.98822784423827,40.740028381347656,581.81,5371,5371,-1.0,-1.0,-1,-1,0.0
39920,-73.98286437988281,40.74494552612305,-73.99358367919923,40.73609924316406,331.89,5371,5371,5415.46,5779.06,44.460000000000036,31.710000000000377,1.0955437042393577
39921,-73.99124145507811,40.750282287597656,-73.9883804321289,40.73210525512695,642.19,5371,5371,-1.0,-1.0,-1,-1,0.0
39922,-74.005859375,40.73627853393555,-73.98424530029298,40.72903060913085,647.67,5371,5371,5485.37,6133.04,114.36999999999989,1.1368683772161603e-13,1.0000000000000002
39923,-73.97770690917969,40.763954162597656,-73.98046112060547,40.7337303161621,950.96,5371,5371,5429.56,6380.52,58.5600000000004,0.0,1.0
39924,-73.98632049560547,40.74340057373047,-74.00216674804686,40.73474502563477,430.86,5371,5371,5482.63,5913.49,111.63000000000011,-3.410605131648481e-13,0.9999999999999992
39925,-73.95248413085938,40.76631546020508,-73.97695922851562,40.75840377807617,870.06,5371,5371,-1.0,-1.0,-1,-1,0.0
39926,-73.97319030761719,40.79027938842773,-73.95092010498048,40.7793197631836,619.44,5371,5371,5431.45,6050.93,60.44999999999982,0.04000000000041837,1.0000645744543466
39927,-73.9726333618164,40.75632858276367,-73.947509765625,40.790351867675774,712.63,5371,5371,-1.0,-1.0,-1,-1,0.0
39928,-73.97046661376955,40.7534294128418,-73.97409057617188,40.75762176513672,344.95,5372,5372,-1.0,-1.0,-1,-1,0.0
39929,-73.98445892333984,40.74380111694336,-73.97827911376955,40.75148391723633,239.36,5372,5372,-1.0,-1.0,-1,-1,0.0
39930,-73.98193359375,40.75547409057617,-73.990478515625,40.75652313232422,221.92,5373,5373,-1.0,-1.0,-1,-1,0.0
39931,-73.95361328125,40.76715850830078,-73.95484924316406,40.77730178833008,304.17,5373,5373,5467.88,5772.05,94.88000000000011,5.684341886080802e-14,1.0000000000000002
39932,-73.96543884277344,40.75508499145508,-73.97671508789062,40.75018310546875,403.54,5373,5373,-1.0,-1.0,-1,-1,0.0
39933,-73.98657989501955,40.76668930053711,-73.99144744873048,40.750221252441406,599.43,5373,5373,-1.0,-1.0,-1,-1,0.0
39934,-73.99124908447266,40.75088119506836,-74.00723266601562,40.74139022827149,450.86,5373,5373,-1.0,-1.0,-1,-1,0.0
39935,-73.9584426879883,40.78069686889648,-73.97281646728516,40.78563690185547,246.66,5373,5373,5407.24,5653.9,34.23999999999978,-1.4210854715202004e-13,0.9999999999999994
39936,-73.99353790283203,40.72717666625977,-73.97301483154298,40.79266357421875,1557.91,5373,5373,-1.0,-1.0,-1,-1,0.0
39937,-73.99136352539062,40.750038146972656,-73.98013305664062,40.74174880981445,497.7,5373,5373,-1.0,-1.0,-1,-1,0.0
39938,-74.01071166992188,40.701908111572266,-73.95845794677734,40.77843856811523,1276.48,5373,5373,-1.0,-1.0,-1,-1,0.0
39939,-73.98238372802734,40.76269912719727,-73.98895263671875,40.73880386352539,734.59,5373,5373,-1.0,-1.0,-1,-1,0.0
39940,-74.00007629394531,40.72536087036133,-73.99368286132812,40.72718048095703,268.93,5373,5373,-1.0,-1.0,-1,-1,0.0
39941,-73.98875427246094,40.76361846923828,-73.99415588378906,40.75621032714844,224.69,5374,5374,-1.0,-1.0,-1,-1,0.0
39942,-73.97521209716798,40.76549911499024,-74.00411224365234,40.74267578125,904.46,5374,5374,5408.67,6363.14,34.67000000000007,50.01000000000022,1.0552926608141877
39943,-73.99217224121094,40.75408554077149,-74.00856018066406,40.74549102783203,476.39,5374,5374,5420.38,5896.7699999999995,46.38000000000011,-5.684341886080801e-13,0.9999999999999988
39944,-73.99464416503906,40.75054168701172,-73.94825744628906,40.78150939941406,1327.01,5374,5374,-1.0,-1.0,-1,-1,0.0
39945,-73.9651641845703,40.79099655151367,-73.96617126464845,40.804046630859375,295.01,5374,5374,5493.46,5788.47,119.46000000000004,2.2737367544323206e-13,1.0000000000000007
39946,-74.00689697265625,40.73004531860352,-73.99462890625,40.72050857543945,679.89,5374,5374,-1.0,-1.0,-1,-1,0.0
39947,-73.96849060058595,40.767337799072266,-73.99239349365234,40.75898361206055,704.01,5374,5374,5462.37,6166.38,88.36999999999989,2.2737367544323206e-13,1.0000000000000002
39948,-73.97034454345702,40.76505661010742,-73.96149444580078,40.77695846557617,248.72,5374,5374,-1.0,-1.0,-1,-1,0.0
39949,-73.97120666503906,40.80031967163085,-73.97429656982422,40.79146957397461,263.55,5374,5374,5525.22,5788.77,151.22000000000025,1.7053025658242404e-13,1.0000000000000007
39950,-73.97303771972656,40.75556182861328,-73.97191619873048,40.76292037963867,312.48,5374,5374,-1.0,-1.0,-1,-1,0.0
39951,-73.98361206054686,40.7657585144043,-73.96363830566406,40.75802230834961,649.5,5374,5374,-1.0,-1.0,-1,-1,0.0
39952,-73.97842407226562,40.74581527709961,-73.98946380615234,40.77655029296875,1124.03,5374,5374,5429.12,6553.15,55.11999999999989,-2.2737367544323206e-13,0.9999999999999998
39953,-73.96575927734375,40.75430679321289,-73.98342895507811,40.75358581542969,710.14,5374,5374,-1.0,-1.0,-1,-1,0.0
39954,-73.97769165039062,40.76153564453125,-73.95684814453125,40.77573013305664,678.41,5374,5374,-1.0,-1.0,-1,-1,0.0
39955,-73.97415924072266,40.79241943359375,-73.96722412109375,40.80445098876953,238.39,5374,5374,5428.27,5666.66,54.27000000000044,-5.684341886080801e-13,0.9999999999999977
39956,-73.98146057128906,40.75764465332031,-73.97061157226562,40.75749206542969,441.75,5374,5374,-1.0,-1.0,-1,-1,0.0
39957,-73.98585510253906,40.74320983886719,-73.97997283935547,40.75205993652344,231.36,5375,5375,5414.21,5645.57,39.210000000000036,-3.410605131648481e-13,0.9999999999999986
39958,-73.99040985107422,40.74597930908203,-73.99182891845702,40.77001190185547,751.04,5375,5375,5400.0,6151.04,25.0,0.0,1.0
39959,-73.99327087402342,40.721595764160156,-73.98783874511719,40.741455078125,626.63,5375,5375,-1.0,-1.0,-1,-1,0.0
39960,-73.97401428222656,40.757057189941406,-73.98965454101562,40.74176406860352,557.73,5375,5375,-1.0,-1.0,-1,-1,0.0
39961,-73.97061157226562,40.76108932495117,-73.99261474609375,40.73052978515625,835.26,5375,5375,-1.0,-1.0,-1,-1,0.0
39962,-73.96267700195312,40.77567672729492,-73.97734069824219,40.751777648925774,811.2,5375,5375,5431.25,6246.19,56.25,3.7399999999995543,1.0046104536489147
39963,-73.99076843261719,40.75149154663085,-73.98948669433594,40.731201171875,671.82,5376,5376,-1.0,-1.0,-1,-1,0.0
39964,-73.95417022705078,40.76647186279297,-73.94241333007811,40.82197952270508,1058.06,5376,5376,5510.34,6568.4,134.34000000000015,-4.547473508864641e-13,0.9999999999999996
39965,-74.00660705566406,40.71648025512695,-74.00096893310547,40.736328125,409.54,5376,5376,-1.0,-1.0,-1,-1,0.0
39966,-73.94791412353516,40.77069091796875,-73.96824645996094,40.76226806640625,636.12,5376,5376,-1.0,-1.0,-1,-1,0.0
39967,-73.99443054199219,40.75059127807617,-73.9785614013672,40.74589157104492,659.42,5376,5376,-1.0,-1.0,-1,-1,0.0
39968,-73.94142150878906,40.81367874145508,-73.97122955322266,40.79808044433594,762.63,5376,5376,5454.33,6216.96,78.32999999999993,1.1368683772161603e-13,1.0000000000000002
39969,-73.9683837890625,40.760292053222656,-73.96846008300781,40.76569747924805,209.96,5376,5376,-1.0,-1.0,-1,-1,0.0
39970,-73.95582580566406,40.78474426269531,-73.93920135498048,40.805171966552734,367.38,5376,5376,5469.08,5836.46,93.07999999999993,1.1368683772161603e-13,1.0000000000000002
39971,-73.98729705810547,40.722511291503906,-73.98368835449219,40.76055908203125,1194.41,5377,5377,5492.38,6686.79,115.38000000000011,-2.2737367544323206e-13,0.9999999999999998
39972,-73.9874038696289,40.744346618652344,-73.98136901855469,40.77967834472656,1017.09,5377,5377,5412.69,6508.29,35.6899999999996,78.51000000000033,1.0771908090729436
39973,-74.00960540771484,40.73263168334961,-73.97367858886719,40.755558013916016,1156.2,5377,5377,-1.0,-1.0,-1,-1,0.0
39974,-73.96868896484375,40.750301361083984,-73.96144866943358,40.76028060913085,210.4,5377,5377,-1.0,-1.0,-1,-1,0.0
39975,-73.95413970947266,40.76626968383789,-73.96568298339844,40.76525115966797,376.16,5377,5377,-1.0,-1.0,-1,-1,0.0
39976,-73.95703125,40.77751159667969,-73.97853851318358,40.78157043457031,517.84,5377,5377,5789.57,6307.41,412.5699999999997,1.1368683772161603e-13,1.0000000000000002
39977,-73.9788589477539,40.76225280761719,-73.98426818847656,40.745033264160156,611.27,5377,5377,-1.0,-1.0,-1,-1,0.0
39978,-73.98312377929686,40.76620864868164,-73.98049163818358,40.74800109863281,754.96,5377,5377,5434.97,6189.93,57.970000000000255,0.0,1.0
39979,-73.9629898071289,40.79411315917969,-73.97850799560547,40.76277542114258,833.62,5377,5377,5419.97,6326.74,42.970000000000255,73.14999999999952,1.0877498140639614
39980,-74.00444030761719,40.742351531982415,-73.98130798339844,40.76554870605469,809.08,5377,5377,5400.0,6245.9400000000005,23.0,36.86000000000047,1.045557917634845
39981,-73.98334503173827,40.76798629760742,-73.99978637695312,40.7385368347168,837.46,5377,5377,5404.23,6252.52,27.229999999999563,10.830000000000837,1.0129319609294782
39982,-73.96196746826173,40.76381301879883,-73.99063110351562,40.72450637817383,895.57,5378,5378,5417.86,6379.07,39.85999999999967,65.63999999999999,1.0732941031968466
39983,-74.01393127441406,40.7127685546875,-73.99466705322266,40.7503318786621,748.45,5378,5378,-1.0,-1.0,-1,-1,0.0
39984,-73.99635314941406,40.73234939575195,-73.9817123413086,40.74660110473633,593.24,5378,5378,5400.0,5993.24,22.0,-2.2737367544323206e-13,0.9999999999999997
39985,-73.9866943359375,40.73405456542969,-73.9788818359375,40.74073028564453,255.66,5378,5378,-1.0,-1.0,-1,-1,0.0
39986,-74.0150833129883,40.70845413208008,-73.99490356445312,40.7500114440918,829.98,5378,5378,5435.5,6278.22,57.5,12.740000000000236,1.0153497674642766
39987,-74.01343536376955,40.70749282836913,-73.9927978515625,40.74057388305664,743.39,5378,5378,-1.0,-1.0,-1,-1,0.0
39988,-74.0009536743164,40.721038818359375,-74.00652313232422,40.7366600036621,594.13,5379,5379,5564.19,6158.32,185.1899999999996,1.1368683772161603e-13,1.0000000000000002
39989,-73.97622680664062,40.765979766845696,-73.98046875,40.77512741088867,341.57,5379,5379,-1.0,-1.0,-1,-1,0.0
39990,-73.98417663574219,40.744140625,-73.97316741943358,40.74925994873047,354.79,5379,5379,5455.5,5838.03,76.5,27.739999999999725,1.0781870965923497
39991,-73.98091125488281,40.73370361328125,-74.00033569335938,40.73781204223633,535.25,5379,5379,-1.0,-1.0,-1,-1,0.0
39992,-73.99790954589844,40.718257904052734,-73.98377990722656,40.75994873046875,1300.04,5379,5379,5527.63,6827.67,148.6300000000001,0.0,1.0
39993,-73.95550537109375,40.78017044067383,-73.9699478149414,40.79705810546875,579.05,5379,5379,5427.91,6006.96,48.909999999999854,2.2737367544323206e-13,1.0000000000000004
39994,-73.98725128173827,40.739200592041016,-73.97262573242188,40.744972229003906,391.51,5380,5380,-1.0,-1.0,-1,-1,0.0
39995,-74.00788116455078,40.7120475769043,-74.00385284423827,40.72566604614258,302.63,5380,5380,-1.0,-1.0,-1,-1,0.0
39996,-73.99925994873048,40.75471878051758,-73.96827697753906,40.75820541381836,948.75,5380,5380,-1.0,-1.0,-1,-1,0.0
39997,-73.9898910522461,40.73844909667969,-73.99156188964845,40.71553039550781,952.46,5380,5380,5400.0,6352.46,20.0,0.0,1.0
39998,-74.00446319580078,40.7422103881836,-74.00855255126955,40.70552062988281,1052.3,5380,5380,5435.849999999999,6488.15,55.849999999999454,2.2737367544323206e-13,1.0000000000000002
39999,-73.9786148071289,40.75380325317383,-73.98954772949219,40.75278854370117,344.64,5380,5380,-1.0,-1.0,-1,-1,0.0
40000,-73.99407196044923,40.75640106201172,-73.98123931884766,40.75564193725585,545.48,5380,5380,-1.0,-1.0,-1,-1,0.0
40001,-73.97370147705078,40.748348236083984,-73.99239349365234,40.749420166015625,657.14,5380,5380,5400.0,6057.14,20.0,3.410605131648481e-13,1.0000000000000004
40002,-73.98593139648438,40.7470588684082,-74.00126647949219,40.74676132202149,388.21,5380,5380,-1.0,-1.0,-1,-1,0.0
40003,-73.95631408691406,40.78705596923828,-73.99127960205078,40.7326774597168,1388.94,5380,5380,5414.45,6803.39,34.44999999999982,4.547473508864641e-13,1.0000000000000002
40004,-73.99305725097656,40.74301528930664,-73.98582458496094,40.731048583984375,439.18,5381,5381,5426.37,5921.8,45.36999999999989,56.250000000000284,1.1280796028963074
40005,-74.00672149658203,40.73025131225585,-73.98406982421875,40.72146987915039,784.95,5381,5381,5429.13,6245.2,48.13000000000011,31.119999999999663,1.0396458373144781
40006,-73.98089599609375,40.74545669555664,-73.98699951171875,40.72095489501953,685.01,5381,5381,-1.0,-1.0,-1,-1,0.0
40007,-73.96368408203125,40.76531219482422,-73.9632339477539,40.77693557739258,344.15,5381,5381,-1.0,-1.0,-1,-1,0.0
40008,-74.00543975830078,40.739830017089844,-73.98812866210938,40.72375869750977,820.62,5381,5381,5412.43,6294.04,31.43000000000029,60.98999999999967,1.0743218542077937
40009,-74.01129150390625,40.715858459472656,-73.95382690429686,40.77069854736328,1368.34,5381,5381,5435.71,6804.05,54.710000000000036,2.2737367544323206e-13,1.0000000000000002
40010,-74.01261138916014,40.70186233520508,-73.98947143554686,40.72547912597656,598.67,5381,5381,-1.0,-1.0,-1,-1,0.0
40011,-73.94293975830078,40.796852111816406,-73.93956756591797,40.79023742675781,184.21,5381,5381,5594.12,5778.33,213.1199999999999,2.842170943040401e-14,1.0000000000000002
40012,-73.97799682617188,40.75804138183594,-73.98971557617188,40.7577018737793,384.13,5382,5382,-1.0,-1.0,-1,-1,0.0
40013,-73.96460723876955,40.76414108276367,-73.95694732666014,40.77503967285156,202.77,5382,5382,5429.3,5632.07,47.30000000000018,-4.831690603168681e-13,0.9999999999999977
40014,-73.97985076904298,40.74612045288085,-73.9962158203125,40.720306396484375,809.76,5382,5382,-1.0,-1.0,-1,-1,0.0
40015,-73.97860717773438,40.76213455200195,-73.95556640625,40.77635955810547,670.41,5382,5382,5402.77,6073.18,20.770000000000437,-1.1368683772161603e-13,0.9999999999999998
40016,-73.9948959350586,40.75015640258789,-73.99076843261719,40.75579833984375,194.84,5382,5382,5409.06,5603.9,27.0600000000004,-7.673861546209082e-13,0.9999999999999961
40017,-73.99268341064453,40.74827194213867,-73.99905395507811,40.76351165771485,589.41,5383,5383,-1.0,-1.0,-1,-1,0.0
40018,-74.00908660888672,40.74673843383789,-73.99475860595702,40.760658264160156,387.25,5383,5383,5400.93,5812.72,17.93000000000029,24.539999999999964,1.0633699160748868
40019,-74.00615692138672,40.74049758911133,-73.98786163330078,40.73828506469727,564.08,5383,5383,5408.04,6051.15,25.039999999999964,79.02999999999963,1.140104240533257
40020,-73.97754669189453,40.75579833984375,-74.00460815429686,40.730690002441406,837.04,5383,5383,-1.0,-1.0,-1,-1,0.0
40021,-73.98255157470702,40.7310905456543,-73.98135375976562,40.725040435791016,215.4,5383,5383,-1.0,-1.0,-1,-1,0.0
40022,-73.97422790527344,40.753883361816406,-73.9798355102539,40.75059127807617,201.92,5383,5383,-1.0,-1.0,-1,-1,0.0
40023,-73.97625732421875,40.77594375610352,-74.00799560546875,40.72294235229492,1295.33,5383,5383,-1.0,-1.0,-1,-1,0.0
40024,-73.97593688964845,40.77626037597656,-73.9822769165039,40.763771057128906,432.33,5383,5383,-1.0,-1.0,-1,-1,0.0
40025,-74.00565338134766,40.74581909179688,-73.9945068359375,40.74127197265625,292.88,5384,5384,5412.97,5705.85,28.970000000000255,1.1368683772161603e-13,1.0000000000000004
40026,-73.98906707763672,40.763431549072266,-74.00852203369139,40.71744155883789,1093.71,5384,5384,-1.0,-1.0,-1,-1,0.0
40027,-73.994140625,40.75094223022461,-73.97721099853516,40.754207611083984,594.9,5384,5384,-1.0,-1.0,-1,-1,0.0
40028,-73.96497344970702,40.768253326416016,-73.95150756835938,40.78215026855469,352.06,5384,5384,5537.29,5889.35,153.28999999999996,3.979039320256561e-13,1.000000000000001
40029,-73.9809341430664,40.77837753295898,-73.95812225341797,40.80881881713867,527.04,5384,5384,5552.79,6079.83,168.78999999999996,0.0,1.0
40030,-73.97366333007811,40.75782012939453,-73.99085998535155,40.73384094238281,687.34,5384,5384,-1.0,-1.0,-1,-1,0.0
40031,-73.98663330078125,40.751121520996094,-74.0044937133789,40.742103576660156,558.67,5385,5385,-1.0,-1.0,-1,-1,0.0
40032,-73.9720458984375,40.75397491455078,-73.96089172363281,40.76105117797852,296.57,5385,5385,-1.0,-1.0,-1,-1,0.0
40033,-73.95236206054686,40.78396987915039,-73.95545196533203,40.768569946289055,476.06,5385,5385,5457.62,5933.68,72.61999999999989,3.979039320256561e-13,1.0000000000000009
40034,-73.98316955566406,40.74454879760742,-73.99078369140625,40.734619140625,227.64,5385,5385,-1.0,-1.0,-1,-1,0.0
40035,-73.98107147216798,40.771011352539055,-73.97057342529298,40.757511138916016,668.39,5385,5385,5445.0,6173.38,60.0,59.99000000000012,1.089752988524664
40036,-73.9539337158203,40.806358337402344,-73.94369506835938,40.82555770874024,383.34,5385,5385,5564.37,5947.71,179.3699999999999,1.7053025658242404e-13,1.0000000000000004
40037,-74.01306915283203,40.70204162597656,-73.99178314208984,40.715240478515625,446.08,5385,5385,-1.0,-1.0,-1,-1,0.0
40038,-73.98956298828125,40.72611999511719,-73.99842071533203,40.74515914916992,755.99,5385,5385,5419.0,6174.99,34.0,-2.2737367544323206e-13,0.9999999999999997
40039,-73.9918670654297,40.74007034301758,-74.01447296142578,40.7180290222168,779.65,5385,5385,-1.0,-1.0,-1,-1,0.0
40040,-74.00080108642578,40.74721908569336,-73.98896026611328,40.72066116333008,1093.42,5385,5385,5405.4,6562.23,20.399999999999636,63.409999999999854,1.0579923542646008
40041,-73.98217010498048,40.74019241333008,-73.9920196533203,40.747535705566406,515.16,5385,5385,5424.26,5939.42,39.26000000000022,-1.1368683772161603e-13,0.9999999999999998
40042,-73.99708557128906,40.74205780029297,-73.98722076416014,40.72235107421875,814.7,5385,5385,-1.0,-1.0,-1,-1,0.0
40043,-74.00235748291014,40.73971939086913,-74.0075912475586,40.74065017700195,197.79,5385,5385,5432.71,5630.5,47.710000000000036,-2.842170943040401e-14,0.9999999999999999
40044,-73.97917938232422,40.7653694152832,-73.95478057861328,40.77391815185547,730.79,5385,5385,5424.47,6175.9800000000005,39.470000000000255,20.720000000000255,1.0283528783918776
40045,-73.99820709228516,40.76097106933594,-73.97569274902342,40.74148941040039,994.03,5385,5385,5518.09,6512.12,133.09000000000015,-2.2737367544323206e-13,0.9999999999999998
40046,-74.01509857177734,40.71427917480469,-74.00505828857422,40.74488067626953,454.56,5386,5386,-1.0,-1.0,-1,-1,0.0
40047,-73.9766616821289,40.77524948120117,-73.98248291015625,40.73054885864258,1388.5,5386,5386,-1.0,-1.0,-1,-1,0.0
40048,-73.99713897705078,40.72420120239258,-73.9999771118164,40.73074340820313,325.79,5386,5386,-1.0,-1.0,-1,-1,0.0
40049,-74.01183319091797,40.71353149414063,-73.98712158203125,40.7464714050293,1057.56,5386,5386,-1.0,-1.0,-1,-1,0.0
40050,-73.9998550415039,40.73030090332031,-73.95368957519531,40.77721405029297,1348.91,5386,5386,-1.0,-1.0,-1,-1,0.0
40051,-73.9757080078125,40.75218963623047,-73.98526000976562,40.74750900268555,323.33,5386,5386,-1.0,-1.0,-1,-1,0.0
40052,-73.9561996459961,40.77880859375,-73.9559097290039,40.77210235595703,214.92,5386,5386,5523.5,5738.42,137.5,8.526512829121202e-14,1.0000000000000004
40053,-73.99800872802734,40.7357177734375,-73.9894790649414,40.71414184570313,972.88,5386,5386,5438.25,6443.54,52.25,32.40999999999997,1.0333134610640573
40054,-73.98828887939453,40.72294998168945,-73.99014282226562,40.73215866088867,299.61,5387,5387,5420.4800000000005,5751.06,33.48000000000047,30.969999999999914,1.1033677113580986
40055,-73.98448944091797,40.74266815185547,-73.99300384521484,40.73987579345703,344.25,5387,5387,-1.0,-1.0,-1,-1,0.0
40056,-73.98505401611328,40.723880767822266,-74.00165557861328,40.72391891479492,503.62,5387,5387,-1.0,-1.0,-1,-1,0.0
40057,-73.97787475585938,40.75394821166992,-73.96733093261719,40.79333877563477,941.36,5387,5387,5408.28,6349.639999999999,21.279999999999745,-3.410605131648481e-13,0.9999999999999997
40058,-73.95568084716798,40.764060974121094,-73.97321319580078,40.75117874145508,518.71,5387,5387,-1.0,-1.0,-1,-1,0.0
40059,-73.98590087890625,40.74005508422852,-73.97816467285155,40.74900436401367,304.03,5387,5387,-1.0,-1.0,-1,-1,0.0
40060,-73.98778533935547,40.73839950561523,-73.95490264892578,40.786033630371094,1138.48,5387,5387,5430.66,6599.93,43.659999999999854,30.79000000000042,1.0270448317054321
40061,-73.99128723144531,40.72737121582031,-73.99077606201173,40.75566101074219,958.46,5388,5388,-1.0,-1.0,-1,-1,0.0
40062,-73.99698638916014,40.76243209838867,-73.98790740966798,40.76833724975585,230.2,5388,5388,5477.63,5707.83,89.63000000000011,-1.7053025658242404e-13,0.9999999999999992
40063,-73.96562194824219,40.768638610839844,-73.9749984741211,40.753665924072266,490.05,5388,5388,-1.0,-1.0,-1,-1,0.0
40064,-73.97987365722656,40.751968383789055,-73.97745513916014,40.75720596313477,232.95,5388,5388,-1.0,-1.0,-1,-1,0.0
40065,-73.99847412109375,40.72967147827149,-73.98937225341797,40.72317123413085,434.22,5388,5388,5437.57,5871.79,49.56999999999971,2.2737367544323206e-13,1.0000000000000004
40066,-73.98822784423827,40.74331665039063,-73.96658325195312,40.75297164916992,568.52,5388,5388,5412.15,6003.6,24.149999999999636,22.930000000000746,1.0403327939210596
40067,-73.96810150146483,40.75593185424805,-73.98616790771484,40.73066329956055,484.62,5388,5388,5414.29,5898.91,26.289999999999964,-1.1368683772161603e-13,0.9999999999999998
40068,-73.95420837402342,40.76639938354492,-73.96179962158203,40.75975036621094,328.82,5389,5389,5447.8099999999995,5776.63,58.80999999999949,6.252776074688882e-13,1.000000000000002
40069,-73.97846221923827,40.77294921875,-73.98731994628906,40.76290893554688,408.87,5389,5389,5502.53,5911.4,113.52999999999975,-1.1368683772161603e-13,0.9999999999999997
40070,-73.96215057373048,40.773109436035156,-73.96826934814453,40.7651252746582,267.49,5389,5389,-1.0,-1.0,-1,-1,0.0
40071,-73.95016479492188,40.78381729125977,-73.99676513671875,40.7363166809082,1479.31,5389,5389,5400.0,6984.02,11.0,104.71000000000049,1.0707830001825178
40072,-73.98151397705078,40.72476577758789,-74.00530242919923,40.73711395263672,812.5,5389,5389,5547.25,6359.75,158.25,0.0,1.0
40073,-74.00703430175781,40.72870635986328,-74.00577545166014,40.74029159545898,264.91,5389,5389,5525.2,5790.11,136.19999999999982,-1.7053025658242404e-13,0.9999999999999993
40074,-74.00504302978516,40.74076843261719,-74.00970458984375,40.71126556396485,836.44,5389,5389,5409.45,6307.84,20.449999999999818,61.95000000000027,1.074063889818756
40075,-73.99130249023438,40.75048828125,-73.97888946533203,40.75130462646485,495.16,5389,5389,-1.0,-1.0,-1,-1,0.0
40076,-73.96299743652342,40.76664733886719,-73.9920883178711,40.75379180908203,1067.24,5389,5389,-1.0,-1.0,-1,-1,0.0
40077,-73.9901123046875,40.71958923339844,-73.97669219970702,40.725440979003906,427.82,5389,5389,5590.2,6018.02,201.19999999999982,6.252776074688882e-13,1.0000000000000016
40078,-73.98004150390625,40.75444030761719,-73.94657897949219,40.780540466308594,917.64,5389,5389,5412.66,6358.65,23.659999999999854,28.349999999999795,1.0308944684189876
40079,-73.97940063476562,40.75556945800781,-73.9375457763672,40.822837829589844,1529.46,5389,5389,5411.66,6941.120000000001,22.659999999999854,9.094947017729282e-13,1.0000000000000007
40080,-73.96662139892578,40.76153945922852,-73.9793930053711,40.783634185791016,776.09,5390,5390,5423.5,6264.64,33.5,65.0500000000003,1.083817598474404
40081,-73.98306274414062,40.72272872924805,-73.9914779663086,40.726318359375,198.0,5390,5390,5478.12,5676.12,88.11999999999989,0.0,1.0
40082,-74.0051498413086,40.748046875,-73.99340057373048,40.743263244628906,254.26,5390,5390,-1.0,-1.0,-1,-1,0.0
40083,-73.9846954345703,40.733116149902344,-73.995849609375,40.726783752441406,349.13,5390,5390,-1.0,-1.0,-1,-1,0.0
40084,-73.97467803955078,40.75643539428711,-73.96075439453125,40.76994323730469,498.69,5390,5390,-1.0,-1.0,-1,-1,0.0
40085,-73.99424743652342,40.74081039428711,-73.98975372314453,40.71015548706055,1200.22,5390,5390,-1.0,-1.0,-1,-1,0.0
40086,-74.00801086425781,40.7395133972168,-73.9812240600586,40.72509002685547,935.19,5390,5390,-1.0,-1.0,-1,-1,0.0
40087,-73.95366668701173,40.76713943481445,-73.95423126220702,40.774768829345696,241.77,5391,5391,5448.95,5690.72,57.94999999999982,4.263256414560601e-13,1.0000000000000018
40088,-73.98922729492188,40.75844955444336,-73.98200988769531,40.77718353271485,454.11,5391,5391,5400.0,5854.11,9.0,-3.410605131648481e-13,0.9999999999999992
40089,-74.010009765625,40.720794677734375,-73.97882843017578,40.76449966430664,1149.81,5391,5391,-1.0,-1.0,-1,-1,0.0
40090,-74.01017761230467,40.71257400512695,-73.9630355834961,40.76175308227539,1321.97,5391,5391,-1.0,-1.0,-1,-1,0.0
40091,-73.98725128173827,40.75050735473633,-73.96569061279298,40.79123306274415,1031.9,5391,5391,-1.0,-1.0,-1,-1,0.0
40092,-74.01232147216798,40.70719909667969,-73.99471282958984,40.73469161987305,809.6,5391,5391,5522.71,6332.3099999999995,131.71000000000004,-5.684341886080801e-13,0.9999999999999993
40093,-73.97358703613281,40.763763427734375,-73.97024536132812,40.7547721862793,433.67,5391,5391,-1.0,-1.0,-1,-1,0.0
40094,-73.96897888183594,40.76582336425781,-73.96348571777344,40.76926803588867,199.96,5391,5391,-1.0,-1.0,-1,-1,0.0
40095,-73.97714233398438,40.74451065063477,-73.97798156738281,40.754878997802734,408.2,5392,5392,-1.0,-1.0,-1,-1,0.0
40096,-73.98413848876955,40.758384704589844,-73.98197937011719,40.77526473999024,539.06,5392,5392,-1.0,-1.0,-1,-1,0.0
40097,-74.00650024414062,40.70634460449219,-73.98342132568358,40.7228889465332,624.48,5392,5392,-1.0,-1.0,-1,-1,0.0
40098,-73.98184204101562,40.772552490234375,-73.9486770629883,40.78324890136719,882.3,5392,5392,5441.38,6323.68,49.38000000000011,2.2737367544323206e-13,1.0000000000000002
40099,-73.96124267578125,40.7648811340332,-74.00749969482422,40.741058349609375,1354.89,5392,5392,5407.84,6860.2300000000005,15.840000000000146,97.50000000000023,1.0719615614551736
40100,-73.96675109863281,40.761138916015625,-73.97926330566406,40.763099670410156,522.32,5392,5392,5412.74,6011.86,20.73999999999978,76.79999999999984,1.14703629958646
40101,-73.98568725585938,40.73540115356445,-73.98892974853516,40.75537109375,797.68,5392,5392,5466.5,6264.18,74.5,3.410605131648481e-13,1.0000000000000004
40102,-73.9682083129883,40.75906372070313,-73.98181915283203,40.77077102661133,619.17,5392,5392,-1.0,-1.0,-1,-1,0.0
40103,-73.96932220458984,40.754188537597656,-73.98655700683594,40.72813034057617,497.36,5392,5392,-1.0,-1.0,-1,-1,0.0
40104,-73.98607635498048,40.746055603027344,-73.98889923095702,40.73074722290039,456.05,5392,5392,-1.0,-1.0,-1,-1,0.0
40105,-73.9961395263672,40.740394592285156,-73.96155548095702,40.77423095703125,1100.92,5393,5393,5412.91,6576.23,19.909999999999854,62.399999999999636,1.0566798677469749
40106,-73.99162292480467,40.75448989868164,-73.98922729492188,40.741859436035156,442.31,5393,5393,-1.0,-1.0,-1,-1,0.0
40107,-73.99077606201173,40.74017333984375,-73.97822570800781,40.75135803222656,506.58,5393,5393,-1.0,-1.0,-1,-1,0.0
40108,-73.98667907714845,40.77182388305664,-73.97654724121094,40.78561019897461,266.99,5393,5393,-1.0,-1.0,-1,-1,0.0
40109,-74.00656127929686,40.72082138061523,-73.98255157470702,40.76314163208008,1146.77,5393,5393,-1.0,-1.0,-1,-1,0.0
40110,-73.96372985839844,40.802894592285156,-73.96068572998048,40.7764892578125,667.92,5393,5393,5406.03,6124.63,13.029999999999745,50.680000000000405,1.0758773505809085
40111,-73.98104858398438,40.75006866455078,-73.9744415283203,40.78316879272461,842.22,5394,5394,-1.0,-1.0,-1,-1,0.0
40112,-73.99469757080078,40.72500991821289,-74.00765991210938,40.74094009399415,611.87,5394,5394,5425.11,6036.98,31.109999999999673,-1.1368683772161603e-13,0.9999999999999998
40113,-73.98712921142578,40.76601028442383,-73.9913330078125,40.75815963745117,236.15,5394,5394,5406.67,5642.82,12.670000000000073,-3.694822225952521e-13,0.9999999999999984
40114,-73.95842742919923,40.764259338378906,-73.95685577392578,40.77413558959961,237.46,5394,5394,-1.0,-1.0,-1,-1,0.0
40115,-73.98509216308595,40.76099395751953,-73.99224090576173,40.76731872558594,356.42,5394,5394,-1.0,-1.0,-1,-1,0.0
40116,-73.98223114013672,40.7718620300293,-73.97393798828125,40.79425048828125,599.33,5394,5394,5405.68,6047.45,11.680000000000291,42.439999999999486,1.0708124071880258
40117,-73.96674346923827,40.76420974731445,-73.95021820068358,40.7864990234375,493.54,5394,5394,5434.74,5928.28,40.73999999999978,-5.684341886080802e-14,0.9999999999999999
40118,-73.99447631835938,40.75051879882813,-73.9551773071289,40.772499084472656,1189.24,5394,5394,5430.88,6620.12,36.88000000000011,-2.2737367544323206e-13,0.9999999999999998
40119,-73.97345733642578,40.76353073120117,-73.98664093017578,40.74522018432617,489.22,5395,5395,5435.11,5924.33,40.10999999999967,2.2737367544323206e-13,1.0000000000000004
40120,-73.97757720947266,40.75849533081055,-73.99075317382812,40.75011444091797,476.33,5395,5395,-1.0,-1.0,-1,-1,0.0
40121,-73.9895248413086,40.73588180541992,-73.98348999023438,40.76205825805664,921.63,5395,5395,-1.0,-1.0,-1,-1,0.0
40122,-74.00665283203125,40.74058151245117,-74.00933837890625,40.72594833374024,436.84,5395,5395,5431.44,5868.28,36.4399999999996,1.7053025658242404e-13,1.0000000000000004
40123,-73.98393249511719,40.754241943359375,-73.96646881103516,40.75341033935547,559.75,5395,5395,-1.0,-1.0,-1,-1,0.0
40124,-73.99490356445312,40.72296142578125,-73.99922180175781,40.73006057739258,315.36,5395,5395,-1.0,-1.0,-1,-1,0.0
40125,-74.0039520263672,40.72576141357422,-73.9781265258789,40.7123908996582,884.31,5395,5395,5463.96,6348.27,68.96000000000004,4.547473508864641e-13,1.0000000000000004
40126,-74.00188446044923,40.7509651184082,-73.99882507324219,40.76112747192383,243.74,5395,5395,5431.45,5675.19,36.44999999999982,-2.2737367544323206e-13,0.9999999999999991
40127,-73.98609924316406,40.75844955444336,-73.97928619384766,40.78162002563477,660.21,5395,5395,5453.24,6165.47,58.23999999999978,52.02000000000044,1.0787931112827742
40128,-73.95421600341797,40.784156799316406,-73.96946716308594,40.76357650756836,578.03,5395,5395,5451.84,6029.87,56.840000000000146,-2.2737367544323206e-13,0.9999999999999996
40129,-73.97325134277344,40.7485466003418,-73.94247436523438,40.81309509277344,1227.62,5396,5396,-1.0,-1.0,-1,-1,0.0
40130,-73.99954986572266,40.75420379638672,-73.98892974853516,40.74854278564453,519.4,5396,5396,-1.0,-1.0,-1,-1,0.0
40131,-73.99003601074219,40.719383239746094,-73.99074554443358,40.74895095825195,1017.38,5396,5396,-1.0,-1.0,-1,-1,0.0
40132,-73.98312377929686,40.758399963378906,-73.98309326171875,40.73823165893555,682.59,5396,5396,5419.5599999999995,6141.4,23.55999999999949,39.250000000000114,1.0575015748838983
40133,-73.97532653808595,40.7607307434082,-73.98689270019531,40.745361328125,404.02,5396,5396,5426.54,5830.56,30.539999999999964,4.547473508864641e-13,1.000000000000001
40134,-73.9798126220703,40.76079559326172,-73.96570587158203,40.76274490356445,494.15,5396,5396,-1.0,-1.0,-1,-1,0.0
40135,-74.00814056396483,40.7376708984375,-74.00808715820312,40.70518112182617,891.82,5396,5396,5444.11,6335.93,48.10999999999967,5.684341886080801e-13,1.0000000000000007
40136,-73.99935150146483,40.72460174560547,-74.00657653808594,40.7314682006836,296.25,5396,5396,-1.0,-1.0,-1,-1,0.0
40137,-73.98204803466798,40.76860046386719,-73.97734832763672,40.78622817993164,428.2,5396,5396,5406.33,5834.53,10.329999999999927,-1.7053025658242404e-13,0.9999999999999996
40138,-73.97232055664062,40.74150085449219,-73.95320892333984,40.80749893188477,1322.29,5396,5396,-1.0,-1.0,-1,-1,0.0
40139,-73.99330139160156,40.74200820922852,-73.98925018310547,40.73638153076172,252.9,5396,5396,-1.0,-1.0,-1,-1,0.0
40140,-73.98441314697266,40.746406555175774,-73.95584869384766,40.7850341796875,850.87,5396,5396,-1.0,-1.0,-1,-1,0.0
40141,-73.97029113769531,40.752891540527344,-73.97789764404298,40.73414611816406,468.08,5396,5396,-1.0,-1.0,-1,-1,0.0
40142,-73.95687866210938,40.774879455566406,-73.95771789550781,40.76155853271485,428.85,5397,5397,5535.12,5963.97,138.1199999999999,3.410605131648481e-13,1.0000000000000009
40143,-73.97769165039062,40.75471878051758,-73.9537582397461,40.77916717529297,697.54,5397,5397,5410.37,6144.88,13.36999999999989,36.970000000000255,1.0530005447716264
40144,-73.94937896728516,40.78120803833008,-73.95590209960938,40.77226257324219,189.17,5397,5397,5417.31,5606.48,20.3100000000004,-8.242295734817162e-13,0.9999999999999957
40145,-73.99360656738281,40.72118377685547,-73.9810562133789,40.76252365112305,1283.35,5397,5397,-1.0,-1.0,-1,-1,0.0
40146,-73.98542785644531,40.7618293762207,-73.96560668945312,40.77040100097656,532.8,5397,5397,-1.0,-1.0,-1,-1,0.0
40147,-73.99506378173827,40.72732925415039,-73.98667907714845,40.73799133300781,380.36,5397,5397,5435.84,5848.07,38.840000000000146,31.86999999999955,1.083789041960247
40148,-74.00827026367188,40.74306869506836,-74.00975799560547,40.73448181152344,250.79,5397,5397,-1.0,-1.0,-1,-1,0.0
40149,-73.9553985595703,40.77945327758789,-73.95708465576173,40.770694732666016,264.43,5397,5397,5438.87,5703.3,41.86999999999989,2.8421709430404007e-13,1.000000000000001
40150,-74.01447296142578,40.70343017578125,-74.00147247314453,40.73949813842773,727.53,5398,5398,-1.0,-1.0,-1,-1,0.0
40151,-73.96592712402342,40.76543045043945,-73.95185089111328,40.809181213378906,1028.73,5398,5398,-1.0,-1.0,-1,-1,0.0
40152,-73.97396850585938,40.75532150268555,-73.9817886352539,40.77038955688477,725.0,5398,5398,-1.0,-1.0,-1,-1,0.0
40153,-73.97632598876955,40.7577018737793,-74.01119232177734,40.70790481567383,1438.51,5398,5398,-1.0,-1.0,-1,-1,0.0
40154,-74.00010681152342,40.72673416137695,-73.98768615722656,40.72446060180664,378.84,5398,5398,5443.17,5855.64,45.17000000000007,33.63000000000028,1.0887709851124492
40155,-73.96673583984375,40.79438018798828,-73.98212432861328,40.77629852294922,380.45,5398,5398,5434.82,5815.2699999999995,36.81999999999971,-1.7053025658242404e-13,0.9999999999999996
40156,-74.00751495361328,40.75156021118164,-73.99533081054686,40.76011657714844,358.53,5398,5398,-1.0,-1.0,-1,-1,0.0
40157,-73.99238586425781,40.724773406982415,-74.00286865234375,40.74245834350585,724.96,5399,5399,5442.63,6167.59,43.63000000000011,0.0,1.0
40158,-73.97042083740234,40.75238800048828,-74.01695251464845,40.70491409301758,939.15,5399,5399,-1.0,-1.0,-1,-1,0.0
40159,-73.99925231933594,40.74399185180664,-73.9852523803711,40.7446517944336,392.34,5399,5399,5406.54,5879.87,7.539999999999964,80.98999999999995,1.2064280980781974
40160,-73.97340393066406,40.75536346435547,-73.97970581054686,40.77544784545898,817.88,5399,5399,-1.0,-1.0,-1,-1,0.0
40161,-73.96905517578125,40.76132583618164,-73.95942687988281,40.76316452026367,286.77,5399,5399,-1.0,-1.0,-1,-1,0.0
40162,-73.99762725830078,40.71683883666992,-73.98194122314453,40.74909973144531,977.69,5399,5399,-1.0,-1.0,-1,-1,0.0
40163,-74.0035858154297,40.73635864257813,-73.98898315429686,40.758384704589844,648.23,5399,5399,5521.5,6169.73,122.5,-4.547473508864641e-13,0.9999999999999993
40164,-73.96403503417969,40.79245376586913,-73.94497680664062,40.808326721191406,524.47,5400,5400,5421.72,5946.19,21.720000000000255,-6.821210263296962e-13,0.9999999999999987
40165,-73.99143981933594,40.74996948242188,-73.95047760009766,40.784828186035156,1291.24,5400,5400,-1.0,-1.0,-1,-1,0.0
40166,-73.95587921142578,40.77602767944336,-73.94584655761719,40.79003143310547,204.65,5400,5400,5525.83,5730.48,125.82999999999993,-3.694822225952521e-13,0.9999999999999982
40167,-73.99852752685547,40.7247428894043,-73.98365783691406,40.72135925292969,498.0,5400,5400,-1.0,-1.0,-1,-1,0.0
40168,-73.9802474975586,40.74848556518555,-73.97444915771484,40.74972534179688,204.5,5400,5400,5459.22,5663.72,59.220000000000255,0.0,1.0
40169,-73.977783203125,40.75914764404297,-73.99129486083984,40.76026153564453,511.82,5400,5400,-1.0,-1.0,-1,-1,0.0
40170,-73.97416687011719,40.76276779174805,-73.97647857666014,40.757083892822266,260.58,5400,5400,5440.7,5701.28,40.69999999999982,-5.684341886080802e-14,0.9999999999999998
40171,-73.9725112915039,40.79646682739258,-73.97512054443358,40.78795623779297,224.36,5400,5400,5449.52,5673.88,49.52000000000044,-3.410605131648481e-13,0.9999999999999984
